230 132
230 6
230 769
230 145
230 93
230 757
230 467
230 3
230 115
230 252
611 536
611 95
611 110
611 921
611 718
611 440
611 822
611 399
611 846
611 146
169 91
169 644
169 710
169 342
169 59
169 471
169 942
169 575
169 615
169 874
335 251
335 79
335 381
335 831
335 904
335 745
335 759
335 522
335 201
335 756
380 200
380 992
380 396
380 247
380 359
380 310
380 354
380 162
380 725
380 546
555 689
555 286
555 426
555 344
555 955
555 456
555 363
555 985
555 235
555 641
72 6
72 897
72 992
72 360
72 370
72 166
72 450
72 74
72 661
72 979
402 223
402 830
402 708
402 526
402 806
402 648
402 79
402 594
402 609
402 605
677 202
677 454
677 504
677 88
677 393
677 633
677 418
677 805
677 419
677 311
778 881
778 749
778 787
778 367
778 532
778 673
778 812
778 782
778 851
778 669
369 992
369 849
369 202
369 232
369 614
369 973
369 797
369 27
369 224
369 869
625 943
625 22
625 763
625 567
625 281
625 504
625 455
625 887
625 461
625 283
489 690
489 292
489 514
489 756
489 119
489 712
489 103
489 352
489 815
489 956
727 709
727 702
727 235
727 674
727 707
727 671
727 452
727 817
727 624
727 786
181 415
181 800
181 995
181 842
181 246
181 958
181 791
181 541
181 324
181 256
574 401
574 726
574 203
574 936
574 664
574 491
574 905
574 93
574 751
574 392
368 315
368 111
368 953
368 422
368 883
368 559
368 527
368 773
368 594
368 894
666 568
666 806
666 703
666 214
666 307
666 521
666 370
666 788
666 78
666 439
598 987
598 5
598 154
598 546
598 200
598 192
598 135
598 170
598 925
598 141
862 90
862 191
862 43
862 665
862 815
862 477
862 516
862 242
862 210
862 173
276 844
276 973
276 951
276 388
276 528
276 465
276 933
276 249
276 50
276 199
848 195
848 452
848 790
848 279
848 536
848 92
848 221
848 629
848 314
848 71
408 371
408 31
408 567
408 894
408 24
408 427
408 895
408 361
408 385
408 563
738 363
738 131
738 186
738 30
738 549
738 271
738 57
738 502
738 99
738 248
62 131
62 875
62 565
62 393
62 425
62 979
62 344
62 176
62 250
62 772
330 439
330 839
330 159
330 634
330 616
330 28
330 219
330 890
330 631
330 688
320 226
320 514
320 560
320 490
320 576
320 120
320 67
320 312
320 857
320 693
339 249
339 699
339 403
339 804
339 329
339 585
339 376
339 431
339 899
339 660
638 757
638 718
638 480
638 36
638 78
638 467
638 571
638 857
638 404
638 12
80 77
80 275
80 495
80 17
80 145
80 752
80 855
80 602
80 480
80 668
872 413
872 669
872 30
872 630
872 592
872 908
872 875
872 233
872 261
872 629
492 734
492 56
492 407
492 426
492 136
492 823
492 959
492 528
492 469
492 487
853 628
853 715
853 298
853 382
853 40
853 124
853 767
853 522
853 145
853 900
84 928
84 502
84 894
84 810
84 867
84 600
84 300
84 319
84 926
84 219
799 480
799 69
799 87
799 124
799 5
799 361
799 919
799 297
799 61
799 428
577 949
577 274
577 222
577 978
577 137
577 966
577 569
577 217
577 960
577 659
631 331
631 648
631 993
631 985
631 788
631 140
631 176
631 664
631 242
172 920
172 536
172 592
172 544
172 227
172 670
172 174
172 60
172 371
172 972
582 588
582 751
582 828
582 295
582 85
582 904
582 615
582 351
582 377
582 100
746 219
746 404
746 634
746 479
746 211
746 471
746 628
746 852
746 681
746 920
854 459
854 726
854 127
854 962
854 664
854 886
854 821
854 142
854 251
854 547
267 257
267 898
267 849
267 888
267 718
267 146
267 977
267 163
267 17
267 596
856 652
856 923
856 820
856 94
856 176
856 254
856 393
856 48
856 846
856 616
35 184
35 389
35 146
35 754
35 947
35 688
35 284
35 521
35 245
35 472
469 716
469 20
469 56
469 745
469 605
469 959
469 823
469 407
469 354
921 827
921 528
921 893
921 135
921 753
921 616
921 907
921 822
921 759
493 440
493 246
493 716
493 860
493 883
493 522
493 601
493 411
493 663
493 2
566 497
566 55
566 117
566 154
566 578
566 813
566 563
566 395
566 662
566 518
195 790
195 732
195 639
195 731
195 996
195 405
195 279
195 781
195 876
410 247
410 465
410 514
410 307
410 838
410 644
410 206
410 916
410 431
410 808
531 27
531 364
531 17
531 768
531 34
531 6
531 86
531 76
531 74
531 81
690 827
690 354
690 455
690 488
690 131
690 271
690 756
690 702
690 692
814 126
814 884
814 623
814 606
814 922
814 861
814 509
814 637
814 550
814 447
260 938
260 749
260 710
260 960
260 236
260 428
260 312
260 892
260 241
260 2
937 675
937 992
937 44
937 897
937 713
937 107
937 990
937 840
937 909
937 59
208 863
208 171
208 57
208 709
208 357
208 792
208 132
208 721
208 146
208 332
518 869
518 418
518 5
518 433
518 651
518 477
518 286
518 214
518 133
774 21
774 486
774 291
774 96
774 315
774 128
774 536
774 891
774 594
774 797
929 413
929 576
929 879
929 704
929 963
929 806
929 385
929 77
929 59
929 26
414 291
414 68
414 505
414 695
414 21
414 834
414 140
414 456
414 978
414 665
623 796
623 125
623 561
623 284
623 207
623 297
623 120
623 540
623 891
636 255
636 234
636 110
636 345
636 734
636 869
636 675
636 891
636 452
636 883
699 660
699 568
699 446
699 585
699 249
699 376
699 329
699 804
699 951
64 482
64 304
64 998
64 472
64 808
64 302
64 831
64 306
64 336
64 313
244 343
244 236
244 556
244 299
244 865
244 183
244 338
244 877
244 323
244 231
303 663
303 777
303 222
303 966
303 287
303 894
303 25
303 957
303 488
303 886
526 855
526 777
526 770
526 952
526 223
526 768
526 68
526 14
526 422
390 471
390 300
390 907
390 529
390 827
390 415
390 269
390 184
390 239
390 610
939 730
939 117
939 496
939 801
939 82
939 349
939 104
939 530
939 586
939 158
516 659
516 144
516 556
516 439
516 543
516 597
516 561
516 371
516 688
755 839
755 752
755 341
755 285
755 796
755 399
755 797
755 991
755 619
755 361
686 36
686 167
686 391
686 52
686 655
686 903
686 27
686 94
686 695
686 476
940 781
940 34
940 505
940 164
940 966
940 913
940 561
940 81
940 506
940 962
325 700
325 291
325 322
325 306
325 707
325 930
325 405
325 883
325 51
325 258
406 458
406 568
406 754
406 499
406 606
406 712
406 546
406 539
406 477
406 938
129 199
129 269
129 621
129 587
129 870
129 843
129 792
129 675
129 354
129 485
240 842
240 627
240 460
240 751
240 630
240 661
240 663
240 719
240 40
240 957
483 905
483 382
483 326
483 107
483 322
483 416
483 251
483 812
483 756
483 759
372 16
372 300
372 71
372 115
372 622
372 973
372 915
372 13
372 530
372 139
639 841
639 231
639 468
639 364
639 126
639 388
639 842
639 693
639 840
97 42
97 285
97 420
97 584
97 34
97 997
97 971
97 107
97 767
97 512
434 37
434 513
434 944
434 107
434 19
434 298
434 818
434 715
434 456
434 179
642 570
642 643
642 711
642 179
642 10
642 843
642 954
642 866
642 541
642 912
338 77
338 610
338 865
338 877
338 110
338 600
338 515
338 138
338 396
762 13
762 478
762 125
762 472
762 350
762 986
762 94
762 404
762 228
762 752
549 948
549 960
549 797
549 507
549 768
549 822
549 367
549 922
549 186
945 562
945 739
945 144
945 185
945 692
945 171
945 658
945 847
945 932
945 626
134 888
134 610
134 875
134 608
134 542
134 270
134 472
134 684
134 314
134 476
703 554
703 356
703 527
703 86
703 478
703 633
703 103
703 729
703 911
423 475
423 261
423 421
423 126
423 345
423 861
423 822
423 404
423 792
423 637
540 835
540 665
540 370
540 439
540 254
540 451
540 996
540 294
540 446
481 734
481 476
481 119
481 432
481 696
481 179
481 28
481 178
481 52
481 66
632 310
632 241
632 912
632 23
632 565
632 880
632 324
632 987
632 579
632 724
835 42
835 3
835 345
835 449
835 448
835 923
835 628
835 989
835 83
39 255
39 820
39 863
39 662
39 433
39 512
39 914
39 128
39 560
39 720
964 400
964 687
964 606
964 749
964 917
964 381
964 766
964 836
964 564
964 544
474 976
474 47
474 594
474 255
474 232
474 954
474 20
474 351
474 736
474 173
892 821
892 513
892 735
892 935
892 298
892 417
892 645
892 881
892 711
620 534
620 310
620 323
620 433
620 765
620 912
620 271
620 838
620 343
620 903
946 871
946 356
946 247
946 573
946 811
946 786
946 445
946 470
946 415
946 56
212 926
212 485
212 901
212 750
212 472
212 817
212 765
212 125
212 684
212 627
177 204
177 255
177 875
177 600
177 333
177 557
177 431
177 476
177 140
177 797
376 460
376 559
376 249
376 899
376 660
376 40
376 804
376 329
175 334
175 214
175 721
175 716
175 613
175 989
175 287
175 688
175 868
175 654
717 798
717 988
717 383
717 858
717 22
717 544
717 433
717 174
717 744
717 498
266 139
266 852
266 692
266 916
266 126
266 401
266 223
266 428
266 661
266 252
182 737
182 834
182 224
182 983
182 682
182 385
182 915
182 472
182 250
182 563
612 147
612 33
612 199
612 571
612 617
612 744
612 197
612 882
612 235
612 130
844 647
844 864
844 500
844 887
844 947
844 614
844 850
844 973
844 581
997 121
997 420
997 908
997 817
997 685
997 826
997 378
997 259
997 728
209 168
209 17
209 346
209 23
209 922
209 378
209 851
209 294
209 894
209 154
486 352
486 562
486 184
486 772
486 438
486 294
486 67
486 807
486 591
118 141
118 154
118 495
118 942
118 292
118 245
118 900
118 772
118 497
118 445
341 530
341 487
341 903
341 241
341 681
341 361
341 991
341 364
341 841
525 701
525 294
525 96
525 262
525 935
525 614
525 619
525 272
525 207
525 704
951 645
951 388
951 75
951 504
951 367
951 585
951 249
951 465
143 145
143 9
143 224
143 442
143 50
143 896
143 170
143 44
143 573
143 156
503 720
503 151
503 750
503 829
503 119
503 667
503 255
503 299
503 770
503 508
559 905
559 644
559 400
559 45
559 742
559 668
559 190
559 447
661 731
661 187
661 956
661 166
661 156
661 164
661 279
284 44
284 401
284 258
284 120
284 456
284 732
284 698
284 117
902 171
902 3
902 965
902 365
902 421
902 827
902 663
902 309
902 73
902 342
384 825
384 86
384 5
384 842
384 272
384 767
384 965
384 186
384 123
384 245
436 510
436 19
436 626
436 852
436 205
436 593
436 499
436 215
436 106
436 960
48 669
48 421
48 254
48 655
48 899
48 162
48 949
48 821
48 357
221 877
221 389
221 927
221 359
221 832
221 20
221 452
221 845
221 947
58 106
58 732
58 21
58 770
58 156
58 198
58 851
58 613
58 676
58 18
451 619
451 535
451 772
451 523
451 77
451 811
451 858
451 621
451 958
102 332
102 781
102 597
102 569
102 782
102 534
102 197
102 847
102 166
102 146
457 8
457 971
457 1
457 238
457 141
457 6
457 265
457 168
457 517
457 431
552 934
552 4
552 366
552 473
552 533
552 696
552 873
552 510
552 807
552 794
922 822
922 447
922 132
922 591
922 201
922 512
922 178
183 809
183 194
183 235
183 188
183 316
183 653
183 565
183 784
183 488
567 133
567 601
567 957
567 967
567 953
567 371
567 895
567 816
250 682
250 563
250 797
250 224
250 954
250 737
250 754
250 719
328 841
328 961
328 721
328 809
328 496
328 819
328 925
328 890
328 321
328 790
334 149
334 356
334 867
334 480
334 440
334 858
334 512
334 627
334 613
965 291
965 298
965 24
965 512
965 827
965 59
965 178
965 331
12 46
12 675
12 805
12 466
12 736
12 616
12 420
12 444
12 571
685 614
685 173
685 596
685 808
685 318
685 327
685 308
685 860
685 44
595 617
595 349
595 536
595 17
595 893
595 315
595 656
595 106
595 272
595 691
740 547
740 167
740 412
740 910
740 361
740 420
740 864
740 839
740 491
740 944
679 627
679 720
679 970
679 544
679 587
679 759
679 128
679 930
679 10
679 684
855 583
855 198
855 416
855 829
855 602
855 18
855 719
855 495
524 448
524 217
524 878
524 760
524 521
524 765
524 875
524 622
524 94
524 92
981 654
981 353
981 159
981 25
981 0
981 901
981 65
981 445
981 343
981 327
293 94
293 722
293 458
293 213
293 73
293 459
293 285
293 668
293 512
293 656
819 606
819 737
819 386
819 649
819 241
819 873
819 500
819 491
819 235
237 52
237 81
237 530
237 294
237 584
237 836
237 55
237 34
237 984
237 683
924 656
924 121
924 883
924 427
924 104
924 473
924 443
924 153
924 259
924 33
144 485
144 216
144 808
144 454
144 777
144 626
144 140
144 901
467 280
467 352
467 757
467 252
467 3
467 93
467 132
467 769
317 742
317 618
317 500
317 580
317 783
317 201
317 264
317 544
317 697
317 432
395 497
395 662
395 988
395 154
395 813
395 71
395 291
395 424
395 117
196 25
196 65
196 139
196 963
196 73
196 640
196 387
196 750
196 461
196 756
215 15
215 647
215 132
215 360
215 931
215 881
215 969
215 978
215 466
347 777
347 770
347 242
347 239
347 694
347 79
347 7
347 608
347 459
347 985
41 737
41 251
41 678
41 106
41 953
41 681
41 86
41 470
41 263
41 687
460 399
460 735
460 40
460 604
460 833
460 787
460 498
460 350
269 556
269 870
269 961
269 216
269 184
269 767
269 834
269 646
583 834
583 936
583 729
583 984
583 505
583 664
583 162
583 184
583 115
763 885
763 231
763 228
763 982
763 391
763 587
763 114
763 537
763 314
43 986
43 609
43 634
43 108
43 643
43 624
43 562
43 928
43 792
14 149
14 818
14 449
14 210
14 873
14 992
14 68
14 78
14 154
478 644
478 13
478 252
478 743
478 785
478 228
478 517
478 490
468 622
468 463
468 364
468 513
468 597
468 231
468 127
468 962
468 561
519 231
519 207
519 522
519 2
519 326
519 802
519 357
519 396
519 75
519 312
879 345
879 963
879 562
879 255
879 432
879 994
879 256
879 915
879 112
238 976
238 459
238 291
238 876
238 502
238 984
238 191
238 251
238 773
866 841
866 101
866 179
866 912
866 991
866 575
866 990
866 24
866 527
780 36
780 571
780 207
780 715
780 416
780 362
780 576
780 329
780 719
780 222
920 242
920 898
920 484
920 386
920 314
920 263
920 546
920 264
575 960
575 993
575 714
575 701
575 563
575 942
575 704
575 288
155 803
155 839
155 742
155 556
155 520
155 710
155 205
155 452
155 776
155 688
868 907
868 747
868 374
868 389
868 753
868 725
868 81
868 641
868 170
365 93
365 46
365 626
365 874
365 684
365 498
365 22
365 491
365 101
412 829
412 857
412 371
412 90
412 633
412 422
412 523
412 750
412 220
100 295
100 904
100 828
100 654
100 750
100 275
100 85
100 588
100 771
932 220
932 198
932 562
932 658
932 444
932 944
932 171
932 173
932 18
340 832
340 594
340 82
340 824
340 572
340 983
340 281
340 311
340 245
340 915
355 785
355 689
355 51
355 955
355 422
355 323
355 803
355 398
355 268
355 891
818 28
818 529
818 11
818 513
818 68
818 987
818 900
818 506
0 512
0 770
0 793
0 109
0 242
0 926
0 675
0 889
0 949
930 447
930 931
930 759
930 10
930 291
930 154
930 749
930 905
794 934
794 47
794 533
794 873
794 968
794 510
794 473
794 366
794 386
976 120
976 6
976 697
976 527
976 20
976 77
976 397
976 26
461 440
461 887
461 352
461 757
461 504
461 455
461 283
461 281
766 442
766 416
766 168
766 568
766 564
766 845
766 217
766 299
766 9
53 867
53 1
53 830
53 772
53 807
53 891
53 391
53 691
53 75
53 323
712 345
712 448
712 171
712 193
712 728
712 936
712 557
712 435
830 34
830 307
830 294
830 387
830 370
830 806
830 219
830 767
430 726
430 657
430 999
430 580
430 665
430 860
430 621
430 125
430 273
430 948
635 438
635 67
635 926
635 816
635 950
635 817
635 448
635 891
635 220
635 591
289 66
289 55
289 692
289 153
289 617
289 864
289 101
289 923
289 645
289 42
775 488
775 287
775 25
775 204
775 586
775 698
775 565
775 999
775 614
775 534
109 161
109 614
109 554
109 864
109 213
109 54
109 29
109 729
109 692
994 509
994 784
994 884
994 213
994 876
994 111
994 487
994 825
994 734
346 265
346 218
346 246
346 445
346 539
346 588
346 411
346 948
346 356
497 812
497 590
497 813
497 60
497 117
497 154
497 916
810 850
810 558
810 629
810 367
810 905
810 488
810 586
810 579
810 820
680 610
680 432
680 234
680 26
680 138
680 729
680 674
680 68
680 67
680 817
931 908
931 728
931 69
931 249
931 600
931 141
931 192
931 628
558 820
558 189
558 448
558 850
558 417
558 629
558 232
558 201
558 586
941 973
941 258
941 658
941 343
941 322
941 764
941 66
941 108
941 602
941 453
318 321
318 670
318 705
318 723
318 748
318 496
318 918
318 54
318 890
700 927
700 370
700 296
700 977
700 477
700 676
700 871
700 159
700 837
838 886
838 437
838 480
838 562
838 277
838 356
838 808
838 445
995 878
995 261
995 592
995 956
995 265
995 884
995 198
995 543
995 889
7 271
7 816
7 725
7 770
7 777
7 16
7 538
7 45
7 553
933 112
933 983
933 448
933 199
933 37
933 9
933 225
933 548
933 878
37 206
37 409
37 573
37 449
37 796
37 205
37 456
37 609
652 942
652 594
652 197
652 709
652 741
652 264
652 189
652 589
652 671
990 846
990 944
990 506
990 988
990 26
990 651
990 671
990 160
321 748
321 705
321 732
321 890
321 496
321 741
321 528
321 670
771 960
771 963
771 160
771 354
771 192
771 131
771 779
771 305
771 581
826 420
826 113
826 911
826 433
826 888
826 993
826 90
826 882
826 696
501 257
501 702
501 797
501 273
501 322
501 228
501 563
501 980
501 290
501 593
713 893
713 813
713 76
713 135
713 472
713 733
713 112
713 840
713 219
545 193
545 562
545 357
545 789
545 643
545 280
545 96
545 393
545 16
545 858
719 145
719 18
719 470
719 587
719 673
719 416
38 187
38 22
38 385
38 520
38 252
38 880
38 184
38 275
38 615
38 718
659 29
659 544
659 603
659 989
659 485
659 432
659 616
659 34
656 427
656 443
656 153
656 121
656 232
656 259
656 907
708 899
708 820
708 882
708 718
708 150
708 456
708 59
708 806
708 648
33 357
33 199
33 185
33 271
33 233
33 344
33 70
33 669
952 176
952 79
952 655
952 867
952 263
952 275
952 512
952 288
952 701
204 831
204 875
204 302
204 313
204 899
204 482
204 553
204 998
116 361
116 450
116 4
116 973
116 447
116 915
116 802
116 974
116 593
116 201
205 68
205 796
205 409
205 608
205 161
205 199
205 675
157 867
157 107
157 139
157 219
157 125
157 546
157 203
157 948
157 10
157 98
206 99
206 46
206 768
206 673
206 593
206 105
206 292
206 2
162 277
162 821
162 381
162 729
162 554
162 793
162 849
520 200
520 79
520 517
520 502
520 417
520 452
520 586
520 146
783 693
783 580
783 193
783 381
783 798
783 739
783 385
783 148
783 367
225 19
225 299
225 283
225 192
225 264
225 857
225 833
225 160
225 800
377 828
377 904
377 122
377 85
377 174
377 615
377 351
377 993
377 295
464 878
464 805
464 824
464 621
464 213
464 926
464 535
464 187
464 901
464 26
288 667
288 960
288 398
288 106
288 589
288 655
288 640
288 471
662 154
662 761
662 117
662 901
662 319
662 522
662 813
353 151
353 343
353 28
353 101
353 40
353 124
353 264
353 654
353 863
791 17
791 392
791 500
791 25
791 480
791 217
791 718
791 651
791 348
424 308
424 311
424 973
424 711
424 247
424 961
424 173
424 363
424 808
442 323
442 599
442 876
442 9
442 573
442 170
442 203
442 391
678 374
678 928
678 307
678 348
678 578
678 36
678 691
678 553
678 150
188 441
188 495
188 103
188 425
188 362
188 816
188 784
188 619
188 634
845 431
845 760
845 422
845 832
845 191
845 167
845 936
845 9
550 861
550 637
550 815
550 709
550 417
550 11
550 89
550 776
550 466
968 934
968 882
968 873
968 366
968 996
968 510
968 533
968 645
968 473
429 521
429 825
429 101
429 993
429 684
429 137
429 36
429 663
429 403
429 437
588 91
588 295
588 828
588 618
588 351
588 541
588 435
671 92
671 709
671 705
671 728
671 748
671 786
671 255
128 737
128 987
128 433
128 536
128 96
128 78
128 466
229 511
229 724
229 710
229 488
229 742
229 802
229 839
229 618
229 808
229 354
788 985
788 258
788 331
788 502
788 6
788 568
788 793
788 745
961 476
961 475
961 576
961 135
961 123
961 254
961 191
491 31
491 455
491 420
491 166
491 923
491 90
194 127
194 512
194 312
194 185
194 744
194 36
194 63
194 401
194 299
222 776
222 25
222 569
222 301
222 217
222 137
222 966
438 843
438 687
438 851
438 591
438 772
438 517
438 193
438 139
584 34
584 47
584 383
584 81
584 923
584 988
584 52
584 275
673 105
673 758
673 875
673 490
673 605
673 470
673 239
135 822
135 893
135 546
135 148
135 47
135 287
581 622
581 969
581 494
581 507
581 714
581 629
581 871
581 779
176 743
176 790
176 809
176 79
176 200
176 393
165 152
165 270
165 897
165 47
165 397
165 843
165 871
165 218
165 490
165 896
689 454
689 955
689 286
689 641
689 618
689 978
689 578
689 426
800 684
800 421
800 857
800 527
800 570
800 291
800 281
800 889
971 859
971 285
971 141
971 107
971 15
971 668
971 653
971 42
247 363
247 551
247 954
247 336
247 132
247 514
499 299
499 539
499 570
499 254
499 589
499 306
499 462
499 697
211 881
211 57
211 164
211 121
211 146
211 494
211 96
211 316
211 599
576 751
576 821
576 61
576 560
576 895
576 364
16 606
16 268
16 725
16 789
16 150
16 271
16 49
337 387
337 282
337 274
337 863
337 345
337 885
337 65
337 589
337 278
337 667
482 304
482 122
482 551
482 831
482 998
482 313
482 336
482 302
273 243
273 731
273 744
273 344
273 714
273 773
273 560
273 52
407 886
407 622
407 840
407 959
407 694
407 823
407 56
407 136
396 178
396 802
396 600
396 573
396 459
396 804
396 696
869 880
869 428
869 27
869 721
869 105
869 232
869 440
910 490
910 629
910 506
910 391
910 643
910 233
910 283
910 905
910 132
382 191
382 243
382 5
382 189
382 226
382 834
382 262
382 715
579 747
579 753
579 311
579 444
579 342
579 243
579 23
579 310
533 934
533 366
533 21
533 741
533 510
533 956
533 873
748 670
748 944
748 20
748 287
748 22
748 466
748 705
290 864
290 161
290 358
290 517
290 974
290 983
290 257
290 297
290 607
982 537
982 306
982 314
982 463
982 587
982 590
982 114
982 95
982 885
735 108
735 90
735 446
735 502
735 298
735 450
735 645
735 912
166 841
166 815
166 332
166 572
166 364
166 45
173 578
173 694
173 444
173 643
173 308
687 749
687 564
687 669
687 836
687 450
687 917
687 324
487 734
487 823
487 56
487 789
487 741
487 773
487 136
373 729
373 509
373 556
373 831
373 261
373 114
373 790
373 873
373 984
373 534
880 187
880 960
880 877
880 701
880 821
880 500
880 881
127 561
127 253
127 792
127 59
127 962
127 131
127 477
787 333
787 916
787 401
787 367
787 696
787 888
787 532
787 241
870 88
870 538
870 216
870 556
870 8
870 171
870 882
870 113
513 298
513 728
513 23
513 715
513 316
513 324
682 737
682 371
682 563
682 224
682 257
682 614
682 292
682 300
874 944
874 979
874 532
874 342
874 498
874 786
874 8
874 647
980 521
980 606
980 754
980 111
980 268
980 811
980 752
980 644
980 447
277 458
277 197
277 138
277 422
277 19
277 200
277 824
277 865
475 744
475 126
475 357
475 546
475 991
475 148
475 605
475 822
996 511
996 873
996 130
996 473
996 967
996 405
996 422
30 233
30 272
30 630
30 764
30 57
30 413
30 669
30 92
490 51
490 248
490 843
490 733
490 720
167 27
167 9
167 615
167 986
167 999
167 508
167 185
236 927
236 473
236 110
236 871
236 366
236 803
236 425
236 441
604 350
604 256
604 918
604 431
604 916
604 20
604 147
604 883
604 876
991 696
991 718
991 629
991 889
991 657
991 282
358 560
358 219
358 11
358 798
358 83
358 643
358 2
358 935
358 857
706 448
706 527
706 409
706 827
706 709
706 553
706 979
706 302
706 767
706 541
798 70
798 28
798 743
798 989
798 83
798 999
798 249
978 729
978 842
978 309
978 137
978 363
978 388
210 98
210 541
210 711
210 645
210 186
210 828
210 242
210 367
313 820
313 865
313 998
313 336
313 551
313 304
313 302
724 233
724 296
724 808
724 704
724 721
724 597
724 565
724 695
453 393
453 352
453 919
453 281
453 640
453 71
453 66
453 279
453 658
714 532
714 112
714 860
714 440
714 786
714 52
714 905
90 985
90 523
90 286
90 911
90 829
411 73
411 246
411 601
411 356
411 445
411 117
411 83
411 944
392 751
392 651
392 827
392 683
392 739
392 802
392 248
392 192
49 259
49 672
49 702
49 121
49 509
49 147
49 618
49 895
49 258
446 751
446 547
446 958
446 537
446 246
446 589
446 665
711 98
711 47
711 228
711 541
711 415
711 186
419 896
419 88
419 726
419 255
419 454
419 534
419 633
419 805
419 202
270 399
270 590
270 896
270 843
270 397
270 556
270 597
270 152
158 530
158 63
158 104
158 801
158 894
158 349
158 863
158 291
158 148
427 895
427 121
427 665
427 471
427 443
427 77
427 316
876 502
876 865
876 908
876 261
876 404
599 967
599 621
599 275
599 822
599 538
599 969
599 213
599 316
660 804
660 249
660 899
660 329
660 649
660 379
660 553
532 572
532 191
532 8
532 647
532 600
532 912
726 471
726 557
726 936
726 433
726 664
726 381
886 21
886 113
886 287
886 218
886 959
886 720
722 348
722 506
722 792
722 1
722 842
722 609
722 733
722 387
722 650
13 103
13 71
13 307
13 658
13 228
13 36
13 898
950 272
950 89
950 676
950 440
950 463
950 999
950 591
950 98
950 918
32 17
32 393
32 809
32 114
32 123
32 87
32 894
32 790
32 316
32 983
963 305
963 71
963 805
963 11
963 278
963 655
74 795
74 86
74 975
74 707
74 232
74 207
74 651
74 6
142 723
142 304
142 327
142 949
142 389
142 720
142 226
142 76
142 831
98 541
98 523
98 864
98 186
98 301
98 374
332 234
332 344
332 45
332 510
332 709
332 413
332 256
437 26
437 401
437 918
437 388
437 31
437 736
437 776
437 145
596 403
596 906
596 882
596 619
596 113
596 27
596 163
596 4
279 19
279 150
279 626
279 40
279 607
279 71
776 11
776 633
776 67
776 957
776 371
776 459
114 885
114 231
114 537
114 314
114 587
114 463
214 440
214 261
214 246
214 287
214 333
214 509
214 603
301 801
301 82
301 440
301 216
301 569
301 357
301 9
301 770
306 254
306 68
306 299
306 587
306 537
306 462
67 953
67 371
67 605
67 45
67 628
139 23
139 772
139 125
139 171
139 272
70 164
70 571
70 360
70 110
70 383
70 343
70 185
70 877
130 5
130 975
130 739
130 76
130 900
130 379
130 147
130 557
603 479
603 544
603 989
603 691
603 50
603 287
603 471
603 432
607 161
607 418
607 297
607 29
607 974
607 63
607 319
607 731
253 895
253 59
253 180
253 274
253 362
253 454
253 653
253 308
253 248
265 431
265 543
265 168
265 698
265 816
265 884
265 966
681 404
681 479
681 463
681 125
681 903
681 485
681 364
304 551
304 336
304 998
304 302
304 287
304 831
725 428
725 146
725 81
725 374
725 19
725 271
397 843
397 602
397 477
397 644
397 668
397 152
397 590
889 17
889 479
889 743
889 911
889 28
889 391
913 589
913 415
913 333
913 78
913 352
913 602
913 548
913 331
913 641
954 695
954 153
954 180
954 817
954 580
954 590
112 837
112 585
112 796
112 472
112 983
112 388
676 938
676 817
676 732
676 484
676 916
676 106
676 18
473 716
473 366
473 873
473 510
618 488
618 938
618 421
618 523
618 426
65 296
65 220
65 387
65 466
65 701
65 326
65 137
564 749
564 836
564 917
564 701
564 354
564 556
564 178
1 974
1 75
1 324
1 431
1 781
1 953
1 315
348 522
348 405
348 570
348 278
348 505
348 416
348 792
394 122
394 375
394 967
394 278
394 326
394 352
394 728
394 470
394 756
394 906
168 628
168 431
168 450
168 744
168 248
168 793
928 350
928 502
928 344
928 185
928 311
928 580
928 999
758 609
758 22
758 354
758 743
758 60
758 498
758 261
758 957
758 613
908 538
908 15
908 96
908 911
908 86
908 108
959 734
959 823
959 538
959 716
959 136
959 56
441 95
441 110
441 651
441 803
441 535
441 521
441 439
441 87
972 383
972 227
972 570
972 761
972 779
972 782
972 825
972 571
972 149
821 500
821 562
821 881
821 528
769 145
769 3
769 115
769 757
769 352
769 93
769 280
769 693
180 709
180 149
180 78
180 362
180 452
180 262
180 93
180 462
379 987
379 5
379 151
379 310
379 76
379 900
379 649
379 147
405 257
405 227
405 292
405 731
405 23
405 522
737 917
737 793
737 563
737 224
970 145
970 300
970 111
970 449
970 956
970 732
970 857
970 95
970 914
69 124
69 218
69 785
69 999
69 696
69 730
69 87
69 593
282 657
282 137
282 593
282 2
282 694
282 793
282 310
282 815
170 50
170 752
170 865
170 308
170 89
170 9
859 391
859 745
859 557
859 653
859 285
859 274
859 15
859 141
859 42
15 141
15 192
15 216
15 285
15 94
15 733
985 837
985 331
985 841
985 113
985 745
472 684
472 385
672 81
672 883
672 715
672 747
672 415
672 573
672 591
672 389
672 610
962 721
962 925
962 327
962 733
962 105
962 283
975 296
975 149
975 535
975 897
975 707
975 795
975 66
975 557
262 226
262 283
262 909
262 914
262 149
262 56
262 840
569 847
569 6
569 137
569 82
569 966
569 54
621 124
621 213
621 878
621 936
621 187
916 292
916 425
916 149
916 973
184 646
184 42
184 834
184 310
915 973
915 983
915 834
915 832
915 300
159 977
159 958
159 927
159 992
159 796
159 770
159 993
333 400
333 271
333 140
333 386
333 258
333 926
233 669
233 413
233 764
233 704
233 630
403 145
403 619
403 860
403 734
403 431
403 993
403 613
693 111
693 847
693 256
693 458
693 585
693 505
398 203
398 2
398 602
398 140
398 51
398 597
398 285
398 255
867 772
867 275
867 5
867 264
867 807
123 839
123 231
123 657
123 216
123 764
123 187
123 191
760 322
760 92
760 198
760 153
760 385
760 789
760 443
760 61
263 898
263 216
263 764
263 131
263 374
263 292
263 220
213 554
213 777
213 824
213 861
667 832
667 34
667 278
667 534
667 274
667 345
667 294
860 311
860 942
860 375
860 323
860 40
507 805
507 268
507 590
507 494
507 849
507 839
507 629
507 736
378 11
378 923
378 875
378 927
378 943
378 455
378 704
378 425
757 3
757 280
757 683
757 93
757 132
200 958
200 736
200 19
200 138
200 150
754 779
754 257
754 305
754 606
754 938
754 615
305 824
305 245
305 454
305 747
305 925
305 736
305 91
400 668
400 749
400 386
400 190
400 729
400 119
400 846
811 702
811 268
811 898
811 809
811 61
811 528
811 851
648 803
648 806
648 201
648 150
648 148
648 160
648 387
753 342
753 529
753 44
753 888
753 907
753 528
753 565
243 471
243 140
243 633
243 891
243 907
243 349
243 95
653 590
653 350
653 812
653 331
653 107
653 508
91 88
91 752
91 805
91 202
91 779
91 877
91 454
296 833
296 795
296 231
296 846
296 393
296 10
8 789
8 191
8 498
8 647
8 133
8 514
527 409
527 448
527 422
527 979
986 935
986 602
986 675
986 218
986 752
986 9
986 77
529 86
529 850
529 765
529 610
529 132
529 322
529 907
643 570
643 560
643 418
643 89
707 730
707 624
707 82
707 285
707 207
707 897
350 622
350 502
350 813
350 768
350 509
938 764
938 606
938 777
938 597
938 751
224 797
224 512
224 881
224 563
160 840
160 387
160 363
160 458
160 104
160 131
223 356
223 744
223 542
223 640
223 342
223 484
223 79
307 824
307 87
307 710
307 191
307 164
646 893
646 834
646 720
646 428
646 809
646 164
646 698
646 942
935 816
935 824
935 156
935 747
935 9
935 11
761 459
761 122
761 640
761 463
761 227
761 374
761 220
761 19
885 314
885 413
885 977
885 647
885 537
885 587
56 823
56 152
56 226
840 272
840 841
840 203
840 76
18 562
18 198
18 484
18 416
18 697
319 546
319 178
319 21
319 967
319 232
319 590
319 300
418 605
418 29
418 570
418 297
418 694
418 974
96 987
96 539
96 984
96 637
383 782
383 858
383 508
383 988
383 174
383 494
417 586
417 534
417 11
417 804
417 739
417 893
943 281
943 359
943 455
943 504
943 654
943 887
943 425
943 485
782 220
782 496
782 542
782 136
782 494
782 890
836 535
836 831
836 294
836 749
836 104
836 917
54 723
54 947
54 19
54 919
54 554
54 742
54 523
627 786
627 645
627 88
627 440
627 308
627 765
11 538
11 750
887 557
887 281
887 455
887 504
887 283
887 359
19 958
511 354
511 261
511 366
511 926
511 721
511 718
511 227
511 592
723 133
723 890
723 947
723 949
723 742
723 720
723 597
828 904
828 295
828 351
828 85
828 193
903 95
903 343
903 115
903 50
903 463
903 297
136 734
136 823
136 494
136 747
136 349
967 327
967 718
967 316
967 759
967 300
934 956
934 366
934 741
934 669
934 510
934 969
947 76
947 900
947 521
947 389
947 422
46 466
46 628
46 731
46 2
46 75
46 960
46 917
256 842
256 452
256 199
256 147
256 336
779 268
779 480
779 884
779 219
779 704
409 796
409 375
409 608
409 449
409 465
409 709
833 316
833 95
833 683
833 435
833 705
833 515
833 476
309 773
309 171
309 926
309 882
309 272
309 884
309 388
309 692
895 601
895 645
895 471
895 509
918 605
918 633
918 66
918 435
918 413
918 20
846 664
846 399
846 984
846 831
846 393
147 744
147 235
147 416
147 987
906 710
906 299
906 515
906 94
906 435
906 949
906 647
906 163
793 381
793 61
793 248
793 568
795 443
795 153
795 259
795 668
795 650
795 773
795 834
239 251
239 459
239 806
239 651
239 528
239 608
239 694
506 554
506 891
506 156
506 815
506 445
785 849
785 51
785 299
785 999
785 716
785 644
785 203
777 733
777 823
777 601
551 683
551 193
551 302
551 634
551 336
551 998
108 502
108 24
108 500
108 956
108 888
108 381
733 841
733 716
733 327
733 179
89 150
89 361
89 591
89 637
89 36
89 909
454 88
454 202
454 805
140 993
140 696
140 83
914 47
914 283
914 956
914 842
914 536
914 909
914 450
863 850
863 894
863 60
863 899
863 634
68 608
68 254
68 919
274 508
274 345
274 428
274 28
274 226
153 923
153 443
153 121
153 259
331 298
331 745
331 178
331 827
359 570
359 2
359 59
359 702
359 553
359 280
75 312
75 387
75 684
75 781
75 326
796 608
796 449
796 537
455 281
455 470
455 504
202 150
202 88
202 698
202 805
202 190
637 186
637 861
637 742
637 984
637 83
716 452
716 721
716 538
858 174
858 605
858 812
858 988
858 51
163 216
163 729
163 86
163 47
163 773
163 882
163 911
911 850
911 433
911 133
911 86
99 832
99 292
99 178
99 433
99 953
99 92
99 781
99 764
953 315
953 589
953 781
953 883
812 107
812 425
812 786
812 816
812 590
26 138
26 479
26 674
26 789
29 974
29 297
29 161
29 133
29 864
29 87
815 827
815 715
815 695
815 514
572 375
572 586
572 841
572 593
572 199
572 691
572 647
280 363
280 789
280 539
280 93
280 655
151 444
151 542
151 877
151 983
151 264
151 119
151 187
235 674
235 189
235 817
235 34
179 24
179 10
179 617
179 912
179 133
592 536
592 547
592 367
592 942
592 375
592 294
324 421
324 316
324 547
324 149
324 523
375 942
375 683
375 449
375 534
375 765
977 477
977 927
977 983
977 871
977 837
977 897
861 57
861 825
861 345
861 654
861 435
942 809
942 119
73 781
73 117
73 756
73 594
73 944
73 509
189 955
189 641
189 619
189 286
189 31
189 426
88 805
88 190
88 381
992 900
992 5
992 268
992 360
745 697
745 614
745 832
745 81
220 119
220 888
220 122
882 152
882 113
602 829
602 495
602 113
925 993
925 688
925 956
925 232
925 691
925 425
523 435
523 421
523 342
110 95
110 877
110 803
110 399
22 234
22 498
22 488
22 23
264 873
264 829
264 715
495 425
495 101
495 515
495 829
495 521
374 657
374 352
374 385
374 6
404 125
404 484
404 901
404 781
55 601
55 63
55 702
55 732
55 401
55 808
55 465
562 658
508 773
508 50
508 498
508 750
508 770
773 101
773 984
571 825
571 624
571 246
571 764
829 601
829 327
829 20
601 63
601 674
601 10
63 759
63 156
63 721
63 111
63 241
510 851
510 366
257 614
257 948
257 78
257 113
463 231
463 364
463 557
605 655
605 174
827 298
77 44
77 752
77 668
281 283
281 504
351 616
351 295
351 665
351 85
351 904
657 71
657 768
657 909
657 728
657 517
837 909
837 154
837 539
837 42
837 630
837 218
133 477
133 851
133 24
386 898
386 242
386 47
386 851
386 585
904 85
904 295
904 616
904 615
61 311
61 694
61 561
61 484
61 543
326 462
326 470
326 728
326 756
326 79
278 808
278 122
278 82
278 654
278 415
445 813
445 356
445 720
185 905
185 164
185 106
185 546
217 137
217 966
217 806
217 790
217 120
336 998
336 186
336 302
201 839
201 647
201 66
201 361
362 308
362 542
362 83
362 894
362 354
362 371
789 674
789 450
789 385
802 357
802 302
802 649
802 231
802 342
832 152
832 983
832 998
456 813
456 548
456 471
456 606
248 115
248 137
248 514
248 363
227 670
227 658
227 60
227 23
227 480
308 530
308 694
308 444
594 824
594 360
594 83
329 804
329 81
329 888
329 695
329 249
535 784
535 651
535 547
535 897
535 31
609 792
609 839
609 957
609 547
609 624
517 683
517 786
517 413
517 125
969 450
969 242
969 34
969 881
969 984
969 360
494 767
494 216
494 542
494 20
974 864
974 161
974 297
974 665
190 458
190 888
190 610
190 415
190 668
190 644
695 641
695 865
695 698
695 539
27 484
27 106
27 907
27 619
161 297
161 958
161 878
161 864
741 528
741 705
741 670
741 87
741 496
927 585
927 477
927 103
927 871
701 742
701 505
701 60
701 232
852 426
852 608
852 219
852 122
852 50
852 126
852 626
95 111
95 803
370 435
370 360
370 439
370 591
370 294
534 343
534 957
747 389
747 824
747 174
747 809
295 616
295 261
295 85
252 115
252 891
252 3
252 6
252 823
539 254
539 363
539 857
425 875
268 917
268 650
268 955
106 484
106 807
421 822
421 357
421 600
111 448
111 505
111 120
536 315
536 399
878 50
878 752
878 199
878 568
647 614
413 514
413 630
148 561
148 187
148 865
148 126
148 822
586 820
586 893
586 51
449 83
449 615
449 608
948 645
948 624
948 547
948 87
948 428
458 420
458 241
458 668
458 60
865 890
865 877
357 23
193 21
193 42
193 768
193 138
17 480
17 616
591 192
591 36
443 692
443 24
443 259
443 121
470 728
470 462
470 871
663 246
663 993
663 751
663 342
663 554
580 198
580 496
580 999
580 554
580 344
704 207
704 138
704 630
150 896
150 132
891 744
115 3
115 675
115 93
658 343
658 742
658 103
171 57
171 989
634 28
634 593
634 732
634 40
650 349
650 626
650 104
650 698
650 960
650 613
650 801
504 25
504 311
548 78
548 813
548 465
548 730
548 560
548 81
548 807
327 198
327 105
327 226
500 850
500 241
500 24
249 804
399 174
399 498
399 40
790 310
790 228
790 393
561 316
561 315
561 126
272 692
272 702
613 113
613 624
613 522
613 553
156 10
156 258
156 739
156 919
897 589
897 44
897 47
315 291
315 450
315 936
286 426
286 645
286 641
286 955
286 578
234 655
234 485
234 610
234 24
234 736
234 923
484 207
484 949
258 538
258 322
258 4
299 537
684 651
684 544
843 152
843 218
843 896
901 884
901 124
901 125
901 926
60 498
60 957
60 381
698 957
698 52
698 816
245 824
245 896
245 736
245 141
245 767
820 850
820 629
820 255
917 568
917 669
917 749
578 670
578 641
578 426
578 955
578 622
683 322
683 78
683 476
401 801
401 145
401 126
514 192
514 363
466 107
466 784
466 877
92 275
92 923
92 764
92 786
261 509
71 553
71 909
444 694
444 640
444 736
444 45
764 433
241 849
241 649
164 649
164 57
164 731
831 899
141 285
141 192
884 207
884 2
884 919
842 271
842 381
105 573
105 792
105 124
105 593
105 640
807 626
807 50
807 617
807 772
312 710
312 560
312 949
312 428
312 702
323 391
323 509
323 203
323 688
83 40
813 117
537 314
537 587
462 743
462 367
462 697
462 619
462 254
538 998
538 560
122 825
122 126
122 85
847 485
847 565
847 197
847 344
847 44
847 311
543 732
543 356
543 857
543 191
543 730
543 25
432 825
432 542
432 989
432 544
633 459
633 371
633 849
770 750
624 547
624 479
624 984
25 966
25 31
890 705
890 496
890 670
57 649
57 271
57 435
839 361
651 275
203 664
203 391
203 51
664 936
664 78
664 688
198 556
198 416
101 187
101 718
101 521
45 447
45 628
45 696
45 388
389 958
389 342
389 76
772 979
670 496
670 705
28 989
28 688
496 705
107 898
515 721
515 949
515 622
515 600
515 42
515 360
912 343
912 23
912 420
606 546
31 923
31 630
31 597
31 619
560 311
907 322
907 590
691 803
691 553
691 505
691 530
556 439
743 759
743 137
743 479
743 251
705 728
52 218
52 476
52 644
979 344
979 597
979 565
979 767
697 21
697 752
697 254
697 730
554 919
554 729
871 477
871 366
530 349
530 801
530 104
617 197
617 744
617 285
617 731
617 82
439 739
439 521
439 568
415 51
415 573
756 131
756 79
528 228
476 797
476 654
120 207
120 226
120 117
120 857
465 709
465 988
465 957
465 585
649 4
649 900
649 388
674 630
674 138
674 817
674 730
988 174
988 893
988 275
593 124
104 349
104 589
104 801
428 816
283 999
44 784
44 565
587 314
197 138
197 146
197 448
197 565
955 426
955 94
955 641
356 480
216 893
416 987
246 751
246 958
883 936
883 589
228 174
228 310
426 641
485 103
485 352
768 622
768 655
768 909
896 218
896 152
896 314
82 730
82 801
82 966
420 131
420 344
781 10
547 541
958 751
767 226
385 765
4 119
4 696
4 447
4 542
4 665
909 450
909 59
720 628
553 364
841 388
300 292
300 973
615 710
615 85
669 630
628 989
42 557
626 50
626 702
616 85
899 850
899 804
919 905
919 730
919 742
103 186
103 759
103 86
87 750
87 124
989 544
542 119
542 765
79 644
710 51
710 66
186 541
242 585
242 675
825 734
825 730
3 59
3 93
803 749
803 784
387 806
387 522
900 5
900 76
610 573
610 298
21 851
21 349
784 944
784 849
784 488
298 715
232 259
765 786
765 178
66 146
66 20
447 905
447 187
792 345
949 966
898 739
898 809
898 888
259 121
259 750
675 199
218 152
893 804
731 688
731 816
557 149
563 322
850 629
391 367
801 505
801 349
479 834
479 219
479 138
573 715
926 692
435 541
600 797
600 654
10 806
944 131
302 998
297 864
178 936
851 732
568 585
622 364
692 739
736 665
113 152
849 360
849 505
149 119
522 987
94 76
94 881
734 823
192 739
640 124
640 956
640 894
121 817
226 809
759 251
310 987
287 488
361 24
654 292
36 655
251 452
251 459
422 570
570 694
881 360
608 875
