120 67
120 769
120 765
120 364
120 676
120 192
120 476
120 370
120 255
120 479
968 453
968 743
968 773
968 616
968 85
968 787
968 584
968 42
968 169
968 246
466 651
466 515
466 592
466 173
466 275
466 463
466 384
466 238
466 543
466 306
558 15
558 989
558 955
558 406
558 639
558 970
558 668
558 427
558 277
558 359
359 118
359 355
359 105
359 605
359 154
359 722
359 990
359 200
359 601
432 911
432 211
432 429
432 324
432 860
432 39
432 536
432 163
432 126
432 691
681 896
681 908
681 496
681 462
681 501
681 797
681 355
681 103
681 991
681 266
897 506
897 282
897 330
897 729
897 311
897 193
897 253
897 761
897 619
897 421
74 463
74 927
74 465
74 592
74 947
74 941
74 574
74 173
74 317
74 307
569 36
569 601
569 379
569 964
569 678
569 509
569 695
569 544
569 845
569 741
186 671
186 518
186 700
186 68
186 978
186 630
186 907
186 552
186 517
186 20
810 315
810 71
810 228
810 358
810 84
810 716
810 854
810 907
810 546
810 60
60 716
60 907
60 358
60 315
60 71
60 913
60 854
60 84
60 228
176 534
176 886
176 530
176 424
176 257
176 218
176 445
176 502
176 43
176 659
459 791
459 623
459 919
459 420
459 607
459 974
459 363
459 735
459 950
459 839
676 364
676 765
676 647
676 67
676 556
676 894
676 769
676 731
676 192
431 729
431 77
431 565
431 295
431 492
431 368
431 623
431 203
431 828
431 914
577 306
577 326
577 964
577 544
577 405
577 247
577 583
577 707
577 509
577 165
503 507
503 809
503 402
503 511
503 949
503 975
503 654
503 47
503 679
503 851
867 326
867 696
867 16
867 130
867 6
867 699
867 739
867 576
867 559
867 462
781 823
781 766
781 633
781 905
781 758
781 51
781 609
781 220
781 614
781 783
848 386
848 238
848 666
848 14
848 98
848 419
848 595
848 757
848 44
848 813
65 812
65 240
65 997
65 18
65 980
65 216
65 29
65 250
65 23
65 840
641 803
641 464
641 155
641 868
641 666
641 353
641 718
641 261
641 918
641 317
99 422
99 703
99 322
99 956
99 179
99 41
99 164
99 62
99 960
99 341
225 8
225 455
225 477
225 841
225 629
225 556
225 918
225 847
225 28
225 415
287 281
287 751
287 808
287 435
287 236
287 390
287 967
287 363
287 974
287 417
461 774
461 348
461 805
461 175
461 967
461 356
461 497
461 485
461 198
461 395
245 164
245 545
245 41
245 224
245 735
245 568
245 405
245 729
245 869
245 267
693 698
693 388
693 58
693 932
693 424
693 830
693 984
693 367
693 589
693 493
21 961
21 793
21 389
21 928
21 563
21 996
21 191
21 40
21 130
21 294
692 851
692 709
692 191
692 402
692 344
692 884
692 850
692 886
692 975
692 551
263 310
263 589
263 980
263 441
263 719
263 291
263 146
263 915
263 661
263 392
454 293
454 611
454 742
454 660
454 636
454 403
454 546
454 720
454 520
454 149
34 880
34 985
34 319
34 824
34 289
34 697
34 903
34 96
34 672
34 651
631 833
631 12
631 239
631 329
631 92
631 645
631 397
631 469
631 712
631 585
194 890
194 644
194 952
194 262
194 168
194 249
194 342
194 769
194 22
194 305
354 406
354 966
354 659
354 924
354 941
354 488
354 264
354 298
354 834
354 911
28 598
28 932
28 794
28 918
28 477
28 415
28 556
28 775
28 597
816 202
816 955
816 668
816 989
816 639
816 15
816 486
816 837
816 829
816 427
690 337
690 615
690 388
690 493
690 367
690 472
690 981
690 844
690 889
690 698
935 490
935 77
935 623
935 203
935 229
935 565
935 295
935 523
935 722
935 920
299 89
299 468
299 948
299 527
299 375
299 930
299 179
299 469
299 51
299 304
821 627
821 601
821 179
821 582
821 390
821 113
821 306
821 527
821 409
821 866
252 130
252 612
252 584
252 993
252 169
252 787
252 945
252 543
252 616
252 773
480 45
480 103
480 963
480 533
480 7
480 709
480 889
480 250
480 117
480 677
398 874
398 145
398 482
398 985
398 554
398 664
398 185
398 69
398 166
398 382
534 667
534 502
534 514
534 18
534 218
534 424
534 932
534 530
534 508
440 946
440 206
440 648
440 824
440 366
440 471
440 547
440 243
440 13
440 998
652 881
652 191
652 581
652 629
652 37
652 63
652 153
652 248
652 588
652 109
634 730
634 714
634 685
634 982
634 269
634 815
634 831
634 72
634 160
634 941
232 929
232 655
232 818
232 448
232 626
232 984
232 579
232 137
232 479
232 197
888 926
888 456
888 879
888 994
888 171
888 973
888 170
888 625
888 802
888 187
226 110
226 758
226 343
226 632
226 508
226 802
226 889
226 117
226 533
226 949
814 433
814 976
814 794
814 527
814 972
814 925
814 658
814 236
814 759
814 537
873 610
873 177
873 663
873 247
873 76
873 887
873 849
873 373
873 447
873 829
921 971
921 741
921 726
921 684
921 542
921 755
921 647
921 149
921 184
921 271
736 618
736 410
736 188
736 820
736 352
736 107
736 446
736 97
736 471
736 265
771 323
771 234
771 646
771 727
771 749
771 815
771 541
771 119
771 235
771 713
83 164
83 143
83 621
83 528
83 905
83 437
83 392
83 9
83 586
83 3
886 627
886 402
886 455
886 711
886 507
886 654
886 643
886 511
545 92
545 526
545 637
545 279
545 405
545 205
545 570
545 943
545 135
858 43
858 128
858 871
858 797
858 242
858 351
858 449
858 823
858 861
858 498
882 218
882 932
882 279
882 550
882 724
882 943
882 523
882 769
882 628
882 830
112 979
112 451
112 673
112 757
112 516
112 227
112 445
112 934
112 683
112 776
540 125
540 82
540 115
540 892
540 547
540 809
540 183
540 490
540 304
540 122
101 997
101 813
101 595
101 920
101 553
101 419
101 221
101 855
101 603
101 103
381 39
381 662
381 578
381 725
381 733
381 204
381 273
381 542
381 350
381 94
293 229
293 520
293 742
293 660
293 720
293 103
293 875
293 403
293 611
322 341
322 41
322 960
322 703
322 62
322 84
322 956
322 164
322 179
25 209
25 349
25 394
25 340
25 292
25 863
25 496
25 571
25 489
25 307
773 743
773 246
773 612
773 169
773 453
773 787
773 616
773 584
412 256
412 345
412 188
412 774
412 471
412 410
412 327
412 115
412 820
412 97
953 612
953 150
953 539
953 566
953 995
953 170
953 937
953 933
953 591
953 737
742 971
742 520
742 660
742 403
742 149
742 611
742 546
742 720
828 490
828 492
828 565
828 701
828 843
828 295
828 914
828 77
828 249
214 413
214 722
214 792
214 511
214 210
214 69
214 17
214 608
214 105
214 642
443 951
443 401
443 846
443 640
443 129
443 56
443 212
443 964
443 667
443 912
195 893
195 705
195 80
195 630
195 104
195 175
195 768
195 636
195 368
195 372
201 127
201 168
201 305
201 70
201 405
201 250
201 22
201 890
201 644
201 262
286 745
286 827
286 35
286 801
286 308
286 657
286 532
286 843
286 894
286 944
319 651
319 824
319 704
319 48
319 697
319 985
319 96
319 903
319 863
353 718
353 982
353 317
353 464
353 803
353 622
353 868
353 314
353 261
723 887
723 411
723 373
723 610
723 177
723 497
723 447
723 720
723 829
723 663
779 638
779 898
779 446
779 624
779 171
779 391
779 501
779 22
779 27
779 891
831 865
831 982
831 730
831 792
831 849
831 308
831 114
831 449
831 160
70 127
70 649
70 709
70 644
70 305
70 22
70 890
70 405
70 168
142 494
142 990
142 580
142 334
142 2
142 361
142 790
142 510
142 704
142 913
677 222
677 508
677 889
677 533
677 117
677 45
677 709
677 963
677 7
820 107
820 188
820 267
820 178
820 410
820 753
820 97
820 471
450 722
450 877
450 390
450 950
450 653
450 148
450 141
450 607
450 728
450 919
548 276
548 285
548 326
548 948
548 346
548 784
548 314
548 721
548 826
548 444
40 543
40 793
40 961
40 996
40 191
40 294
40 389
40 130
40 928
384 306
384 182
384 592
384 927
384 504
384 530
384 275
384 463
384 173
36 999
36 713
36 583
36 217
36 394
36 509
36 678
36 741
36 544
679 958
679 688
679 181
679 280
679 844
679 95
679 756
679 739
679 931
158 479
158 137
158 752
158 297
158 818
158 626
158 655
158 197
158 448
158 579
376 458
376 277
376 518
376 15
376 231
376 970
376 460
376 737
376 686
376 78
374 151
374 512
374 316
374 856
374 649
374 780
374 747
374 708
374 685
374 899
674 643
674 385
674 32
674 269
674 337
674 667
674 378
674 89
674 604
674 38
635 536
635 296
635 988
635 880
635 898
635 939
635 324
635 235
635 672
635 811
715 334
715 44
715 819
715 800
715 300
715 50
715 428
715 656
715 484
715 902
244 347
244 615
244 10
244 717
244 172
244 622
244 106
244 409
244 805
244 336
564 526
564 90
564 710
564 746
564 291
564 964
564 670
564 57
564 210
564 525
739 88
739 699
739 696
739 16
739 576
739 6
739 559
739 326
772 280
772 87
772 272
772 575
772 451
772 377
772 274
772 688
772 46
772 290
719 291
719 589
719 146
719 909
719 980
719 294
719 441
719 392
719 310
793 567
793 191
793 996
793 345
793 969
793 961
793 294
793 928
111 347
111 377
111 474
111 172
111 336
111 345
111 409
111 200
111 106
111 10
156 996
156 198
156 26
156 616
156 795
156 357
156 418
156 365
156 993
156 640
680 481
680 899
680 24
680 85
680 750
680 791
680 161
680 325
680 366
680 648
190 236
190 369
190 55
190 289
190 233
190 900
190 809
190 527
190 744
190 425
220 758
220 537
220 665
220 2
220 136
220 522
220 782
220 609
220 823
126 691
126 161
126 31
126 911
126 202
126 729
126 211
126 324
126 163
0 108
0 240
0 803
0 542
0 557
0 216
0 23
0 147
0 623
0 859
325 790
325 24
325 782
325 750
325 601
325 366
325 899
325 827
325 59
498 481
498 128
498 694
498 797
498 861
498 43
498 560
498 242
498 538
686 460
686 231
686 970
686 974
686 435
686 751
686 458
686 78
686 920
360 943
360 205
360 796
360 135
360 550
360 724
360 570
360 830
360 523
360 279
752 209
752 444
752 626
752 297
752 640
752 133
752 992
752 694
752 579
217 741
217 930
217 583
217 143
217 509
217 845
217 544
217 483
217 678
969 528
969 327
969 475
969 113
969 14
969 788
969 256
969 402
969 479
857 343
857 881
857 617
857 321
857 347
857 573
857 134
857 457
857 423
857 254
478 257
478 647
478 755
478 371
478 749
478 233
478 809
478 887
478 184
478 726
744 289
744 255
744 369
744 748
744 900
744 55
744 500
744 63
744 425
288 351
288 865
288 819
288 927
288 290
288 50
288 800
288 300
288 484
288 19
849 665
849 7
849 177
849 887
849 373
849 447
849 663
849 611
587 605
587 383
587 223
587 806
587 165
587 876
587 162
587 497
587 154
587 878
916 574
916 945
916 859
916 131
916 572
916 470
916 515
916 632
916 434
916 762
320 741
320 544
320 845
320 721
320 583
320 26
320 444
320 509
320 678
320 276
572 754
572 499
572 470
572 945
572 574
572 434
572 658
572 762
572 131
433 753
433 870
433 221
433 553
433 855
433 940
433 954
433 997
433 976
449 896
449 166
449 609
449 823
449 442
449 871
449 351
449 538
9 586
9 18
9 143
9 150
9 881
9 392
9 905
9 799
9 621
387 543
387 627
387 620
387 93
387 506
387 515
387 868
387 529
387 817
387 613
400 983
400 582
400 697
400 716
400 118
400 796
400 105
400 458
400 372
400 17
157 654
157 44
157 695
157 452
157 784
157 721
157 524
157 901
157 826
157 961
285 314
285 784
285 721
285 444
285 948
285 901
285 826
285 276
285 346
93 871
93 515
93 817
93 506
93 95
93 613
93 543
93 529
93 620
529 745
529 613
529 817
529 515
529 543
529 627
529 620
529 96
189 959
189 124
189 241
189 675
189 862
189 947
189 302
189 75
189 711
189 770
991 908
991 266
991 495
991 434
991 504
991 462
991 355
991 593
991 496
73 590
73 59
73 785
73 88
73 594
73 309
73 706
73 351
73 601
73 494
260 923
260 391
260 105
260 171
260 891
260 567
260 872
260 757
260 624
260 283
642 200
642 118
642 17
642 608
642 413
642 105
642 427
642 19
642 995
153 109
153 629
153 37
153 248
153 588
153 63
153 581
153 836
153 473
516 150
516 979
516 776
516 865
516 445
516 227
516 934
516 683
516 673
144 627
144 436
144 491
144 566
144 281
144 620
144 247
144 371
144 452
144 917
696 268
696 576
696 559
696 6
696 339
696 927
696 699
696 660
340 292
340 460
340 209
340 349
340 571
340 863
340 395
340 865
340 489
342 475
342 164
342 789
342 658
342 589
342 168
342 249
342 262
342 18
465 463
465 306
465 275
465 173
465 150
465 927
465 592
465 238
465 413
522 215
522 338
522 965
522 665
522 133
522 136
522 743
522 257
522 846
64 861
64 2
64 334
64 901
64 996
64 580
64 361
64 97
64 370
64 704
178 262
178 678
178 410
178 662
178 188
178 471
178 446
178 97
178 107
528 192
528 14
528 510
528 788
528 102
528 256
528 560
528 475
807 711
807 675
807 770
807 959
807 597
807 124
807 37
807 862
807 241
807 517
593 896
593 908
593 496
593 355
593 266
593 622
593 462
593 610
593 495
973 187
973 456
973 159
973 625
973 879
973 802
973 4
973 994
973 330
223 162
223 266
223 154
223 165
223 876
223 878
223 383
223 806
223 460
90 526
90 57
90 291
90 906
90 525
90 210
90 689
90 710
90 746
352 97
352 107
352 188
352 594
352 410
352 446
352 864
352 471
352 161
535 408
535 414
535 257
535 350
535 600
535 356
535 778
535 425
535 763
535 333
482 785
482 877
482 664
482 185
482 382
482 69
482 166
482 554
482 874
876 383
876 999
876 806
876 605
876 165
876 878
876 154
876 162
241 302
241 517
241 770
241 711
241 75
241 124
241 675
241 959
521 859
521 844
521 594
521 549
521 756
521 958
521 95
521 181
521 931
521 513
139 838
139 747
139 227
139 740
139 429
139 165
139 467
139 992
139 835
139 531
473 629
473 486
473 37
473 248
473 588
473 836
473 671
473 109
473 961
452 259
452 789
452 598
452 738
452 794
452 265
452 928
452 209
933 170
933 563
933 591
933 957
933 865
933 937
933 995
933 539
933 666
727 706
727 541
727 646
727 132
727 323
727 234
727 235
727 136
727 749
909 977
909 745
909 792
909 782
909 348
909 967
909 95
909 774
909 981
52 594
52 965
52 864
52 495
52 775
52 640
52 11
52 19
52 760
52 133
999 39
999 274
999 655
999 878
999 379
999 656
999 154
999 383
27 891
27 171
27 168
27 501
27 624
27 283
27 391
27 638
27 890
417 492
417 808
417 390
417 955
417 75
417 974
417 751
417 281
417 363
426 1
426 531
426 513
426 395
426 258
426 560
426 962
426 442
426 707
426 883
688 290
688 280
688 377
688 274
688 46
688 850
688 272
688 575
563 737
563 995
563 937
563 86
563 694
563 591
563 539
563 170
922 273
922 662
922 578
922 219
922 204
922 936
922 94
922 18
922 296
922 262
764 30
764 229
764 628
764 618
764 472
764 555
764 138
764 416
764 983
764 557
912 846
912 951
912 129
912 401
912 947
912 582
912 81
912 825
912 56
604 32
604 643
604 915
604 89
604 385
604 269
604 38
604 378
604 661
694 114
694 901
694 645
694 63
694 297
694 215
694 806
48 908
48 651
48 903
48 824
48 96
48 985
48 743
48 505
48 697
476 765
476 67
476 769
476 182
476 370
476 364
476 192
476 731
476 926
222 737
222 508
222 533
222 709
222 527
222 389
222 7
222 45
222 963
363 281
363 390
363 808
363 435
363 974
363 919
363 751
125 122
125 183
125 892
125 524
125 115
125 82
125 650
125 734
125 682
378 643
378 89
378 38
378 385
378 667
378 884
378 337
378 269
732 346
732 240
732 702
732 216
732 29
732 812
732 270
732 840
732 345
732 758
879 5
879 456
879 994
879 625
879 802
879 187
879 4
879 379
377 280
377 850
377 575
377 379
377 46
377 481
377 290
422 341
422 62
422 164
422 651
422 703
422 41
422 701
422 960
422 956
146 441
146 675
146 980
146 392
146 310
146 915
146 589
146 661
755 149
755 647
755 998
755 184
755 684
755 271
755 726
755 971
321 356
321 786
321 573
321 423
321 751
321 134
321 457
321 343
321 254
756 844
756 181
756 80
756 549
756 931
756 954
756 95
756 958
106 10
106 327
106 615
106 336
106 937
106 717
106 791
106 347
538 861
538 637
538 351
538 128
538 797
538 242
538 43
538 264
653 420
653 258
653 148
653 607
653 919
653 701
653 639
653 877
653 950
284 853
284 138
284 345
284 229
284 30
284 393
284 557
284 375
284 628
284 555
581 15
581 588
581 37
581 248
581 629
581 63
581 571
581 109
423 343
423 134
423 881
423 617
423 573
423 485
423 254
423 457
707 1
707 560
707 58
707 23
707 962
707 395
707 442
707 722
315 358
315 854
315 716
315 228
315 913
315 907
315 84
315 71
656 819
656 484
656 380
656 278
656 362
656 428
656 91
656 407
472 606
472 698
472 493
472 367
472 388
472 984
472 424
472 42
938 251
938 174
938 568
938 869
938 224
938 249
938 356
938 313
938 345
938 735
957 436
957 566
957 917
957 491
957 791
957 413
957 202
957 247
957 140
58 367
58 830
58 388
58 42
58 493
58 984
58 50
58 698
251 345
251 667
251 506
251 706
251 202
251 729
251 923
251 567
251 965
237 421
237 761
237 253
237 330
237 193
237 282
237 898
237 311
237 396
237 619
253 16
253 265
253 282
253 684
253 917
253 761
253 396
253 193
841 556
841 918
841 8
841 477
841 415
841 497
841 455
841 847
841 632
10 615
10 409
10 102
10 172
10 717
10 347
10 336
439 102
439 700
439 20
439 390
439 866
439 978
439 671
439 552
439 837
439 213
312 76
312 339
312 842
312 91
312 362
312 278
312 524
312 872
312 407
312 152
777 955
777 169
777 584
777 488
777 85
777 743
777 843
777 616
777 453
777 246
408 763
408 600
408 68
408 333
408 438
408 942
408 47
408 14
408 350
485 774
485 348
485 134
485 198
485 782
485 977
485 721
485 967
399 66
399 817
399 875
399 574
399 26
399 108
399 487
399 852
399 331
399 669
436 791
436 247
436 371
436 612
436 140
436 917
436 491
436 566
13 561
13 243
13 725
13 648
13 519
13 962
13 206
13 998
13 626
895 67
895 116
895 632
895 79
895 180
895 123
895 875
895 303
895 590
895 562
954 504
954 958
954 931
954 42
954 859
954 606
954 549
954 80
833 12
833 645
833 397
833 438
833 712
833 469
833 585
833 92
833 239
893 104
893 768
893 210
893 672
893 636
893 368
893 175
893 705
893 301
332 881
332 701
332 627
332 215
332 69
332 207
332 91
332 920
332 647
332 110
611 546
611 720
611 660
611 520
611 865
611 373
196 234
196 749
196 541
196 323
196 531
196 455
196 963
196 393
196 785
196 646
952 590
952 303
952 556
952 683
952 562
952 455
952 79
952 896
952 180
659 834
659 406
659 318
659 264
659 366
659 924
659 966
659 537
199 54
199 600
199 763
199 942
199 778
199 414
199 599
199 110
199 47
199 333
203 565
203 295
203 492
203 567
203 920
203 623
203 77
203 914
860 324
860 275
860 691
860 31
860 911
860 866
860 962
860 211
860 536
570 135
570 796
570 724
570 205
570 943
570 366
570 279
570 523
837 639
837 989
837 323
837 713
837 976
837 891
837 955
837 668
904 212
904 344
904 551
904 822
904 33
904 86
904 798
904 49
904 884
904 335
829 887
829 177
829 663
829 447
829 78
829 15
829 665
205 80
205 830
205 796
205 135
205 724
205 279
205 943
167 794
167 159
167 987
167 121
167 603
167 738
167 789
167 265
167 792
167 598
786 571
786 343
786 249
786 394
786 913
786 617
786 134
786 393
786 457
162 806
162 605
162 695
162 840
162 165
162 484
162 878
442 255
442 883
442 560
442 395
442 962
442 1
442 258
401 81
401 135
401 129
401 825
401 846
401 951
401 947
401 56
724 550
724 943
724 279
724 523
724 796
724 830
487 256
487 108
487 669
487 147
487 852
487 862
487 986
487 430
487 331
239 397
239 12
239 511
239 585
239 438
239 645
239 469
239 92
396 619
396 311
396 421
396 330
396 787
396 761
396 282
396 193
512 649
512 949
512 151
512 780
512 748
512 747
512 708
512 685
512 856
276 901
276 784
276 721
276 314
276 826
276 948
276 444
958 95
958 931
958 181
958 844
958 859
958 549
717 336
717 409
717 855
717 347
717 116
717 235
717 172
960 341
960 164
960 871
960 62
960 956
960 375
960 703
684 971
684 149
684 726
684 271
684 647
684 542
684 184
783 924
783 766
783 514
783 338
783 51
783 633
783 207
783 614
783 215
197 479
197 655
197 626
197 71
197 137
197 103
197 448
197 579
596 825
596 136
596 532
596 356
596 531
596 367
596 582
596 525
596 920
596 338
899 24
899 481
899 327
899 5
899 366
899 750
899 597
104 163
104 80
104 372
104 768
104 175
104 368
104 630
104 705
208 230
208 61
208 972
208 712
208 885
208 53
208 695
208 328
208 754
208 759
193 761
193 898
193 939
193 311
193 282
193 132
268 920
268 576
268 883
268 118
268 211
268 980
268 903
268 326
268 6
989 701
989 955
989 427
989 15
989 639
989 54
989 668
207 766
207 51
207 215
207 633
207 136
207 338
207 114
207 614
979 445
979 673
979 451
979 477
979 776
979 227
979 934
979 447
59 776
59 87
59 706
59 601
59 309
59 88
59 673
59 494
852 108
852 986
852 331
852 147
852 504
852 669
852 726
852 430
86 798
86 335
86 551
86 212
86 822
86 33
86 474
86 148
689 710
689 210
689 525
689 526
689 57
689 906
689 38
689 746
689 200
31 161
31 324
31 911
31 211
31 536
31 691
31 163
31 743
753 553
753 870
753 250
753 997
753 687
753 940
753 129
753 221
53 712
53 637
53 885
53 754
53 230
53 767
53 695
53 972
53 328
283 624
283 923
283 805
283 891
283 576
283 391
283 567
283 638
514 375
514 424
514 18
514 530
514 218
514 393
514 853
514 502
614 766
614 22
614 905
614 327
614 609
614 51
614 633
1 962
1 523
1 395
1 560
1 722
1 258
1 883
766 215
766 51
766 609
766 823
766 758
766 633
579 137
579 448
579 479
579 733
579 818
579 297
119 317
119 235
119 646
119 242
119 797
119 790
119 541
119 749
119 713
987 738
987 506
987 488
987 794
987 603
987 789
987 159
987 121
987 598
936 169
936 578
936 273
936 453
936 204
936 733
936 94
936 39
936 662
925 238
925 213
925 813
925 803
925 666
925 595
925 98
925 419
925 386
455 847
455 415
455 556
455 918
455 541
134 343
134 617
134 457
134 254
134 573
329 489
329 585
329 915
329 12
329 397
329 337
329 469
329 651
329 108
380 519
380 428
380 946
380 486
380 243
380 474
380 819
380 206
380 648
799 437
799 66
799 586
799 621
799 905
799 143
799 3
799 404
799 767
24 750
24 309
24 161
24 366
24 597
24 866
24 481
871 257
871 383
871 823
871 896
871 256
871 62
219 612
219 602
219 599
219 44
219 839
219 832
219 842
219 745
219 145
292 489
292 209
292 539
292 550
292 571
292 349
292 863
292 330
568 113
568 267
568 356
568 735
568 313
568 174
568 869
568 224
971 271
971 726
971 542
971 32
971 184
971 647
141 702
141 270
141 148
141 887
141 840
141 928
141 607
141 950
141 420
638 891
638 349
638 624
638 391
638 923
638 171
638 501
923 667
923 274
923 964
923 391
923 567
923 624
464 718
464 868
464 670
464 646
464 317
464 622
464 803
464 261
797 908
797 637
797 861
797 242
797 128
553 940
553 221
553 997
553 505
553 870
553 855
553 687
811 132
811 672
811 88
811 880
811 988
811 307
811 939
811 296
811 468
453 616
453 743
453 85
453 246
453 787
453 169
23 702
23 216
23 812
23 29
23 240
23 202
23 270
864 163
864 775
864 594
864 760
864 495
864 133
864 11
864 19
100 795
100 365
100 357
100 259
100 993
100 274
100 8
100 910
100 830
100 561
301 131
301 113
301 792
301 368
301 705
301 175
301 640
301 630
301 636
748 337
748 740
748 151
748 856
748 708
748 780
748 747
748 404
180 116
180 875
180 590
180 536
180 562
180 123
180 303
180 79
687 997
687 505
687 940
687 855
687 597
687 870
687 670
687 221
672 468
672 880
672 296
672 6
672 988
672 939
920 326
920 490
920 356
364 926
364 306
364 67
364 765
364 370
364 182
364 731
767 143
767 404
767 513
767 621
767 437
767 66
767 586
767 3
107 410
107 97
107 63
107 471
107 188
107 446
456 625
456 802
456 4
456 187
456 994
456 5
456 379
770 124
770 517
770 862
770 959
770 302
770 75
770 675
949 402
949 962
949 507
949 654
949 851
949 511
949 975
271 184
271 542
271 726
271 149
271 410
271 647
990 704
990 913
990 334
990 510
990 323
990 497
990 361
990 580
123 79
123 116
123 976
123 875
123 758
123 808
123 562
123 160
826 346
826 901
826 948
826 102
826 314
826 784
66 905
66 625
66 3
66 513
66 437
66 586
66 404
669 430
669 331
669 728
669 147
669 986
669 108
669 26
636 660
636 792
636 705
636 368
636 630
636 80
822 212
822 335
822 551
822 798
822 33
822 49
822 344
822 250
507 851
507 402
507 511
507 654
507 328
507 975
507 145
937 539
937 591
937 170
937 372
937 995
937 565
289 500
289 425
289 55
289 655
289 369
289 233
289 900
129 56
129 81
129 846
129 951
129 825
129 539
762 859
762 574
762 945
762 470
762 131
762 434
762 275
762 499
117 709
117 963
117 508
117 45
117 533
117 889
117 7
644 262
644 305
644 22
644 127
644 890
644 657
644 168
187 4
187 184
187 625
187 802
187 379
187 994
152 643
152 91
152 76
152 339
152 490
152 524
152 278
152 362
152 407
601 494
601 706
601 72
601 309
606 42
606 307
606 698
606 388
606 302
606 405
606 984
606 890
808 390
808 281
808 435
808 751
808 160
808 116
330 619
330 421
330 282
330 213
330 761
19 495
19 760
19 965
19 133
19 11
19 594
411 155
411 734
411 468
411 497
411 63
411 919
411 183
411 612
411 832
488 159
488 789
488 121
488 738
488 794
488 513
488 598
338 136
338 257
338 483
338 51
338 215
338 633
885 790
885 972
885 230
885 759
885 61
885 754
885 328
885 695
16 559
16 326
16 179
16 6
16 665
16 576
16 140
834 924
834 537
834 966
834 236
834 318
834 264
834 406
834 298
33 49
33 551
33 798
33 212
33 344
33 250
33 335
249 944
249 262
249 413
249 843
249 168
170 539
170 737
170 995
170 591
170 632
483 682
483 341
483 930
483 583
483 619
483 309
483 678
483 517
161 481
161 911
161 691
161 163
161 750
434 198
434 499
434 588
434 574
434 470
434 945
147 108
147 986
147 490
147 26
147 331
147 430
270 670
270 216
270 272
270 840
270 702
270 812
270 29
303 632
303 562
303 79
303 116
303 875
303 590
303 72
8 477
8 915
8 357
8 918
8 847
8 527
8 730
835 838
835 467
835 429
835 992
835 546
835 804
835 740
835 531
835 650
996 961
996 389
996 191
996 294
996 130
827 801
827 894
827 35
827 944
827 418
827 657
827 532
827 910
12 585
12 92
12 397
12 469
12 712
12 645
738 121
738 789
738 946
738 877
738 794
738 598
832 602
832 929
832 612
832 599
832 842
832 706
832 44
832 839
658 499
658 311
658 789
658 131
658 470
658 54
658 945
566 791
566 140
566 917
566 247
566 491
566 371
725 648
725 501
725 115
725 206
725 946
725 243
725 474
725 998
404 513
404 437
404 3
404 143
404 586
404 621
663 665
663 610
663 177
663 887
663 447
663 373
664 785
664 554
664 185
664 382
664 166
664 69
664 941
664 874
362 339
362 91
362 524
362 517
362 278
362 407
362 76
666 813
666 213
666 386
666 98
666 595
666 419
703 341
703 41
703 626
703 164
703 62
703 956
730 259
730 160
730 72
730 982
730 815
730 75
730 714
224 869
224 735
224 986
224 313
224 729
224 267
224 191
265 792
265 794
265 789
265 159
265 603
265 121
517 124
517 959
517 675
517 75
524 407
524 91
524 76
524 339
524 278
620 543
620 627
620 613
620 515
620 506
620 817
804 348
804 467
804 838
804 341
804 740
804 429
804 851
804 992
804 708
903 985
903 311
903 697
903 824
903 880
903 96
501 891
501 171
501 624
501 391
501 103
902 819
902 428
902 300
902 484
902 800
902 757
902 962
902 430
902 50
502 424
502 18
502 218
502 520
502 346
502 932
502 530
607 420
607 877
607 728
607 950
607 148
607 919
420 499
420 728
420 877
420 148
420 950
420 919
913 716
913 358
913 266
913 71
913 854
505 489
505 870
505 500
505 863
505 221
505 594
505 775
728 950
728 986
728 148
728 877
728 63
728 582
192 370
192 135
192 843
192 765
192 769
192 731
145 382
145 554
145 874
145 612
145 842
145 599
145 523
628 618
628 138
628 30
628 555
628 416
628 932
628 430
348 977
348 782
348 967
348 198
348 774
348 981
17 200
17 118
17 105
17 413
17 582
17 608
17 798
910 357
910 259
910 795
910 365
910 418
910 80
910 349
910 993
130 573
130 389
130 699
130 961
130 584
584 616
584 85
584 787
584 169
584 246
116 875
116 590
116 562
116 79
394 349
394 149
394 863
394 403
394 976
394 617
394 571
98 550
98 595
98 386
98 419
98 813
98 213
98 238
983 557
983 618
983 229
983 416
983 138
983 240
983 555
983 30
929 839
929 599
929 842
929 602
929 872
929 976
929 940
929 344
231 970
231 974
231 544
231 661
231 78
231 277
231 460
231 128
155 718
155 622
155 261
155 497
155 179
155 69
155 868
155 317
419 213
419 238
419 386
419 813
419 595
575 87
575 274
575 290
575 850
575 46
575 272
575 280
800 318
800 50
800 484
800 819
800 757
800 428
800 300
760 640
760 11
760 495
760 113
760 965
760 133
760 421
905 3
905 559
905 143
905 492
206 446
206 243
206 998
206 519
206 946
206 648
306 463
306 530
306 592
306 173
78 15
78 277
78 458
78 460
78 427
78 970
344 335
344 49
344 212
344 551
344 884
121 789
121 794
121 159
121 598
121 603
980 392
980 589
980 661
980 915
980 441
4 227
4 625
4 802
4 5
4 379
4 602
166 185
166 785
166 523
166 382
166 554
166 874
649 780
649 685
649 151
649 722
649 856
649 316
649 708
870 221
870 44
870 940
870 997
870 855
451 227
451 673
451 683
451 934
451 236
451 608
451 776
296 988
296 468
296 939
296 880
296 898
296 132
172 615
172 102
172 409
172 805
172 336
172 347
881 617
881 150
881 69
881 457
881 140
204 94
204 39
204 578
204 662
204 350
204 733
204 273
261 317
261 718
261 907
261 803
261 622
261 868
586 143
586 437
586 3
586 621
613 956
613 506
613 817
613 543
613 627
613 795
745 726
745 894
745 657
745 930
745 595
745 159
425 809
425 539
425 55
425 900
425 500
425 369
258 297
258 962
258 395
258 883
258 560
258 975
862 331
862 959
862 982
862 711
862 714
862 815
414 75
414 110
414 600
414 333
414 778
414 47
414 763
414 942
801 35
801 750
801 894
801 805
801 944
801 843
801 532
801 657
474 946
474 446
474 486
474 243
474 519
474 998
467 650
467 992
467 747
467 708
467 740
467 429
467 838
812 29
812 844
812 240
812 216
812 840
812 702
255 500
255 233
255 711
255 900
255 55
255 85
255 369
7 889
7 45
7 963
7 533
7 508
838 531
838 429
838 650
838 740
838 758
838 992
71 854
71 358
71 84
71 716
71 228
475 14
475 576
475 113
475 256
475 788
475 510
475 327
673 445
673 683
673 934
673 776
673 227
714 160
714 815
714 845
714 26
714 54
714 72
714 982
430 108
430 331
430 757
430 986
428 484
428 300
428 757
428 50
428 819
407 76
407 91
407 339
407 872
407 278
774 977
774 782
774 967
774 981
774 198
333 47
333 110
333 350
333 763
333 600
333 778
61 972
61 230
61 790
61 754
61 759
61 695
61 977
61 328
137 655
137 626
137 297
137 448
137 495
137 818
761 311
761 421
761 282
761 619
54 491
54 651
54 427
54 549
54 523
54 639
565 914
565 623
565 295
565 77
565 492
68 20
68 700
68 552
68 671
68 978
68 518
68 438
68 866
355 896
355 462
355 266
355 496
355 908
355 105
200 105
200 995
200 310
200 118
200 608
602 345
602 842
602 44
602 768
602 599
602 839
884 907
884 212
884 337
884 89
884 551
884 798
309 865
309 254
309 706
309 966
309 494
763 350
763 778
763 47
763 600
763 942
944 657
944 308
944 985
944 532
944 843
944 872
702 29
702 216
702 240
702 840
702 371
705 175
705 368
705 630
705 85
705 372
385 89
385 643
385 307
385 337
385 38
385 269
385 32
615 409
615 35
615 228
615 347
615 336
836 629
836 109
836 588
836 818
836 37
836 262
836 486
836 248
174 735
174 729
174 267
174 907
174 701
174 22
174 869
174 313
441 310
441 589
441 661
441 915
441 392
441 383
775 38
775 88
775 594
775 965
775 133
775 11
55 233
55 900
55 809
55 369
55 500
978 20
978 700
978 866
978 518
978 264
978 552
978 671
710 291
710 906
710 670
710 526
710 57
710 525
710 746
946 243
946 519
946 648
946 998
316 51
316 711
316 151
316 955
316 150
316 668
316 427
316 639
790 759
790 328
790 494
790 580
790 754
272 46
272 87
272 850
272 280
272 290
272 154
304 183
304 547
304 122
304 734
304 892
304 82
304 682
304 792
901 784
901 444
901 721
901 948
82 122
82 970
82 183
82 682
82 892
82 115
82 734
559 6
559 326
559 699
559 424
559 576
416 30
416 618
416 391
416 555
416 557
416 229
416 138
880 988
880 898
880 939
880 132
277 460
277 458
277 15
277 668
277 970
277 701
785 934
785 382
785 941
785 185
785 874
683 934
683 393
683 776
683 150
683 993
114 720
114 853
114 257
114 308
114 645
114 382
114 898
632 79
632 497
632 562
632 41
173 927
173 592
173 504
173 463
173 275
843 532
843 657
843 941
788 580
788 14
788 510
788 898
788 327
788 768
788 256
403 660
403 149
403 520
403 481
403 546
403 103
185 554
185 995
185 519
185 874
185 382
5 625
5 597
5 988
5 994
5 974
5 802
238 413
238 813
238 213
238 386
619 138
619 311
619 282
619 421
92 712
92 313
92 645
92 438
92 397
334 547
334 361
334 2
334 510
334 580
334 291
308 532
308 160
308 894
308 704
308 657
308 235
861 128
861 43
861 637
861 242
861 603
468 132
468 988
468 697
468 497
468 939
621 143
621 3
621 513
621 437
406 537
406 236
406 924
406 966
406 298
406 318
868 622
868 718
868 803
868 317
597 573
597 435
597 737
597 389
856 685
856 151
856 701
856 708
856 780
856 747
643 89
643 32
643 337
643 38
930 236
930 527
930 583
930 88
930 96
930 307
227 445
227 776
227 934
50 300
50 484
50 819
50 757
928 135
928 38
928 72
928 294
928 191
646 541
646 323
646 749
646 234
646 317
947 582
947 941
947 56
947 825
947 951
947 81
982 72
982 815
982 618
982 160
367 698
367 809
367 493
367 388
367 42
446 486
446 519
446 188
700 20
700 981
700 866
700 552
700 608
700 671
358 84
358 907
358 854
358 716
358 228
926 731
926 182
926 370
926 490
926 444
926 798
926 67
708 151
708 747
708 740
462 496
462 908
462 713
462 32
462 896
536 211
536 911
536 691
536 324
536 148
233 847
233 900
233 809
233 369
233 500
713 323
713 624
713 815
713 235
713 234
140 247
140 491
140 371
140 917
140 791
256 14
256 88
256 327
600 110
600 942
600 778
600 47
198 546
198 782
198 967
198 977
43 242
43 128
43 603
43 637
43 351
552 518
552 671
552 486
552 20
552 866
504 150
504 275
504 927
504 463
504 592
883 395
883 961
883 257
883 560
883 962
163 691
163 211
163 324
163 150
361 234
361 510
361 637
361 704
361 580
361 2
302 124
302 373
302 967
302 75
302 179
302 213
668 955
668 639
668 427
668 15
654 402
654 975
654 851
654 511
654 869
778 47
778 942
778 110
778 69
181 859
181 547
181 844
181 549
181 931
181 95
499 945
499 470
499 351
499 131
499 574
76 339
76 872
76 91
76 278
906 670
906 131
906 57
906 746
906 210
906 526
906 291
940 997
940 855
940 221
940 976
183 682
183 734
183 722
183 115
183 122
72 160
72 815
72 941
448 626
448 655
448 297
448 479
448 818
825 81
825 951
825 846
825 582
825 56
951 81
951 56
951 964
951 846
135 796
135 279
135 943
262 168
262 305
580 494
580 704
580 510
891 391
891 624
891 171
202 345
202 527
202 254
202 486
202 573
375 298
375 853
375 872
375 914
375 977
375 393
383 806
383 154
383 605
383 878
267 113
267 869
267 313
267 405
267 735
392 661
392 589
392 310
853 298
853 218
853 972
853 264
853 393
853 966
35 532
35 894
35 657
35 150
35 924
35 750
165 878
165 806
165 605
165 81
866 518
866 294
273 39
273 662
273 733
273 350
273 578
273 94
424 379
424 218
424 530
977 855
977 981
977 782
357 795
357 993
357 365
357 561
357 418
357 259
388 493
388 698
388 42
388 984
259 418
259 365
259 993
259 795
259 561
445 496
445 934
445 776
445 531
802 994
802 625
415 847
415 281
415 721
415 918
415 556
415 477
280 850
280 87
280 290
280 46
109 629
109 588
109 63
109 37
109 248
622 266
622 2
622 803
228 907
228 854
228 84
228 716
310 589
310 915
310 661
310 127
346 102
346 948
346 784
346 314
346 721
493 42
493 984
493 698
493 479
733 94
733 542
733 350
733 578
733 662
685 151
685 747
685 769
685 567
685 780
243 648
243 998
243 519
542 39
542 662
542 578
625 994
854 716
854 84
854 650
390 751
390 974
390 250
985 549
985 651
985 824
985 96
39 94
39 350
39 578
418 561
418 795
418 993
418 365
418 665
869 349
869 735
869 313
518 970
518 458
518 20
518 737
20 695
20 671
20 591
526 57
526 746
526 525
526 291
413 608
413 118
413 976
26 14
26 533
26 845
26 331
950 919
950 148
950 877
177 610
177 887
177 839
177 373
177 447
102 62
102 314
102 892
102 784
945 574
945 470
945 131
768 630
768 368
768 327
768 175
768 372
551 212
551 798
551 335
160 815
234 235
234 749
234 323
234 541
872 393
872 339
872 278
942 47
942 915
942 110
942 209
337 269
337 89
924 298
924 966
924 537
924 264
105 608
105 118
583 678
583 509
583 741
583 544
470 976
470 574
470 131
537 966
537 236
537 298
537 318
720 257
720 520
720 546
720 660
817 506
817 823
817 543
817 515
667 269
667 32
667 670
667 964
617 573
617 254
617 457
617 343
650 992
650 758
650 531
650 429
650 964
510 2
510 704
515 506
515 103
515 543
943 830
943 796
943 279
80 368
80 630
80 372
599 612
599 839
599 842
599 44
56 582
56 846
56 81
963 45
963 508
963 709
963 175
633 136
633 51
633 215
633 609
435 460
435 974
435 842
435 281
435 751
427 955
427 639
585 469
585 645
585 438
585 49
585 397
591 539
591 846
591 737
591 995
610 497
610 665
610 373
610 887
610 447
508 533
508 45
508 437
274 149
274 87
274 250
274 46
402 975
402 511
402 851
795 993
795 365
795 561
179 41
179 527
179 386
494 981
494 706
494 49
623 492
623 77
623 295
623 914
49 706
49 335
49 212
49 250
818 479
818 297
818 655
818 626
45 533
45 709
45 889
908 496
908 266
908 896
159 792
159 603
159 598
278 339
278 91
405 890
405 305
405 127
554 69
554 382
554 279
554 874
839 44
839 842
839 612
562 875
562 590
562 79
324 691
324 911
324 211
336 347
336 805
336 409
136 215
136 609
136 51
246 743
246 169
246 85
246 616
246 787
682 547
682 892
682 115
682 734
682 122
519 998
519 486
444 314
444 721
444 948
556 477
556 847
556 918
844 931
844 95
844 859
313 735
313 356
313 113
975 511
975 851
975 297
567 345
567 729
567 506
110 95
110 47
747 740
747 151
215 609
275 463
275 592
275 927
457 343
457 573
457 254
855 221
855 997
2 894
2 291
2 704
298 264
298 318
298 393
213 547
213 386
640 113
640 907
640 11
640 300
629 37
629 248
629 588
294 191
294 961
294 389
22 305
22 127
22 964
132 96
132 988
132 939
132 335
809 500
809 369
240 216
240 218
240 29
62 341
62 956
62 41
699 6
699 718
699 326
699 919
699 576
138 30
138 557
138 229
138 555
701 103
701 210
648 481
648 998
124 711
124 813
124 675
124 959
509 741
509 544
509 678
509 845
46 850
46 290
46 87
997 221
339 91
993 561
874 69
874 382
57 210
57 525
57 670
57 746
489 209
489 318
489 349
489 863
489 571
865 209
865 307
865 780
328 695
328 754
328 759
328 230
235 749
235 541
495 965
495 11
495 133
77 295
77 490
77 492
77 914
525 670
525 746
525 210
716 84
366 791
366 750
366 481
624 171
655 900
655 626
605 806
605 154
605 127
605 878
842 85
665 447
665 486
38 32
38 729
184 647
184 726
184 421
890 127
890 168
890 305
794 598
79 590
79 875
393 264
491 371
491 247
491 917
491 791
966 318
966 264
250 335
746 291
746 210
89 32
89 269
645 397
645 469
520 546
520 660
520 787
877 919
877 148
317 718
630 372
630 368
463 927
463 592
582 88
662 578
662 94
813 595
813 386
823 896
823 758
823 609
209 571
209 863
824 697
824 651
824 307
824 96
169 787
169 616
750 965
750 481
939 988
939 898
532 894
532 657
143 3
94 350
94 578
372 118
372 175
295 492
295 490
295 914
373 447
373 887
133 965
133 11
660 546
914 492
914 490
647 726
704 637
830 796
830 279
290 850
290 87
671 438
671 894
6 326
6 576
188 471
188 97
188 410
609 758
918 847
918 477
718 803
718 307
805 356
805 986
805 409
805 113
851 850
851 511
988 898
327 14
230 712
230 513
230 759
230 754
230 972
460 970
460 458
972 712
972 759
972 754
349 571
349 863
513 437
513 395
555 30
555 618
555 229
555 557
863 571
573 343
242 637
242 351
242 128
776 934
351 128
351 651
29 254
29 840
29 216
590 941
590 875
941 269
796 550
796 759
594 88
594 11
531 429
531 737
550 670
550 595
550 984
550 523
889 709
889 981
889 533
18 103
18 530
18 840
421 282
421 311
365 845
365 627
365 561
369 500
369 900
734 115
734 892
734 122
734 547
970 458
900 500
780 307
780 151
780 847
211 911
211 691
96 697
149 549
560 395
560 722
269 32
608 118
608 712
496 266
496 896
697 845
697 438
30 229
30 618
30 557
437 3
561 743
561 171
266 300
815 932
695 741
915 661
88 175
759 754
164 84
164 956
318 300
318 236
212 798
740 992
740 429
11 965
254 343
300 484
712 469
840 216
598 789
967 981
967 782
389 961
389 737
389 191
547 122
547 892
964 992
42 984
42 698
549 931
549 859
391 171
803 603
97 410
97 471
859 931
335 798
458 81
458 15
67 765
67 731
67 370
67 182
331 986
331 108
706 850
976 709
218 932
218 530
819 757
819 484
986 108
878 806
878 154
932 477
932 530
691 911
37 588
37 248
892 115
892 122
397 438
397 469
765 731
765 769
765 370
765 182
438 379
247 917
247 371
791 917
959 75
959 675
959 711
471 410
479 297
314 948
314 784
741 845
741 678
806 154
782 981
95 931
847 477
845 544
711 675
992 429
323 749
323 541
128 637
592 927
122 115
75 675
379 994
541 749
305 127
305 168
678 544
616 787
281 87
281 44
281 751
618 557
618 994
341 956
341 41
588 248
757 14
539 995
386 595
371 917
371 627
311 282
846 81
955 639
948 784
731 182
731 370
731 769
956 41
370 182
792 603
557 229
661 589
182 769
182 722
63 248
356 257
85 743
347 409
574 131
527 236
751 974
735 729
127 87
984 698
