791 547
791 676
791 86
791 145
791 480
791 933
791 28
791 731
791 748
791 505
907 639
907 254
907 344
907 780
907 122
907 223
907 908
907 498
907 264
907 599
101 624
101 298
101 312
101 342
101 108
101 827
101 448
101 499
101 32
101 529
689 701
689 524
689 662
689 260
689 289
689 796
689 290
689 361
689 180
689 895
338 688
338 453
338 720
338 631
338 847
338 113
338 550
338 81
338 889
338 555
373 883
373 516
373 363
373 723
373 255
373 727
373 14
373 568
373 605
373 702
4 181
4 229
4 664
4 739
4 952
4 72
4 766
4 623
4 418
4 203
793 225
793 207
793 916
793 602
793 118
793 144
793 155
793 670
793 757
793 337
98 278
98 361
98 915
98 216
98 444
98 698
98 427
98 95
98 478
98 175
576 820
576 514
576 572
576 651
576 972
576 964
576 945
576 714
576 45
576 154
301 406
301 511
301 360
301 285
301 430
301 686
301 772
301 97
301 633
301 953
612 500
612 62
612 89
612 942
612 900
612 158
612 480
612 967
612 103
612 737
424 94
424 626
424 746
424 968
424 580
424 233
424 199
424 88
424 502
424 680
682 996
682 518
682 153
682 801
682 78
682 243
682 780
682 265
682 604
682 485
484 33
484 402
484 47
484 900
484 638
484 972
484 413
484 309
484 189
484 755
733 705
733 597
733 329
733 271
733 598
733 11
733 359
733 591
733 525
733 810
57 441
57 208
57 394
57 328
57 903
57 430
57 744
57 738
57 530
57 634
925 119
925 293
925 488
925 31
925 959
925 868
925 270
925 110
925 526
925 798
215 503
215 404
215 621
215 773
215 330
215 936
215 218
215 572
215 820
215 320
279 500
279 650
279 578
279 245
279 665
279 992
279 438
279 624
279 91
279 565
169 393
169 356
169 921
169 686
169 517
169 321
169 482
169 493
169 77
169 221
348 143
348 61
348 853
348 220
348 328
348 799
348 540
348 478
348 19
348 171
254 996
254 337
254 19
254 498
254 223
254 497
254 78
254 122
254 564
392 653
392 528
392 432
392 506
392 837
392 90
392 410
392 125
392 957
392 329
586 634
586 944
586 296
586 203
586 326
586 148
586 666
586 298
586 393
586 218
865 153
865 639
865 250
865 510
865 605
865 457
865 114
865 466
865 742
865 498
40 384
40 44
40 939
40 412
40 429
40 591
40 466
40 697
40 878
40 960
813 11
813 323
813 889
813 272
813 541
813 434
813 401
813 646
813 190
813 304
232 475
232 966
232 834
232 75
232 199
232 156
232 684
232 987
232 559
232 159
754 411
754 326
754 707
754 708
754 581
754 157
754 959
754 243
754 122
754 226
172 408
172 741
172 672
172 871
172 725
172 177
172 297
172 336
172 402
172 748
474 539
474 422
474 505
474 731
474 376
474 691
474 195
474 133
474 675
474 339
120 729
120 760
120 24
120 918
120 436
120 785
120 566
120 310
120 648
120 248
284 927
284 14
284 918
284 502
284 379
284 883
284 316
284 702
284 959
284 584
124 782
124 53
124 388
124 795
124 409
124 628
124 636
124 875
124 986
124 0
174 511
174 294
174 742
174 97
174 171
174 237
174 984
174 551
174 216
174 842
514 717
514 638
514 318
514 385
514 776
514 430
514 972
514 785
514 580
854 676
854 931
854 23
854 756
854 413
854 850
854 328
854 170
854 553
854 370
275 131
275 170
275 761
275 994
275 257
275 274
275 903
275 552
275 957
275 914
343 839
343 471
343 267
343 352
343 24
343 614
343 797
343 660
343 730
343 362
646 830
646 968
646 582
646 52
646 774
646 859
646 759
646 643
646 748
744 530
744 394
744 441
744 615
744 440
744 738
744 688
744 618
744 208
99 281
99 317
99 675
99 676
99 787
99 345
99 533
99 314
99 891
99 331
117 238
117 322
117 291
117 416
117 669
117 635
117 217
117 214
117 758
117 911
347 367
347 388
347 596
347 407
347 153
347 807
347 183
347 544
347 713
347 637
862 371
862 163
862 501
862 448
862 271
862 540
862 383
862 396
862 998
862 666
493 942
493 134
493 644
493 377
493 89
493 525
493 617
493 686
493 736
916 207
916 670
916 144
916 225
916 292
916 602
916 190
916 118
916 155
311 789
311 303
311 615
311 278
311 318
311 258
311 581
311 773
311 738
311 331
939 697
939 591
939 384
939 44
939 429
939 771
939 810
939 878
939 266
512 778
512 89
512 617
512 45
512 579
512 888
512 238
512 506
512 468
512 573
929 669
929 464
929 281
929 595
929 584
929 566
929 539
929 344
929 948
929 951
37 951
37 179
37 843
37 531
37 906
37 608
37 747
37 532
37 77
37 993
636 270
636 795
636 875
636 35
636 305
636 971
636 882
636 628
636 471
111 705
111 617
111 244
111 864
111 597
111 231
111 909
111 714
111 363
111 324
585 606
585 60
585 195
585 983
585 749
585 713
585 745
585 315
585 879
585 283
132 848
132 450
132 39
132 549
132 45
132 190
132 382
132 221
132 269
132 212
415 632
415 988
415 908
415 409
415 783
415 478
415 319
415 263
415 693
415 819
868 293
868 31
868 798
868 959
868 148
868 119
868 594
868 658
868 110
978 850
978 832
978 674
978 400
978 332
978 631
978 908
978 611
978 687
978 673
273 296
273 208
273 56
273 231
273 423
273 372
273 549
273 748
273 991
273 533
768 951
768 497
768 200
768 691
768 68
768 274
768 814
768 888
768 163
768 563
488 619
488 859
488 145
488 342
488 611
488 676
488 549
488 622
488 565
693 988
693 981
693 783
693 409
693 412
693 496
693 263
693 516
693 687
667 163
667 872
667 393
667 615
667 675
667 482
667 770
667 268
667 556
667 959
695 65
695 295
695 253
695 627
695 389
695 794
695 626
695 993
695 692
695 815
537 735
537 554
537 340
537 61
537 766
537 395
537 706
537 316
537 908
537 398
814 770
814 53
814 751
814 142
814 888
814 506
814 803
814 439
814 743
187 979
187 678
187 548
187 922
187 27
187 50
187 222
187 140
187 863
187 884
472 433
472 16
472 945
472 114
472 162
472 128
472 778
472 196
472 721
472 589
558 560
558 183
558 49
558 581
558 680
558 779
558 64
558 134
558 700
558 8
873 844
873 790
873 23
873 874
873 600
873 45
873 51
873 877
873 702
873 46
236 77
236 992
236 386
236 853
236 541
236 471
236 391
236 478
236 934
236 491
593 807
593 173
593 11
593 405
593 423
593 863
593 890
593 681
593 309
593 414
20 481
20 736
20 886
20 662
20 446
20 314
20 603
20 578
20 762
20 84
709 476
709 757
709 45
709 502
709 630
709 864
709 442
709 130
709 935
709 714
418 72
418 972
418 79
418 181
418 739
418 680
418 203
418 623
418 952
414 890
414 251
414 397
414 11
414 309
414 807
414 681
414 224
414 423
1 518
1 638
1 877
1 679
1 266
1 630
1 336
1 56
1 831
1 89
201 588
201 555
201 509
201 740
201 902
201 143
201 81
201 720
201 405
201 339
205 337
205 965
205 345
205 792
205 67
205 200
205 894
205 507
205 406
205 173
233 502
233 22
233 211
233 736
233 580
233 869
233 379
233 968
233 199
55 962
55 213
55 139
55 380
55 634
55 899
55 479
55 202
55 250
55 746
437 794
437 860
437 66
437 439
437 389
437 322
437 295
437 113
437 355
437 253
261 726
261 789
261 920
261 611
261 498
261 224
261 467
261 247
261 975
261 527
771 631
771 591
771 363
771 945
771 697
771 242
771 44
771 878
771 384
803 53
803 65
803 439
803 770
803 131
803 970
803 321
803 142
803 743
825 444
825 434
825 917
825 609
825 529
825 607
825 251
825 535
825 613
825 287
352 267
352 747
352 362
352 266
352 634
352 839
352 660
352 574
352 24
889 45
889 550
889 122
889 157
889 278
889 541
889 711
889 410
641 850
641 635
641 815
641 677
641 891
641 778
641 329
641 785
641 620
641 671
763 133
763 482
763 811
763 731
763 480
763 313
763 930
763 547
763 74
763 933
30 161
30 917
30 800
30 166
30 563
30 68
30 815
30 400
30 479
30 278
609 703
609 686
609 611
609 581
609 444
609 356
609 613
609 438
609 718
620 635
620 725
620 544
620 79
620 210
620 969
620 706
620 130
620 17
102 526
102 523
102 937
102 29
102 109
102 905
102 76
102 781
102 417
102 624
899 202
899 213
899 185
899 139
899 239
899 746
899 704
899 134
899 962
298 228
298 307
298 686
298 7
298 220
298 107
298 443
298 831
545 838
545 249
545 513
545 501
545 786
545 256
545 16
545 936
545 607
545 494
622 565
622 871
622 777
622 859
622 619
622 549
622 569
622 486
622 108
642 710
642 360
642 987
642 990
642 993
642 661
642 259
642 982
642 648
642 328
999 365
999 745
999 112
999 104
999 784
999 262
999 654
999 299
999 349
999 350
398 531
398 554
398 706
398 866
398 340
398 766
398 400
398 851
398 316
897 355
897 994
897 820
897 564
897 386
897 611
897 455
897 704
897 269
897 43
700 276
700 681
700 965
700 331
700 270
700 339
700 134
700 564
700 77
710 633
710 970
710 623
710 435
710 328
710 6
710 321
710 142
710 998
736 31
736 483
736 150
736 368
736 810
736 134
736 211
892 583
892 53
892 821
892 366
892 698
892 422
892 509
892 662
892 344
892 178
105 734
105 597
105 48
105 327
105 244
105 78
105 996
105 426
105 359
105 368
303 760
303 118
303 836
303 197
303 473
303 278
303 787
303 761
303 951
781 108
781 80
781 148
781 712
781 722
781 281
781 136
781 221
781 357
325 54
325 459
325 17
325 28
325 136
325 716
325 752
325 510
325 157
325 564
540 574
540 364
540 605
540 448
540 789
540 383
540 473
540 998
399 927
399 162
399 761
399 377
399 396
399 966
399 628
399 990
399 683
399 142
489 354
489 93
489 944
489 420
489 32
489 788
489 176
489 369
489 571
489 151
36 292
36 775
36 772
36 332
36 979
36 851
36 453
36 581
36 728
36 65
838 786
838 249
838 256
838 469
838 538
838 460
838 607
838 494
838 513
654 434
654 129
654 618
654 114
654 365
654 299
654 784
654 81
654 421
715 0
715 860
715 673
715 560
715 6
715 928
715 276
715 372
715 765
715 898
846 969
846 92
846 960
846 294
846 500
846 195
846 276
846 785
846 934
846 146
587 974
587 529
587 383
587 378
587 644
587 83
587 762
587 47
587 272
587 23
661 459
661 395
661 360
661 486
661 369
661 39
661 692
661 182
661 721
66 304
66 389
66 322
66 295
66 794
66 447
66 947
66 253
66 833
313 811
313 930
313 74
313 547
313 310
313 245
313 688
313 752
313 933
543 31
543 451
543 887
543 554
543 764
543 501
543 911
543 946
543 237
543 229
717 248
717 933
717 921
717 649
717 531
717 935
717 449
717 86
717 691
381 891
381 567
381 895
381 843
381 168
381 444
381 828
381 79
381 244
381 997
677 671
677 995
677 632
677 674
677 708
677 535
677 280
677 326
677 850
59 812
59 975
59 981
59 534
59 974
59 54
59 219
59 896
59 852
59 960
663 18
663 104
663 77
663 687
663 539
663 503
663 226
663 626
663 764
663 456
749 315
749 879
749 983
749 606
749 427
749 745
749 713
749 938
749 283
844 455
844 85
844 564
844 45
844 63
844 853
844 247
844 835
844 28
779 221
779 265
779 517
779 49
779 891
779 904
779 395
779 976
779 58
397 251
397 961
397 63
397 85
397 647
397 943
397 605
397 890
397 309
658 594
658 528
658 119
658 639
658 293
658 798
658 41
658 147
658 598
184 767
184 157
184 272
184 610
184 262
184 457
184 152
184 403
184 25
184 711
24 660
24 797
24 168
24 362
24 839
24 267
24 730
561 778
561 107
561 615
561 425
561 258
561 949
561 496
561 329
561 762
561 883
703 148
703 134
703 529
703 435
703 463
703 938
703 629
703 123
703 611
849 699
849 290
849 567
849 568
849 34
849 982
849 322
849 435
849 571
849 948
804 980
804 831
804 662
804 501
804 886
804 782
804 314
804 446
804 481
804 815
901 443
901 777
901 444
901 861
901 613
901 19
901 487
901 790
901 596
901 423
48 432
48 864
48 406
48 368
48 372
48 244
48 426
48 25
48 597
100 428
100 643
100 393
100 10
100 296
100 592
100 385
100 214
100 194
100 491
181 229
181 952
181 739
181 732
181 623
181 108
181 203
181 238
400 354
400 554
400 340
400 627
400 476
400 360
400 439
234 874
234 863
234 796
234 998
234 336
234 227
234 9
234 288
234 431
234 941
263 748
263 154
263 988
263 409
263 980
263 567
263 783
263 819
299 365
299 421
299 784
299 742
299 618
299 735
299 266
299 941
795 35
795 47
795 628
795 875
795 971
795 305
795 270
795 882
447 926
447 252
447 104
447 679
447 108
447 915
447 751
447 660
447 126
492 615
492 687
492 977
492 375
492 564
492 464
492 857
492 143
492 118
492 556
185 380
185 202
185 139
185 213
185 962
185 748
185 746
185 479
185 502
226 179
226 335
226 207
226 153
226 7
226 885
226 379
226 831
508 221
508 75
508 858
508 387
508 633
508 123
508 113
508 567
508 539
508 617
790 877
790 419
790 485
790 487
790 600
790 456
790 106
790 969
73 231
73 150
73 919
73 341
73 6
73 757
73 376
73 595
73 995
73 444
924 327
924 465
924 603
924 221
924 551
924 194
924 786
924 601
924 372
924 296
193 800
193 485
193 606
193 194
193 137
193 674
193 911
193 292
193 536
193 719
989 917
989 364
989 530
989 83
989 217
989 857
989 382
989 316
989 578
989 238
76 905
76 523
76 526
76 109
76 417
76 937
76 296
76 29
76 264
175 353
175 349
175 458
175 911
175 2
175 674
175 376
175 800
175 15
26 243
26 401
26 712
26 38
26 372
26 277
26 413
26 977
26 673
26 170
583 422
583 878
583 366
583 504
583 178
583 821
583 685
583 698
583 21
595 691
595 319
595 107
595 613
595 320
595 497
595 826
595 464
740 789
740 588
740 720
740 840
740 81
740 722
740 405
740 555
740 902
5 335
5 765
5 524
5 614
5 92
5 425
5 198
5 52
5 340
5 673
645 9
645 780
645 70
645 635
645 836
645 967
645 705
645 918
645 229
645 802
13 417
13 525
13 90
13 753
13 332
13 289
13 750
13 475
13 353
13 54
277 990
277 170
277 659
277 981
277 994
277 413
277 852
277 845
277 65
260 114
260 577
260 300
260 310
260 135
260 820
260 80
260 257
260 513
938 123
938 713
938 355
938 427
938 268
938 714
938 283
938 315
971 967
971 551
971 867
971 875
971 162
971 305
971 35
971 882
17 529
17 145
17 664
17 652
17 237
17 734
17 23
17 782
103 344
103 272
103 83
103 974
103 60
103 407
103 475
103 465
103 497
192 224
192 805
192 963
192 980
192 197
192 86
192 50
192 923
192 384
192 964
629 369
629 764
629 292
629 951
629 909
629 253
629 65
629 268
629 948
137 162
137 801
137 227
137 152
137 871
137 519
137 69
137 967
137 327
458 2
458 525
458 87
458 627
458 15
458 566
458 189
458 349
458 598
519 163
519 162
519 482
519 600
519 653
519 109
519 541
519 638
519 486
461 167
461 161
461 560
461 90
461 490
461 617
461 911
461 657
461 737
461 796
753 799
753 960
753 515
753 47
753 25
753 74
753 319
753 675
753 605
801 755
801 255
801 716
801 616
801 78
801 640
801 80
801 918
858 966
858 255
858 56
858 39
858 639
858 272
858 113
858 617
858 947
130 442
130 96
130 864
130 238
130 455
130 870
130 477
130 560
690 274
690 552
690 454
690 761
690 478
690 903
690 547
690 705
690 257
690 466
747 808
747 267
747 532
747 800
747 650
747 485
747 820
747 327
159 987
159 417
159 834
159 75
159 491
159 684
159 156
159 235
159 457
573 617
573 756
573 880
573 126
573 468
573 847
573 225
573 637
573 898
835 328
835 259
835 456
835 611
835 564
835 857
835 977
835 58
835 853
856 235
856 530
856 91
856 674
856 932
856 617
856 475
856 344
856 133
856 859
252 150
252 166
252 243
252 291
252 643
252 572
252 499
252 679
252 752
535 386
535 935
535 278
535 490
535 0
535 969
535 473
535 908
265 909
265 705
265 649
265 473
265 637
265 655
265 92
265 570
809 390
809 431
809 375
809 358
809 115
809 128
809 853
809 356
809 724
809 931
204 152
204 425
204 566
204 826
204 195
204 877
204 340
204 915
204 878
204 503
802 308
802 643
802 829
802 836
802 705
802 77
802 154
802 500
802 128
6 64
6 152
6 58
6 560
6 832
6 342
6 401
250 467
250 432
250 827
250 599
250 22
250 50
250 762
250 845
570 220
570 97
570 136
570 986
570 973
570 818
570 867
570 507
570 332
817 829
817 995
817 699
817 888
817 708
817 957
817 867
817 188
817 588
817 923
129 984
129 222
129 421
129 618
129 365
129 784
129 997
129 714
129 238
206 434
206 699
206 968
206 50
206 360
206 18
206 334
206 934
206 970
206 230
769 765
769 288
769 880
769 191
769 906
769 56
769 625
769 694
769 138
769 568
426 432
426 244
426 597
426 467
426 368
426 359
426 438
426 528
852 574
852 891
852 784
852 881
852 93
852 981
852 436
852 752
917 222
917 456
917 910
917 591
917 991
917 345
917 521
477 635
477 455
477 251
477 316
477 34
477 949
477 956
477 792
477 240
774 943
774 403
774 792
774 52
774 582
774 830
774 295
774 643
774 759
34 380
34 453
34 613
34 942
34 323
34 241
34 750
34 85
699 334
699 995
699 957
699 708
699 188
699 531
699 923
452 991
452 368
452 386
452 323
452 369
452 951
452 881
452 182
452 151
452 851
946 180
946 150
946 361
946 221
946 764
946 919
946 701
946 524
946 630
364 574
364 563
364 975
364 722
364 395
364 382
364 475
364 554
833 295
833 388
833 910
833 577
833 389
833 649
833 808
833 732
833 304
707 659
707 476
707 831
707 243
707 326
707 288
707 209
707 581
707 860
280 247
280 442
280 327
280 850
280 350
280 0
280 958
280 42
280 223
876 445
876 777
876 176
876 486
876 812
876 433
876 86
876 541
876 633
876 196
440 530
440 615
440 738
440 224
440 258
440 219
440 571
440 441
440 342
828 726
828 632
828 460
828 78
828 439
828 77
828 107
828 504
828 732
930 74
930 933
930 480
930 547
930 307
930 731
930 0
930 811
590 783
590 2
590 829
590 219
590 743
590 46
590 536
590 668
590 984
590 464
772 97
772 953
772 633
772 511
772 345
772 186
772 177
772 285
460 842
460 644
460 533
460 510
460 659
460 87
460 160
460 632
928 106
928 881
928 268
928 182
928 626
928 246
928 940
928 389
928 334
723 993
723 363
723 727
723 702
723 883
723 516
723 38
723 14
723 964
523 506
523 905
523 109
523 895
523 526
523 29
523 937
523 417
718 625
718 158
718 62
718 611
718 410
718 737
718 258
718 500
718 94
454 509
454 466
454 127
454 329
454 112
454 810
454 336
454 898
454 39
884 27
884 445
884 527
884 140
884 678
884 416
884 318
884 548
884 683
550 635
550 504
550 475
550 23
550 141
550 90
550 16
550 407
821 178
821 289
821 166
821 422
821 698
821 18
821 366
821 685
302 406
302 970
302 823
302 926
302 231
302 423
302 714
302 297
302 58
302 148
490 994
490 390
490 312
490 413
490 651
490 239
490 246
490 515
462 421
462 950
462 951
462 176
462 979
462 28
462 541
462 88
462 998
462 61
479 701
479 746
479 128
479 213
479 962
479 139
479 312
893 266
893 160
893 647
893 19
893 238
893 861
893 847
893 766
893 887
893 950
931 128
931 375
931 358
931 431
931 724
931 356
931 949
931 115
750 49
750 54
750 639
750 584
750 627
750 767
750 304
750 323
882 35
882 270
882 551
882 628
882 305
882 123
882 875
207 155
207 7
207 144
207 670
207 118
207 225
207 602
374 610
374 843
374 711
374 300
374 141
374 444
374 165
374 142
374 495
374 822
569 850
569 41
569 565
569 859
569 871
569 335
569 549
569 209
569 619
955 358
955 259
955 394
955 396
955 239
955 497
955 430
955 9
955 448
955 515
696 910
696 139
696 388
696 307
696 7
696 287
696 630
696 539
696 982
696 49
767 194
767 657
767 322
767 815
767 631
767 719
767 866
767 927
283 713
283 427
283 606
283 961
283 983
283 315
283 879
369 91
369 737
369 562
369 625
369 288
369 158
756 553
756 581
756 413
756 323
756 655
756 170
756 468
756 7
818 332
818 894
818 810
818 965
818 67
818 173
818 200
818 507
818 337
371 396
371 444
371 501
371 167
371 346
371 826
371 271
371 613
371 448
131 257
131 619
131 473
131 951
131 903
131 471
131 401
131 652
729 378
729 881
729 855
729 566
729 648
729 920
729 164
729 904
729 975
126 974
126 823
126 660
126 224
126 926
126 211
126 390
126 428
385 701
385 870
385 476
385 211
385 214
385 874
385 428
385 676
436 409
436 906
436 248
436 341
436 626
436 665
436 410
436 760
559 353
559 28
559 684
559 859
559 346
559 552
559 199
559 968
559 156
22 319
22 653
22 598
22 186
22 304
22 534
22 668
22 12
449 563
449 248
449 407
449 483
449 731
449 898
449 921
449 584
449 855
355 770
355 688
355 760
355 241
355 359
355 994
355 166
798 293
798 594
798 872
798 119
798 829
798 110
798 31
179 985
179 608
179 911
179 147
179 335
179 915
179 735
179 676
2 487
2 758
2 982
2 743
2 219
2 15
2 566
10 31
10 291
10 109
10 46
10 428
10 872
10 701
10 214
10 847
331 635
331 997
331 961
331 789
331 85
331 241
331 592
455 577
455 919
455 421
455 346
455 564
455 760
947 752
947 321
947 829
947 217
947 46
947 725
947 967
947 272
72 75
72 623
72 686
72 680
72 739
72 562
72 684
72 229
391 921
391 964
391 386
391 943
391 918
391 470
391 276
391 949
391 353
25 422
25 796
25 521
25 942
25 152
25 318
25 799
841 531
841 211
841 560
841 121
841 991
841 310
841 976
841 235
841 997
841 656
589 128
589 721
589 963
589 778
589 176
589 945
589 433
589 196
589 445
459 242
459 107
459 395
459 615
459 632
459 157
459 532
459 745
544 637
544 367
544 317
544 807
544 860
544 596
544 12
544 183
450 45
450 269
450 112
450 52
450 579
450 943
450 975
450 735
450 335
724 698
724 375
724 358
724 122
724 431
724 46
724 115
724 356
792 816
792 507
792 67
792 353
792 894
792 114
792 173
427 308
427 606
427 315
427 713
427 95
427 879
842 984
842 918
842 376
842 859
842 592
842 966
842 988
842 114
127 722
127 12
127 719
127 148
127 112
127 336
127 329
127 466
127 898
973 220
973 824
973 829
973 776
973 282
973 579
973 382
973 257
973 115
237 112
237 328
237 138
237 136
237 557
237 936
237 664
616 694
616 122
616 577
616 38
616 106
616 116
616 640
616 80
616 297
751 786
751 766
751 142
751 770
751 439
751 430
751 743
751 915
837 342
837 886
837 773
837 451
837 735
837 166
837 517
837 259
837 413
396 346
396 501
396 271
396 383
396 448
396 307
47 694
47 23
47 864
47 672
47 162
47 926
241 485
241 758
241 875
241 39
241 820
241 942
241 789
442 471
442 757
442 864
442 533
442 722
442 857
442 727
734 805
734 240
734 675
734 177
734 23
734 457
734 407
734 451
603 457
603 722
603 886
603 382
603 446
603 481
603 314
603 662
794 518
794 692
794 322
794 295
794 389
794 253
794 65
588 405
588 720
588 840
588 509
588 555
588 997
588 81
671 840
671 529
671 518
671 752
671 223
671 503
671 632
671 33
276 918
276 952
276 18
276 614
276 972
276 845
850 674
850 258
850 562
850 810
339 403
339 506
339 428
339 640
339 121
339 819
339 896
869 218
869 406
869 968
869 972
869 199
869 321
869 863
869 377
869 88
209 758
209 326
209 41
209 333
209 712
209 775
209 197
209 157
796 799
796 810
796 395
796 470
796 58
796 307
503 33
503 95
503 870
503 344
503 705
503 465
977 780
977 678
977 975
977 80
977 29
977 122
977 217
264 599
264 401
264 195
264 840
264 959
264 152
264 551
264 706
466 509
466 262
466 429
466 591
466 44
979 198
979 631
979 726
979 476
979 322
979 496
979 787
644 567
644 776
644 86
644 510
644 726
644 529
644 168
687 912
687 403
687 133
687 245
687 674
687 888
168 857
168 716
168 843
168 108
168 384
168 997
168 317
294 417
294 542
294 539
294 784
294 969
294 39
294 970
294 64
345 65
345 539
345 902
345 135
345 815
345 304
614 90
614 178
614 970
614 890
614 425
614 470
614 509
357 937
357 649
357 621
357 498
357 228
357 526
357 919
357 956
357 89
630 877
630 136
630 239
630 542
630 194
630 541
840 720
840 405
840 941
840 555
840 81
840 266
282 976
282 600
282 757
282 223
282 780
282 49
282 579
282 286
282 79
456 864
456 910
456 42
456 49
456 92
456 290
732 116
732 632
732 533
732 954
732 760
732 143
732 649
921 341
921 522
921 39
921 86
921 504
921 964
248 577
248 222
248 898
248 789
248 531
248 227
350 963
350 365
350 560
350 784
350 441
350 945
350 223
350 349
913 932
913 988
913 149
913 949
913 387
913 546
913 900
913 71
913 728
913 354
684 104
684 156
684 966
684 75
684 834
684 638
156 987
156 353
156 75
156 223
156 834
156 966
761 257
761 914
761 274
761 552
761 223
761 903
191 679
191 497
191 138
191 359
191 906
191 765
191 694
191 568
191 880
984 107
984 812
984 805
984 77
984 85
984 238
42 981
42 624
42 9
42 425
42 49
42 719
42 922
42 998
861 51
861 160
861 950
861 647
861 19
861 3
861 847
861 186
245 811
245 665
245 438
245 91
245 650
245 32
245 992
542 115
542 691
542 998
542 942
542 600
542 812
542 964
542 180
810 307
810 39
810 600
487 194
487 742
487 217
487 877
487 566
487 647
487 109
874 244
874 231
874 227
874 705
874 375
874 617
874 32
249 494
249 520
249 39
249 786
249 926
249 256
249 469
249 513
866 782
866 377
866 526
866 296
866 956
866 327
866 83
866 919
870 412
870 697
870 958
870 287
870 577
870 113
870 521
975 881
975 382
975 735
975 335
822 673
822 475
822 300
822 165
822 495
822 553
822 610
822 982
822 141
811 952
811 74
811 982
811 547
811 933
811 480
93 944
93 151
93 571
93 420
93 788
93 32
93 354
93 176
839 904
839 730
839 660
839 362
839 797
839 267
839 164
940 606
940 910
940 272
940 473
940 951
940 992
940 871
940 83
940 258
63 304
63 981
63 247
63 85
63 993
63 465
63 961
63 395
115 358
115 379
115 949
115 375
115 431
290 289
290 692
290 701
290 62
290 361
290 571
290 180
306 770
306 123
306 403
306 743
306 316
306 473
306 831
306 53
306 70
306 983
548 683
548 140
548 416
548 527
548 678
548 27
548 673
548 722
830 759
830 643
830 697
830 582
830 356
830 52
830 943
830 390
307 597
307 617
307 683
307 599
475 235
475 344
475 908
639 464
639 255
639 133
639 246
639 605
985 604
985 147
985 691
985 956
985 762
985 638
985 377
985 888
985 190
914 470
914 463
914 189
914 511
914 552
914 827
914 668
914 430
96 64
96 719
96 735
96 911
96 152
96 652
96 619
96 189
96 82
176 354
176 541
176 32
176 788
176 976
177 113
177 228
177 107
177 922
177 262
177 403
177 453
937 417
937 109
937 905
937 29
937 748
937 52
534 41
534 990
534 553
534 70
534 941
534 919
534 54
534 981
824 483
824 797
824 212
824 146
824 75
824 532
824 51
824 145
824 135
494 607
494 256
494 936
494 538
494 513
494 786
494 469
14 516
14 601
14 883
14 702
14 906
14 363
14 727
788 668
788 944
788 420
788 354
788 151
788 32
788 571
228 18
228 919
228 230
228 712
228 333
228 726
228 453
94 28
94 413
94 158
94 566
94 605
94 716
94 625
94 62
259 990
259 80
259 328
259 891
259 987
259 773
300 165
300 610
300 141
300 142
300 711
300 342
300 495
953 285
953 393
953 491
953 552
953 511
953 904
953 97
953 577
657 904
657 855
657 167
657 631
657 506
657 160
657 194
657 15
776 293
776 528
776 823
776 581
776 785
776 564
776 216
404 38
404 330
404 572
404 320
404 500
404 621
404 82
404 218
404 936
421 618
421 365
421 806
421 863
421 784
704 122
704 599
704 222
704 430
704 848
704 167
704 518
704 318
650 292
650 336
650 167
650 992
650 438
650 91
650 665
496 759
496 390
496 50
496 986
496 867
496 336
496 871
653 812
653 465
653 725
653 575
653 163
653 541
653 286
330 411
330 572
330 896
330 621
330 936
330 320
330 218
330 82
886 166
886 186
886 446
886 481
886 314
886 662
8 166
8 464
8 210
8 845
8 64
8 881
8 941
8 222
8 789
606 315
606 879
606 713
606 983
429 878
429 591
429 478
429 960
429 384
429 44
429 697
599 679
599 789
599 895
599 195
599 50
121 976
121 520
121 29
121 68
121 991
121 656
121 235
121 826
483 198
483 706
483 797
483 395
483 145
483 855
483 312
162 227
162 402
162 832
162 142
255 80
255 845
255 675
255 329
255 167
255 266
35 867
35 628
35 270
35 875
35 551
35 305
150 243
150 991
150 906
150 577
150 416
150 180
601 62
601 332
601 71
601 353
601 416
601 324
601 114
601 577
827 906
827 499
827 351
827 231
827 463
827 522
827 885
95 787
95 539
95 82
95 520
95 860
95 556
95 714
366 504
366 178
366 698
366 685
366 575
366 363
366 422
435 92
435 69
435 872
435 608
435 948
435 649
435 377
896 627
896 304
896 518
896 675
896 773
896 784
896 54
171 591
171 407
171 143
171 511
171 295
171 478
171 757
171 216
196 945
196 659
196 445
196 721
196 778
196 433
196 82
79 594
79 45
79 147
79 82
79 336
79 762
378 648
378 467
378 702
378 904
378 164
378 652
378 920
378 725
596 959
596 471
596 12
596 777
596 807
596 183
596 637
604 221
604 423
604 506
604 515
604 230
604 579
604 78
604 377
954 958
954 143
954 676
954 799
954 407
954 990
954 988
954 536
954 549
70 845
70 316
70 227
70 883
70 927
70 500
70 530
116 308
116 522
116 533
116 627
116 640
116 476
116 267
116 637
556 716
556 598
556 944
556 959
556 268
556 134
556 21
351 900
351 89
351 932
351 871
351 149
351 112
351 546
351 728
351 716
958 247
958 800
958 826
958 694
958 78
958 980
958 341
731 806
731 133
731 691
731 505
731 582
197 476
197 146
197 557
197 806
197 240
197 912
197 135
225 575
225 950
225 118
225 144
225 602
225 155
12 857
12 807
12 637
12 367
12 786
12 183
445 778
445 721
445 600
445 145
445 219
445 433
27 527
27 140
27 683
27 416
27 678
27 146
27 210
164 648
164 855
164 467
164 820
164 664
164 904
164 920
969 935
969 56
969 43
969 68
969 419
320 936
320 38
320 3
320 218
320 621
320 572
651 188
651 780
651 239
651 189
651 202
651 993
651 246
651 881
782 444
782 182
782 834
782 980
782 83
782 526
335 579
335 735
335 112
335 154
808 577
808 670
808 910
808 240
808 186
808 161
808 125
808 919
67 507
67 173
67 965
67 200
67 341
67 894
67 755
502 379
502 257
502 274
502 580
502 552
470 491
470 154
470 161
470 353
470 308
470 943
626 334
626 389
626 851
626 46
626 518
741 297
741 719
741 323
741 408
741 412
741 986
741 725
741 402
741 672
669 401
669 584
669 453
669 935
669 246
669 214
669 902
669 428
685 698
685 113
685 789
685 529
685 21
685 178
685 422
816 567
816 510
816 509
816 994
816 430
816 88
816 15
816 251
816 495
380 410
380 402
380 9
380 962
380 310
380 213
380 746
359 597
359 885
359 368
359 518
359 244
451 231
451 0
451 403
451 9
451 567
451 855
451 885
505 659
505 123
505 691
505 957
505 411
505 895
505 468
84 202
84 82
84 785
84 91
84 912
84 557
84 668
84 498
84 324
293 119
293 594
293 31
293 147
293 823
53 770
53 498
53 439
53 619
53 743
580 208
580 211
580 520
580 968
580 199
580 308
857 785
857 807
857 410
857 183
141 584
141 495
141 165
141 610
141 419
141 872
513 607
513 271
513 256
513 524
513 469
139 746
139 198
139 638
139 213
139 962
465 163
465 210
465 498
465 256
465 515
138 765
138 568
138 598
138 694
138 880
138 520
138 497
287 432
287 613
287 222
287 780
287 739
287 388
287 412
327 314
327 526
327 372
327 0
480 547
480 74
480 526
480 0
480 933
652 516
652 499
652 532
652 982
652 189
652 887
806 198
806 240
806 557
806 146
806 365
806 135
806 912
71 546
71 113
71 932
71 258
71 387
71 728
71 149
71 900
819 805
819 409
819 908
819 783
819 787
819 988
819 61
240 135
240 557
240 51
240 146
240 912
648 904
648 855
648 411
648 467
648 920
637 227
637 183
637 367
32 151
32 420
32 944
655 659
655 420
655 468
655 812
655 29
655 571
655 649
655 332
16 199
16 90
16 944
16 246
16 21
16 565
16 239
647 19
647 51
647 847
647 160
647 943
647 950
114 562
114 370
114 686
188 957
188 918
188 923
188 909
188 708
188 108
188 755
242 217
242 615
242 107
242 613
242 933
242 208
242 258
242 738
419 463
419 551
419 113
419 758
419 757
419 584
419 161
666 413
666 848
666 170
666 532
666 346
666 471
666 163
666 199
527 409
527 683
527 140
527 678
527 210
527 416
823 390
823 43
823 871
823 393
823 926
823 679
365 784
365 321
365 618
656 88
656 991
656 235
656 976
656 68
656 220
656 310
656 211
310 531
310 871
310 972
310 560
720 631
720 405
720 555
720 81
720 388
571 354
571 420
571 151
106 104
106 333
106 220
106 182
106 851
106 775
106 563
432 244
432 597
432 221
432 368
432 528
147 881
147 186
147 624
147 762
147 836
443 742
443 538
443 758
443 341
443 9
443 220
443 324
443 575
468 812
468 341
468 74
468 60
468 344
522 805
522 7
522 920
522 990
522 463
522 640
522 51
379 885
379 370
379 967
379 890
379 291
712 895
712 860
712 312
712 864
712 243
712 324
766 376
766 554
766 340
766 54
766 316
337 575
337 394
337 393
337 996
337 173
337 965
110 134
110 31
110 959
110 594
110 785
110 119
110 157
672 235
672 149
672 216
672 402
672 408
672 995
672 434
3 85
3 393
3 574
3 482
3 961
3 317
3 970
3 368
546 149
546 387
546 799
546 932
546 900
546 728
546 161
256 860
256 469
256 607
256 786
726 161
726 998
726 688
726 410
726 219
900 932
900 553
900 728
900 149
62 625
62 158
62 500
62 28
62 737
239 296
239 246
239 44
239 104
319 38
319 826
319 296
319 506
319 78
319 56
903 471
903 274
903 552
903 257
903 481
742 153
742 274
742 342
742 941
742 739
777 608
777 467
777 486
777 64
777 633
777 68
934 915
934 360
934 832
934 334
934 471
934 807
934 329
155 153
155 996
155 602
155 118
155 144
155 670
428 961
428 285
428 104
428 214
420 944
420 354
420 151
420 457
847 154
847 950
847 19
847 160
387 382
387 243
387 525
387 728
387 268
387 323
441 208
441 738
441 530
441 394
441 737
441 864
161 567
161 812
161 82
271 383
271 501
271 995
271 448
271 346
495 133
495 843
495 711
495 165
495 610
119 594
119 491
119 31
119 528
834 987
834 75
834 269
834 879
834 966
281 312
281 390
281 895
281 909
281 853
281 688
281 136
624 499
624 438
624 872
624 992
624 91
88 799
88 965
88 640
88 536
88 190
69 521
69 681
69 370
69 266
69 872
69 286
69 995
69 262
216 555
216 988
216 820
216 457
216 478
678 457
678 683
678 140
678 416
68 632
68 956
68 563
68 430
516 727
516 332
516 909
516 563
516 499
408 297
408 867
408 725
408 382
408 618
408 986
408 402
621 909
621 572
621 936
621 218
621 676
375 431
375 358
375 949
375 960
444 613
727 883
727 363
727 702
727 270
727 80
855 123
855 467
855 920
974 272
974 312
974 83
974 963
974 182
974 107
469 607
469 787
469 510
469 538
469 360
981 922
981 990
981 28
334 406
334 46
334 832
334 686
334 360
799 536
799 528
799 800
288 372
288 562
288 21
288 133
288 9
288 56
625 762
625 716
625 737
625 158
625 863
221 482
579 211
579 574
579 89
579 286
634 898
634 521
634 894
634 286
634 21
634 538
755 923
755 918
755 922
755 15
755 960
755 309
920 904
920 536
920 467
553 370
553 383
553 640
553 531
553 340
692 333
692 805
692 61
692 908
692 673
692 43
143 499
143 820
143 446
143 676
41 880
41 775
41 292
41 881
41 317
41 333
517 393
517 664
517 203
517 321
517 680
517 222
517 407
887 7
887 598
887 520
887 714
887 991
887 680
887 578
982 878
982 82
982 950
702 363
702 883
702 960
805 407
805 476
805 463
805 719
618 679
618 104
618 986
403 453
403 231
403 148
640 831
640 229
640 190
759 390
759 863
759 643
759 52
759 760
759 582
915 746
915 230
915 961
915 498
165 286
165 711
165 328
165 843
165 610
235 61
235 976
235 995
912 146
912 322
912 321
912 557
912 135
58 611
58 224
58 167
58 538
58 21
992 91
992 438
992 831
992 665
863 230
863 212
863 867
186 97
186 285
186 145
186 125
51 688
51 797
51 160
51 146
104 679
104 610
541 486
134 89
134 728
694 568
694 880
694 765
694 906
218 38
218 936
218 572
836 61
836 976
836 598
836 898
836 997
836 649
386 286
386 991
386 278
386 342
386 926
504 406
504 77
504 698
504 422
504 178
872 92
872 491
872 760
60 486
60 33
60 86
60 344
60 485
60 497
60 394
664 787
664 210
664 600
664 286
664 203
200 688
200 894
200 173
200 507
200 0
200 965
482 941
482 133
482 506
482 970
941 464
941 170
941 64
562 944
562 686
562 714
562 370
562 56
125 528
125 329
125 675
125 336
125 730
125 927
125 515
367 183
367 807
367 964
367 212
367 775
367 317
528 594
528 659
274 257
274 909
274 552
83 584
83 272
83 326
349 891
349 525
349 376
349 533
349 745
349 87
888 89
888 780
888 190
888 212
952 203
952 739
952 623
952 324
952 229
764 635
764 631
764 735
764 575
764 65
764 463
87 860
87 525
87 902
87 638
87 533
87 706
87 15
370 198
370 673
370 554
370 686
210 140
210 773
210 683
210 222
665 994
665 91
665 438
665 635
665 668
552 257
149 716
149 230
149 728
149 932
993 247
993 608
993 243
993 246
765 568
765 906
765 673
765 880
202 668
202 962
202 213
202 153
202 324
208 530
208 738
208 394
208 217
619 108
619 859
619 565
619 549
563 499
563 963
563 574
52 943
52 643
52 582
670 594
670 238
670 158
670 118
670 144
328 853
963 945
963 433
963 778
963 923
963 499
775 376
775 333
775 220
775 851
775 292
904 820
486 108
486 317
486 608
297 323
297 910
297 725
297 231
297 402
832 342
832 401
832 360
832 64
832 602
961 877
961 410
961 85
402 227
402 725
848 532
848 346
848 182
848 167
848 92
848 567
848 318
902 935
902 926
902 568
902 383
902 986
942 787
942 285
942 269
942 812
253 389
253 376
253 457
253 295
253 322
905 526
905 223
905 919
905 109
905 29
905 417
602 880
602 706
602 144
602 118
473 80
473 605
473 112
499 871
627 54
627 668
627 773
627 675
524 706
524 956
524 361
524 180
524 289
524 701
730 15
730 362
730 787
730 885
730 133
730 797
719 15
719 927
719 194
491 212
491 853
491 203
578 643
578 190
578 471
578 922
578 998
578 910
966 566
966 987
966 75
448 501
448 346
448 383
361 976
361 180
361 289
361 189
361 701
564 995
743 770
743 439
743 224
341 536
341 217
341 501
851 549
851 376
851 292
851 972
382 829
382 39
394 530
394 497
394 738
146 557
146 135
383 346
383 935
679 195
679 77
286 538
286 758
295 389
295 592
81 405
81 608
81 555
967 148
967 410
967 885
967 705
738 278
738 530
377 662
377 406
377 660
965 507
965 173
965 894
970 521
970 142
431 949
431 128
431 356
431 358
525 600
525 372
525 353
919 725
532 212
532 951
532 615
529 43
529 518
660 267
660 797
660 362
980 607
980 538
980 33
980 412
980 575
346 501
189 826
189 412
189 64
770 425
770 439
384 697
384 960
384 44
384 878
405 18
405 555
405 388
996 680
996 153
996 592
996 78
996 485
812 219
894 173
894 507
894 453
411 360
411 957
411 123
411 708
411 326
411 153
895 565
895 324
895 997
212 401
212 291
212 758
722 97
722 438
722 223
758 536
758 668
38 296
38 82
38 23
956 691
956 123
956 891
956 11
376 757
312 182
312 136
312 633
251 923
251 309
251 11
251 509
251 890
336 329
797 267
797 362
160 950
160 86
160 19
962 746
962 213
962 945
7 144
7 829
7 831
308 605
308 23
308 354
308 154
308 853
390 453
390 926
711 843
711 610
711 142
711 362
745 879
745 713
745 315
745 425
745 983
860 659
860 243
506 932
92 968
92 608
92 649
157 21
157 785
157 582
50 434
50 968
50 33
50 964
11 423
11 890
11 309
11 681
986 867
986 964
986 199
229 780
229 190
229 623
0 318
289 180
289 90
289 425
289 701
476 581
476 54
922 224
922 9
922 148
922 998
135 557
135 994
948 608
948 464
948 49
948 140
948 268
948 515
485 800
485 659
485 153
509 178
509 262
285 97
285 511
285 145
285 633
23 877
97 760
97 511
409 783
409 988
409 89
108 565
417 292
417 109
332 363
332 757
536 464
536 457
600 46
318 430
318 167
318 151
638 61
638 737
272 190
643 582
423 681
423 309
423 890
592 148
592 972
592 891
592 180
592 214
198 296
198 224
198 230
198 323
549 565
549 859
270 628
270 305
270 875
163 269
163 217
163 547
713 315
713 879
214 238
214 826
214 510
950 19
950 510
230 18
230 136
230 515
659 831
698 178
698 422
136 507
136 909
610 843
122 344
122 708
438 91
786 748
786 551
326 581
326 584
326 708
170 994
170 574
170 413
453 113
65 268
65 909
815 481
815 194
815 446
815 154
879 983
879 315
728 932
356 949
356 358
356 128
128 358
128 434
987 75
987 990
987 269
183 807
183 674
697 878
697 591
697 44
783 632
783 18
783 61
783 988
918 521
520 680
520 574
520 598
520 991
708 923
708 957
923 957
923 258
990 845
333 194
333 292
333 908
333 317
574 412
867 220
867 112
217 29
433 721
433 353
433 778
433 945
565 859
416 140
416 683
29 109
877 291
877 85
885 231
885 342
885 9
598 680
317 997
317 533
90 425
90 21
90 195
721 219
721 945
721 464
721 49
434 18
434 511
434 388
531 305
531 123
706 15
706 18
555 631
112 898
668 845
324 773
324 33
891 107
446 662
446 61
446 481
446 314
927 388
927 497
927 631
927 883
935 412
935 43
935 649
33 910
33 681
33 557
247 213
247 166
247 623
247 510
395 340
395 554
716 158
716 28
910 323
21 628
674 800
674 911
911 800
911 735
680 498
521 957
521 43
521 412
554 316
554 340
467 19
78 56
321 633
321 291
575 538
575 144
575 632
178 422
269 262
269 787
269 932
994 43
43 635
43 518
591 44
538 607
510 567
372 56
372 628
597 244
597 368
557 481
568 906
568 880
86 145
86 908
407 246
304 54
304 389
572 936
572 972
151 354
151 944
628 305
154 714
154 314
195 785
195 152
388 211
406 227
406 262
463 393
463 267
463 166
845 278
845 762
152 28
152 227
167 560
739 983
739 203
739 623
266 539
266 222
118 144
44 878
933 547
933 74
926 224
748 533
748 605
762 362
262 681
262 995
315 983
890 309
890 681
773 80
773 166
843 997
843 880
410 613
74 547
74 960
500 737
500 158
623 203
683 140
340 316
752 943
752 829
752 582
752 46
258 615
45 85
829 46
314 481
314 662
757 864
511 633
173 507
551 305
551 875
362 267
219 778
219 49
737 158
898 291
607 800
968 199
976 211
875 305
701 180
662 481
688 478
688 278
705 780
213 746
358 949
826 691
826 560
681 309
883 363
515 964
515 268
673 401
425 675
244 368
439 291
983 478
182 220
182 881
853 246
582 943
145 676
760 566
584 539
291 322
594 31
268 959
401 64
608 611
