526 231
526 20
526 38
526 433
526 183
526 722
526 79
526 811
526 871
526 131
838 358
838 70
838 187
838 767
838 161
838 836
838 899
838 410
838 808
838 119
306 320
306 994
306 309
306 148
306 772
306 419
306 927
306 66
306 956
306 442
340 907
340 349
340 630
340 274
340 413
340 419
340 961
340 61
340 151
340 634
184 213
184 806
184 644
184 475
184 348
184 511
184 432
184 42
184 584
184 403
845 955
845 887
845 20
845 754
845 442
845 314
845 167
845 563
845 409
845 528
87 716
87 739
87 90
87 527
87 269
87 65
87 483
87 103
87 529
87 894
912 466
912 192
912 396
912 675
912 431
912 10
912 688
912 383
912 850
912 575
648 974
648 636
648 438
648 60
648 446
648 995
648 884
648 743
648 627
648 847
979 881
979 292
979 381
979 259
979 696
979 946
979 980
979 725
979 188
979 415
436 701
436 970
436 216
436 65
436 973
436 253
436 71
436 44
436 50
436 490
571 988
571 780
571 248
571 868
571 255
571 965
571 951
571 513
571 327
571 633
22 662
22 659
22 580
22 424
22 505
22 434
22 624
22 633
22 189
22 264
931 163
931 135
931 533
931 344
931 655
931 348
931 540
931 905
931 645
931 213
704 805
704 240
704 948
704 461
704 52
704 192
704 414
704 653
704 613
704 910
736 226
736 434
736 641
736 11
736 454
736 334
736 970
736 836
736 103
736 411
280 993
280 644
280 364
280 179
280 995
280 746
280 466
280 332
280 946
280 361
674 975
674 434
674 907
674 981
674 700
674 419
674 267
674 495
674 921
674 564
218 552
218 350
218 198
218 441
218 611
218 475
218 945
218 308
218 857
218 781
698 58
698 623
698 993
698 672
698 45
698 671
698 856
698 576
698 960
698 683
256 253
256 921
256 221
256 706
256 985
256 266
256 936
256 30
256 722
256 849
990 503
990 586
990 538
990 721
990 620
990 954
990 783
990 48
990 168
990 315
456 904
456 176
456 462
456 31
456 999
456 885
456 60
456 190
456 954
456 82
755 207
755 502
755 950
755 584
755 949
755 922
755 659
755 179
755 630
755 66
24 988
24 603
24 110
24 791
24 30
24 663
24 435
24 885
24 272
24 619
869 337
869 244
869 204
869 441
869 195
869 583
869 373
869 55
869 789
869 376
577 303
577 822
577 799
577 115
577 909
577 421
577 615
577 572
577 859
577 661
752 714
752 496
752 386
752 708
752 624
752 233
752 403
752 249
752 317
752 848
169 693
169 781
169 924
169 849
169 866
169 502
169 216
169 656
169 20
169 650
469 935
469 354
469 696
469 358
469 55
469 741
469 804
469 425
469 633
469 236
2 905
2 609
2 12
2 907
2 927
2 233
2 257
2 29
2 478
2 816
292 794
292 396
292 735
292 627
292 146
292 499
292 332
292 750
292 89
23 794
23 747
23 356
23 45
23 799
23 483
23 527
23 145
23 719
23 989
351 675
351 10
351 536
351 163
351 164
351 741
351 58
351 415
351 188
351 783
369 221
369 193
369 73
369 289
369 65
369 841
369 541
369 454
369 305
369 30
759 811
759 479
759 201
759 343
759 144
759 730
759 386
759 687
759 557
759 278
360 223
360 435
360 974
360 404
360 888
360 951
360 535
360 944
360 45
360 534
939 139
939 143
939 741
939 767
939 928
939 687
939 583
939 480
939 192
939 207
528 840
528 355
528 158
528 344
528 348
528 314
528 114
528 880
528 553
841 920
841 355
841 349
841 83
841 424
841 562
841 685
841 885
841 524
983 158
983 627
983 265
983 353
983 269
983 848
983 175
983 816
983 984
983 754
206 924
206 336
206 395
206 890
206 350
206 544
206 502
206 35
206 83
206 402
472 579
472 142
472 538
472 349
472 345
472 482
472 148
472 201
472 437
472 660
753 955
753 470
753 323
753 152
753 228
753 457
753 784
753 213
753 800
753 572
870 829
870 344
870 375
870 929
870 614
870 387
870 637
870 725
870 894
870 513
711 720
711 114
711 246
711 368
711 717
711 992
711 557
711 167
711 776
711 768
873 60
873 817
873 858
873 681
873 353
873 539
873 480
873 463
873 764
873 164
461 444
461 273
461 121
461 538
461 486
461 105
461 428
461 746
461 603
570 76
570 138
570 26
570 588
570 440
570 393
570 991
570 963
570 871
570 162
330 178
330 687
330 416
330 784
330 548
330 702
330 767
330 174
330 974
330 908
400 517
400 511
400 1
400 332
400 373
400 179
400 897
400 826
400 547
400 948
95 877
95 941
95 38
95 11
95 189
95 855
95 507
95 651
95 270
95 134
762 520
762 486
762 777
762 41
762 881
762 181
762 519
762 476
762 252
762 204
458 327
458 233
458 552
458 115
458 515
458 556
458 625
458 424
458 57
458 204
585 800
585 136
585 267
585 626
585 82
585 865
585 783
585 598
585 397
585 921
829 737
829 746
829 687
829 929
829 114
829 665
829 768
829 421
829 879
986 667
986 897
986 195
986 149
986 958
986 992
986 229
986 858
986 980
986 687
59 848
59 93
59 158
59 643
59 789
59 9
59 947
59 208
59 956
59 120
287 232
287 958
287 593
287 671
287 928
287 343
287 401
287 276
287 551
287 33
102 658
102 788
102 165
102 961
102 15
102 596
102 235
102 621
102 600
102 941
657 881
657 947
657 495
657 460
657 498
657 732
657 339
657 896
657 538
657 243
338 186
338 554
338 927
338 491
338 871
338 961
338 28
338 320
338 867
338 234
250 568
250 106
250 418
250 451
250 850
250 694
250 168
250 649
250 474
250 803
757 53
757 114
757 307
757 579
757 162
757 795
757 699
757 520
757 680
757 941
196 669
196 791
196 734
196 859
196 574
196 964
196 386
196 177
196 32
196 821
642 127
642 422
642 68
642 958
642 797
642 862
642 636
642 4
642 530
642 976
427 533
427 688
427 675
427 486
427 652
427 390
427 624
427 874
427 185
427 641
606 74
606 580
606 610
606 92
606 500
606 63
606 485
606 505
606 667
606 466
283 965
283 426
283 680
283 576
283 73
283 925
283 191
283 765
283 643
283 856
301 101
301 110
301 611
301 530
301 696
301 107
301 899
301 189
301 766
301 420
135 4
135 786
135 999
135 682
135 119
135 822
135 163
135 293
135 596
137 884
137 497
137 771
137 712
137 508
137 219
137 104
137 879
137 604
137 251
49 882
49 706
49 315
49 880
49 108
49 99
49 788
49 884
49 299
49 791
888 937
888 935
888 951
888 90
888 413
888 315
888 953
888 942
888 479
546 387
546 276
546 956
546 784
546 252
546 680
546 509
546 501
546 839
546 88
940 51
940 450
940 737
940 593
940 855
940 780
940 204
940 453
940 754
940 84
460 587
460 98
460 851
460 470
460 288
460 625
460 147
460 671
460 215
212 552
212 772
212 462
212 962
212 424
212 895
212 284
212 46
212 480
212 572
542 260
542 105
542 663
542 889
542 616
542 652
542 474
542 377
542 596
542 998
738 959
738 568
738 510
738 760
738 97
738 854
738 516
738 418
738 482
738 346
817 942
817 509
817 699
817 921
817 963
817 915
817 896
817 677
817 260
523 440
523 722
523 672
523 662
523 389
523 408
523 195
523 512
523 791
523 435
892 938
892 661
892 449
892 404
892 242
892 519
892 424
892 314
892 27
892 754
5 331
5 941
5 100
5 408
5 371
5 428
5 858
5 117
5 491
5 802
966 94
966 627
966 25
966 11
966 148
966 39
966 346
966 502
966 610
966 895
476 366
476 779
476 556
476 813
476 756
476 549
476 12
476 281
476 858
588 36
588 996
588 837
588 991
588 915
588 963
588 116
588 538
588 74
335 964
335 189
335 124
335 365
335 773
335 702
335 129
335 554
335 709
335 915
612 897
612 532
612 215
612 553
612 653
612 842
612 694
612 76
612 497
612 216
558 30
558 258
558 225
558 977
558 972
558 430
558 963
558 727
558 968
558 789
886 611
886 701
886 947
886 774
886 140
886 246
886 71
886 398
886 502
886 291
416 86
416 470
416 575
416 174
416 103
416 525
416 341
416 670
416 809
631 614
631 244
631 126
631 172
631 78
631 789
631 97
631 810
631 670
631 729
876 171
876 643
876 644
876 989
876 522
876 689
876 654
876 378
876 719
876 594
409 670
409 257
409 556
409 459
409 327
409 191
409 681
409 584
409 788
763 756
763 101
763 724
763 667
763 958
763 300
763 734
763 125
763 798
763 978
796 576
796 252
796 806
796 839
796 630
796 367
796 664
796 229
796 921
796 917
943 489
943 729
943 754
943 617
943 119
943 764
943 651
943 92
943 228
943 590
312 296
312 266
312 422
312 232
312 622
312 86
312 186
312 413
312 8
312 41
601 630
601 953
601 274
601 633
601 859
601 603
601 138
601 840
601 450
601 327
50 622
50 964
50 88
50 341
50 386
50 148
50 457
50 958
50 262
215 48
215 233
215 897
215 587
215 147
215 240
215 378
215 694
668 336
668 440
668 859
668 879
668 853
668 794
668 264
668 596
668 680
668 294
893 809
893 716
893 190
893 984
893 643
893 316
893 824
893 314
893 66
893 607
997 286
997 170
997 917
997 418
997 802
997 932
997 879
997 914
997 575
997 28
238 961
238 866
238 988
238 421
238 748
238 331
238 167
238 813
238 141
238 654
248 507
248 114
248 499
248 950
248 230
248 386
248 728
248 125
248 521
138 598
138 651
138 731
138 995
138 345
138 727
138 96
138 401
835 662
835 122
835 918
835 712
835 875
835 985
835 932
835 259
835 153
835 572
518 85
518 244
518 786
518 930
518 350
518 44
518 819
518 851
518 497
518 216
827 716
827 916
827 80
827 236
827 294
827 911
827 692
827 855
827 364
827 993
297 432
297 502
297 579
297 28
297 715
297 512
297 942
297 702
297 162
297 71
828 289
828 202
828 804
828 645
828 407
828 298
828 393
828 216
828 663
828 466
160 705
160 263
160 653
160 36
160 627
160 249
160 952
160 746
160 823
160 569
853 487
853 959
853 851
853 807
853 353
853 9
853 891
853 166
853 713
374 125
374 522
374 478
374 195
374 519
374 825
374 491
374 647
374 678
374 733
782 448
782 337
782 423
782 638
782 589
782 584
782 52
782 909
782 663
782 497
200 857
200 288
200 731
200 520
200 832
200 714
200 938
200 411
200 896
200 548
666 145
666 922
666 683
666 484
666 521
666 316
666 599
666 866
666 80
666 927
618 205
618 820
618 844
618 20
618 445
618 503
618 597
618 421
618 359
618 850
122 197
122 910
122 53
122 568
122 291
122 157
122 935
122 985
122 629
975 495
975 929
975 551
975 419
975 454
975 700
975 434
975 833
975 591
689 33
689 718
689 377
689 486
689 425
689 289
689 266
689 944
689 776
830 714
830 78
830 602
830 852
830 816
830 428
830 30
830 970
830 233
830 185
443 106
443 331
443 65
443 658
443 350
443 55
443 368
443 677
443 634
443 260
774 367
774 364
774 378
774 255
774 121
774 417
774 579
774 71
774 177
300 884
300 790
300 756
300 286
300 913
300 370
300 917
300 734
300 6
725 69
725 81
725 806
725 121
725 696
725 891
725 347
725 232
272 326
272 621
272 793
272 521
272 195
272 537
272 596
272 877
272 948
723 575
723 197
723 299
723 967
723 177
723 170
723 617
723 768
723 394
723 700
949 484
949 521
949 537
949 801
949 917
949 88
949 106
949 415
949 428
107 43
107 225
107 4
107 381
107 667
107 258
107 693
107 620
107 325
451 234
451 602
451 922
451 681
451 153
451 816
451 72
451 720
451 617
81 616
81 533
81 641
81 957
81 27
81 540
81 968
81 193
81 171
398 269
398 541
398 433
398 953
398 501
398 259
398 380
398 115
398 537
413 232
413 406
413 690
413 599
413 779
413 591
413 629
908 839
908 428
908 174
908 31
908 813
908 548
908 185
908 799
908 938
707 958
707 529
707 833
707 187
707 336
707 734
707 452
707 962
707 821
707 268
860 442
860 645
860 234
860 562
860 446
860 770
860 852
860 872
860 867
860 874
237 945
237 645
237 575
237 784
237 190
237 529
237 820
237 313
237 655
237 113
682 749
682 308
682 566
682 701
682 252
682 484
682 625
682 916
682 228
149 242
149 357
149 499
149 255
149 15
149 162
149 332
149 595
149 624
798 177
798 432
798 724
798 204
798 952
798 14
798 607
798 667
798 205
37 647
37 359
37 151
37 246
37 895
37 628
37 703
37 489
37 322
37 219
99 669
99 197
99 505
99 819
99 25
99 549
99 925
99 985
99 27
363 980
363 364
363 787
363 804
363 840
363 488
363 468
363 319
363 541
363 339
498 831
498 729
498 971
498 439
498 649
498 450
498 403
498 505
498 969
373 779
373 820
373 735
373 202
373 511
373 624
373 517
373 42
691 645
691 243
691 166
691 905
691 246
691 441
691 40
691 437
691 307
691 978
193 660
193 410
193 840
193 320
193 812
193 359
193 913
193 240
760 681
760 83
760 895
760 440
760 982
760 767
760 51
760 881
760 109
370 406
370 143
370 480
370 619
370 1
370 824
370 653
370 282
370 658
393 575
393 14
393 202
393 554
393 903
393 462
393 404
393 440
448 432
448 115
448 924
448 224
448 878
448 582
448 356
448 325
448 390
547 1
547 371
547 803
547 922
547 819
547 846
547 53
547 203
547 405
965 651
965 252
965 91
965 664
965 690
965 6
965 924
965 298
84 453
84 325
84 275
84 130
84 408
84 737
84 564
84 676
84 315
473 331
473 385
473 94
473 519
473 532
473 31
473 780
473 28
473 295
473 776
750 567
750 146
750 313
750 964
750 380
750 105
750 477
750 327
750 686
459 977
459 732
459 284
459 517
459 94
459 303
459 690
459 240
459 933
852 444
852 952
852 97
852 274
852 47
852 661
852 709
852 566
834 799
834 784
834 199
834 593
834 842
834 110
834 894
834 651
834 831
834 314
914 765
914 101
914 112
914 947
914 863
914 313
914 973
914 153
914 637
382 125
382 194
382 522
382 341
382 536
382 211
382 825
382 128
382 614
382 678
524 920
524 797
524 685
524 153
524 651
524 485
524 863
524 705
524 534
354 39
354 743
354 611
354 995
354 909
354 677
354 960
354 379
354 116
582 808
582 158
582 253
582 364
582 48
582 42
582 807
582 621
582 203
814 602
814 625
814 348
814 964
814 230
814 426
814 414
814 936
814 905
814 789
971 925
971 649
971 500
971 406
971 270
971 897
971 405
971 615
971 714
3 659
3 186
3 314
3 176
3 954
3 967
3 785
3 517
3 885
3 127
878 573
878 356
878 441
878 223
878 412
878 118
878 619
878 242
878 408
130 746
130 54
130 134
130 789
130 794
130 358
130 483
130 944
130 831
919 418
919 433
919 836
919 866
919 561
919 926
919 392
919 239
919 127
919 972
254 942
254 143
254 802
254 897
254 677
254 937
254 467
254 706
254 923
254 930
273 918
273 259
273 645
273 43
273 722
273 538
273 486
273 423
273 482
823 934
823 435
823 771
823 67
823 385
823 259
823 749
823 380
823 488
209 513
209 139
209 143
209 20
209 82
209 922
209 366
209 378
209 700
209 670
286 527
286 773
286 510
286 969
286 942
286 533
286 418
286 362
404 441
404 684
404 376
404 484
404 269
404 955
404 342
646 100
646 231
646 778
646 296
646 549
646 999
646 586
646 560
646 434
646 264
812 396
812 446
812 709
812 700
812 192
812 580
812 737
812 93
812 960
761 274
761 127
761 607
761 858
761 647
761 108
761 412
761 809
761 379
761 371
842 343
842 799
842 34
842 976
842 11
842 651
842 859
842 358
872 900
872 903
872 959
872 307
872 930
872 595
872 805
872 519
872 186
147 494
147 368
147 52
147 470
147 320
147 194
147 946
147 295
310 882
310 105
310 339
310 133
310 976
310 258
310 756
310 638
310 483
310 75
639 414
639 378
639 366
639 894
639 152
639 397
639 26
639 510
639 89
639 347
809 228
809 984
809 271
809 896
809 108
809 664
809 746
152 572
152 213
152 96
152 490
152 260
152 180
152 727
152 229
425 158
425 100
425 652
425 35
425 364
425 323
425 597
425 684
933 749
933 171
933 270
933 241
933 353
933 540
933 305
933 890
933 732
900 13
900 641
900 677
900 671
900 262
900 904
900 25
900 191
900 548
80 907
80 958
80 30
80 597
80 581
80 716
80 440
80 190
539 533
539 610
539 824
539 911
539 92
539 262
539 681
539 740
539 32
578 432
578 355
578 420
578 944
578 159
578 124
578 13
578 357
578 996
578 470
112 973
112 34
112 507
112 486
112 119
112 773
112 423
112 455
112 728
245 703
245 173
245 768
245 313
245 156
245 503
245 420
245 174
245 745
245 535
304 658
304 945
304 700
304 319
304 859
304 403
304 649
304 591
304 188
304 343
415 164
415 696
415 32
415 259
415 670
415 88
415 499
982 308
982 249
982 734
982 43
982 504
982 111
982 957
982 263
982 732
146 242
146 319
146 45
146 549
146 163
146 158
146 717
146 995
51 98
51 895
51 439
51 319
51 453
51 220
51 509
51 586
29 62
29 1
29 548
29 392
29 36
29 843
29 905
29 73
29 644
597 984
597 844
597 850
597 650
597 839
597 10
597 749
342 483
342 797
342 220
342 31
342 925
342 942
342 343
342 917
342 124
1 976
1 362
1 314
1 365
1 282
1 91
846 630
846 819
846 344
846 652
846 515
846 538
846 779
846 375
846 291
608 414
608 516
608 243
608 334
608 383
608 83
608 811
608 116
608 307
608 434
654 421
654 495
654 898
654 233
654 719
654 644
654 973
654 961
439 895
439 31
439 474
439 576
439 735
439 948
439 18
439 636
882 162
882 192
882 385
882 575
882 519
882 471
882 938
882 299
450 643
450 83
450 603
450 266
450 925
450 581
450 187
482 635
482 85
482 579
482 171
482 656
482 918
482 78
495 632
495 826
495 376
495 318
495 183
495 633
362 934
362 783
362 669
362 510
362 533
362 810
362 844
362 948
155 83
155 54
155 183
155 804
155 641
155 76
155 207
155 19
155 170
155 275
305 628
305 356
305 496
305 405
305 624
305 592
305 732
305 637
39 251
39 21
39 334
39 936
39 589
39 788
39 131
39 634
93 941
93 66
93 28
93 214
93 783
93 217
93 737
93 259
302 368
302 479
302 349
302 447
302 562
302 328
302 127
302 214
302 663
302 806
732 925
732 880
732 537
732 494
732 609
826 756
826 950
826 920
826 928
826 167
826 376
826 655
826 371
599 477
599 347
599 635
599 100
599 14
599 485
599 161
599 807
726 185
726 392
726 284
726 331
726 168
726 640
726 766
726 16
726 489
726 62
717 843
717 995
717 126
717 121
717 418
717 127
717 655
717 651
947 716
947 208
947 315
947 720
947 268
947 626
328 82
328 221
328 384
328 410
328 205
328 214
328 19
328 445
328 679
906 494
906 770
906 92
906 561
906 380
906 969
906 581
906 179
906 643
906 269
123 586
123 684
123 72
123 441
123 284
123 38
123 485
123 388
123 165
123 430
208 429
208 926
208 493
208 976
208 776
208 281
208 162
208 268
381 619
381 230
381 308
381 881
381 705
381 891
381 984
381 956
795 562
795 356
795 867
795 566
795 42
795 76
795 114
795 770
795 441
721 788
721 455
721 57
721 7
721 293
721 874
721 441
721 999
721 75
399 269
399 194
399 47
399 687
399 271
399 626
399 686
399 127
399 447
399 32
786 548
786 40
786 822
786 110
786 816
786 307
786 663
786 519
559 352
559 17
559 901
559 57
559 281
559 836
559 58
559 531
559 811
559 12
775 166
775 140
775 479
775 999
775 213
775 781
775 579
775 742
775 438
775 43
573 619
573 705
573 408
573 772
573 922
573 977
573 454
573 683
573 981
673 346
673 121
673 264
673 34
673 676
673 53
673 679
673 627
673 69
673 345
261 179
261 63
261 364
261 142
261 19
261 981
261 507
261 67
261 701
261 227
52 100
52 651
52 497
52 157
52 43
52 64
52 258
678 470
678 125
678 758
678 843
678 825
678 417
678 522
678 519
610 911
610 284
610 903
610 960
610 308
610 554
610 816
713 295
713 79
713 336
713 807
713 511
713 239
713 91
713 790
713 520
279 818
279 957
279 192
279 871
279 421
279 235
279 293
279 787
279 214
279 628
613 553
613 491
613 189
613 749
613 880
613 816
613 329
613 580
613 201
532 572
532 449
532 913
532 854
532 201
532 758
532 412
532 499
793 549
793 481
793 808
793 119
793 785
793 120
793 910
793 765
793 171
350 18
350 664
350 536
350 475
350 930
350 229
493 228
493 913
493 987
493 423
493 679
493 945
493 308
493 186
493 881
277 134
277 941
277 520
277 73
277 77
277 471
277 944
277 924
277 321
277 223
917 257
917 843
917 0
917 28
917 229
132 244
132 333
132 633
132 591
132 816
132 661
132 849
132 770
132 319
132 915
270 701
270 426
270 290
270 555
270 474
270 41
270 179
911 278
911 801
911 561
911 692
911 329
911 973
911 120
647 895
647 771
647 30
647 773
647 359
647 104
647 210
901 531
901 339
901 375
901 623
901 322
901 352
901 17
901 586
901 551
120 262
120 471
120 701
120 633
120 173
120 973
120 587
471 293
471 769
471 126
471 242
471 366
471 693
471 836
904 568
904 714
904 192
904 902
904 748
904 534
904 435
904 262
322 429
322 468
322 942
322 151
322 203
322 46
322 188
322 728
552 475
552 789
552 831
552 692
552 213
552 424
552 861
79 244
79 802
79 580
79 455
79 681
79 712
79 880
79 421
565 227
565 203
565 285
565 26
565 794
565 478
565 928
565 9
565 791
565 142
739 686
739 417
739 16
739 504
739 288
739 923
739 758
739 384
739 235
840 389
840 894
840 660
840 48
840 790
840 247
133 211
133 815
133 339
133 930
133 349
133 652
133 954
133 883
133 487
801 106
801 175
801 88
801 183
801 464
801 318
801 773
801 686
623 172
623 563
623 516
623 672
623 171
623 920
623 564
623 699
628 267
628 308
628 235
628 964
628 422
628 341
628 121
609 384
609 580
609 54
609 455
609 57
609 935
609 0
609 319
730 489
730 311
730 140
730 508
730 722
730 85
730 742
730 778
730 331
224 656
224 423
224 161
224 113
224 556
224 47
224 883
224 266
224 325
282 734
282 141
282 465
282 281
282 172
282 311
282 964
282 284
181 543
181 222
181 144
181 699
181 27
181 685
181 379
181 423
181 388
697 560
697 28
697 862
697 475
697 916
697 100
697 412
697 494
697 187
697 313
431 35
431 614
431 207
431 421
431 777
431 367
431 491
431 771
431 230
579 275
579 121
579 512
579 253
797 636
797 31
797 918
797 104
797 384
797 235
797 815
515 397
515 161
515 718
515 881
515 896
515 555
515 568
515 967
987 740
987 633
987 387
987 950
987 249
987 143
987 453
987 590
987 687
992 475
992 194
992 83
992 544
992 168
992 766
992 555
992 114
56 355
56 45
56 776
56 420
56 276
56 993
56 385
56 744
56 106
56 376
638 33
638 553
638 996
638 529
638 825
638 48
638 26
638 154
336 321
336 462
336 747
336 554
336 957
336 815
463 42
463 735
463 506
463 18
463 991
463 709
463 131
463 164
463 372
104 438
104 159
104 167
104 696
104 824
104 867
104 90
357 989
357 198
357 242
357 124
357 129
357 162
357 941
357 769
522 825
522 353
522 129
522 125
522 243
522 457
389 447
389 435
389 113
389 311
389 503
389 144
389 465
389 527
740 590
740 586
740 453
740 481
740 929
740 68
740 9
740 339
394 804
394 15
394 664
394 587
394 255
394 35
394 967
394 863
394 299
818 435
818 55
818 632
818 276
818 871
818 213
818 180
818 246
818 449
180 572
180 199
180 936
180 213
180 386
180 366
180 329
180 55
566 65
566 907
566 303
566 156
566 194
566 595
566 932
512 162
512 945
512 406
512 195
512 820
512 395
512 134
810 832
810 26
810 129
810 332
810 216
810 326
810 553
810 372
695 719
695 617
695 625
695 143
695 117
695 634
695 462
695 620
695 567
695 735
861 544
861 355
861 877
861 994
861 435
861 111
861 964
861 62
861 649
7 365
7 296
7 877
7 470
7 821
7 266
7 94
7 935
7 276
530 632
530 700
530 76
530 376
530 268
530 165
530 110
530 742
864 517
864 544
864 653
864 553
864 805
864 247
864 17
864 527
864 799
864 115
407 176
407 429
407 858
407 897
407 719
407 679
407 549
407 18
407 611
345 889
345 993
345 210
345 320
345 568
345 33
345 626
525 422
525 945
525 470
525 540
525 274
525 913
525 92
525 257
525 103
479 742
479 221
479 879
479 337
479 455
479 962
754 720
754 69
754 314
754 204
754 294
119 429
119 11
119 529
119 833
119 836
182 241
182 616
182 505
182 410
182 875
182 777
182 156
182 741
182 583
182 259
46 178
46 174
46 318
46 390
46 183
46 188
46 772
46 242
295 6
295 583
295 687
295 667
295 219
295 629
295 428
136 154
136 784
136 226
136 921
136 128
136 787
136 183
136 230
136 531
536 803
536 265
536 996
536 441
536 58
536 825
536 778
988 747
988 663
988 569
988 503
988 324
988 696
988 511
705 380
705 234
705 804
705 372
705 896
705 989
937 468
937 980
937 560
937 898
937 76
937 278
937 440
937 313
745 388
745 372
745 662
745 172
745 449
745 593
745 514
745 420
745 127
994 677
994 773
994 392
994 131
994 903
994 487
994 426
994 317
178 513
178 478
178 183
178 784
178 857
178 589
178 692
178 507
669 419
669 509
669 58
669 464
669 346
669 859
669 857
891 457
891 535
891 173
891 583
891 959
891 868
891 419
128 325
128 985
128 249
128 500
128 111
128 925
128 45
128 720
244 234
244 348
244 681
244 417
244 880
391 733
391 974
391 236
391 247
391 465
391 66
391 514
391 487
391 192
391 702
883 710
883 467
883 934
883 909
883 993
883 652
883 778
883 207
509 58
509 593
509 677
509 430
509 848
509 701
875 121
875 505
875 655
875 819
875 40
875 106
875 837
875 688
173 913
173 535
173 187
173 452
173 465
173 590
173 331
411 803
411 568
411 660
411 773
411 321
411 785
411 11
411 520
488 708
488 802
488 388
488 751
488 655
488 554
488 868
488 468
426 437
426 770
426 303
426 849
426 348
426 307
998 941
998 402
998 474
998 454
998 616
998 316
998 483
998 837
998 467
198 788
198 575
198 296
198 844
198 899
198 358
198 457
198 36
316 185
316 635
316 837
316 207
316 615
316 402
316 926
478 884
478 737
478 907
478 945
478 686
478 432
26 216
26 531
26 756
26 329
26 688
550 344
550 922
550 452
550 671
550 271
550 219
550 936
550 744
550 910
550 490
660 205
660 686
660 142
660 551
660 189
660 516
109 792
109 243
109 131
109 548
109 625
109 285
109 98
109 598
109 396
365 581
365 183
365 239
365 355
365 800
365 276
365 563
605 877
605 575
605 733
605 615
605 207
605 392
605 417
605 376
605 241
605 154
946 962
946 970
946 129
946 485
946 934
946 644
946 625
591 34
591 960
591 319
591 658
591 267
591 13
594 724
594 157
594 420
594 576
594 57
594 902
594 388
594 85
594 849
787 902
787 263
787 405
787 154
787 531
787 620
787 685
406 679
406 442
406 320
406 163
406 383
406 619
507 967
507 955
507 423
507 85
507 894
790 188
790 962
790 252
790 86
790 776
790 551
790 832
442 166
442 267
442 650
442 420
442 74
442 430
955 504
955 457
955 194
955 541
955 671
955 780
557 703
557 863
557 201
557 854
557 70
557 45
557 833
557 748
905 19
905 131
905 348
905 40
905 735
731 596
731 857
731 684
731 423
731 293
731 58
731 632
731 936
480 337
480 143
480 989
480 688
480 622
480 592
658 956
658 158
658 679
658 57
658 683
402 544
402 981
402 341
402 124
402 837
402 710
402 629
727 96
727 520
727 372
727 749
727 53
727 260
727 598
464 694
464 619
464 897
464 127
464 157
464 70
464 630
464 807
268 742
268 847
268 88
268 981
268 581
268 833
923 11
923 913
923 233
923 251
923 70
923 177
923 756
923 219
21 991
21 72
21 334
21 437
21 83
21 851
21 544
21 874
21 14
494 466
494 197
494 784
494 862
494 396
494 165
153 637
153 307
153 803
153 64
153 833
153 465
384 520
384 315
384 545
384 288
384 70
384 321
688 329
688 172
688 741
688 106
688 537
728 974
728 203
728 230
728 88
728 635
728 832
728 143
278 77
278 486
278 299
278 217
278 25
278 468
278 665
564 266
564 395
564 551
564 205
564 676
564 681
564 172
75 25
75 568
75 170
75 417
75 16
75 989
75 455
75 569
501 474
501 690
501 921
501 680
501 924
501 314
501 777
501 217
98 229
98 999
98 671
98 223
98 744
98 916
98 177
862 251
862 190
862 159
862 165
862 866
862 617
862 500
203 783
203 429
203 296
203 48
203 401
915 737
915 13
915 742
915 129
915 783
915 288
54 83
54 641
54 746
54 794
54 729
54 769
54 118
792 913
792 481
792 252
792 543
792 500
792 117
792 251
792 105
792 220
397 805
397 894
397 789
397 0
397 715
397 96
397 163
68 556
68 475
68 378
68 777
68 9
68 339
68 800
68 4
671 229
671 765
671 496
584 783
584 66
584 527
584 921
584 581
584 956
63 249
63 33
63 115
63 483
63 105
63 500
63 201
63 712
733 600
733 392
733 506
733 388
733 64
733 811
733 708
972 614
972 629
972 543
972 10
972 199
972 165
972 361
972 952
61 847
61 765
61 386
61 555
61 195
61 276
61 569
61 516
61 151
808 317
808 656
808 263
808 543
808 785
808 767
808 758
867 716
867 234
867 770
867 758
867 28
867 562
25 569
25 910
25 17
25 868
25 747
333 927
333 47
333 806
333 676
333 260
333 55
333 664
333 131
333 850
85 150
85 211
85 805
85 686
85 253
118 226
118 978
118 94
118 139
118 227
118 142
118 771
118 452
438 247
438 847
438 636
438 781
438 275
438 920
438 94
916 294
916 629
916 855
916 791
916 236
916 105
157 619
157 807
157 993
157 317
157 258
157 375
637 598
637 309
637 680
637 190
637 166
637 624
881 980
881 964
881 9
199 633
199 935
199 614
199 604
199 235
199 771
199 234
41 491
41 8
41 497
41 232
41 595
41 204
41 239
583 898
583 117
583 55
583 897
583 687
291 961
291 858
291 938
291 693
291 589
291 978
291 8
465 383
465 714
465 311
465 634
465 934
706 645
706 432
706 821
706 275
706 857
706 179
706 467
227 954
227 142
227 576
227 976
227 307
227 274
227 364
709 624
709 580
709 768
709 848
709 452
709 377
620 487
620 62
620 326
620 352
620 94
620 324
640 445
640 16
640 854
640 239
640 327
640 954
640 960
640 129
640 934
410 466
410 140
410 679
410 445
410 327
410 496
8 586
8 932
8 596
8 265
8 970
8 858
8 534
298 794
298 543
298 96
298 64
298 131
298 140
298 690
298 887
185 500
185 108
185 926
185 403
185 252
936 652
936 45
936 837
936 918
995 401
995 32
995 950
995 743
77 187
77 299
77 247
77 945
77 100
77 659
77 964
77 447
253 332
253 158
253 264
253 267
253 805
894 47
894 768
894 66
379 600
379 553
379 231
379 15
379 30
379 116
379 677
150 831
150 902
150 692
150 871
150 533
150 221
150 211
150 685
150 266
768 74
768 650
768 540
768 9
356 543
356 165
356 231
356 114
356 325
836 926
836 187
836 643
836 226
447 535
447 718
447 777
447 263
447 664
447 884
991 600
991 319
991 267
991 380
991 963
991 747
889 506
889 395
889 974
889 0
889 262
889 968
889 468
889 505
18 171
18 622
18 527
18 31
18 72
18 229
548 748
548 72
548 651
653 341
653 188
653 805
653 17
653 932
592 424
592 574
592 504
592 337
592 17
592 950
592 910
592 344
820 468
820 490
820 359
820 850
820 395
820 833
14 934
14 944
14 694
14 142
14 318
14 210
843 62
843 361
843 144
843 229
843 417
843 825
239 630
239 101
239 581
239 511
239 851
961 938
961 258
961 800
961 387
497 216
497 676
497 611
497 337
124 383
124 346
124 228
124 996
124 887
607 170
607 890
607 361
607 326
607 412
607 667
607 724
154 326
154 17
154 217
154 896
154 531
154 769
486 186
486 313
486 641
785 562
785 598
785 902
785 863
785 264
785 619
659 324
659 899
659 309
659 38
659 314
659 833
587 770
587 420
587 807
587 849
587 664
587 274
718 390
718 428
718 466
718 484
718 33
718 429
718 263
615 555
615 405
615 769
615 491
615 649
615 401
898 60
898 396
898 909
898 831
898 331
898 600
898 349
543 183
543 967
543 289
543 220
462 67
462 161
462 771
462 334
462 69
715 445
715 141
715 802
715 813
715 377
715 957
715 275
715 6
903 358
903 195
903 34
903 554
903 702
903 236
508 64
508 781
508 129
508 967
508 332
508 626
508 489
508 534
839 229
839 225
839 186
839 985
839 271
839 222
918 74
918 221
918 516
918 91
918 449
86 349
86 560
86 303
86 670
86 243
86 422
86 101
69 121
69 926
69 743
69 73
69 856
69 113
913 945
913 111
347 308
347 375
347 355
347 189
347 89
347 457
347 684
621 265
621 560
621 197
621 70
621 344
621 337
621 521
837 521
837 62
837 545
837 343
148 764
148 222
148 320
148 622
148 161
148 284
159 13
159 824
159 996
159 366
159 617
159 527
159 321
377 643
377 984
377 849
377 76
377 187
377 746
141 385
141 560
141 103
141 957
141 910
141 35
141 813
385 803
385 978
385 957
385 71
385 756
503 15
503 343
503 712
503 511
503 770
847 980
847 650
847 661
847 151
847 10
847 563
317 799
317 249
317 989
317 403
317 766
317 97
318 145
318 418
318 121
318 142
318 694
318 110
511 251
511 202
511 221
857 467
857 650
857 190
857 275
616 844
616 505
616 492
616 805
616 387
616 968
13 89
13 929
13 848
13 595
13 741
92 82
92 670
92 909
92 35
92 540
16 262
16 984
16 349
16 4
16 235
16 758
326 963
326 73
326 877
326 19
326 417
535 777
535 223
535 211
535 664
535 896
662 712
662 672
662 956
662 344
662 742
662 188
957 171
957 851
957 313
111 231
111 676
111 91
111 945
111 527
111 62
334 701
334 434
334 561
334 223
334 589
899 589
899 690
899 492
899 969
899 887
899 634
126 251
126 78
126 572
126 614
126 969
126 769
126 60
390 865
390 729
390 82
390 514
390 89
390 684
40 162
40 19
40 776
40 499
40 708
40 341
804 951
804 177
804 90
804 499
794 53
794 769
794 749
563 275
563 821
563 980
563 45
563 885
563 887
296 325
296 48
296 100
296 144
296 246
139 70
139 879
139 366
139 231
139 361
139 766
139 687
288 235
288 925
288 529
288 751
288 938
9 100
9 629
9 749
444 428
444 895
444 90
444 234
444 981
444 670
444 806
444 560
361 981
361 223
361 424
361 466
361 679
751 134
751 956
751 604
751 191
751 772
751 708
751 665
751 529
355 791
355 858
355 414
973 855
973 94
973 10
973 644
643 191
643 984
201 572
201 329
201 863
201 778
506 692
506 240
506 844
506 42
506 395
506 55
506 851
445 6
445 854
445 556
445 341
445 649
866 710
866 251
866 703
866 44
866 484
257 868
257 884
257 470
257 670
257 927
257 996
815 803
815 55
815 950
815 690
815 800
815 930
815 226
632 865
632 521
632 567
632 376
632 367
632 492
692 446
692 569
692 831
692 561
232 42
232 644
232 622
232 372
232 958
976 980
976 78
976 6
976 258
764 672
764 368
764 590
764 449
764 38
764 353
764 194
743 32
743 222
743 156
743 414
743 175
743 27
96 574
96 0
96 489
96 802
96 260
412 241
412 567
412 274
412 737
412 321
581 561
581 491
581 190
186 72
186 176
186 856
938 307
938 352
938 210
324 452
324 747
324 27
324 346
324 554
324 19
324 352
468 962
468 395
468 500
210 665
210 383
210 531
210 285
210 38
210 174
321 477
321 661
321 285
321 163
813 850
813 264
813 309
813 174
813 645
767 293
767 802
767 922
767 746
767 989
702 484
702 43
702 311
702 71
702 549
694 960
694 216
694 630
694 72
590 449
590 729
590 143
590 586
590 213
708 600
708 380
708 205
708 191
708 433
230 35
230 90
230 175
230 64
19 251
19 499
19 129
235 948
235 405
824 164
824 372
824 64
824 617
824 156
42 948
42 703
42 969
58 475
58 962
58 832
71 791
71 475
71 989
71 65
219 885
219 226
219 204
219 293
219 935
319 144
319 309
366 74
366 969
366 779
10 271
10 675
10 419
10 489
634 247
634 492
634 313
634 567
832 661
832 791
832 320
832 777
832 962
777 82
777 924
290 110
290 700
290 418
290 655
290 30
290 195
290 626
290 603
290 378
429 722
429 12
429 247
429 176
183 783
303 819
303 517
303 941
303 641
303 284
289 636
289 220
289 225
289 197
289 663
289 17
958 249
958 4
265 625
265 414
265 996
265 920
265 36
265 596
151 423
151 703
151 276
151 217
151 765
175 372
175 32
175 513
175 222
175 748
175 504
600 556
600 15
600 780
600 942
529 929
529 371
529 538
510 663
510 686
510 596
510 455
510 952
510 432
260 65
260 368
260 55
358 34
358 236
358 799
358 554
352 163
352 856
352 223
352 166
352 684
108 364
108 679
108 329
108 414
108 228
108 368
667 747
667 170
667 724
33 553
33 343
33 858
33 714
920 781
920 928
920 685
920 34
959 880
959 962
959 115
959 6
959 821
959 236
156 932
156 890
156 950
156 969
156 821
848 921
848 819
848 158
848 311
12 487
12 477
12 240
12 329
12 756
12 72
555 255
555 778
555 887
555 197
555 405
622 168
622 729
622 89
622 969
313 82
294 553
294 868
294 779
294 879
294 953
294 719
15 255
15 38
15 387
15 274
974 422
974 164
974 909
974 514
963 368
963 162
963 896
963 70
285 865
285 417
285 780
285 105
285 693
285 348
569 327
569 679
569 954
569 241
676 952
676 514
676 255
676 778
70 504
70 424
617 887
617 772
617 574
424 574
517 100
517 604
517 598
517 225
4 675
4 999
4 970
4 43
859 343
859 822
859 403
220 259
220 624
220 481
220 293
220 167
453 408
453 114
453 467
453 737
453 593
514 420
514 0
514 164
514 629
514 437
720 97
720 392
720 902
720 928
720 403
574 716
574 446
574 929
574 115
574 433
693 187
693 696
693 650
693 656
693 849
129 934
74 430
74 191
74 562
74 890
520 28
520 53
477 53
477 197
477 928
477 504
477 675
477 376
644 806
644 492
0 968
0 549
0 435
0 874
115 537
115 541
636 789
636 31
636 116
636 948
758 951
758 53
758 741
758 748
359 672
359 742
359 226
359 778
359 561
746 928
926 47
926 103
926 43
926 722
978 541
978 874
978 724
978 101
978 125
258 344
258 502
258 993
188 67
188 492
822 722
822 531
822 663
822 744
822 167
822 214
191 496
191 134
191 267
144 699
144 865
144 396
144 433
778 140
778 103
999 43
999 166
999 231
440 614
440 505
440 791
481 117
481 977
481 113
481 576
481 408
481 811
604 977
604 877
604 103
604 953
604 284
604 240
44 551
44 142
44 20
44 703
44 780
44 455
44 593
953 683
953 505
953 433
953 45
953 877
428 484
428 28
422 323
422 6
422 844
422 189
36 226
36 457
36 48
36 62
36 996
103 496
103 125
545 951
545 871
545 598
545 437
545 17
545 145
545 311
545 719
724 664
724 661
724 576
724 66
954 645
954 885
954 672
895 315
895 83
57 202
57 222
57 233
57 907
225 485
225 396
225 805
225 419
225 401
489 331
489 228
489 371
849 770
849 656
854 418
854 449
854 276
854 871
854 710
449 145
449 372
293 970
293 833
744 392
744 89
744 214
744 176
744 625
744 549
134 941
134 228
134 944
134 205
34 266
34 60
34 236
392 62
392 35
228 516
800 223
800 773
800 492
800 865
403 649
403 960
788 11
788 197
788 315
788 603
844 72
844 20
844 850
855 729
855 474
855 418
855 339
855 629
803 165
803 64
803 930
78 452
78 863
78 970
78 346
78 386
865 396
865 161
865 789
865 223
742 140
742 712
519 491
519 595
575 241
932 985
932 91
932 944
932 776
690 586
690 405
690 924
387 434
387 325
387 252
387 560
375 902
375 179
375 331
375 993
375 145
560 243
560 684
174 341
174 145
174 88
927 401
927 320
927 802
927 884
680 60
680 263
680 309
680 241
776 168
776 76
968 951
968 419
968 202
968 661
968 311
561 944
561 534
561 116
170 981
170 580
170 177
170 207
929 538
929 64
929 868
89 729
89 216
89 684
446 496
446 311
446 537
446 635
446 602
161 97
161 554
161 568
73 165
73 856
73 388
73 593
299 323
299 344
299 967
299 236
176 194
176 641
176 72
176 247
877 655
877 221
113 556
113 595
113 551
113 656
113 378
699 970
699 66
699 262
699 172
699 27
541 263
541 222
541 371
541 874
589 38
589 323
589 799
589 734
167 353
167 114
167 246
348 67
348 437
11 140
11 263
35 670
35 967
890 116
890 572
890 960
890 202
890 985
43 734
433 811
433 683
433 885
323 567
323 985
323 502
323 675
323 967
487 952
487 353
487 91
487 652
935 434
935 710
935 281
856 430
856 168
856 576
856 784
32 513
32 499
32 504
603 94
603 30
603 274
603 907
117 993
117 977
117 408
117 863
117 531
684 716
490 231
490 779
490 222
490 819
490 116
490 683
513 267
513 168
513 164
513 222
710 595
710 807
710 401
710 896
710 756
214 349
214 419
214 500
214 127
492 781
492 240
492 233
383 619
383 367
383 346
383 307
284 748
719 145
719 251
719 989
264 902
264 484
264 421
996 635
401 952
401 700
956 922
956 320
434 984
202 521
202 281
202 233
781 685
781 255
781 534
337 806
337 116
337 88
226 187
226 850
417 241
977 396
977 960
977 811
977 408
163 533
163 807
262 714
262 247
222 27
53 766
934 211
934 246
593 454
593 240
885 887
885 82
595 921
595 863
315 474
315 716
125 825
125 101
408 737
980 172
980 275
27 246
27 925
544 341
544 437
544 766
544 211
168 649
168 97
649 701
38 769
38 189
766 241
766 189
766 192
252 6
275 675
907 686
907 700
538 483
309 166
309 116
309 67
309 204
437 327
437 368
101 665
101 884
101 819
432 205
432 675
665 602
665 887
665 780
665 217
665 879
714 602
714 879
851 630
851 868
851 930
491 825
779 281
779 60
779 831
635 531
635 6
635 485
635 171
655 221
655 207
205 712
205 281
177 386
177 880
633 243
420 271
602 234
602 681
602 816
602 311
466 467
466 67
540 681
540 811
540 190
540 741
368 562
194 880
194 467
67 346
67 696
67 421
683 819
683 145
683 454
806 231
806 97
171 909
811 263
430 106
430 90
430 485
430 802
562 234
562 969
910 17
910 192
910 271
970 534
243 217
243 825
712 496
712 484
483 729
483 772
701 765
164 255
164 378
928 371
928 376
652 626
652 249
106 686
106 88
696 887
769 242
769 271
131 735
131 105
76 549
76 110
65 197
65 269
65 454
367 207
367 60
367 626
367 364
367 611
677 944
677 641
831 685
831 611
533 158
533 948
140 611
140 64
308 267
308 90
47 91
47 31
47 924
47 656
395 195
395 94
395 551
656 556
656 325
556 735
799 31
380 502
380 269
380 950
909 467
909 734
780 372
780 241
902 179
902 598
217 950
217 166
217 97
249 91
405 452
405 371
624 496
269 179
269 259
165 625
20 441
20 455
20 951
62 879
703 833
703 454
703 627
527 580
626 242
626 568
371 452
952 874
952 145
650 614
650 884
650 924
596 773
66 783
110 48
110 504
386 611
172 325
172 942
271 496
271 231
868 457
868 246
452 771
266 276
722 672
722 485
749 771
749 807
716 90
516 672
516 765
516 343
784 211
82 236
942 143
388 537
388 423
388 871
930 863
930 685
537 474
537 521
735 567
735 627
221 871
951 90
951 499
91 329
962 747
97 521
339 734
339 772
500 773
748 630
748 204
748 551
672 353
454 327
567 502
567 747
567 105
922 772
850 821
747 60
771 504
332 880
332 553
332 475
353 981
984 190
897 627
645 414
240 805
435 211
770 874
474 247
772 948
661 821
457 925
470 242
213 675
467 821
627 346
48 576
816 741
281 534
281 765
765 211
485 586
255 378
166 598
349 741
981 142
455 580
534 874
614 685
329 414
985 629
