827 839
827 348
827 776
827 394
827 226
827 962
827 324
827 873
827 439
827 882
830 614
830 805
830 232
830 13
830 118
830 302
830 383
830 299
830 848
830 784
104 929
104 702
104 847
104 473
104 638
104 551
104 39
104 323
104 372
104 722
206 532
206 665
206 207
206 641
206 668
206 325
206 47
206 444
206 636
206 581
72 887
72 409
72 650
72 960
72 119
72 912
72 299
72 924
72 158
72 146
402 284
402 990
402 757
402 596
402 636
402 848
402 580
402 815
402 908
402 670
489 651
489 463
489 371
489 786
489 868
489 345
489 193
489 826
489 879
489 979
727 939
727 985
727 557
727 512
727 465
727 226
727 493
727 331
727 457
727 615
594 307
594 808
594 80
594 126
594 360
594 843
594 963
594 935
594 912
594 685
743 904
743 833
743 536
743 855
743 850
743 546
743 642
743 869
743 815
743 655
225 463
225 630
225 44
225 785
225 242
225 954
225 793
225 409
225 445
225 881
617 865
617 259
617 992
617 254
617 696
617 392
617 429
617 754
617 768
617 898
211 982
211 776
211 996
211 815
211 335
211 168
211 134
211 892
211 483
211 274
453 294
453 702
453 173
453 589
453 981
453 979
453 484
453 726
453 575
453 262
4 26
4 891
4 694
4 564
4 928
4 371
4 856
4 959
4 500
4 531
914 888
914 430
914 448
914 236
914 730
914 45
914 904
914 670
914 928
914 543
36 204
36 73
36 699
36 442
36 722
36 373
36 490
36 276
36 182
36 500
866 217
866 83
866 820
866 286
866 460
866 102
866 652
866 74
866 177
866 720
600 998
600 130
600 950
600 752
600 373
600 223
600 228
600 860
600 401
600 67
679 528
679 536
679 214
679 965
679 434
679 431
679 993
679 756
679 921
679 400
792 409
792 137
792 740
792 655
792 38
792 256
792 702
792 869
792 312
792 791
849 968
849 123
849 94
849 710
849 294
849 603
849 439
849 770
849 396
849 417
682 504
682 227
682 22
682 920
682 40
682 694
682 905
682 213
682 750
682 760
977 716
977 605
977 688
977 669
977 863
977 279
977 171
977 520
977 470
977 394
415 436
415 630
415 452
415 534
415 354
415 167
415 132
415 201
415 218
415 261
862 609
862 576
862 143
862 87
862 466
862 335
862 964
862 635
862 155
862 683
695 696
695 973
695 364
695 855
695 751
695 747
695 845
695 599
695 928
695 907
916 495
916 993
916 167
916 968
916 200
916 393
916 371
916 882
916 78
916 906
99 8
99 724
99 38
99 701
99 250
99 138
99 948
99 831
99 883
99 80
86 685
86 764
86 142
86 185
86 92
86 616
86 281
86 434
86 619
86 125
808 978
808 571
808 994
808 527
808 391
808 175
808 691
808 840
808 988
397 889
397 252
397 121
397 945
397 854
397 329
397 439
397 262
397 959
397 33
966 3
966 689
966 253
966 449
966 381
966 834
966 71
966 987
966 63
966 638
778 286
778 728
778 613
778 526
778 448
778 995
778 944
778 708
778 924
778 167
806 689
806 887
806 469
806 646
806 339
806 933
806 643
806 872
806 173
806 789
566 530
566 644
566 52
566 992
566 811
566 291
566 952
566 134
566 218
566 472
923 620
923 684
923 638
923 369
923 412
923 118
923 214
923 867
923 978
923 437
321 879
321 180
321 878
321 536
321 926
321 681
321 748
321 964
321 226
321 343
567 876
567 358
567 874
567 217
567 454
567 645
567 864
567 80
567 264
567 47
375 368
375 748
375 313
375 686
375 661
375 48
375 400
375 706
375 343
375 379
574 482
574 955
574 319
574 578
574 317
574 197
574 533
574 570
574 31
574 503
213 148
213 589
213 843
213 711
213 340
213 662
213 474
213 12
213 94
512 557
512 582
512 824
512 350
512 18
512 291
512 646
512 995
512 541
424 478
424 815
424 275
424 623
424 107
424 990
424 747
424 182
424 759
424 771
704 898
704 122
704 69
704 245
704 680
704 298
704 144
704 788
704 195
704 854
749 483
749 421
749 185
749 510
749 49
749 281
749 703
749 559
749 165
749 947
248 637
248 690
248 794
248 903
248 309
248 94
248 384
248 868
248 342
248 1
469 160
469 826
469 543
469 515
469 911
469 82
469 488
469 929
469 459
607 627
607 499
607 812
607 739
607 642
607 925
607 536
607 524
607 110
607 239
816 93
816 146
816 734
816 454
816 597
816 152
816 537
816 780
816 231
816 173
222 751
222 438
222 88
222 551
222 105
222 643
222 931
222 794
222 184
222 73
416 642
416 644
416 983
416 214
416 296
416 903
416 823
416 681
416 991
416 273
418 185
418 826
418 168
418 793
418 678
418 967
418 925
418 115
418 569
418 595
513 12
513 915
513 771
513 281
513 583
513 214
513 847
513 39
513 508
513 606
910 187
910 608
910 500
910 907
910 96
910 319
910 6
910 350
910 63
910 356
975 581
975 992
975 202
975 595
975 84
975 892
975 666
975 154
975 868
975 972
159 766
159 274
159 172
159 744
159 994
159 833
159 884
159 178
159 895
159 391
518 134
518 28
518 940
518 982
518 599
518 545
518 845
518 115
518 901
518 995
70 812
70 502
70 899
70 332
70 327
70 669
70 628
70 90
70 532
70 678
934 233
934 422
934 908
934 364
934 758
934 780
934 220
934 283
934 504
934 532
162 234
162 441
162 342
162 533
162 815
162 709
162 960
162 955
162 124
162 548
937 732
937 642
937 850
937 754
937 794
937 595
937 91
937 922
937 564
937 439
93 899
93 113
93 383
93 597
93 255
93 770
93 858
93 42
93 280
837 177
837 689
837 556
837 883
837 507
837 406
837 867
837 58
837 525
837 16
46 336
46 764
46 687
46 407
46 131
46 3
46 584
46 834
46 168
46 386
762 463
762 412
762 403
762 193
762 841
762 123
762 238
762 972
762 774
762 911
481 78
481 886
481 41
481 710
481 291
481 541
481 185
481 516
481 60
481 8
653 711
653 434
653 498
653 605
653 548
653 94
653 399
653 126
653 309
653 71
351 322
351 838
351 667
351 417
351 583
351 426
351 527
351 841
351 770
351 377
580 811
580 850
580 465
580 918
580 908
580 793
580 181
580 250
580 407
76 620
76 385
76 954
76 612
76 585
76 853
76 976
76 504
76 723
76 1
29 154
29 836
29 775
29 638
29 147
29 265
29 350
29 824
29 527
29 398
529 604
529 124
529 244
529 986
529 939
529 672
529 647
529 747
529 368
529 984
521 470
521 404
521 67
521 766
521 976
521 276
521 449
521 261
521 853
521 56
991 637
991 342
991 644
991 525
991 182
991 651
991 795
991 296
991 359
875 323
875 820
875 948
875 145
875 888
875 829
875 372
875 219
875 869
875 719
326 685
326 167
326 540
326 528
326 440
326 121
326 120
326 761
326 639
326 25
523 275
523 374
523 810
523 627
523 811
523 405
523 922
523 896
523 461
523 659
129 379
129 515
129 706
129 563
129 210
129 810
129 282
129 960
129 398
129 539
881 85
881 105
881 488
881 405
881 325
881 865
881 173
881 340
881 755
289 769
289 603
289 688
289 480
289 822
289 7
289 311
289 646
289 401
289 824
604 285
604 368
604 896
604 777
604 119
604 445
604 346
604 360
604 175
305 549
305 788
305 995
305 285
305 68
305 606
305 599
305 342
305 499
305 182
814 100
814 956
814 338
814 343
814 9
814 598
814 246
814 50
814 20
814 618
164 868
164 810
164 933
164 660
164 542
164 652
164 229
164 381
164 759
164 89
838 917
838 918
838 676
838 770
838 839
838 715
838 446
838 598
838 593
150 596
150 454
150 730
150 381
150 356
150 31
150 641
150 852
150 576
150 392
940 970
940 156
940 197
940 545
940 969
940 60
940 658
940 700
940 707
11 372
11 908
11 28
11 125
11 412
11 185
11 610
11 699
11 606
11 411
367 955
367 431
367 544
367 949
367 553
367 288
367 992
367 116
367 531
367 831
632 559
632 61
632 153
632 406
632 154
632 870
632 190
632 466
632 229
632 462
714 858
714 199
714 48
714 192
714 51
714 761
714 634
714 109
714 21
714 860
112 330
112 439
112 343
112 226
112 396
112 857
112 307
112 357
112 665
112 15
190 94
190 731
190 530
190 985
190 491
190 139
190 212
190 496
190 357
263 777
263 963
263 944
263 825
263 798
263 646
263 861
263 114
263 587
263 161
588 395
588 246
588 730
588 818
588 809
588 684
588 282
588 108
588 768
588 855
235 993
235 951
235 733
235 137
235 43
235 179
235 557
235 571
235 658
235 719
260 773
260 449
260 634
260 472
260 373
260 729
260 610
260 413
260 217
260 754
221 659
221 728
221 984
221 71
221 390
221 217
221 189
221 894
221 917
221 348
362 774
362 97
362 562
362 728
362 556
362 331
362 723
362 67
362 158
362 902
565 268
565 593
565 423
565 210
565 262
565 527
565 768
565 146
565 994
565 49
660 887
660 174
660 254
660 297
660 933
660 184
660 608
660 381
660 229
953 832
953 1
953 485
953 661
953 517
953 625
953 61
953 973
953 380
953 819
341 41
341 451
341 405
341 686
341 349
341 27
341 597
341 462
341 426
341 647
363 259
363 642
363 443
363 520
363 701
363 485
363 560
363 514
363 666
363 758
328 719
328 44
328 332
328 582
328 14
328 183
328 17
328 948
328 82
328 584
414 741
414 932
414 979
414 819
414 252
414 664
414 976
414 839
414 852
414 857
878 681
878 73
878 741
878 284
878 671
878 282
878 26
878 842
878 750
290 247
290 764
290 906
290 858
290 863
290 125
290 199
290 530
290 736
290 791
317 938
317 933
317 618
317 48
317 742
317 641
317 153
317 323
317 42
894 17
894 825
894 745
894 761
894 939
894 622
894 801
894 109
894 844
420 920
420 295
420 979
420 786
420 136
420 217
420 751
420 961
420 65
420 585
548 736
548 241
548 338
548 123
548 502
548 952
548 49
548 880
24 639
24 726
24 711
24 935
24 464
24 254
24 37
24 497
24 203
24 134
999 120
999 349
999 346
999 732
999 744
999 903
999 644
999 484
999 330
999 877
818 352
818 845
818 730
818 394
818 92
818 544
818 809
818 951
818 396
823 652
823 845
823 611
823 926
823 393
823 903
823 724
823 224
823 655
6 807
6 596
6 187
6 767
6 737
6 405
6 636
6 731
6 23
133 796
133 137
133 232
133 811
133 857
133 181
133 919
133 67
133 354
133 265
491 292
491 985
491 659
491 734
491 970
491 511
491 545
491 736
491 303
55 616
55 332
55 185
55 670
55 47
55 622
55 340
55 844
55 502
55 466
800 201
800 446
800 28
800 558
800 576
800 251
800 781
800 360
800 366
800 721
53 40
53 589
53 711
53 683
53 736
53 35
53 703
53 392
53 393
53 442
202 972
202 936
202 336
202 826
202 850
202 215
202 5
202 710
202 507
388 147
388 243
388 118
388 474
388 239
388 882
388 754
388 394
388 957
388 731
717 493
717 547
717 799
717 907
717 733
717 993
717 864
717 835
717 495
717 0
715 473
715 943
715 113
715 598
715 789
715 646
715 955
715 836
715 515
846 79
846 522
846 502
846 716
846 619
846 400
846 470
846 943
846 931
846 909
277 768
277 726
277 480
277 826
277 642
277 307
277 412
277 502
277 542
277 681
620 171
620 144
620 571
620 527
620 570
620 386
620 62
620 954
188 545
188 332
188 971
188 664
188 126
188 713
188 989
188 310
188 711
188 472
271 812
271 35
271 687
271 10
271 879
271 466
271 751
271 94
271 212
271 697
34 35
34 706
34 810
34 59
34 967
34 720
34 457
34 288
34 158
34 903
81 107
81 590
81 630
81 767
81 154
81 378
81 130
81 90
81 941
81 160
121 769
121 870
121 373
121 336
121 737
121 163
121 128
121 386
494 703
494 483
494 194
494 623
494 475
494 967
494 779
494 294
494 836
494 436
195 796
195 903
195 785
195 323
195 543
195 692
195 197
195 69
195 533
443 60
443 520
443 434
443 929
443 726
443 394
443 438
443 857
443 259
885 549
885 38
885 920
885 65
885 979
885 804
885 138
885 444
885 680
885 107
322 575
322 22
322 750
322 377
322 611
322 848
322 596
322 511
322 855
629 467
629 319
629 541
629 507
629 768
629 520
629 142
629 630
629 832
629 519
900 753
900 240
900 26
900 344
900 896
900 550
900 330
900 760
900 285
900 17
183 986
183 756
183 378
183 626
183 417
183 396
183 744
183 890
183 219
554 897
554 524
554 584
554 832
554 742
554 652
554 721
554 922
554 117
554 787
155 143
155 269
155 964
155 683
155 136
155 458
155 669
155 609
155 87
492 324
492 444
492 314
492 777
492 724
492 355
492 174
492 785
492 71
492 459
618 288
618 74
618 149
618 950
618 466
618 137
618 701
618 663
20 772
20 592
20 901
20 338
20 738
20 287
20 445
20 43
20 42
436 821
436 339
436 94
436 765
436 470
436 786
436 168
436 180
626 951
626 136
626 659
626 826
626 342
626 673
626 595
626 337
626 581
169 32
169 118
169 556
169 507
169 142
169 399
169 880
169 303
169 245
169 700
616 370
616 677
616 552
616 997
616 628
616 526
616 810
616 520
678 51
678 196
678 293
678 88
678 185
678 630
678 390
678 124
511 279
511 312
511 650
511 441
511 575
511 918
511 962
511 735
921 719
921 844
921 316
921 359
921 592
921 674
921 763
921 68
921 828
411 581
411 360
411 192
411 610
411 671
411 88
411 477
411 400
411 273
983 376
983 592
983 266
983 844
983 239
983 957
983 136
983 216
983 507
160 572
160 448
160 119
160 590
160 911
160 404
160 228
160 488
58 157
58 796
58 382
58 684
58 867
58 586
58 570
58 470
58 576
801 925
801 163
801 943
801 984
801 454
801 622
801 851
801 859
801 378
519 807
519 299
519 27
519 630
519 316
519 595
519 811
519 687
519 586
697 970
697 734
697 793
697 441
697 466
697 690
697 872
697 384
697 174
909 924
909 841
909 145
909 54
909 408
909 88
909 510
909 931
909 942
103 945
103 115
103 357
103 739
103 933
103 539
103 236
103 114
103 540
103 198
170 475
170 740
170 901
170 643
170 236
170 869
170 294
170 998
170 465
170 707
336 395
336 373
336 406
336 71
336 279
336 137
336 850
135 970
135 525
135 308
135 692
135 191
135 510
135 301
135 67
135 531
135 945
876 842
876 437
876 904
876 874
876 710
876 709
876 927
876 378
876 864
192 445
192 21
192 670
192 994
192 109
192 841
192 137
192 279
257 51
257 861
257 412
257 998
257 946
257 148
257 515
257 151
257 472
257 784
758 560
758 57
758 708
758 705
758 509
758 302
758 353
758 725
238 430
238 295
238 544
238 665
238 659
238 431
238 815
238 116
238 972
516 60
516 780
516 7
516 791
516 334
516 378
516 779
516 757
516 507
788 18
788 698
788 883
788 91
788 340
788 116
788 649
788 236
919 310
919 153
919 686
919 855
919 979
919 938
919 944
919 2
919 738
249 537
249 981
249 553
249 114
249 194
249 180
249 153
249 240
249 493
249 430
345 884
345 42
345 127
345 409
345 593
345 120
345 770
345 116
345 507
773 256
773 677
773 210
773 803
773 831
773 833
773 731
773 384
773 335
796 191
796 763
796 313
796 586
796 106
796 379
796 97
387 176
387 667
387 510
387 218
387 478
387 209
387 858
387 508
387 486
387 705
989 956
989 207
989 791
989 725
989 740
989 312
989 315
989 5
989 971
253 601
253 186
253 842
253 57
253 834
253 285
253 546
253 590
253 63
760 124
760 306
760 533
760 896
760 187
760 176
760 84
760 636
555 798
555 379
555 307
555 467
555 91
555 898
555 463
555 475
555 615
555 179
573 963
573 625
573 62
573 904
573 852
573 22
573 754
573 590
573 840
573 146
627 569
627 45
627 987
627 69
627 380
627 583
627 536
627 889
623 598
623 275
623 807
623 107
623 12
623 73
623 795
623 214
936 955
936 331
936 293
936 312
936 522
936 706
936 381
936 510
936 419
997 804
997 293
997 615
997 483
997 199
997 68
997 356
997 993
997 633
361 283
361 821
361 553
361 220
361 40
361 889
361 913
361 138
361 298
361 245
707 998
707 812
707 456
707 381
707 996
707 440
707 472
707 628
961 784
961 524
961 547
961 769
961 659
961 480
961 302
961 643
961 288
968 498
968 504
968 960
968 14
968 912
968 972
968 493
968 870
27 41
27 510
27 546
27 405
27 278
27 634
27 547
27 75
538 945
538 874
538 597
538 176
538 320
538 148
538 763
538 329
538 433
538 359
13 764
13 393
13 291
13 528
13 488
13 473
13 652
13 346
13 886
640 212
640 591
640 839
640 26
640 376
640 809
640 176
640 631
640 446
640 120
233 91
233 613
233 264
233 944
233 810
233 522
233 825
233 197
233 214
643 559
643 563
643 751
643 933
643 931
643 302
558 288
558 400
558 201
558 251
558 437
558 366
558 735
558 721
558 556
699 575
699 23
699 297
699 391
699 334
699 974
699 116
699 288
648 303
648 324
648 967
648 634
648 101
648 745
648 152
648 920
648 508
648 663
315 958
315 935
315 347
315 621
315 809
315 413
315 614
315 266
315 579
712 669
712 595
712 2
712 156
712 716
712 197
712 952
712 506
712 562
712 417
654 794
654 239
654 835
654 410
654 873
654 306
654 333
654 158
654 403
654 559
243 474
243 37
243 786
243 666
243 266
243 873
243 499
243 731
243 333
543 100
543 270
543 724
543 656
543 601
543 323
543 694
892 384
892 60
892 982
892 404
892 561
892 502
892 581
892 959
482 577
482 179
482 275
482 59
482 7
482 377
482 28
482 562
482 197
331 985
331 227
331 918
331 234
331 634
331 319
331 1
777 559
777 237
777 360
777 37
777 122
777 314
777 385
231 426
231 478
231 655
231 105
231 146
231 147
231 173
231 382
231 822
839 151
839 809
839 967
839 467
839 783
839 480
205 638
205 18
205 28
205 841
205 854
205 197
205 332
205 319
205 790
205 486
409 463
409 686
409 587
409 107
409 132
409 861
215 437
215 897
215 425
215 769
215 561
215 383
215 500
215 755
215 965
602 503
602 356
602 615
602 646
602 949
602 557
602 890
602 780
602 369
602 498
435 766
435 314
435 448
435 568
435 841
435 769
435 998
435 671
435 359
435 932
605 496
605 470
605 264
605 426
605 550
605 865
605 157
605 746
242 793
242 368
242 954
242 297
242 785
242 834
242 769
242 182
242 471
476 404
476 12
476 273
476 619
476 301
476 570
476 1
476 781
476 578
476 408
66 729
66 223
66 385
66 470
66 357
66 514
66 692
66 952
66 595
66 634
479 41
479 572
479 286
479 946
479 761
479 282
479 400
479 754
479 389
479 113
57 63
57 761
57 47
57 645
57 863
57 636
57 634
57 782
430 525
430 128
430 508
430 896
430 696
430 459
430 426
318 706
318 684
318 547
318 89
318 698
318 448
318 754
318 139
318 379
318 273
700 106
700 245
700 880
700 151
700 559
700 987
700 123
700 381
787 611
787 781
787 65
787 56
787 721
787 593
787 353
787 486
787 976
428 113
428 786
428 925
428 32
428 656
428 224
428 209
428 1
428 74
428 935
95 180
95 668
95 467
95 741
95 856
95 33
95 882
95 962
95 56
95 171
365 369
365 528
365 304
365 75
365 851
365 684
365 98
365 685
365 742
365 229
667 417
667 468
667 718
667 358
667 984
667 683
667 74
667 144
208 559
208 41
208 606
208 82
208 747
208 486
208 380
208 468
208 223
208 612
720 833
720 83
720 427
720 865
720 575
720 102
720 177
720 820
83 485
83 820
83 102
83 256
83 812
83 177
83 460
83 888
954 784
954 368
954 279
954 822
954 785
954 478
149 293
149 658
149 861
149 355
149 674
149 980
149 701
149 438
149 207
261 184
261 139
261 247
261 713
261 887
261 517
261 201
261 971
258 950
258 51
258 959
258 480
258 282
258 184
258 210
258 179
258 811
258 871
662 757
662 508
662 949
662 452
662 132
662 152
662 931
662 557
662 54
716 631
716 10
716 952
716 825
716 562
716 79
716 403
804 293
804 68
804 861
804 925
804 389
804 175
804 407
804 633
835 323
835 410
835 106
835 186
835 63
835 158
835 864
835 898
432 686
432 236
432 173
432 701
432 180
432 651
432 91
432 960
432 471
432 986
963 798
963 281
963 891
963 988
963 638
963 179
963 646
930 228
930 789
930 359
930 122
930 400
930 526
930 569
930 130
930 178
930 45
947 60
947 890
947 603
947 561
947 802
947 722
947 924
947 822
947 982
891 421
891 871
891 44
891 703
891 606
891 564
891 264
891 959
496 153
496 398
496 750
496 51
496 955
496 374
496 886
496 725
119 896
119 267
119 858
119 689
119 427
119 733
119 295
624 665
624 797
624 495
624 686
624 547
624 553
624 422
624 498
624 342
624 355
734 442
734 350
734 637
734 692
734 803
734 872
734 593
300 932
300 268
300 338
300 209
300 228
300 461
300 817
300 578
300 359
300 651
672 175
672 984
672 74
672 131
672 153
672 370
672 614
672 950
672 423
635 824
635 406
635 163
635 748
635 302
635 904
635 171
635 764
635 579
621 400
621 701
621 327
621 7
621 199
621 744
621 815
621 877
621 88
371 857
371 495
371 39
371 694
371 201
371 786
371 234
552 186
552 972
552 285
552 740
552 985
552 752
552 785
552 924
552 897
431 178
431 753
431 434
431 116
431 181
431 500
431 610
348 468
348 724
348 871
348 601
348 882
348 841
348 639
348 96
568 130
568 608
568 535
568 325
568 906
568 5
568 576
568 438
568 656
549 877
549 268
549 245
549 65
549 200
549 742
549 444
549 500
91 540
91 264
91 698
91 128
91 852
912 89
912 530
912 973
912 636
912 226
912 615
912 218
191 981
191 985
191 308
191 359
191 114
191 166
191 281
191 819
458 908
458 587
458 44
458 733
458 8
458 633
458 754
458 97
458 304
311 379
311 753
311 47
311 334
311 948
311 664
311 610
311 530
311 168
807 96
807 731
807 795
807 765
807 189
807 541
807 803
799 721
799 865
799 768
799 813
799 864
799 454
799 301
799 701
799 268
684 139
684 634
684 109
684 156
684 587
347 873
347 893
347 579
347 295
347 52
347 228
347 851
347 163
347 733
851 723
851 822
851 471
851 946
851 212
851 228
851 821
278 802
278 334
278 451
278 207
278 696
278 693
278 978
278 229
278 871
39 26
39 179
39 998
39 988
39 299
39 759
39 319
240 774
240 37
240 114
240 437
240 304
240 880
240 560
240 689
113 577
113 298
113 383
113 741
113 969
113 154
500 434
500 349
500 610
500 952
571 357
571 32
571 994
571 495
571 43
571 203
571 783
352 845
352 189
352 949
352 356
352 69
352 752
352 390
352 75
352 327
407 19
407 599
407 339
407 872
407 845
407 676
407 537
30 670
30 466
30 189
30 85
30 163
30 21
30 369
30 462
30 109
30 67
356 124
356 615
356 193
356 949
356 369
62 110
62 886
62 625
62 904
62 1
62 761
62 917
62 952
273 275
273 404
273 241
273 379
273 658
273 922
528 812
528 904
528 283
528 303
528 645
528 98
718 534
718 819
718 87
718 177
718 118
718 609
718 307
718 143
718 683
915 948
915 833
915 204
915 673
915 419
915 200
915 465
915 368
915 48
789 902
789 756
789 310
789 819
789 182
789 167
789 553
795 497
795 576
795 836
795 77
795 852
795 31
795 631
141 297
141 972
141 639
141 421
141 417
141 193
141 499
141 986
141 829
141 868
759 308
759 131
759 229
759 764
759 731
759 372
759 978
64 840
64 918
64 332
64 907
64 63
64 497
64 685
64 790
64 252
64 127
246 419
246 79
246 766
246 728
246 938
246 50
246 334
246 820
220 332
220 943
220 296
220 693
220 665
220 463
220 47
220 127
462 819
462 706
462 87
462 657
462 454
462 23
462 313
241 753
241 893
241 254
241 33
241 232
241 355
241 853
241 880
98 292
98 747
98 173
98 309
98 810
98 651
98 223
98 227
244 139
244 638
244 730
244 184
244 988
244 487
244 984
244 790
244 118
337 826
337 236
337 797
337 45
337 201
337 73
337 803
337 931
337 671
526 209
526 12
526 890
526 280
526 45
526 728
526 228
142 364
142 755
142 77
142 540
142 294
142 775
142 296
287 763
287 452
287 540
287 378
287 592
287 486
287 147
287 612
287 596
877 671
877 907
877 65
877 474
877 115
877 979
877 204
306 102
306 506
306 382
306 913
306 403
306 559
306 247
306 752
828 674
828 544
828 47
828 153
828 974
828 96
828 642
828 844
828 854
464 709
464 967
464 422
464 821
464 111
464 262
464 843
464 403
464 275
110 292
110 917
110 531
110 425
110 726
110 130
110 761
110 708
151 922
151 590
151 80
151 255
151 165
151 12
151 394
901 465
901 638
901 980
901 355
901 187
901 109
901 656
61 26
61 115
61 710
61 446
61 40
61 450
61 380
61 832
140 765
140 822
140 833
140 622
140 391
140 216
140 748
140 986
140 54
140 805
254 115
254 675
254 741
254 381
254 404
254 174
883 80
883 614
883 16
883 384
883 677
883 951
883 247
829 145
829 408
829 262
829 859
829 965
829 219
829 996
829 187
48 41
48 473
48 576
48 944
48 984
48 577
665 534
665 525
665 563
665 906
665 668
364 210
364 525
364 541
364 509
364 128
364 563
364 212
647 360
647 906
647 368
647 269
647 452
647 429
647 625
647 445
78 488
78 842
78 291
78 344
78 301
78 969
78 882
78 33
544 116
544 578
544 794
544 553
544 809
544 913
408 531
408 920
408 283
408 587
408 860
408 601
408 216
419 879
419 440
419 308
419 955
419 622
419 204
419 824
703 247
703 767
703 768
703 751
703 702
703 904
250 886
250 811
250 952
250 702
250 444
250 26
250 972
250 858
772 776
772 534
772 2
772 589
772 641
772 490
772 622
772 217
772 895
10 925
10 739
10 429
10 503
10 833
10 441
10 950
10 291
265 330
265 688
265 165
265 324
265 509
265 120
265 451
265 551
601 742
601 724
601 841
601 771
601 757
601 329
666 171
666 393
666 85
666 857
666 560
666 774
666 764
17 380
17 844
17 400
17 589
17 582
17 745
17 603
655 869
655 736
655 429
655 904
655 535
655 938
320 185
320 252
320 186
320 945
320 251
320 355
320 927
320 619
320 721
427 304
427 0
427 19
427 123
427 657
427 122
427 890
427 349
52 506
52 893
52 144
52 49
52 349
52 676
52 834
52 680
383 973
383 706
383 203
383 423
383 154
383 75
131 658
131 687
131 276
131 480
131 503
131 386
131 166
676 276
676 339
676 895
676 674
676 274
676 859
676 369
893 619
893 973
893 474
893 899
893 798
893 423
893 675
59 497
59 203
59 38
59 171
59 28
59 813
59 445
59 269
738 506
738 586
738 15
738 209
738 196
738 740
738 291
738 459
832 798
832 69
832 377
832 26
832 933
832 111
723 960
723 899
723 297
723 137
723 535
723 708
723 869
938 783
938 280
938 852
938 784
938 590
938 26
797 987
797 267
797 547
797 204
797 433
797 1
797 297
797 686
887 236
887 985
887 689
887 63
887 497
887 77
281 166
281 925
281 958
281 444
281 570
327 691
327 459
327 255
327 752
327 116
327 451
327 628
0 657
0 955
0 346
0 610
0 669
0 120
0 694
0 957
314 898
314 564
314 611
314 785
314 37
314 234
314 685
964 87
964 908
964 143
964 669
964 609
964 463
964 663
304 437
304 139
304 89
304 92
304 783
304 532
725 42
725 117
725 520
725 433
725 216
725 690
725 88
561 295
561 591
561 267
561 957
561 429
561 125
561 850
450 412
450 45
450 380
450 23
450 899
450 663
450 674
450 583
450 353
779 540
779 218
779 74
779 378
779 645
779 780
779 898
779 530
49 178
49 187
49 860
49 503
49 651
49 102
138 268
138 931
138 948
138 73
138 865
138 905
138 867
958 553
958 333
958 622
958 22
958 33
958 487
958 12
958 863
101 845
101 886
101 152
101 125
101 343
101 501
101 967
101 656
101 748
746 675
746 495
746 550
746 229
746 426
746 425
746 722
746 906
746 157
524 855
524 25
524 592
524 35
524 2
524 948
524 21
44 673
44 276
44 166
44 932
44 172
44 692
212 484
212 560
212 501
212 176
212 992
161 576
161 483
161 713
161 466
161 980
161 656
161 111
161 824
161 504
128 386
128 177
128 108
128 316
128 587
128 267
207 649
207 100
207 532
207 444
207 272
207 755
913 471
913 802
913 889
913 527
913 805
913 237
913 417
54 178
54 508
54 218
54 132
54 152
54 931
54 465
442 270
442 597
442 493
442 288
442 117
442 870
442 722
201 366
201 358
201 721
201 251
633 540
633 949
633 925
633 403
633 671
633 68
633 514
821 346
821 286
821 366
821 323
821 226
821 316
480 217
480 803
480 130
480 598
447 134
447 475
447 929
447 338
447 932
447 781
447 790
447 485
447 267
447 374
176 165
176 874
176 148
176 376
176 625
674 844
674 642
674 856
674 96
674 115
9 867
9 85
9 470
9 483
9 154
9 146
9 613
9 509
9 871
268 393
268 803
268 487
268 638
268 708
628 939
628 332
628 167
628 230
628 451
628 812
338 932
338 598
338 43
338 106
338 172
90 378
90 198
90 504
90 354
90 23
90 501
90 874
90 595
172 15
172 115
172 284
172 377
172 752
172 43
172 21
639 864
639 299
639 577
639 471
639 817
639 148
461 659
461 483
461 547
461 970
461 763
461 656
461 310
461 578
77 126
77 74
77 515
77 497
77 309
77 841
77 656
181 984
181 339
181 122
181 780
181 705
181 67
181 560
873 534
873 297
873 661
873 739
873 116
873 609
644 694
644 218
644 803
644 899
644 564
644 282
412 741
412 125
412 51
412 755
805 193
805 765
805 577
805 996
805 986
805 386
805 144
269 457
269 403
269 324
269 709
269 736
269 433
269 599
693 274
693 350
693 40
693 871
693 542
693 709
693 15
693 978
174 990
174 381
174 872
174 92
174 406
174 970
870 370
870 477
870 992
870 668
870 941
870 14
384 731
384 871
384 614
384 690
384 677
451 433
451 438
451 230
451 563
451 584
75 224
75 89
75 735
75 389
75 127
75 550
864 815
864 433
864 293
864 540
107 485
107 457
107 990
107 275
107 228
313 379
313 330
313 199
313 813
313 134
313 729
313 855
813 503
813 857
813 134
813 680
813 515
813 339
813 38
978 609
978 180
978 869
978 357
978 842
403 280
403 911
403 995
309 71
309 386
309 422
309 454
309 603
309 292
398 798
398 593
398 637
398 148
398 976
398 810
398 144
831 335
831 927
831 185
831 194
831 661
831 272
831 698
32 722
32 658
32 203
32 303
32 385
32 631
32 376
763 863
763 850
763 359
763 592
763 559
255 503
255 433
255 946
255 790
255 581
255 293
255 646
2 979
2 374
2 505
2 487
2 855
2 324
591 537
591 848
591 382
591 780
591 863
591 19
591 570
591 344
583 153
583 960
583 490
583 889
583 380
583 597
709 705
709 908
709 962
709 542
709 506
460 18
460 19
460 962
460 641
460 820
460 698
460 102
460 177
776 501
776 340
776 68
776 50
776 646
776 705
776 542
924 87
924 355
924 510
924 730
924 437
385 203
385 908
385 956
385 84
385 37
385 622
156 596
156 969
156 14
156 285
156 73
156 537
156 669
950 203
950 944
950 752
950 194
950 405
18 971
18 691
18 379
18 902
18 291
18 380
745 324
745 80
745 844
745 380
745 109
745 899
745 38
941 994
941 463
941 310
941 522
941 976
941 767
941 962
941 210
817 932
817 25
817 108
817 798
817 299
817 577
817 692
817 764
284 927
284 960
284 493
284 757
284 413
284 259
284 38
292 836
292 89
292 824
292 147
292 448
292 392
299 471
299 577
299 394
299 473
645 178
645 854
645 810
645 842
645 546
645 840
935 490
935 596
935 488
935 14
935 1
935 193
82 280
82 990
82 405
82 826
82 582
82 790
82 708
196 974
196 124
196 237
196 534
196 390
196 598
196 939
196 756
245 880
245 203
245 173
245 433
245 223
897 572
897 611
897 824
897 286
897 467
897 109
897 438
143 344
143 609
143 87
143 252
143 683
143 396
490 642
490 641
490 19
490 742
490 514
490 658
664 907
664 728
664 230
664 501
664 252
664 158
664 272
729 43
729 754
729 323
729 860
729 952
729 234
729 506
946 344
946 477
946 572
946 754
946 515
946 33
198 730
198 132
198 872
198 440
198 906
198 410
198 928
198 23
906 325
906 730
906 167
993 907
993 493
993 316
993 495
993 179
677 731
677 888
677 262
677 614
677 80
677 563
836 856
836 824
836 147
836 793
836 890
550 974
550 834
550 157
550 585
550 426
550 688
959 564
959 467
959 531
959 130
959 89
35 564
35 21
35 413
35 608
35 855
35 429
97 533
97 457
97 302
97 535
97 786
97 719
97 794
50 505
50 329
50 127
50 100
50 852
50 956
50 879
551 688
551 25
551 105
551 733
551 73
551 89
551 951
239 505
239 157
239 957
239 474
239 298
239 376
506 15
506 302
506 374
506 559
713 439
713 139
713 971
713 350
713 505
713 569
713 353
147 294
147 478
147 951
147 824
688 822
688 690
688 25
688 852
688 413
7 165
7 455
7 927
7 783
7 266
7 939
691 25
691 216
691 771
691 14
691 775
691 988
691 737
556 562
556 153
556 301
556 67
556 867
556 880
5 560
5 312
5 125
5 719
5 354
5 584
5 681
247 641
247 178
247 896
247 410
247 564
259 370
259 563
259 487
259 592
259 520
259 413
493 536
493 153
493 316
560 219
560 96
560 659
456 404
456 998
456 658
456 724
456 957
456 209
456 926
456 144
456 530
517 84
517 349
517 819
517 108
517 771
517 740
517 971
517 962
820 102
820 888
820 177
820 31
927 497
927 394
927 690
927 439
927 390
111 782
111 295
111 969
111 312
111 859
111 410
111 798
226 589
226 939
226 343
226 973
498 3
498 468
498 890
498 553
498 606
498 874
126 477
126 843
126 971
126 346
126 340
126 368
308 631
308 145
308 698
308 219
308 957
308 589
670 928
670 369
670 21
670 16
670 485
863 943
863 570
863 770
863 534
475 929
475 303
475 272
475 108
475 683
475 575
237 262
237 793
237 917
237 84
237 802
237 360
237 37
981 194
981 180
981 569
981 146
981 750
981 114
981 726
522 391
522 301
522 613
522 92
522 154
522 706
861 545
861 902
861 293
861 401
861 998
33 286
33 279
33 898
33 100
358 848
358 152
358 217
358 557
358 136
358 389
358 755
16 867
16 283
16 406
16 251
16 769
16 956
16 951
579 847
579 444
579 505
579 282
579 976
579 748
579 536
535 702
535 726
535 945
535 869
535 353
535 457
199 168
199 728
199 125
199 102
199 251
581 586
581 962
581 812
581 404
452 96
452 502
452 132
452 774
452 911
452 144
761 366
761 389
761 286
56 905
56 224
56 856
56 470
56 976
56 764
56 741
532 649
532 274
532 122
532 733
532 732
102 224
102 177
406 251
406 283
406 168
406 956
514 696
514 641
514 858
514 173
514 879
514 204
858 486
858 445
858 266
771 642
771 631
771 478
771 988
771 649
928 377
928 488
928 116
928 539
928 223
974 19
974 547
974 774
974 123
974 563
974 942
449 392
449 751
449 987
449 689
449 276
449 610
449 884
584 333
584 611
584 755
584 230
584 980
3 399
3 404
3 687
3 477
3 413
3 803
3 956
590 15
590 325
590 42
590 630
477 971
477 392
477 564
477 14
477 515
782 595
782 613
782 969
782 895
782 606
782 8
782 860
782 115
501 685
501 657
501 748
501 753
501 343
636 533
636 197
636 340
636 587
421 786
421 657
421 986
421 611
421 972
421 264
421 868
872 774
872 23
872 19
872 339
130 577
130 546
130 282
756 650
756 563
756 200
756 401
756 686
756 979
847 324
847 536
847 74
847 967
847 598
847 25
847 333
980 638
980 293
980 382
980 465
980 948
980 509
439 791
439 687
439 330
926 575
926 929
926 775
926 815
926 180
926 487
926 472
346 619
346 752
346 325
346 903
425 859
425 355
425 478
425 426
425 702
425 976
425 996
84 376
84 455
84 631
84 793
84 37
65 42
65 473
65 455
65 106
65 979
391 92
391 175
391 578
391 848
391 136
251 366
251 721
251 373
608 471
608 117
608 266
608 783
608 680
608 515
310 545
310 79
310 472
310 767
310 599
230 167
230 144
230 204
230 270
230 67
230 843
422 275
422 951
422 495
422 530
422 780
422 369
585 982
585 214
585 834
585 484
585 895
585 957
585 499
312 38
312 486
312 911
312 728
28 598
28 298
28 874
28 845
136 673
136 217
136 724
136 87
819 741
819 929
819 902
931 73
931 105
157 732
157 508
157 505
157 382
157 189
960 379
960 463
661 690
661 781
661 572
661 485
661 368
661 943
722 890
722 40
722 587
722 687
965 859
965 675
965 569
965 302
965 297
965 43
965 389
825 848
825 401
825 197
825 423
825 809
825 853
333 596
333 413
333 597
333 598
333 399
668 882
668 441
668 25
668 467
668 22
668 301
613 920
613 944
613 270
613 502
613 335
267 377
267 542
267 448
267 483
267 733
539 223
539 744
539 612
539 651
539 750
539 685
539 236
234 786
234 603
234 148
234 8
234 216
719 316
719 747
719 547
719 948
603 294
603 186
603 189
603 219
732 120
732 995
732 673
732 908
732 922
732 194
152 454
152 508
152 15
152 557
737 990
737 163
737 687
737 572
737 637
737 791
737 812
105 73
105 857
105 488
105 173
105 658
614 423
614 888
614 809
614 711
971 340
971 187
275 43
275 125
272 622
272 158
272 843
272 51
272 850
272 390
775 497
775 527
775 390
775 834
775 294
775 755
840 349
840 22
840 96
840 625
840 905
840 146
401 904
401 902
401 193
401 706
401 765
510 650
510 973
510 118
440 165
440 537
440 696
440 503
440 307
440 302
783 43
783 854
783 750
783 465
376 343
376 748
376 791
376 884
802 822
802 224
802 264
802 992
802 373
802 582
969 357
969 444
969 860
969 229
631 446
631 256
631 857
329 31
329 956
329 742
329 218
329 680
329 505
504 956
504 307
504 145
504 122
370 31
370 701
370 270
370 520
370 534
370 509
505 100
505 852
505 986
168 630
168 51
168 612
815 917
486 193
486 399
486 781
572 455
572 768
572 319
572 228
577 171
577 279
690 392
690 656
690 394
389 400
389 14
389 502
389 562
905 856
905 22
905 40
905 223
905 374
905 811
334 842
334 728
334 890
334 297
334 51
774 123
774 918
774 911
232 471
232 880
232 651
232 31
232 527
232 487
232 410
692 675
692 696
692 127
692 757
889 675
889 659
889 736
889 757
889 962
962 216
382 570
382 293
382 465
382 812
982 115
982 740
982 117
982 60
982 184
683 446
683 609
683 87
687 791
687 582
630 296
630 533
132 465
132 920
132 218
132 426
582 137
582 396
582 405
582 698
757 922
757 557
757 592
175 182
175 171
175 12
175 578
175 874
857 503
108 735
108 395
108 434
108 739
108 942
117 266
117 675
117 38
117 270
117 736
811 768
811 587
537 998
537 780
537 610
537 509
710 507
710 339
710 922
710 495
710 856
569 350
569 45
569 69
569 484
596 285
596 724
209 770
209 853
209 509
209 998
122 471
122 854
122 705
189 508
189 728
189 562
189 390
942 158
942 177
942 541
942 145
942 625
942 536
942 88
454 652
454 145
996 744
996 986
996 423
996 437
996 781
803 833
803 951
884 325
884 531
884 178
884 671
884 127
884 395
252 907
252 63
252 165
252 396
781 399
781 301
781 134
673 689
673 987
673 374
673 330
673 747
106 459
106 586
106 747
106 853
106 42
663 918
663 753
663 373
663 63
663 701
663 392
945 826
945 467
945 8
945 765
279 898
279 15
279 25
283 127
283 731
283 752
283 741
765 8
765 228
765 94
765 455
203 100
203 769
589 393
589 895
589 939
369 615
369 85
474 742
474 619
474 570
474 957
843 404
843 69
843 553
843 85
194 487
194 951
194 922
194 944
127 531
127 856
735 459
735 342
735 586
735 224
735 354
735 179
186 842
186 865
186 229
186 740
186 898
790 907
790 592
790 988
790 547
256 766
256 79
256 625
256 302
256 297
256 342
79 344
79 767
79 545
79 943
79 393
68 671
68 395
68 285
68 423
612 219
612 41
612 606
612 303
612 794
227 468
227 593
227 324
227 888
227 270
227 546
227 698
484 200
484 992
484 40
484 619
484 726
784 184
784 499
784 918
784 478
784 303
575 750
575 497
575 681
395 855
395 459
395 137
395 711
395 210
841 37
546 405
546 534
546 932
546 270
280 911
280 296
280 218
280 650
280 899
438 865
438 433
438 701
438 834
686 987
686 355
446 766
446 597
446 609
446 92
204 637
204 650
204 696
793 880
793 753
457 955
457 903
457 353
457 296
973 380
973 675
973 706
856 478
856 374
123 860
123 377
123 483
145 507
145 219
145 736
986 193
344 767
344 60
344 301
344 680
970 669
970 499
970 944
970 794
43 669
216 592
216 15
216 386
339 134
339 895
994 399
994 527
994 726
994 949
473 45
473 92
473 943
473 780
798 47
798 148
372 323
372 879
372 680
372 286
372 178
372 929
390 752
390 366
96 599
96 844
455 80
455 8
455 335
455 867
455 405
41 60
41 223
41 886
541 60
541 822
541 988
541 350
576 31
576 730
114 540
114 120
114 180
114 377
463 879
470 868
948 810
726 531
200 467
200 40
200 350
200 650
200 118
525 178
525 990
525 118
525 459
646 606
353 766
353 708
353 702
353 21
23 468
23 822
23 650
599 316
599 845
599 307
229 615
933 929
933 69
933 651
990 949
990 325
990 637
939 467
939 902
323 920
42 294
42 853
21 163
21 109
766 466
766 770
766 374
47 296
47 85
888 423
888 593
888 987
485 867
485 507
485 381
270 675
270 26
163 669
163 689
163 859
22 124
22 750
22 694
335 944
335 845
335 80
335 562
166 586
166 167
166 354
166 925
166 985
166 739
40 8
148 578
148 12
274 350
274 399
274 770
274 542
274 649
649 15
649 495
649 967
649 681
649 902
952 530
92 139
92 386
19 563
19 349
19 357
444 606
184 441
184 785
184 702
459 488
478 698
285 896
285 540
609 87
848 179
848 753
848 809
976 932
85 593
85 154
85 751
853 296
853 146
853 949
179 733
791 657
791 593
393 652
393 319
499 943
499 224
499 423
917 911
917 708
917 298
917 360
902 545
902 882
918 694
918 785
396 448
396 288
396 842
12 578
794 468
794 860
748 343
748 992
165 742
165 987
165 865
472 721
472 134
472 929
880 303
562 634
562 276
739 886
739 319
739 987
739 925
45 637
45 854
63 907
295 410
295 733
295 355
295 31
298 570
298 354
298 31
298 69
711 340
711 94
711 71
536 88
214 895
214 753
214 342
557 657
557 984
770 534
399 967
399 434
429 441
429 564
429 696
429 833
434 520
434 545
74 466
74 262
956 71
702 294
182 769
182 625
182 650
120 88
120 330
366 286
366 224
366 721
615 657
615 753
545 708
899 236
899 995
392 768
392 696
487 520
487 137
874 769
874 922
744 685
744 610
744 433
744 445
741 611
210 146
210 282
210 826
869 908
869 724
139 100
139 637
171 343
171 920
742 611
508 879
641 193
641 896
303 224
597 413
597 359
865 262
637 264
586 354
586 747
896 349
441 681
441 833
441 850
468 984
468 38
468 71
657 694
657 264
995 325
995 502
995 330
330 357
316 680
316 340
527 417
158 51
158 886
767 751
767 413
767 219
736 286
378 324
378 417
680 920
992 276
497 332
675 266
890 903
785 368
911 650
842 288
124 533
124 88
124 850
619 125
619 185
448 89
448 932
410 587
410 844
410 882
689 509
8 895
223 374
755 325
755 118
860 357
750 681
708 531
291 530
291 14
217 867
89 71
307 871
307 262
671 681
671 144
187 503
187 553
187 109
386 360
595 988
445 694
445 417
483 377
1 898
730 282
611 471
332 622
301 67
276 859
276 349
80 656
882 180
266 879
266 652
852 100
533 955
533 197
985 705
985 740
354 625
354 751
988 658
652 886
652 542
705 542
705 509
705 854
236 740
394 834
94 957
859 14
859 698
972 868
342 868
871 809
871 437
903 296
319 685
167 25
634 373
651 437
895 359
764 264
949 69
100 943
37 360
373 578
854 542
288 659
219 154
868 786
426 747
515 488
