474 61
474 900
474 7
474 468
474 168
474 74
474 400
474 256
474 706
474 402
971 456
971 91
971 766
971 282
971 135
971 411
971 324
971 195
971 403
971 201
250 425
250 267
250 307
250 480
250 776
250 146
250 389
250 427
250 282
250 333
260 51
260 274
260 923
260 425
260 973
260 581
260 18
260 34
260 256
260 686
77 110
77 935
77 715
77 817
77 945
77 329
77 421
77 537
77 343
77 361
746 324
746 175
746 539
746 116
746 110
746 470
746 893
746 718
746 166
746 608
273 999
273 817
273 318
273 735
273 146
273 384
273 801
273 978
273 315
273 941
392 281
392 477
392 784
392 641
392 500
392 289
392 249
392 126
392 955
392 78
130 467
130 173
130 756
130 277
130 583
130 419
130 973
130 536
130 290
130 794
380 929
380 709
380 67
380 193
380 382
380 869
380 975
380 804
380 234
380 271
66 148
66 665
66 163
66 209
66 291
66 173
66 85
66 268
66 820
66 160
624 895
624 451
624 742
624 49
624 26
624 855
624 786
624 481
624 978
624 63
198 997
198 279
198 623
198 820
198 265
198 575
198 523
198 578
198 640
198 793
514 295
514 125
514 545
514 177
514 2
514 770
514 219
514 521
514 15
514 944
299 996
299 793
299 428
299 940
299 313
299 888
299 141
299 155
299 18
299 265
566 583
566 910
566 737
566 593
566 335
566 139
566 819
566 383
566 42
566 70
290 445
290 37
290 397
290 427
290 591
290 444
290 415
290 668
290 547
568 543
568 614
568 366
568 121
568 972
568 593
568 91
568 56
568 694
568 964
727 456
727 775
727 947
727 60
727 576
727 817
727 154
727 101
727 967
727 821
12 328
12 678
12 672
12 700
12 76
12 498
12 673
12 14
12 738
12 89
509 890
509 329
509 873
509 42
509 741
509 908
509 334
509 521
509 534
509 26
347 13
347 8
347 793
347 977
347 670
347 685
347 429
347 985
347 53
347 846
728 127
728 23
728 181
728 947
728 540
728 901
728 956
728 646
728 799
728 603
165 338
165 513
165 956
165 396
165 866
165 366
165 619
165 812
165 376
165 688
458 677
458 837
458 153
458 448
458 647
458 343
458 617
458 491
458 753
458 732
436 146
436 196
436 415
436 221
436 996
436 541
436 980
436 529
436 584
436 232
921 763
921 935
921 159
921 626
921 248
921 969
921 384
921 45
921 316
921 865
237 713
237 628
237 743
237 381
237 842
237 321
237 274
237 199
237 782
237 480
977 661
977 574
977 759
977 400
977 616
977 863
977 325
977 8
977 285
378 371
378 894
378 552
378 24
378 185
378 391
378 53
378 134
378 896
378 409
189 444
189 93
189 344
189 328
189 214
189 59
189 831
189 475
189 821
189 51
936 917
936 423
936 800
936 885
936 169
936 957
936 919
936 786
936 2
936 574
667 238
667 230
667 826
667 891
667 482
667 861
667 758
667 276
667 85
667 457
682 6
682 700
682 500
682 923
682 164
682 64
682 319
682 660
682 316
682 431
880 986
880 688
880 629
880 195
880 437
880 303
880 314
880 513
880 449
880 133
975 715
975 654
975 878
975 871
975 207
975 863
975 550
975 67
975 411
644 271
644 443
644 699
644 488
644 673
644 740
644 159
644 115
644 554
644 937
698 386
698 415
698 197
698 625
698 765
698 827
698 389
698 484
698 104
698 46
745 23
745 654
745 373
745 267
745 184
745 262
745 414
745 865
745 893
745 60
750 271
750 744
750 340
750 148
750 366
750 851
750 92
750 56
750 268
750 891
459 684
459 556
459 310
459 129
459 213
459 575
459 144
459 988
459 178
459 468
918 894
918 275
918 346
918 404
918 249
918 175
918 155
918 882
918 174
918 970
65 982
65 577
65 527
65 313
65 292
65 224
65 154
65 265
65 51
65 970
762 934
762 594
762 939
762 60
762 629
762 835
762 187
762 649
762 992
762 778
371 337
371 835
371 709
371 52
371 486
371 840
371 414
371 383
371 933
805 913
805 357
805 129
805 928
805 388
805 570
805 850
805 439
805 942
805 339
103 257
103 115
103 633
103 655
103 416
103 511
103 927
103 88
103 209
103 308
236 784
236 179
236 150
236 929
236 10
236 695
236 454
236 969
236 793
236 277
58 559
58 539
58 405
58 482
58 986
58 180
58 187
58 421
58 565
58 823
759 652
759 809
759 863
759 956
759 285
759 33
759 723
759 439
759 878
1 832
1 50
1 157
1 422
1 485
1 430
1 503
1 548
1 718
1 765
188 629
188 180
188 233
188 779
188 541
188 627
188 139
188 162
188 871
188 146
312 358
312 123
312 207
312 335
312 892
312 853
312 902
312 327
312 63
312 140
346 636
346 552
346 942
346 526
346 713
346 217
346 348
346 511
346 199
69 272
69 706
69 791
69 554
69 86
69 450
69 733
69 904
69 121
69 253
588 766
588 697
588 799
588 21
588 331
588 233
588 815
588 496
588 499
588 484
96 60
96 973
96 487
96 425
96 910
96 166
96 534
96 641
96 932
96 51
462 600
462 164
462 650
462 862
462 512
462 10
462 978
462 716
462 249
462 799
734 513
734 178
734 115
734 175
734 354
734 355
734 368
734 689
734 912
734 36
749 453
749 301
749 407
749 262
749 960
749 311
749 235
749 958
749 282
749 435
145 167
145 174
145 688
145 540
145 20
145 265
145 911
145 529
145 549
145 605
354 562
354 516
354 79
354 124
354 953
354 676
354 401
354 226
354 881
16 294
16 396
16 421
16 928
16 523
16 349
16 226
16 141
16 852
16 157
469 587
469 262
469 666
469 799
469 882
469 955
469 702
469 30
469 345
469 147
815 362
815 21
815 223
815 678
815 336
815 857
815 836
815 923
815 913
822 226
822 909
822 835
822 610
822 655
822 432
822 39
822 575
822 922
822 838
634 545
634 616
634 6
634 395
634 507
634 859
634 68
634 650
634 231
634 495
747 317
747 989
747 868
747 343
747 572
747 685
747 496
747 23
747 652
747 170
856 777
856 36
856 809
856 267
856 852
856 868
856 662
856 963
856 731
856 967
860 291
860 608
860 494
860 553
860 647
860 609
860 345
860 44
860 138
860 843
9 753
9 755
9 694
9 504
9 437
9 503
9 873
9 33
9 666
9 573
695 773
695 723
695 444
695 802
695 911
695 387
695 774
695 729
695 851
426 519
426 911
426 511
426 317
426 2
426 337
426 867
426 994
426 987
426 882
983 440
983 569
983 903
983 724
983 890
983 476
983 584
983 3
983 207
983 460
228 603
228 912
228 711
228 42
228 184
228 356
228 433
228 310
228 70
228 471
473 640
473 916
473 257
473 773
473 673
473 711
473 126
473 758
473 633
473 47
388 570
388 913
388 357
388 7
388 631
388 850
388 339
388 285
388 888
475 437
475 278
475 122
475 611
475 225
475 970
475 460
475 680
475 502
810 247
810 886
810 804
810 792
810 226
810 120
810 506
810 477
810 186
810 315
865 537
865 703
865 23
865 861
865 678
865 418
865 100
865 320
132 416
132 666
132 859
132 847
132 427
132 868
132 399
132 967
132 671
132 883
657 381
657 849
657 813
657 872
657 844
657 507
657 852
657 647
657 59
657 133
261 580
261 224
261 123
261 159
261 902
261 507
261 256
261 115
261 600
261 845
542 743
542 842
542 671
542 454
542 321
542 658
542 874
542 289
542 713
542 991
393 705
393 929
393 551
393 106
393 349
393 867
393 184
393 450
393 391
393 683
374 931
374 222
374 400
374 681
374 539
374 684
374 938
374 487
374 285
374 521
419 298
419 897
419 835
419 562
419 736
419 974
419 233
419 330
419 981
112 332
112 334
112 532
112 430
112 744
112 305
112 118
112 939
112 544
112 365
120 300
120 804
120 173
120 318
120 193
120 765
120 539
120 585
120 664
768 576
768 961
768 847
768 572
768 2
768 492
768 351
768 137
768 97
768 298
323 834
323 157
323 443
323 953
323 650
323 980
323 797
323 370
323 149
323 761
602 468
602 85
602 524
602 987
602 973
602 174
602 7
602 737
602 992
602 263
845 783
845 580
845 799
845 679
845 998
845 902
845 646
845 818
845 190
943 71
943 176
943 34
943 352
943 800
943 993
943 712
943 661
943 17
943 332
75 55
75 480
75 954
75 807
75 331
75 304
75 578
75 406
75 742
75 719
176 332
176 824
176 113
176 193
176 216
176 81
176 219
176 801
176 623
296 662
296 365
296 241
296 319
296 630
296 483
296 532
296 200
296 997
296 441
54 784
54 837
54 529
54 36
54 485
54 482
54 217
54 705
54 589
54 614
306 493
306 556
306 134
306 890
306 889
306 318
306 180
306 492
306 996
306 482
599 716
599 875
599 327
599 671
599 639
599 558
599 760
599 94
599 243
599 631
779 486
779 888
779 164
779 594
779 140
779 489
779 348
779 694
779 8
62 336
62 466
62 471
62 11
62 976
62 0
62 830
62 309
62 310
62 34
840 767
840 431
840 933
840 607
840 147
840 900
840 649
840 457
840 6
98 155
98 266
98 325
98 886
98 170
98 435
98 421
98 666
98 309
98 557
497 315
497 909
497 163
497 643
497 274
497 961
497 516
497 81
497 348
497 224
29 920
29 659
29 74
29 980
29 668
29 444
29 989
29 42
29 73
29 364
663 480
663 662
663 353
663 545
663 926
663 530
663 575
663 142
663 669
663 150
208 214
208 808
208 774
208 114
208 731
208 576
208 125
208 281
208 211
208 676
894 385
894 900
894 93
894 174
894 434
894 527
894 302
894 968
615 152
615 920
615 310
615 949
615 792
615 908
615 774
615 505
615 736
615 804
925 193
925 206
925 652
925 464
925 164
925 302
925 162
925 28
925 809
925 620
949 874
949 184
949 573
949 804
949 626
949 13
949 679
949 782
949 172
216 175
216 802
216 538
216 108
216 654
216 326
216 401
216 248
216 476
489 552
489 740
489 553
489 986
489 362
489 223
489 470
489 266
489 8
455 996
455 6
455 88
455 457
455 858
455 484
455 412
455 326
455 126
455 857
771 710
771 30
771 118
771 262
771 948
771 847
771 21
771 733
771 468
771 466
501 672
501 586
501 919
501 796
501 205
501 477
501 450
501 740
501 139
501 808
887 543
887 987
887 121
887 623
887 800
887 651
887 471
887 20
887 50
887 264
243 376
243 396
243 690
243 546
243 479
243 801
243 656
243 38
243 668
851 146
851 862
851 329
851 820
851 173
851 774
851 57
851 498
608 562
608 471
608 968
608 227
608 609
608 93
608 494
608 553
720 43
720 153
720 794
720 213
720 620
720 360
720 139
720 359
720 206
720 416
28 591
28 803
28 592
28 596
28 981
28 492
28 38
28 790
28 852
594 946
594 710
594 732
594 529
594 506
594 637
594 793
594 794
785 704
785 874
785 736
785 993
785 351
785 153
785 40
785 322
785 152
785 280
305 79
305 470
305 939
305 969
305 441
305 202
305 935
305 651
305 546
948 150
948 652
948 847
948 561
948 642
948 869
948 961
948 723
948 962
598 84
598 244
598 322
598 687
598 254
598 846
598 550
598 714
598 14
598 288
675 963
675 806
675 536
675 684
675 156
675 277
675 213
675 987
675 18
675 775
288 714
288 903
288 688
288 244
288 910
288 84
288 674
288 254
288 550
486 337
486 706
486 94
486 951
486 560
486 665
486 577
486 947
526 997
526 156
526 926
526 736
526 788
526 520
526 413
526 869
526 883
543 194
543 409
543 646
543 440
543 423
543 725
543 359
543 993
83 538
83 507
83 816
83 976
83 858
83 951
83 478
83 21
83 328
83 33
202 252
202 117
202 629
202 172
202 472
202 766
202 791
202 999
202 33
200 970
200 181
200 44
200 614
200 212
200 804
200 328
200 274
200 630
787 829
787 105
787 448
787 635
787 505
787 523
787 334
787 732
787 445
787 783
916 999
916 5
916 631
916 257
916 589
916 484
916 126
916 711
916 923
957 414
957 483
957 144
957 897
957 931
957 917
957 71
957 909
957 495
219 579
219 57
219 81
219 824
219 193
219 929
219 958
219 48
800 26
800 25
800 181
800 777
800 513
800 264
800 993
621 770
621 192
621 41
621 886
621 139
621 398
621 715
621 109
621 926
621 515
780 27
780 496
780 263
780 478
780 676
780 753
780 444
780 741
780 951
780 744
612 433
612 910
612 760
612 763
612 384
612 717
612 47
612 332
612 265
612 105
960 114
960 614
960 238
960 90
960 395
960 938
960 989
960 868
960 826
333 869
333 974
333 234
333 976
333 580
333 270
333 47
333 998
333 56
669 731
669 206
669 23
669 530
669 662
669 480
669 843
669 798
669 826
99 637
99 826
99 864
99 156
99 625
99 465
99 686
99 317
99 867
99 758
962 847
962 645
962 385
962 72
962 820
962 262
962 274
962 723
962 94
965 287
965 194
965 763
965 327
965 92
965 753
965 739
965 48
965 382
965 52
406 353
406 670
406 442
406 356
406 778
406 592
406 487
406 798
406 679
610 692
610 655
610 295
610 432
610 49
610 247
610 521
610 39
610 922
192 706
192 620
192 534
192 139
192 685
192 986
192 148
192 545
192 222
266 63
266 366
266 492
266 601
266 572
266 817
266 481
266 980
563 431
563 570
563 677
563 626
563 573
563 300
563 978
563 190
563 970
563 685
205 838
205 521
205 614
205 97
205 348
205 859
205 919
205 863
205 817
730 900
730 820
730 920
730 554
730 379
730 533
730 366
730 148
730 412
730 101
301 119
301 186
301 477
301 284
301 262
301 356
301 985
301 556
301 390
438 124
438 933
438 217
438 654
438 365
438 877
438 513
438 824
438 643
438 277
179 283
179 159
179 155
179 442
179 55
179 891
179 248
179 166
179 596
677 343
677 35
677 88
677 359
677 551
677 113
677 557
677 369
225 285
225 227
225 143
225 876
225 970
225 640
225 463
225 204
225 681
564 150
564 926
564 987
564 446
564 988
564 207
564 47
564 332
564 154
564 721
230 964
230 15
230 650
230 529
230 297
230 412
230 826
230 891
230 271
908 628
908 987
908 332
908 736
908 26
908 774
908 686
908 710
183 360
183 607
183 547
183 555
183 439
183 641
183 809
183 181
183 363
183 627
567 386
567 690
567 697
567 411
567 670
567 752
567 904
567 583
567 541
567 725
64 692
64 106
64 425
64 643
64 464
64 648
64 625
64 789
64 560
875 867
875 933
875 7
875 794
875 869
875 8
875 116
875 952
875 699
231 450
231 164
231 490
231 218
231 399
231 375
231 304
231 719
231 114
463 684
463 518
463 756
463 413
463 814
463 386
463 286
463 737
463 36
160 291
160 850
160 396
160 57
160 277
160 118
160 716
160 178
160 693
241 630
241 947
241 998
241 53
241 701
241 155
241 86
241 258
241 441
400 235
400 743
400 72
400 808
400 70
400 328
400 48
102 356
102 125
102 516
102 410
102 652
102 576
102 88
102 808
102 211
102 281
699 522
699 11
699 740
699 13
699 869
699 264
699 986
699 554
341 504
341 823
341 565
341 697
341 422
341 984
341 364
341 215
341 945
341 554
981 968
981 902
981 835
981 937
981 461
981 864
981 665
981 31
377 11
377 544
377 420
377 863
377 35
377 264
377 680
377 778
377 425
377 758
409 756
409 196
409 537
409 279
409 970
409 499
409 143
409 813
373 168
373 106
373 571
373 487
373 184
373 282
373 617
373 124
373 262
704 507
704 307
704 33
704 440
704 928
704 326
704 534
704 21
704 517
440 858
440 114
440 0
440 255
440 726
440 185
440 494
465 304
465 848
465 952
465 310
465 57
465 944
465 956
465 605
465 722
71 532
71 569
71 705
71 113
71 905
71 990
71 32
71 49
339 818
339 113
339 850
339 913
339 357
339 553
339 570
339 235
324 385
324 50
324 282
324 403
324 163
324 633
324 140
324 424
519 453
519 992
519 207
519 721
519 379
519 232
519 776
519 973
519 309
582 767
582 133
582 117
582 57
582 307
582 577
582 776
582 87
582 126
582 42
814 79
814 456
814 11
814 286
814 649
814 904
814 350
814 888
814 211
203 952
203 794
203 537
203 113
203 622
203 660
203 134
203 418
203 212
203 73
229 632
229 884
229 217
229 906
229 363
229 655
229 917
229 127
229 934
229 283
581 425
581 666
581 752
581 307
581 505
581 204
581 113
581 265
581 264
855 63
855 92
855 786
855 367
855 978
855 481
855 451
855 348
855 638
512 978
512 106
512 831
512 15
512 518
512 835
512 316
512 10
512 470
984 382
984 982
984 105
984 684
984 326
984 287
984 214
984 390
984 376
92 154
92 763
92 287
92 484
92 804
92 786
92 48
398 523
398 691
398 372
398 830
398 696
398 590
398 714
398 884
398 149
449 372
449 43
449 974
449 221
449 14
449 403
449 658
449 303
449 302
635 876
635 363
635 837
635 575
635 632
635 898
635 399
635 434
635 13
275 381
275 85
275 351
275 533
275 495
275 245
275 220
275 2
275 286
151 248
151 221
151 557
151 842
151 585
151 535
151 334
151 52
151 584
151 308
712 97
712 19
712 739
712 593
712 167
712 899
712 990
712 210
712 661
442 999
442 155
442 314
442 357
442 737
442 891
442 166
442 953
632 571
632 88
632 807
632 738
632 929
632 647
632 363
632 833
516 789
516 226
516 315
516 643
516 794
516 340
516 107
239 270
239 530
239 252
239 979
239 128
239 418
239 51
239 818
239 741
239 930
946 259
946 352
946 170
946 351
946 284
946 904
946 718
946 123
946 731
280 227
280 394
280 27
280 415
280 33
280 340
280 282
280 48
280 905
755 580
755 52
755 435
755 670
755 535
755 117
755 963
755 829
755 694
491 976
491 302
491 95
491 954
491 218
491 33
491 493
491 335
491 131
938 131
938 322
938 872
938 153
938 37
938 623
938 958
938 114
122 821
122 209
122 115
122 50
122 996
122 500
122 686
122 163
122 703
546 879
546 155
546 551
546 760
546 797
546 973
546 533
546 716
524 172
524 255
524 404
524 702
524 174
524 833
524 829
524 248
524 535
144 879
144 623
144 289
144 213
144 428
144 757
144 349
144 27
830 252
830 309
830 508
830 559
830 726
830 336
830 369
830 234
653 956
653 185
653 456
653 184
653 532
653 118
653 754
653 357
653 515
653 886
707 898
707 119
707 790
707 893
707 702
707 738
707 38
707 540
707 517
707 912
606 889
606 579
606 118
606 778
606 569
606 873
606 394
606 972
606 561
606 182
861 476
861 150
861 308
861 238
861 350
861 754
861 366
861 276
648 468
648 693
648 158
648 367
648 944
648 934
648 362
648 19
648 826
674 470
674 150
674 726
674 539
674 370
674 545
674 384
674 482
674 41
766 411
766 826
766 959
766 710
766 5
766 764
766 978
104 338
104 376
104 153
104 731
104 850
104 940
104 578
104 348
104 248
879 425
879 570
879 370
879 158
879 428
879 330
879 490
879 966
90 924
90 187
90 726
90 992
90 291
90 864
90 622
90 788
90 869
715 493
715 912
715 571
715 375
715 722
715 539
715 935
53 719
53 126
53 352
53 42
53 954
53 196
53 267
833 343
833 520
833 129
833 705
833 549
833 116
833 258
833 505
636 668
636 437
636 493
636 963
636 522
636 932
636 424
636 289
636 859
888 661
888 646
888 630
888 692
888 72
888 41
152 91
152 40
152 732
152 881
152 349
152 322
152 329
152 619
664 328
664 897
664 765
664 679
664 979
664 111
664 204
664 270
664 127
330 19
330 966
330 761
330 723
330 710
330 227
330 264
330 974
818 725
818 570
818 251
818 913
818 589
818 897
818 252
17 955
17 177
17 289
17 994
17 839
17 249
17 640
17 78
17 167
358 97
358 139
358 57
358 424
358 561
358 180
358 74
358 623
358 154
585 217
585 789
585 424
585 922
585 982
585 941
585 285
585 52
882 692
882 495
882 128
882 792
882 541
882 308
882 583
874 375
874 626
874 976
874 658
874 837
874 267
874 911
210 482
210 32
210 572
210 246
210 638
210 973
210 560
210 718
210 411
379 839
379 175
379 717
379 548
379 232
379 764
379 912
379 789
531 650
531 423
531 854
531 549
531 709
531 206
531 744
531 932
531 383
531 461
700 660
700 500
700 498
700 345
700 316
700 484
700 247
700 658
954 578
954 719
954 742
954 218
954 807
954 331
954 479
135 315
135 411
135 812
135 195
135 255
135 394
135 709
135 654
135 616
19 897
19 723
19 935
19 998
19 142
19 445
19 365
30 34
30 466
30 430
30 733
30 955
30 637
30 997
30 613
483 44
483 249
483 955
483 485
483 286
483 937
483 735
483 382
659 173
659 327
659 591
659 326
659 466
659 956
659 212
659 153
659 117
87 511
87 172
87 291
87 496
87 528
87 576
87 224
87 527
87 808
724 834
724 3
724 903
724 858
724 352
724 405
724 460
724 499
724 527
713 743
713 842
713 942
713 321
713 844
713 199
713 628
45 963
45 384
45 987
45 968
45 420
45 137
45 517
45 589
45 595
433 336
433 883
433 262
433 42
433 998
433 412
433 668
433 864
196 372
196 100
196 414
196 110
196 670
196 571
196 315
895 332
895 127
895 710
895 651
895 431
895 56
895 711
895 270
895 223
177 944
177 881
177 655
177 508
177 125
177 295
177 912
177 909
705 292
705 313
705 940
705 485
705 580
705 821
708 990
708 0
708 931
708 884
708 995
708 652
708 450
708 523
708 410
708 907
448 732
448 249
448 596
448 50
448 505
448 502
448 60
448 386
557 154
557 824
557 383
557 691
557 733
557 709
557 933
703 180
703 439
703 369
703 769
703 979
703 809
703 313
703 479
783 798
783 691
783 447
783 190
783 654
783 725
783 133
783 445
854 709
854 134
854 871
854 423
854 744
854 320
854 952
854 295
854 56
952 893
952 157
952 944
952 116
952 813
952 7
446 591
446 996
446 140
446 926
446 671
446 825
446 490
446 905
446 340
898 614
898 467
898 338
898 513
898 115
898 164
898 527
898 381
302 641
302 316
302 844
302 968
302 410
302 454
853 327
853 619
853 74
853 892
853 461
853 934
853 596
853 639
853 538
116 44
116 538
116 871
116 832
116 46
116 828
314 41
314 155
314 535
314 593
314 639
314 327
314 171
314 562
828 73
828 574
828 852
828 31
828 129
828 434
828 910
828 681
828 701
899 408
899 460
899 553
899 739
899 778
899 351
899 149
899 792
899 97
422 997
422 521
422 617
422 328
422 837
422 963
422 327
422 485
662 843
662 731
662 760
662 278
662 614
662 920
353 819
353 485
353 47
353 292
353 251
353 340
353 117
353 240
791 321
791 52
791 691
791 222
791 642
791 472
791 829
791 986
941 933
941 912
941 655
941 525
941 423
941 517
941 801
941 544
961 232
961 443
961 6
961 848
961 573
961 993
961 351
107 101
107 340
107 844
107 532
107 796
107 74
107 221
107 410
107 430
506 638
506 866
506 320
506 792
506 403
506 161
506 529
506 637
401 79
401 902
401 124
401 577
401 625
401 813
401 953
401 447
447 27
447 638
447 423
447 476
447 902
447 482
447 836
447 298
82 584
82 178
82 834
82 287
82 812
82 706
82 932
82 499
82 676
82 751
678 991
678 21
678 46
678 328
678 777
678 498
678 958
417 214
417 821
417 63
417 282
417 813
417 37
417 375
417 453
417 292
417 572
439 761
439 363
439 809
439 360
439 505
439 846
403 974
403 515
403 282
403 163
403 626
403 789
504 267
504 697
504 896
504 186
504 823
504 945
504 806
504 565
35 134
35 11
35 890
35 680
35 316
35 329
35 852
35 778
108 461
108 408
108 744
108 789
108 547
108 412
108 363
108 883
108 168
408 878
408 67
408 2
408 206
408 356
408 84
408 633
408 259
619 366
619 360
619 429
619 761
619 672
619 61
619 415
503 466
503 224
503 702
503 430
503 601
503 878
503 753
503 666
627 607
627 149
627 871
627 629
627 397
627 757
627 162
627 233
253 86
253 88
253 227
253 48
253 867
253 272
253 781
253 990
253 928
452 942
452 605
452 979
452 665
452 5
452 934
452 4
452 402
452 168
452 622
693 680
693 325
693 429
693 617
693 487
693 901
693 428
693 631
258 86
258 601
258 630
258 505
258 837
258 423
258 549
258 18
917 211
917 13
917 8
917 574
917 359
917 590
917 561
197 207
197 685
197 34
197 575
197 806
197 410
197 928
197 586
197 472
641 794
641 992
641 39
641 607
641 910
641 555
337 245
337 560
337 912
337 495
337 601
337 572
337 969
697 215
697 541
697 823
697 565
697 670
697 272
964 430
964 297
964 985
964 293
964 322
964 78
964 274
964 645
245 357
245 536
245 484
245 892
245 955
245 629
245 872
245 601
574 218
574 852
574 919
574 885
574 25
574 633
138 14
138 668
138 39
138 52
138 317
138 672
138 876
138 472
138 413
167 839
167 985
167 370
167 642
167 688
167 877
167 593
920 269
920 147
920 788
920 257
920 251
920 691
827 277
827 647
827 951
827 722
827 187
827 763
827 89
827 43
827 427
966 890
966 761
966 795
966 345
966 4
966 923
966 710
966 134
472 381
472 979
472 616
472 222
472 415
472 629
738 802
738 831
738 457
738 224
738 518
738 38
738 0
342 743
342 807
342 559
342 806
342 813
342 507
342 979
342 93
342 240
342 548
269 505
269 89
269 42
269 640
269 454
269 68
269 642
269 711
269 939
638 560
638 586
638 246
638 817
638 304
638 680
561 569
561 182
561 445
561 110
561 873
561 889
329 774
329 156
329 890
329 603
329 733
689 823
689 313
689 332
689 586
689 637
689 837
689 240
689 532
689 214
31 172
31 859
31 889
31 878
31 461
31 181
31 835
31 206
995 782
995 382
995 502
995 385
995 147
995 435
995 443
995 246
995 931
39 432
39 902
39 922
39 909
39 655
39 968
590 817
590 959
590 37
590 211
590 247
590 157
590 460
590 445
518 80
518 552
518 129
518 773
518 362
518 613
518 522
823 565
823 929
823 18
823 945
823 215
625 415
625 864
625 386
625 157
625 577
625 95
687 244
687 757
687 159
687 714
687 254
687 550
687 384
687 717
687 84
4 345
4 613
4 22
4 24
4 549
4 20
4 190
4 988
111 849
111 97
111 690
111 274
111 283
111 421
111 293
111 141
111 549
690 368
690 725
690 907
690 956
690 520
690 554
690 413
816 858
816 974
816 494
816 811
816 538
816 154
816 580
816 595
816 498
456 267
456 521
456 517
456 162
456 285
456 175
649 350
649 607
649 900
649 986
649 849
649 79
649 11
294 826
294 520
294 110
294 523
294 384
294 940
294 788
294 437
294 790
587 631
587 494
587 496
587 85
587 510
587 989
587 20
587 914
587 114
255 867
255 764
255 404
255 387
255 935
255 969
255 683
711 819
711 42
711 758
711 589
711 70
40 297
40 362
40 124
40 322
40 251
40 395
40 220
40 614
84 550
84 714
84 718
84 244
84 736
84 254
278 618
278 797
278 866
278 366
278 293
278 737
278 751
278 992
993 533
993 883
993 33
993 881
993 25
46 994
46 681
46 927
46 777
46 726
46 991
46 0
643 798
643 789
643 340
643 870
643 11
643 226
271 891
271 381
271 929
271 137
271 848
271 15
990 914
990 444
990 523
990 652
990 217
990 683
233 915
233 162
233 24
233 100
233 629
233 871
136 595
136 317
136 441
136 992
136 395
136 838
136 480
136 772
136 36
136 344
536 691
536 900
536 915
536 629
536 157
536 773
536 141
254 550
254 143
254 297
254 714
254 34
254 244
757 289
757 429
757 552
757 940
757 781
757 428
757 533
528 5
528 490
528 113
528 147
528 101
528 688
528 511
528 591
528 604
493 980
493 310
493 158
493 676
493 95
493 397
201 272
201 319
201 927
201 110
201 169
201 748
201 904
201 583
201 175
195 282
195 394
195 862
195 628
195 986
195 650
195 591
298 737
298 774
298 37
298 846
298 44
298 950
298 974
431 479
431 754
431 988
431 6
431 545
431 223
834 639
834 540
834 22
834 320
834 721
834 584
834 870
824 763
824 81
824 326
824 622
824 846
824 544
819 70
819 27
819 781
819 549
819 451
819 169
819 488
142 350
142 297
142 692
142 481
142 862
142 276
142 838
142 926
367 420
367 890
367 978
367 143
367 841
367 914
367 857
367 508
131 124
131 790
131 0
131 637
131 416
131 13
131 430
131 950
399 870
399 387
399 140
399 247
399 868
399 490
399 369
478 630
478 263
478 21
478 726
478 992
478 592
478 500
478 951
187 722
187 726
187 622
187 89
187 405
187 903
595 79
595 915
595 292
595 163
595 999
595 849
595 843
803 959
803 976
803 263
803 686
803 592
803 656
803 735
803 647
803 450
726 722
726 988
726 676
831 178
831 334
831 994
831 93
831 106
831 978
831 502
182 169
182 199
182 972
182 889
182 569
182 579
182 27
182 873
696 268
696 326
696 407
696 95
696 55
696 168
696 140
696 402
696 924
886 435
886 792
886 945
886 836
886 811
886 804
429 325
429 837
429 904
429 533
429 670
429 773
434 20
434 717
434 119
434 558
434 364
434 313
434 73
596 68
596 502
596 870
596 547
596 345
596 25
645 297
645 274
645 424
645 723
645 847
645 322
645 781
645 890
776 133
776 797
776 389
776 914
776 541
776 307
776 998
617 387
617 32
617 495
617 631
617 421
617 592
170 355
170 772
170 279
170 223
170 577
170 997
170 505
592 618
592 158
592 988
592 137
592 836
70 525
70 369
70 42
70 729
70 352
252 907
252 930
252 530
252 128
252 741
252 270
508 723
508 560
508 110
508 994
508 420
508 234
508 626
892 365
892 209
892 81
892 140
892 876
892 50
892 49
420 137
420 735
420 356
420 345
420 507
420 835
319 589
319 839
319 877
319 6
319 285
319 905
319 748
109 89
109 672
109 349
109 76
109 206
109 123
109 825
109 782
109 673
365 85
365 532
365 933
365 476
365 897
292 857
292 801
292 959
292 904
292 485
900 61
900 50
900 701
900 607
240 212
240 841
240 864
240 308
240 764
240 985
240 464
969 737
969 60
969 725
969 601
969 10
78 213
78 786
78 642
78 955
78 249
78 322
78 795
907 481
907 652
907 172
907 642
907 618
907 989
907 0
721 207
721 988
721 569
721 163
721 870
721 232
721 534
784 363
784 484
784 272
784 775
784 212
784 482
784 665
559 769
559 656
559 650
559 410
559 877
559 963
559 915
722 386
722 334
722 763
722 774
722 600
397 798
397 97
397 492
397 453
397 351
397 980
397 547
660 100
660 410
660 930
660 658
660 520
660 413
660 6
709 383
709 382
709 933
709 927
897 238
897 933
897 293
897 5
609 716
609 553
609 93
609 259
609 494
609 286
609 537
609 424
18 226
18 806
18 105
18 764
18 939
748 760
748 589
748 106
748 929
748 121
748 593
748 134
748 605
224 396
224 251
224 387
224 272
325 684
325 999
325 368
325 55
325 773
325 435
905 753
905 282
905 88
905 315
905 36
905 352
600 100
600 249
600 115
600 344
600 161
600 507
600 679
825 349
825 654
825 672
825 89
825 76
825 614
825 673
825 320
80 864
80 924
80 23
80 923
80 91
80 124
80 552
80 114
80 937
808 576
808 125
808 555
808 281
808 211
915 758
915 293
915 843
915 603
915 769
915 877
841 308
841 470
841 862
841 985
841 499
841 284
841 407
841 742
906 857
906 884
906 812
906 52
906 510
906 105
906 162
906 307
906 661
63 817
63 348
63 451
63 626
63 481
499 318
499 756
499 958
499 735
499 932
68 125
68 502
68 733
68 821
68 826
68 427
68 650
556 477
556 13
556 618
556 372
556 14
556 903
556 411
26 248
26 651
26 37
26 911
26 172
26 118
464 191
464 343
464 947
464 242
464 795
464 484
464 300
48 227
48 287
48 933
48 394
223 914
223 279
223 555
223 479
223 997
220 847
220 57
220 591
220 654
220 286
220 777
220 171
220 571
451 989
451 978
451 481
451 49
451 786
451 169
910 772
910 244
910 717
910 764
510 441
510 105
510 180
510 551
510 85
510 963
510 611
510 884
620 706
620 213
620 548
620 534
620 396
620 428
620 206
586 811
586 540
586 928
586 313
586 525
586 467
603 852
603 340
603 807
603 928
603 190
603 924
862 650
862 527
862 796
862 896
862 284
76 673
76 928
76 146
76 307
76 672
76 950
76 89
604 511
604 806
604 272
604 979
604 268
604 490
604 988
604 148
604 41
683 215
683 751
683 580
683 180
683 226
683 552
683 613
287 394
287 156
287 47
287 872
287 515
124 676
124 562
124 953
498 89
498 752
498 61
498 74
498 500
701 320
701 947
701 59
701 838
701 537
701 835
701 989
616 242
616 281
616 466
616 611
616 979
616 184
922 909
922 655
922 247
922 432
922 143
922 789
60 967
60 101
60 5
60 487
38 91
38 580
38 492
38 5
38 790
38 980
164 154
164 527
164 893
164 802
331 304
331 807
331 959
331 496
331 742
331 578
331 719
318 300
318 772
318 681
318 44
318 928
318 432
97 470
97 739
97 351
357 850
357 913
357 156
357 618
127 714
127 50
127 376
127 467
127 835
127 390
535 248
535 359
535 735
535 829
535 744
535 782
263 470
263 741
263 770
263 500
263 32
263 951
881 646
881 515
881 769
881 21
881 553
881 41
395 934
395 614
395 496
395 868
395 859
395 538
414 820
414 769
414 471
414 171
414 24
414 404
344 147
344 61
344 67
344 173
344 161
344 36
344 88
597 43
597 105
597 14
597 799
597 844
597 937
597 795
597 927
597 389
597 155
930 418
930 979
930 530
930 338
930 128
930 741
930 270
527 174
527 352
527 884
777 991
777 950
777 286
777 0
777 893
866 637
866 633
866 47
866 532
866 149
866 191
866 335
376 343
376 390
376 214
376 396
376 256
522 384
522 515
522 552
522 554
522 355
522 692
522 911
761 890
761 73
761 876
761 982
761 300
168 460
168 402
168 706
168 937
168 571
558 8
558 327
558 190
558 832
558 175
558 896
558 41
558 944
725 247
725 186
725 533
725 234
702 133
702 912
702 540
702 666
702 209
702 59
244 345
244 550
244 714
244 143
740 665
740 470
740 141
740 795
740 919
740 796
839 927
839 717
839 88
839 285
839 114
839 20
951 24
951 405
951 741
951 533
764 7
764 593
764 361
764 717
782 548
782 945
782 361
782 396
782 382
232 980
232 923
232 171
232 988
232 321
259 79
259 284
259 424
259 67
259 967
259 928
259 36
364 2
364 137
364 453
364 235
364 242
364 950
364 119
171 57
171 79
171 573
171 997
171 283
171 368
251 101
251 658
251 24
251 485
251 550
742 719
742 265
742 578
742 304
742 55
372 444
372 264
372 691
372 234
372 613
372 267
656 967
656 488
656 987
656 686
656 896
656 450
656 765
246 694
246 85
246 496
246 154
246 731
246 844
246 3
283 903
283 3
283 502
283 405
283 537
283 997
613 265
613 362
613 234
613 691
613 490
369 809
369 479
369 428
369 729
369 490
10 523
10 309
10 525
10 904
10 277
10 737
454 976
454 321
454 13
454 640
454 797
454 316
32 444
32 500
32 51
32 572
32 49
32 868
213 953
213 998
213 390
213 548
487 415
487 605
487 356
487 867
190 8
190 432
190 872
190 796
14 903
14 876
14 155
14 668
947 998
947 525
947 770
947 848
249 955
249 289
857 343
857 679
857 81
857 387
857 105
579 394
579 44
579 386
579 889
579 569
579 972
579 873
732 238
732 611
732 461
732 753
732 680
968 521
968 902
968 870
968 149
55 304
55 719
55 891
55 807
55 149
991 950
991 137
991 786
991 5
991 846
991 513
256 737
256 313
256 7
256 227
256 405
256 402
520 982
520 368
520 413
520 338
520 902
798 348
798 547
798 480
798 870
798 226
113 786
113 752
113 147
161 268
161 37
161 88
161 21
161 61
161 772
161 513
227 2
227 847
227 394
194 661
194 686
194 775
194 876
194 402
194 688
194 169
194 795
204 926
204 924
204 407
204 863
204 752
204 311
204 640
801 735
801 758
801 315
801 129
801 666
238 276
238 293
238 435
238 476
238 461
50 718
50 953
391 370
391 375
391 751
391 247
391 681
391 25
391 242
391 551
21 362
575 793
575 844
575 820
575 180
100 320
100 658
100 141
100 852
100 671
868 623
868 628
868 49
117 416
117 387
117 327
117 859
117 953
185 74
185 756
185 412
185 639
185 310
185 366
185 896
646 580
646 539
646 23
646 850
646 902
618 790
618 967
618 172
618 796
618 871
361 435
361 945
361 390
361 307
361 52
361 611
361 739
743 321
743 628
743 381
743 842
743 199
421 958
421 156
421 303
421 180
481 407
481 311
481 642
186 754
186 276
186 931
186 123
186 119
186 477
359 174
359 950
359 773
359 56
359 877
141 166
141 157
141 893
141 265
736 788
736 774
736 173
736 311
735 315
735 235
735 453
931 443
931 838
931 468
931 193
931 217
754 545
754 838
754 773
754 691
754 276
754 355
295 944
295 521
295 871
295 770
295 806
295 909
893 760
893 166
893 118
914 859
914 555
914 795
914 300
914 939
926 799
926 794
926 770
22 686
22 389
22 394
22 355
22 311
22 729
22 555
22 20
885 795
885 786
885 326
885 974
885 706
885 911
885 919
885 218
101 640
101 5
101 174
101 767
418 530
418 423
418 537
418 270
418 128
418 671
665 796
665 858
665 958
665 303
842 199
842 91
842 628
842 942
842 765
214 390
214 637
214 676
214 821
428 313
428 206
428 809
901 540
901 15
901 781
901 444
901 23
901 767
901 375
901 934
147 932
147 591
147 441
622 27
622 457
622 163
622 432
622 291
765 327
765 485
765 832
765 718
661 872
661 402
661 847
661 382
843 642
843 731
843 729
843 927
843 681
848 336
848 872
848 640
848 929
848 308
848 72
950 817
950 0
950 987
300 345
300 716
300 729
300 191
837 129
837 51
281 370
281 767
281 125
281 415
281 576
24 335
24 72
24 769
24 94
673 468
673 349
673 89
673 672
979 775
218 95
218 25
218 477
218 335
218 919
394 441
405 758
405 3
405 903
405 753
470 416
477 919
477 126
477 56
268 482
268 148
268 756
268 423
268 338
350 297
350 502
350 276
350 692
350 123
350 686
671 639
671 427
671 973
671 381
33 729
33 437
553 494
553 515
553 480
389 221
389 529
389 307
389 413
389 985
555 607
555 480
555 781
555 94
368 940
368 999
368 788
368 336
368 316
846 974
846 793
846 562
846 180
215 565
215 924
215 580
215 279
215 554
215 670
338 352
338 115
338 159
338 799
753 548
753 457
235 982
235 453
235 576
235 242
235 639
25 153
25 242
25 370
25 751
162 832
162 6
162 891
162 871
792 867
792 320
792 804
792 694
412 529
412 883
412 191
412 484
744 317
744 684
744 61
872 532
872 647
872 849
59 133
59 821
59 537
59 838
59 718
59 424
413 410
413 485
413 812
148 222
148 404
148 86
148 362
284 517
284 79
284 6
284 390
284 573
352 731
352 34
212 985
212 95
212 363
212 970
212 601
467 385
467 889
467 583
467 589
467 714
467 812
363 360
363 217
752 320
752 863
752 407
752 311
752 560
123 126
123 276
123 494
123 692
883 349
883 944
883 611
883 106
996 492
996 222
996 340
996 146
410 221
410 652
832 445
832 150
832 718
832 272
832 781
836 756
836 159
836 811
836 679
836 360
836 565
940 891
940 939
940 15
940 769
932 870
932 963
932 565
932 43
7 570
7 679
7 468
829 717
829 642
829 402
829 495
829 276
525 544
525 362
525 884
525 443
525 383
935 863
935 802
935 571
935 972
927 956
927 681
927 153
876 668
876 317
876 772
317 415
317 959
317 772
591 173
591 647
441 679
441 672
441 404
407 924
407 729
407 311
407 863
44 633
44 626
44 760
849 133
849 307
849 242
849 267
849 178
360 309
360 488
360 114
360 788
425 982
425 729
425 264
222 994
222 544
222 41
222 688
191 789
191 345
191 605
191 956
191 453
191 769
370 279
370 797
370 149
51 530
51 128
51 923
623 424
623 562
623 72
140 812
140 490
140 326
274 293
274 630
430 81
430 293
430 637
685 970
685 545
685 207
685 793
685 544
2 739
2 994
43 416
43 770
43 3
43 73
43 321
94 322
94 72
94 811
94 794
94 998
443 277
443 797
443 651
443 264
56 340
56 309
56 496
279 631
279 193
279 149
279 577
811 310
811 552
811 468
811 471
811 386
181 461
181 637
181 517
181 172
181 174
688 554
688 513
769 694
769 706
416 758
416 308
416 257
972 569
972 873
972 767
972 27
972 199
272 86
272 781
737 756
445 427
445 733
445 121
626 234
626 844
924 311
924 355
924 534
686 867
572 444
572 790
572 411
385 72
385 577
385 544
385 67
385 864
411 959
411 583
37 911
37 49
37 593
437 34
437 986
437 710
437 173
293 934
293 775
128 143
128 530
128 270
128 741
89 672
479 537
479 773
479 789
479 105
257 551
257 67
257 488
257 126
257 633
119 356
119 772
119 355
119 790
119 717
460 211
460 3
460 383
460 584
3 584
3 903
3 334
11 852
11 869
11 310
569 873
569 889
651 471
651 121
651 264
651 716
651 903
61 207
61 137
61 607
129 362
129 178
129 570
578 807
578 86
578 719
578 20
571 942
571 806
571 802
870 547
870 320
601 540
601 980
601 291
530 741
530 270
286 221
286 998
286 529
541 494
541 583
541 326
541 328
552 751
242 751
242 67
242 639
658 858
658 560
658 118
589 551
589 106
492 247
492 980
492 457
767 515
767 959
767 335
767 277
970 143
149 650
544 334
544 718
781 221
781 169
896 775
896 490
896 974
896 450
513 812
775 821
775 751
775 432
466 976
466 793
466 583
466 153
121 716
121 91
121 733
121 584
729 366
850 913
850 156
850 570
867 23
963 967
871 629
453 211
453 126
125 211
125 34
125 576
573 79
573 159
573 694
573 476
404 999
404 877
404 311
404 945
909 655
909 432
909 944
904 826
904 670
494 647
802 911
802 788
802 994
802 654
540 15
540 549
106 47
106 551
797 763
797 878
797 133
987 973
139 41
139 809
139 545
982 143
982 217
982 105
91 809
91 538
91 953
166 157
166 694
166 889
166 873
692 488
692 297
679 630
158 507
158 630
158 457
158 989
158 134
158 676
577 8
577 560
807 719
807 304
989 114
989 545
207 934
934 505
480 427
813 495
813 945
813 163
813 507
20 959
20 605
821 427
270 315
878 863
878 666
878 985
878 806
770 937
770 15
770 994
303 760
303 74
303 919
303 684
303 739
303 351
41 297
154 156
706 694
423 476
355 351
355 134
355 335
889 873
891 15
137 838
137 955
945 390
560 110
217 844
15 118
716 858
716 538
291 511
291 992
291 869
432 655
760 795
760 551
607 937
607 336
680 81
680 611
680 316
680 778
731 471
985 666
923 751
923 913
157 115
424 488
343 670
343 942
57 193
57 27
631 387
631 193
631 605
199 942
199 628
199 321
115 500
884 36
884 383
884 523
173 756
532 994
804 13
652 611
820 793
820 778
820 209
178 533
178 36
178 795
997 49
988 383
476 150
476 533
812 93
812 73
496 85
27 169
209 163
209 169
209 226
209 778
309 944
309 0
309 336
86 554
86 539
86 549
73 95
73 684
73 511
959 146
562 676
562 681
562 953
277 756
95 654
95 723
95 864
328 402
973 529
156 34
193 929
81 605
81 565
267 375
5 999
640 999
584 247
584 308
332 47
332 8
461 276
461 611
534 799
534 758
534 838
630 796
143 550
308 495
515 322
515 739
450 976
450 488
939 297
939 334
939 375
488 733
488 633
877 773
877 593
877 548
85 471
778 517
733 502
549 383
304 551
304 719
175 316
175 110
937 74
937 335
710 262
710 427
74 639
511 942
511 172
958 435
958 110
958 796
844 221
790 788
790 517
741 150
570 913
335 583
169 67
285 390
349 184
349 639
647 381
717 593
153 668
723 356
49 548
93 118
93 547
93 435
628 321
628 942
538 967
538 858
382 375
382 788
67 633
739 684
739 52
234 47
234 146
13 184
150 642
133 912
72 221
72 396
992 772
146 817
159 384
159 311
313 265
714 550
955 289
539 375
539 482
976 859
786 763
23 799
913 794
864 356
847 517
751 796
772 681
565 289
402 806
457 500
457 858
174 691
859 911
206 134
386 468
386 611
262 184
919 521
348 387
348 605
471 310
956 387
248 334
248 548
774 986
495 381
336 668
336 869
396 523
211 576
763 384
502 547
967 547
289 890
