292 893
292 284
292 193
292 780
292 793
292 628
292 619
292 209
292 374
292 400
671 801
671 182
671 69
671 268
671 621
671 591
671 881
671 488
671 937
671 535
806 985
806 28
806 268
806 233
806 706
806 984
806 554
806 497
806 528
806 310
892 215
892 33
892 570
892 651
892 454
892 395
892 782
892 200
892 940
892 601
457 223
457 258
457 302
457 884
457 17
457 406
457 91
457 122
457 779
457 670
738 758
738 858
738 853
738 445
738 746
738 2
738 991
738 692
738 605
738 990
718 884
718 887
718 730
718 33
718 518
718 257
718 886
718 465
718 874
718 777
779 406
779 258
779 863
779 269
779 237
779 377
779 22
779 122
779 670
112 428
112 70
112 609
112 141
112 446
112 911
112 993
112 534
112 727
112 913
740 257
740 119
740 7
740 350
740 407
740 393
740 957
740 647
740 734
740 664
160 940
160 657
160 989
160 574
160 612
160 88
160 697
160 662
160 651
160 666
222 899
222 401
222 338
222 64
222 529
222 823
222 297
222 798
222 328
222 26
304 942
304 729
304 876
304 503
304 562
304 291
304 196
304 978
304 458
304 148
681 879
681 601
681 384
681 75
681 363
681 630
681 1
681 902
681 92
681 620
63 849
63 45
63 505
63 8
63 16
63 283
63 616
63 932
63 640
63 342
326 608
326 467
326 741
326 324
326 615
326 390
326 332
326 367
326 579
326 869
494 210
494 827
494 786
494 802
494 601
494 515
494 195
494 666
494 767
494 113
512 943
512 156
512 216
512 600
512 429
512 436
512 561
512 731
512 818
512 700
214 81
214 21
214 994
214 882
214 693
214 388
214 158
214 540
214 322
214 913
872 910
872 710
872 126
872 620
872 475
872 27
872 98
872 202
872 332
872 99
649 353
649 25
649 562
649 48
649 536
649 780
649 999
649 320
649 726
649 141
800 716
800 873
800 203
800 452
800 998
800 963
800 893
800 210
800 192
800 102
129 386
129 197
129 594
129 454
129 979
129 859
129 860
129 418
129 662
129 508
276 203
276 789
276 468
276 600
276 344
276 588
276 19
276 820
276 656
276 924
362 89
362 350
362 135
362 903
362 577
362 438
362 425
362 380
362 808
362 905
972 690
972 520
972 644
972 702
972 30
972 202
972 501
972 613
972 343
972 413
324 690
324 390
324 952
324 402
324 413
324 780
324 520
324 467
324 702
451 260
451 275
451 865
451 378
451 864
451 576
451 211
451 850
451 766
451 317
433 159
433 350
433 758
433 558
433 242
433 330
433 68
433 763
433 90
433 485
623 904
623 185
623 537
623 319
623 691
623 173
623 40
623 822
623 318
623 484
687 32
687 943
687 501
687 395
687 436
687 700
687 938
687 731
687 156
687 818
128 585
128 490
128 216
128 748
128 586
128 86
128 922
128 584
128 637
128 176
926 355
926 987
926 331
926 382
926 401
926 778
926 499
926 485
926 639
926 549
207 983
207 548
207 387
207 203
207 471
207 343
207 667
207 238
207 782
207 237
990 45
990 605
990 853
990 445
990 758
990 991
990 941
990 2
990 692
745 612
745 965
745 365
745 824
745 138
745 189
745 180
745 501
745 790
745 589
750 868
750 479
750 648
750 629
750 915
750 110
750 504
750 392
750 794
750 781
602 922
602 538
602 858
602 462
602 845
602 955
602 124
602 787
602 406
602 590
967 722
967 707
967 754
967 424
967 997
967 947
967 402
967 491
967 52
967 345
363 205
363 430
363 72
363 586
363 243
363 426
363 658
363 229
363 642
456 598
456 459
456 587
456 600
456 830
456 942
456 857
456 67
456 54
456 752
96 93
96 183
96 441
96 168
96 107
96 816
96 262
96 957
96 502
96 265
341 553
341 17
341 32
341 483
341 931
341 184
341 360
341 254
341 339
341 190
445 758
445 922
445 863
445 605
445 2
445 991
445 932
445 853
983 471
983 966
983 387
983 397
983 782
983 749
983 237
983 548
983 667
385 267
385 595
385 533
385 982
385 383
385 369
385 871
385 728
385 425
385 913
703 267
703 368
703 369
703 762
703 841
703 335
703 956
703 280
703 123
703 46
679 984
679 193
679 361
679 370
679 920
679 305
679 443
679 415
679 954
679 668
921 113
921 338
921 126
921 108
921 441
921 443
921 668
921 50
921 991
921 992
296 714
296 969
296 428
296 811
296 447
296 576
296 898
296 608
296 236
296 996
631 127
631 60
631 399
631 166
631 971
631 404
631 599
631 241
631 977
631 453
875 771
875 40
875 705
875 909
875 766
875 678
875 621
875 711
875 979
875 274
416 6
416 705
416 415
416 549
416 465
416 359
416 243
416 751
416 253
416 182
157 945
157 774
157 552
157 272
157 266
157 120
157 519
157 250
157 386
157 927
701 139
701 813
701 156
701 244
701 959
701 357
701 176
701 614
701 75
701 461
396 34
396 470
396 505
396 468
396 334
396 928
396 140
396 698
396 581
396 668
14 894
14 498
14 518
14 772
14 948
14 506
14 652
14 101
14 294
14 279
652 894
652 498
652 518
652 948
652 289
652 279
652 172
652 294
652 506
632 725
632 793
632 152
632 976
632 584
632 608
632 103
632 742
632 789
632 356
15 818
15 609
15 493
15 933
15 861
15 208
15 943
15 243
15 807
15 108
244 139
244 364
244 461
244 985
244 87
244 360
244 614
244 959
244 75
111 288
111 28
111 985
111 354
111 987
111 430
111 673
111 579
111 890
111 357
477 509
477 689
477 366
477 635
477 791
477 931
477 449
477 753
477 414
477 219
23 810
23 460
23 30
23 529
23 811
23 89
23 432
23 71
23 641
23 766
593 711
593 49
593 742
593 356
593 725
593 584
593 103
593 608
593 439
593 976
523 647
523 860
523 69
523 85
523 933
523 330
523 134
523 110
523 386
523 12
650 913
650 281
650 311
650 968
650 708
650 930
650 862
650 949
650 686
650 499
440 988
440 715
440 768
440 333
440 733
440 78
440 839
440 118
440 723
440 221
881 268
881 801
881 488
881 778
881 182
881 558
881 819
881 591
881 621
373 299
373 545
373 803
373 108
373 254
373 808
373 57
373 619
373 909
373 150
891 908
891 427
891 47
891 370
891 663
891 728
891 0
891 191
891 31
891 179
775 549
775 41
775 470
775 367
775 958
775 475
775 490
775 822
775 802
775 109
871 592
871 422
871 728
871 487
871 49
871 887
871 964
871 845
871 210
238 788
238 936
238 953
238 532
238 239
238 714
238 110
238 648
238 710
11 255
11 866
11 251
11 22
11 539
11 682
11 776
11 809
11 628
11 852
246 79
246 727
246 863
246 159
246 536
246 721
246 989
246 331
246 220
246 300
527 486
527 26
527 707
527 295
527 778
527 228
527 465
527 99
527 452
527 774
540 285
540 568
540 823
540 197
540 948
540 388
540 994
540 721
540 168
563 826
563 448
563 536
563 356
563 809
563 651
563 108
563 205
563 708
563 460
988 537
988 333
988 126
988 839
988 221
988 704
988 666
988 313
988 723
678 979
678 418
678 711
678 393
678 705
678 274
678 252
678 771
678 464
709 330
709 405
709 161
709 636
709 794
709 252
709 925
709 570
709 669
709 76
48 648
48 320
48 141
48 25
48 999
48 293
48 188
48 353
48 556
542 7
542 377
542 899
542 915
542 612
542 192
542 545
542 617
542 194
542 351
53 876
53 414
53 203
53 878
53 277
53 888
53 849
53 282
53 84
53 507
657 325
657 439
657 285
657 181
657 88
657 117
657 808
657 826
657 65
359 833
359 218
359 90
359 519
359 869
359 163
359 532
359 338
359 697
929 940
929 52
929 832
929 819
929 648
929 584
929 624
929 475
929 31
929 151
755 908
755 665
755 805
755 337
755 287
755 524
755 521
755 342
755 569
755 954
334 145
334 497
334 39
334 469
334 817
334 583
334 151
334 58
334 732
347 405
347 450
347 146
347 44
347 869
347 648
347 330
347 218
347 879
347 10
996 79
996 973
996 636
996 149
996 236
996 428
996 885
996 714
996 912
118 383
118 768
118 221
118 333
118 589
118 78
118 391
118 839
118 715
722 522
722 52
722 720
722 109
722 499
722 83
722 248
722 65
722 20
123 762
123 956
123 883
123 335
123 369
123 368
123 193
123 73
123 90
837 319
837 305
837 907
837 116
837 83
837 499
837 653
837 58
837 352
837 408
824 581
824 965
824 365
824 728
824 589
824 189
824 180
824 138
824 790
131 6
131 611
131 594
131 544
131 443
131 44
131 195
131 829
131 663
131 816
432 811
432 30
432 810
432 766
432 71
432 81
432 625
432 529
432 904
298 680
298 867
298 305
298 409
298 914
298 674
298 175
298 896
298 500
298 259
226 604
226 567
226 795
226 995
226 809
226 29
226 858
226 848
226 490
226 370
706 708
706 496
706 497
706 843
706 804
706 870
706 878
706 758
706 528
606 0
606 746
606 978
606 646
606 340
606 865
606 41
606 80
606 557
606 208
698 928
698 613
698 774
698 505
698 289
698 468
698 34
698 581
698 668
159 402
159 596
159 883
159 639
159 514
159 673
159 541
159 489
420 669
420 328
420 636
420 76
420 925
420 780
420 74
420 161
420 514
420 825
656 801
656 820
656 203
656 306
656 924
656 19
656 596
656 588
656 609
282 733
282 277
282 39
282 888
282 507
282 425
282 450
282 876
282 84
951 910
951 411
951 973
951 992
951 880
951 260
951 119
951 448
951 579
951 615
170 256
170 108
170 887
170 478
170 940
170 119
170 387
170 756
170 346
170 772
252 771
252 556
252 418
252 705
252 757
252 711
252 274
252 27
273 405
273 394
273 973
273 551
273 851
273 869
273 903
273 56
273 348
273 699
902 240
902 201
902 572
902 329
902 478
902 429
902 410
902 495
902 640
548 471
548 751
548 237
548 586
548 667
548 486
548 782
548 424
421 98
421 923
421 323
421 225
421 144
421 59
421 885
421 492
421 481
421 735
773 553
773 242
773 271
773 598
773 712
773 675
773 483
773 877
773 190
773 140
16 932
16 616
16 574
16 283
16 262
16 8
16 707
16 45
16 342
953 694
953 107
953 351
953 720
953 812
953 984
953 187
953 49
953 100
897 513
897 739
897 61
897 931
897 213
897 382
897 485
897 989
897 318
897 291
147 431
147 945
147 629
147 796
147 37
147 661
147 835
147 270
147 931
147 290
618 621
618 269
618 458
618 21
618 574
618 830
618 708
618 864
618 627
618 41
224 193
224 71
224 116
224 180
224 565
224 801
224 267
224 965
224 501
224 939
838 278
838 378
838 205
838 94
838 958
838 986
838 463
838 155
838 430
838 960
265 856
265 262
265 816
265 183
265 502
265 93
265 119
265 168
265 353
610 916
610 908
610 196
610 937
610 834
610 136
610 293
610 603
610 383
610 854
55 474
55 949
55 455
55 313
55 209
55 511
55 150
55 466
55 944
55 228
127 876
127 599
127 166
127 539
127 241
127 977
127 60
127 971
127 453
676 188
676 400
676 919
676 441
676 262
676 802
676 269
676 419
676 814
676 625
495 634
495 640
495 798
495 581
495 695
495 150
495 877
495 7
495 648
843 205
843 439
843 452
843 788
843 197
843 496
843 381
843 126
843 889
66 565
66 901
66 77
66 543
66 975
66 793
66 564
66 939
66 890
66 900
437 434
437 797
437 348
437 651
437 266
437 645
437 747
437 199
437 917
437 394
795 604
795 995
795 912
795 848
795 757
795 970
795 29
795 567
795 95
24 728
24 661
24 596
24 279
24 399
24 270
24 148
24 37
24 620
24 789
669 329
669 925
669 721
669 328
669 74
669 636
669 161
669 76
184 227
184 350
184 501
184 695
184 615
184 32
184 496
184 484
184 30
658 642
658 243
658 863
658 384
658 228
658 72
658 409
658 426
658 229
57 831
57 609
57 395
57 680
57 352
57 714
57 846
57 934
57 254
617 765
617 410
617 228
617 572
617 899
617 555
617 429
617 746
617 201
198 481
198 893
198 316
198 491
198 94
198 206
198 770
198 928
198 376
198 713
327 260
327 555
327 345
327 865
327 607
327 81
327 970
327 522
327 919
327 888
194 476
194 465
194 643
194 717
194 870
194 804
194 969
194 506
194 934
851 481
851 807
851 516
851 906
851 865
851 712
851 741
851 555
851 150
524 337
524 212
524 400
524 146
524 954
524 805
524 665
524 569
524 521
726 696
726 562
726 141
726 570
726 536
726 496
726 25
726 335
726 999
568 162
568 562
568 858
568 17
568 578
568 817
568 125
568 537
568 465
769 20
769 109
769 586
769 465
769 208
769 939
769 516
769 186
769 545
769 910
114 551
114 712
114 903
114 611
114 890
114 394
114 699
114 614
114 314
114 36
333 221
333 723
333 78
333 715
333 839
333 768
333 391
730 677
730 622
730 520
730 33
730 874
730 36
730 536
730 887
730 639
219 751
219 449
219 249
219 356
219 691
219 186
219 158
219 544
219 689
248 20
248 825
248 109
248 647
248 65
248 708
248 384
248 126
248 83
269 236
269 641
269 633
269 435
269 466
269 346
269 974
10 879
10 374
10 724
10 970
10 737
10 290
10 500
10 232
10 300
626 386
626 553
626 480
626 482
626 60
626 528
626 550
626 33
626 575
626 989
675 140
675 231
675 877
675 370
675 242
675 483
675 190
675 783
675 857
787 309
787 784
787 423
787 558
787 789
787 880
787 544
787 955
787 398
306 256
306 600
306 459
306 448
306 101
306 907
306 909
306 450
306 355
395 472
395 829
395 165
395 20
395 79
395 200
395 261
39 450
39 507
39 734
39 277
39 84
39 733
39 888
39 876
280 267
280 841
280 335
280 368
280 390
280 956
280 133
280 591
280 369
223 884
223 846
223 56
223 239
223 122
223 670
223 258
223 91
223 302
883 762
883 998
883 541
883 581
883 600
883 974
883 172
883 397
901 939
901 793
901 975
901 119
901 900
901 890
901 564
901 565
901 77
167 989
167 309
167 695
167 744
167 423
167 955
167 398
167 584
167 667
167 784
731 436
731 165
731 909
731 156
731 700
731 938
731 943
731 818
132 365
132 913
132 521
132 486
132 479
132 497
132 895
132 299
132 459
132 845
215 399
215 200
215 933
215 836
215 281
215 173
215 976
215 506
215 458
560 172
560 940
560 262
560 92
560 175
560 917
560 1
560 249
560 372
560 884
662 508
662 522
662 165
662 344
662 386
662 783
662 575
662 852
615 496
615 529
615 307
615 350
615 579
615 332
615 3
105 380
105 135
105 392
105 644
105 599
105 577
105 529
105 531
105 438
105 47
792 338
792 229
792 939
792 38
792 937
792 391
792 743
792 683
792 486
792 294
559 860
559 585
559 822
559 165
559 637
559 748
559 263
559 216
559 810
559 86
962 228
962 126
962 796
962 69
962 819
962 1
962 756
962 909
962 557
962 485
297 338
297 941
297 320
297 64
297 877
297 471
297 647
297 173
297 26
552 846
552 519
552 927
552 774
552 120
552 266
552 272
552 260
552 250
693 231
693 882
693 322
693 712
693 158
693 21
693 388
693 81
693 994
71 810
71 30
71 801
71 766
71 811
71 99
71 381
97 655
97 62
97 300
97 905
97 639
97 275
97 717
97 573
97 611
97 889
50 310
50 986
50 960
50 94
50 317
50 419
50 278
50 439
50 958
977 349
977 971
977 599
977 166
977 60
977 908
977 404
977 453
120 785
120 927
120 204
120 272
120 240
120 241
120 266
120 191
218 869
218 263
218 74
218 956
218 93
218 624
218 231
218 708
171 886
171 193
171 340
171 543
171 478
171 484
171 399
171 629
171 443
171 419
449 751
449 672
449 186
449 660
449 936
449 181
449 544
449 249
231 153
231 83
231 850
231 87
231 918
231 44
231 68
234 310
234 33
234 743
234 759
234 311
234 930
234 558
234 510
234 242
234 907
472 452
472 291
472 845
472 34
472 294
472 928
472 166
472 567
472 406
791 753
791 79
791 931
791 414
791 509
791 689
791 538
791 490
791 318
535 176
535 488
535 182
535 513
535 801
535 743
535 591
535 268
535 621
847 716
847 303
847 375
847 312
847 607
847 691
847 339
847 143
847 137
847 813
850 370
850 753
850 460
850 574
850 763
850 992
850 832
850 989
61 257
61 291
61 513
61 382
61 213
61 704
61 9
61 318
61 464
247 829
247 70
247 673
247 329
247 301
247 51
247 173
247 952
247 462
247 411
336 525
336 529
336 186
336 307
336 982
336 619
336 533
336 227
336 546
336 18
747 358
747 264
747 797
747 164
747 645
747 43
747 199
747 398
747 434
923 400
923 799
923 225
923 735
923 659
923 492
923 885
923 144
923 59
317 133
317 517
317 428
317 874
317 859
317 720
317 788
317 547
516 804
516 807
516 562
516 664
516 156
516 934
516 197
516 404
407 366
407 711
407 635
407 51
407 961
407 101
407 556
407 121
407 130
409 175
409 674
409 734
409 914
409 500
409 259
409 896
409 339
627 654
627 952
627 585
627 32
627 393
627 302
627 820
627 448
627 411
199 393
199 534
199 348
199 651
199 797
199 164
199 434
199 467
645 434
645 43
645 358
645 797
645 210
645 861
645 164
645 455
488 591
488 911
488 819
488 88
488 801
488 268
488 182
519 846
519 558
519 503
519 774
519 250
519 425
519 272
6 345
6 558
6 469
6 663
6 612
6 117
6 844
6 415
479 211
479 630
479 149
479 727
479 65
479 776
479 597
479 803
594 827
594 517
594 762
594 684
594 470
594 13
594 914
594 162
372 309
372 233
372 239
372 917
372 831
372 209
372 680
372 783
372 134
573 463
573 655
573 300
573 889
573 312
573 113
573 685
573 611
573 959
866 852
866 255
866 947
866 682
866 794
866 833
866 776
866 628
866 251
597 785
597 484
597 697
597 351
597 807
597 737
597 175
597 643
597 211
920 688
920 526
920 62
920 862
920 644
920 582
920 202
920 802
920 790
148 133
148 27
148 381
148 629
148 92
148 322
148 388
148 729
828 257
828 188
828 564
828 815
828 426
828 284
828 832
828 254
828 187
828 443
68 561
68 979
68 647
68 330
68 680
68 340
68 961
68 153
835 933
835 37
835 313
835 270
835 661
835 108
835 553
835 431
835 130
491 539
491 94
491 206
491 82
491 481
491 316
491 376
491 770
938 116
938 818
938 714
938 700
938 595
938 212
938 436
938 156
825 925
825 76
825 109
825 534
825 328
825 384
825 161
825 20
62 677
62 862
62 145
62 487
62 469
62 31
62 814
62 562
761 950
761 785
761 332
761 904
761 202
761 178
761 442
761 4
761 3
761 763
530 191
530 952
530 644
530 176
530 34
530 582
530 514
530 642
530 390
530 152
235 401
235 331
235 342
235 9
235 151
235 355
235 963
235 485
235 987
235 242
423 299
423 880
423 267
423 955
423 561
423 309
423 784
423 398
142 957
142 4
142 308
142 844
142 178
142 707
142 177
142 950
142 464
142 442
232 427
232 966
232 46
232 115
232 489
232 736
232 846
232 644
232 614
699 903
699 405
699 56
699 211
699 394
699 737
699 551
699 125
301 832
301 778
301 452
301 570
301 307
301 70
301 454
301 944
301 963
935 802
935 90
935 723
935 117
935 841
935 822
935 768
935 813
935 715
935 887
37 431
37 290
37 661
37 553
37 910
37 464
37 270
446 28
446 570
446 984
446 609
446 913
446 911
446 692
446 993
446 982
764 634
764 204
764 295
764 369
764 760
764 177
764 638
764 836
764 473
764 653
74 636
74 514
74 925
74 161
74 328
74 76
74 981
997 555
997 947
997 754
997 424
997 251
997 402
997 374
997 345
997 9
163 217
163 611
163 770
163 625
163 134
163 7
163 342
163 532
163 417
183 272
183 816
183 168
183 805
183 822
183 502
183 8
183 290
137 607
137 375
137 716
137 303
137 312
137 339
137 287
137 691
137 31
948 506
948 498
948 518
948 294
948 894
948 772
948 367
379 59
379 820
379 208
379 605
379 898
379 415
379 19
379 511
379 460
379 547
710 684
710 624
710 600
710 663
710 957
710 99
710 430
710 257
659 116
659 711
659 133
659 574
659 915
659 368
659 876
659 140
659 760
993 913
993 931
993 412
993 911
993 753
993 697
993 609
993 0
103 240
103 941
103 725
103 976
103 742
103 608
103 584
103 356
546 141
546 236
546 641
546 435
546 501
546 466
546 346
546 543
546 633
230 510
230 95
230 944
230 751
230 613
230 575
230 185
230 439
230 176
230 181
587 54
587 830
587 827
587 585
587 459
587 857
587 752
587 919
587 697
115 426
115 811
115 410
115 197
115 254
115 714
115 3
115 243
115 461
371 452
371 444
371 815
371 798
371 978
371 855
371 940
371 906
371 80
371 746
895 496
895 729
895 723
895 949
895 502
895 845
895 354
895 357
895 25
188 899
188 295
188 346
188 989
188 528
188 467
188 21
361 907
361 200
361 767
361 149
361 786
361 686
361 515
361 210
361 936
754 947
754 424
754 5
754 152
754 622
754 9
754 402
754 345
772 498
772 518
772 38
772 506
772 279
772 894
772 209
900 714
900 77
900 532
900 975
900 576
900 564
900 565
900 939
136 196
136 834
136 82
136 908
136 937
136 603
136 854
136 293
136 383
844 831
844 468
844 952
844 178
844 442
844 464
844 4
844 950
143 575
143 716
143 721
143 375
143 312
143 303
143 691
143 574
143 607
968 311
968 350
968 510
968 973
968 759
968 41
968 686
968 930
968 949
812 374
812 107
812 307
812 720
812 109
812 487
812 694
812 820
812 187
834 908
834 196
834 854
834 603
834 293
834 916
834 190
834 383
261 455
261 165
261 912
261 783
261 73
261 340
261 329
261 508
261 13
960 94
960 463
960 358
960 674
960 958
960 278
960 986
960 155
777 186
777 695
777 882
777 501
777 413
777 887
777 922
777 845
777 483
998 963
998 803
998 102
998 873
998 397
998 343
998 893
998 192
18 525
18 982
18 172
18 307
18 411
18 644
18 227
18 533
18 619
680 674
680 896
680 867
680 259
680 332
680 500
155 463
155 221
155 958
155 654
155 473
155 94
155 278
155 939
426 243
426 642
426 72
426 12
426 927
426 229
482 88
482 528
482 504
482 386
482 483
482 625
482 134
482 486
482 822
555 153
555 201
555 741
555 217
555 429
555 313
270 661
270 290
270 553
270 910
270 942
270 431
480 796
480 275
480 888
480 543
480 208
480 664
480 653
480 765
480 470
903 737
903 394
903 551
903 134
903 408
903 56
550 664
550 846
550 864
550 431
550 642
550 320
550 785
550 87
550 187
955 823
955 309
955 784
955 880
955 398
955 721
531 392
531 47
531 314
531 212
531 577
531 380
531 322
531 135
531 438
713 796
713 376
713 316
713 237
713 206
713 770
713 635
713 539
713 481
417 81
417 172
417 554
417 253
417 83
417 3
417 697
417 7
417 419
547 312
547 87
547 629
547 285
547 600
547 173
547 717
547 974
702 905
702 520
702 343
702 390
702 467
702 690
702 413
702 590
945 565
945 80
945 785
945 365
945 376
945 367
945 22
945 288
427 663
427 592
427 688
427 696
427 964
427 760
427 728
427 422
517 969
517 85
517 589
517 846
517 859
517 425
517 205
517 146
670 91
670 122
670 406
670 258
670 860
670 239
670 302
580 17
580 704
580 578
580 287
580 377
580 544
580 608
580 760
580 174
580 284
186 49
186 100
186 672
186 288
186 36
799 98
799 323
799 814
799 735
799 59
799 225
799 820
799 492
799 144
179 41
179 428
179 739
179 0
179 56
179 981
179 853
179 829
179 49
382 318
382 604
382 213
382 513
382 375
382 377
382 490
637 748
637 504
637 640
637 585
637 642
637 216
637 263
637 86
408 944
408 989
408 12
408 126
408 89
408 493
408 975
408 499
619 493
619 227
619 982
619 525
619 533
619 307
557 38
557 125
557 429
557 683
557 758
557 819
557 313
557 827
499 36
499 281
499 319
499 439
499 197
969 859
969 605
969 40
969 672
969 556
969 763
969 34
35 275
35 264
35 162
35 840
35 511
35 386
35 474
35 961
35 898
35 286
229 849
229 72
229 38
229 243
229 642
229 22
842 463
842 971
842 946
842 719
842 352
842 104
842 106
842 42
842 572
842 295
64 493
64 798
64 26
64 980
64 12
64 858
64 281
64 338
930 686
930 949
930 624
930 510
930 364
930 311
930 759
67 256
67 598
67 752
67 621
67 459
67 487
67 942
67 54
67 857
447 164
447 487
447 919
447 434
447 797
447 22
447 861
447 43
447 358
46 916
46 108
46 428
46 984
46 841
46 116
46 310
46 672
509 689
509 40
509 931
509 414
509 490
509 541
509 753
509 538
855 80
855 904
855 798
855 978
855 344
855 444
855 526
855 906
855 746
505 34
505 839
505 289
505 668
505 928
505 583
505 468
794 765
794 863
794 958
794 566
794 781
794 717
794 572
742 725
742 976
742 240
742 584
742 608
742 685
742 356
250 927
250 634
250 272
250 957
250 774
250 266
250 756
275 898
275 765
275 264
275 286
275 290
275 474
314 577
314 36
314 45
314 392
314 438
314 380
314 873
314 47
933 110
933 504
933 134
933 299
933 886
933 647
704 543
704 739
704 253
704 284
704 377
704 152
704 672
859 846
859 400
859 909
859 979
859 378
859 95
73 455
73 135
73 413
73 364
73 249
73 634
73 151
73 763
992 810
992 763
992 374
992 274
992 989
992 909
992 284
90 899
90 99
90 387
90 378
90 398
90 350
444 906
444 904
444 595
444 80
444 338
444 746
444 428
444 978
639 325
639 780
639 470
639 342
639 541
639 654
315 240
315 425
315 253
315 489
315 819
315 975
315 634
315 934
315 484
315 804
525 982
525 609
525 533
525 227
525 984
525 41
525 69
458 909
458 694
458 95
458 89
458 941
458 465
458 978
389 823
389 47
389 502
389 100
389 284
389 708
389 937
389 212
389 448
389 17
861 43
861 845
861 164
861 455
861 536
861 358
861 979
918 528
918 260
918 299
918 181
918 267
918 878
918 724
918 7
918 688
42 104
42 719
42 106
42 295
42 5
42 352
42 946
42 204
42 349
982 36
982 533
982 227
982 307
135 577
135 380
135 392
135 318
135 438
135 47
944 816
944 455
944 986
944 526
944 823
944 732
295 204
295 108
295 819
295 917
295 329
985 354
985 826
985 288
985 28
985 579
985 357
985 673
592 964
592 887
592 422
592 696
592 688
592 760
592 180
592 728
654 831
654 175
654 541
654 734
654 117
654 411
654 677
643 476
643 69
643 717
643 332
643 804
643 486
643 870
643 934
862 388
862 526
862 830
862 741
862 644
862 771
862 487
27 688
27 180
27 197
27 139
27 381
27 313
27 475
239 122
239 406
239 302
239 258
239 91
239 884
803 340
803 443
803 981
803 683
803 172
803 741
803 966
638 836
638 430
638 473
638 204
638 329
638 886
638 369
638 44
638 814
278 987
278 85
278 94
278 986
278 958
278 817
885 82
885 492
885 829
885 98
885 144
885 323
885 225
1 212
1 879
1 620
1 79
1 739
1 92
1 601
82 293
82 539
82 987
82 312
82 819
82 695
82 660
264 707
264 821
264 286
264 630
264 839
264 898
264 474
950 178
950 4
950 614
950 442
950 308
950 464
950 418
138 365
138 180
138 790
138 502
138 870
138 796
138 589
138 965
582 302
582 833
582 528
582 91
582 536
582 684
582 192
582 995
826 460
826 285
826 454
826 7
826 117
826 808
826 325
836 830
836 496
836 596
836 204
836 578
836 473
836 814
209 319
209 38
209 233
209 439
209 683
209 474
233 191
233 714
233 577
233 827
233 963
233 831
233 468
832 583
832 475
832 964
832 574
832 566
832 31
413 467
413 343
413 520
413 390
413 690
412 483
412 697
412 878
412 752
412 689
412 784
412 106
412 140
412 857
821 749
821 403
821 744
821 571
821 245
821 169
821 397
821 124
821 367
692 991
692 853
692 2
692 758
692 907
692 833
692 558
370 783
370 493
370 853
370 605
370 564
856 564
856 146
856 340
856 454
856 0
856 504
856 640
856 551
856 906
344 522
344 470
344 748
344 65
344 526
344 607
344 946
522 109
522 20
522 508
522 724
522 65
522 753
814 204
814 220
814 596
814 329
814 473
942 263
942 54
942 752
942 966
942 459
942 857
29 995
29 919
29 604
29 757
29 912
29 970
29 567
29 848
191 785
191 31
191 899
191 241
191 514
191 878
19 588
19 154
19 789
19 924
19 203
19 820
19 405
85 386
85 69
85 211
85 663
85 405
85 108
85 607
20 83
20 384
20 65
20 109
724 554
724 146
724 113
724 267
724 521
724 133
724 260
515 200
515 786
515 907
515 149
515 210
515 943
515 79
515 767
666 281
666 574
666 896
666 940
666 651
666 980
666 454
70 152
70 332
70 664
70 454
70 781
70 87
70 305
848 995
848 604
848 567
848 912
848 566
848 970
848 757
435 41
435 633
435 878
435 641
435 346
435 321
435 466
435 236
673 579
673 99
673 28
673 354
673 357
673 288
622 874
622 133
622 378
622 424
622 348
622 33
622 448
622 402
765 410
765 12
765 429
765 201
765 572
765 419
145 583
145 469
145 151
145 841
145 954
145 817
145 58
145 732
840 286
840 189
840 898
840 474
840 868
840 511
840 578
840 110
840 162
308 178
308 464
308 603
308 442
308 201
308 4
308 166
308 868
309 784
309 398
309 537
309 391
309 880
180 790
180 365
180 965
180 189
450 84
450 428
450 733
450 277
450 507
450 448
78 723
78 839
78 715
78 391
78 768
78 221
78 121
786 767
786 390
786 741
786 353
786 149
786 907
786 210
735 790
735 259
735 375
735 323
735 59
735 225
735 144
827 697
827 581
827 125
827 887
827 195
8 350
8 616
8 283
8 932
8 45
8 342
8 975
727 187
727 590
727 890
727 694
727 690
727 534
727 364
601 534
601 92
601 620
601 212
601 879
601 739
463 958
463 205
463 986
463 94
463 677
489 253
489 720
489 534
489 514
489 558
489 630
489 809
556 961
556 635
556 860
556 101
556 366
556 121
256 172
256 811
256 152
256 886
256 911
256 40
256 543
684 807
684 257
684 913
684 391
684 528
684 959
684 36
121 635
121 961
121 366
121 166
121 130
121 51
121 101
725 356
725 240
725 976
725 841
725 584
725 608
770 316
770 802
770 376
770 237
770 206
770 481
905 263
905 809
905 452
905 469
905 139
905 863
905 181
285 117
285 460
285 323
285 808
285 312
285 325
567 858
567 995
567 970
567 912
567 604
4 442
4 268
4 216
4 178
4 464
95 99
95 729
95 89
95 783
95 966
95 181
628 776
628 682
628 350
628 255
628 852
628 21
628 894
691 312
691 607
691 375
691 303
691 716
733 84
733 876
733 734
733 888
733 277
733 507
189 365
189 965
189 790
189 406
189 253
189 943
980 268
980 741
980 965
980 281
980 12
980 38
980 493
980 107
634 305
634 415
634 478
634 963
634 581
685 284
685 154
685 672
685 829
685 554
685 213
685 959
685 830
660 630
660 245
660 757
660 448
660 206
660 116
660 541
660 185
723 715
723 839
723 533
723 768
453 241
453 404
453 399
453 599
453 971
453 60
453 166
683 442
683 549
683 32
683 436
683 205
683 38
220 484
220 981
220 878
220 655
220 300
220 321
220 889
220 554
419 802
419 357
419 253
419 3
419 572
281 169
281 12
281 493
281 744
368 956
368 133
368 335
368 914
368 369
368 762
736 874
736 987
736 355
736 374
736 331
736 485
736 401
736 719
736 549
970 880
970 912
970 757
970 604
40 653
40 910
40 460
40 865
40 570
641 346
641 974
641 236
641 633
641 319
641 466
418 711
418 771
418 274
418 705
418 242
418 979
178 442
178 345
178 464
178 318
696 422
696 646
696 211
696 688
696 964
696 728
696 760
319 635
319 830
319 439
319 751
319 173
406 302
406 91
406 258
749 922
749 397
749 732
749 245
749 169
749 744
749 571
749 124
217 863
217 134
217 532
217 880
217 153
217 299
217 100
217 952
287 756
287 860
287 954
287 665
287 695
287 337
287 521
924 789
924 820
924 404
924 599
924 981
924 203
924 588
917 400
917 110
917 134
917 33
917 165
917 348
667 782
667 150
667 237
667 471
667 387
667 807
752 487
752 857
752 54
752 919
752 459
185 613
185 176
185 590
185 181
185 425
185 503
185 141
712 595
712 0
712 910
712 150
712 663
712 353
28 354
28 93
28 288
28 89
28 357
196 603
196 383
196 916
196 293
196 908
196 854
349 946
349 352
349 104
349 289
349 5
349 719
349 106
349 102
299 134
299 863
299 267
299 504
999 353
999 320
999 570
999 536
999 141
999 25
999 554
175 259
175 896
175 914
175 674
175 500
874 928
874 884
874 633
874 33
874 415
468 668
468 289
468 890
468 928
815 588
815 539
815 384
815 257
815 611
815 889
815 655
815 431
653 177
653 410
653 822
653 473
653 513
653 583
424 820
424 402
424 589
424 9
424 947
511 286
511 452
511 208
511 898
511 868
511 162
263 966
263 748
263 585
263 86
263 526
376 481
376 596
376 206
376 316
376 796
936 912
936 907
936 778
936 300
936 533
936 813
936 243
833 776
833 255
833 251
833 852
833 647
833 682
884 91
884 122
884 258
884 598
12 176
12 572
12 493
149 907
149 200
149 210
149 554
149 767
429 572
429 915
429 201
429 153
533 313
533 227
52 172
52 31
52 613
52 940
52 677
52 854
52 648
954 569
954 337
954 665
954 521
954 805
411 823
411 952
411 271
411 766
411 119
664 913
664 102
664 257
664 221
664 979
882 21
882 81
882 388
882 322
882 93
882 158
882 994
86 586
86 748
86 228
86 216
86 646
86 585
830 473
830 899
830 919
300 611
300 889
300 321
300 655
81 919
81 322
81 994
81 158
508 778
508 452
508 165
508 783
508 865
508 545
58 469
58 603
58 579
58 583
58 732
58 817
58 151
374 213
374 291
374 629
374 720
995 757
995 912
995 952
995 604
566 367
566 604
566 647
566 192
566 102
566 625
566 54
780 817
780 781
780 310
780 380
780 21
225 59
225 492
225 323
225 462
225 144
487 177
487 694
487 543
249 544
249 904
249 202
249 751
249 868
249 486
340 486
340 0
340 415
340 595
202 688
202 904
202 625
202 3
202 541
503 352
503 857
503 804
503 107
503 104
503 5
503 946
436 32
436 700
436 156
436 943
436 818
441 739
441 113
441 915
441 904
441 612
441 590
441 465
545 890
545 228
545 880
545 448
545 611
545 586
154 455
154 116
154 378
154 36
154 672
154 910
154 822
154 916
957 99
957 0
957 734
957 778
957 811
715 768
715 839
715 391
715 221
598 630
598 0
598 729
598 313
598 381
598 345
34 867
34 668
34 928
34 289
259 896
259 674
259 867
259 481
259 500
22 776
22 914
22 255
22 852
22 941
922 307
922 245
922 571
922 102
922 169
975 77
975 125
975 890
975 470
484 240
484 981
484 788
484 478
200 210
200 782
200 767
200 353
965 501
965 365
965 790
102 893
102 963
102 873
102 192
393 364
393 651
393 88
393 532
393 711
393 534
337 665
337 805
337 174
337 784
337 521
337 569
25 541
25 353
25 590
25 536
25 141
146 113
146 864
146 83
146 195
146 44
343 328
343 690
343 501
343 30
343 467
492 98
492 144
492 323
492 59
492 410
785 7
785 93
785 41
785 532
978 208
978 746
978 798
978 80
328 161
328 925
328 636
328 76
77 564
77 565
77 939
77 534
77 793
77 890
498 518
498 894
498 279
498 294
498 367
498 506
743 69
743 860
743 776
743 849
743 829
743 591
743 242
375 339
375 303
375 716
375 312
608 976
608 330
911 807
911 182
911 470
911 609
911 2
575 462
575 391
575 386
575 778
575 348
575 720
963 893
963 873
963 192
809 150
809 947
809 849
809 734
809 311
164 348
164 797
164 434
164 358
164 43
958 94
958 986
286 474
286 898
286 916
286 162
286 868
454 130
454 651
454 906
0 753
624 31
624 335
624 360
624 339
624 430
624 629
729 381
729 496
729 532
729 937
729 854
153 201
153 915
153 166
153 274
153 268
686 311
686 759
686 949
686 257
686 320
686 510
100 187
100 952
100 415
100 364
100 694
100 107
868 79
868 474
868 110
868 330
896 500
896 867
896 914
896 674
44 651
44 864
44 377
44 870
44 83
414 753
414 490
414 989
414 689
414 538
414 931
404 399
404 60
404 241
404 2
404 971
475 476
475 947
475 620
475 549
475 242
783 17
783 165
783 586
192 893
192 873
192 3
106 946
106 104
106 719
106 5
106 677
106 352
245 169
245 571
245 981
245 403
245 124
245 744
864 576
864 195
864 7
864 865
864 465
541 937
541 581
816 168
816 502
816 93
816 549
816 176
831 574
831 796
831 756
831 813
831 240
689 321
689 490
689 538
689 869
647 941
647 672
690 26
690 520
690 390
690 590
810 633
810 811
810 766
810 30
810 13
139 461
139 507
139 360
139 75
139 351
139 959
893 357
893 88
893 873
796 756
796 69
796 640
934 332
934 476
934 870
934 804
934 717
625 470
625 616
625 3
625 279
823 578
823 721
823 600
823 974
906 80
906 746
906 798
906 486
927 774
927 272
927 288
927 266
927 195
813 695
813 38
813 284
813 9
813 425
316 793
316 561
316 869
316 539
316 206
603 916
603 383
603 854
603 293
181 158
181 93
181 663
378 364
378 707
378 677
378 377
501 493
32 915
32 428
32 442
32 899
481 206
481 605
320 254
320 714
320 849
320 797
321 554
321 612
321 629
321 331
321 646
321 108
366 961
366 21
366 51
366 101
366 635
366 130
971 399
971 60
971 98
971 166
912 757
291 318
291 513
291 213
291 976
291 867
788 289
788 467
788 695
788 124
788 101
788 133
553 869
553 504
553 431
553 661
72 243
72 642
72 195
72 737
72 561
72 520
330 984
330 79
330 781
355 401
355 331
355 865
355 987
355 640
355 485
665 521
665 569
665 38
665 805
665 212
165 110
165 410
538 490
538 753
538 853
538 757
538 931
853 991
853 2
853 605
614 461
614 17
614 959
614 360
614 75
781 507
781 561
781 448
781 974
781 474
964 150
964 422
964 728
964 688
964 760
802 514
802 994
802 125
979 274
979 705
271 483
271 140
271 877
271 116
271 648
271 439
271 205
271 190
177 646
177 869
177 583
177 829
177 609
177 640
397 744
397 283
397 571
397 403
397 169
502 168
502 284
502 93
47 380
47 438
47 577
47 599
520 467
520 390
520 539
110 873
110 208
51 961
51 635
51 130
51 612
51 101
51 173
536 353
305 841
305 318
305 558
305 352
305 388
873 674
873 455
364 694
364 187
364 107
518 506
518 279
518 294
518 894
322 388
322 994
322 158
322 438
767 907
767 210
767 353
767 216
588 513
588 820
588 789
588 203
588 141
384 126
384 65
384 605
384 630
526 98
526 644
526 415
526 589
798 381
798 430
798 80
636 338
636 161
636 925
636 76
124 398
124 744
124 169
124 858
124 571
354 478
354 579
354 357
354 288
354 981
289 668
289 928
289 89
744 571
744 403
744 169
84 876
84 554
84 251
84 888
84 277
174 763
174 310
174 381
174 302
174 313
174 242
174 925
174 227
819 254
819 310
462 59
462 878
462 130
462 367
462 471
462 663
303 629
303 677
303 312
303 716
303 607
497 54
497 260
497 878
497 734
497 211
497 748
507 277
507 914
507 888
886 172
886 991
886 817
886 403
886 543
604 757
325 117
325 377
325 986
325 808
325 49
325 460
586 119
586 748
586 49
655 889
655 916
655 430
655 763
655 611
469 973
469 151
469 583
469 732
529 30
529 644
529 3
529 87
537 394
537 156
537 56
537 49
537 386
537 54
26 514
26 707
26 644
26 646
26 763
583 151
583 732
569 7
569 332
569 904
569 805
569 521
599 241
599 79
599 60
946 5
946 719
946 104
946 352
351 915
351 600
351 187
351 612
351 720
351 197
841 117
841 956
841 428
251 387
251 807
251 852
251 682
251 255
467 390
288 307
288 357
668 928
668 443
91 258
91 302
91 122
500 674
500 195
500 867
661 290
661 431
661 116
661 310
43 348
43 455
43 358
43 434
43 919
392 577
392 438
392 335
392 380
392 514
279 596
279 539
279 879
45 932
45 554
45 455
45 283
45 616
908 854
908 383
908 255
400 966
400 466
400 595
400 262
561 753
561 3
561 869
561 403
161 925
161 514
161 76
350 242
410 768
410 201
410 817
849 616
849 190
849 483
849 932
880 784
880 613
13 227
13 914
13 651
13 600
13 133
13 719
13 152
565 564
565 939
565 682
565 793
607 716
607 339
439 751
331 987
331 549
331 401
331 485
293 383
293 916
293 854
878 544
585 748
585 144
585 216
551 737
551 394
551 56
551 973
551 405
635 130
635 961
130 961
130 101
870 804
870 758
870 476
870 717
465 228
642 243
642 262
766 771
766 811
766 30
591 621
591 182
591 69
591 801
646 203
646 461
646 211
646 197
277 113
277 876
277 888
543 152
543 811
323 98
323 59
323 144
595 697
595 910
595 162
595 89
991 860
991 205
991 2
534 193
534 890
756 254
756 695
756 741
756 126
335 956
335 369
335 762
571 169
571 367
571 403
589 510
589 9
589 596
422 728
422 760
422 504
422 613
422 688
466 633
466 236
466 346
466 966
578 478
578 195
578 162
578 858
578 17
476 717
476 994
476 260
476 751
476 804
360 959
360 75
360 931
360 339
360 461
490 88
877 695
877 648
877 173
877 190
877 140
302 122
9 947
9 402
9 345
943 700
943 818
943 208
208 206
672 443
672 941
879 620
879 739
879 562
879 92
947 345
947 402
87 367
87 808
87 700
87 612
92 399
92 739
92 150
92 620
228 682
228 734
613 172
613 504
613 266
83 109
83 65
195 113
721 197
721 863
721 734
721 329
104 677
104 5
104 352
104 719
254 714
254 41
570 253
570 313
570 266
629 860
75 959
75 762
75 461
75 904
401 485
401 241
401 739
401 987
169 403
504 134
255 852
255 682
255 776
544 751
544 496
544 398
434 348
434 358
434 797
56 394
56 405
56 49
262 707
262 119
262 717
616 932
616 941
616 342
616 283
784 398
784 789
956 369
956 845
956 762
778 99
778 452
125 405
125 737
125 858
125 17
711 705
711 274
633 236
633 346
633 974
93 168
211 663
211 771
797 358
797 348
236 346
236 974
708 430
708 528
708 579
759 510
759 973
759 311
759 470
759 737
759 949
318 513
572 201
572 478
356 240
356 976
356 584
700 156
700 381
700 818
987 485
564 793
564 939
405 394
17 377
365 80
365 790
258 122
258 562
381 966
41 49
620 212
620 739
201 459
272 266
272 805
272 774
387 471
387 807
387 237
387 782
674 867
213 630
213 513
213 342
213 152
612 915
720 915
720 212
959 461
158 994
158 21
158 388
609 913
339 716
339 122
152 630
973 140
973 949
973 311
346 974
867 914
867 916
521 805
762 216
762 369
99 332
577 380
577 438
760 688
760 342
576 707
576 822
576 865
576 260
576 76
576 574
801 621
801 182
54 857
54 459
60 166
60 241
113 338
113 590
257 36
940 648
940 31
403 176
403 858
994 388
473 716
473 204
473 329
804 717
817 732
817 151
581 937
581 771
310 116
310 984
532 162
532 59
483 190
483 140
707 860
358 919
459 857
471 782
471 807
471 237
889 496
889 981
889 611
33 36
33 141
579 430
818 937
818 156
76 925
119 294
119 168
793 399
793 478
774 266
774 846
438 380
88 377
88 443
88 941
506 294
506 894
204 329
204 596
253 630
253 284
621 98
621 182
69 705
822 486
899 986
899 31
984 21
984 694
260 865
758 558
758 2
442 464
694 107
694 187
173 952
173 941
974 937
461 605
2 562
590 431
590 212
227 307
383 854
705 771
705 274
719 5
719 677
402 345
808 117
808 460
808 283
549 932
549 789
237 782
894 294
894 89
732 528
732 151
190 193
190 140
748 216
776 852
776 682
65 109
443 193
126 562
682 852
117 460
805 640
107 187
107 38
697 338
391 768
391 221
311 510
311 949
596 513
290 168
290 737
290 431
30 176
829 493
829 79
932 909
932 283
790 415
394 737
182 268
898 474
898 162
221 839
193 240
193 267
986 94
283 782
283 966
241 399
887 845
887 425
206 539
845 910
274 771
425 205
203 789
584 976
510 741
510 949
763 5
768 863
267 133
5 746
846 981
478 640
876 888
80 746
98 144
89 909
741 268
961 101
168 150
