189 959
189 266
189 232
189 611
189 514
189 561
189 804
189 605
189 790
189 201
573 9
573 614
573 637
573 392
573 938
573 718
573 381
573 263
573 522
573 481
32 937
32 294
32 420
32 164
32 804
32 469
32 846
32 981
32 851
32 56
101 854
101 456
101 920
101 532
101 411
101 322
101 860
101 307
101 121
101 503
169 593
169 482
169 935
169 512
169 59
169 786
169 690
169 773
169 155
169 362
335 19
335 958
335 3
335 143
335 844
335 938
335 616
335 314
335 801
335 581
298 337
298 371
298 393
298 835
298 769
298 861
298 516
298 770
298 632
298 440
974 781
974 359
974 317
974 566
974 408
974 404
974 224
974 468
974 420
974 373
480 1
480 558
480 95
480 761
480 92
480 724
480 907
480 308
480 599
480 18
722 188
722 924
722 388
722 277
722 997
722 711
722 598
722 615
722 122
722 721
707 687
707 944
707 126
707 327
707 275
707 51
707 444
707 552
707 287
707 818
913 675
913 504
913 202
913 685
913 621
913 866
913 290
913 844
913 680
913 723
256 886
256 43
256 613
256 764
256 334
256 985
256 30
256 892
256 315
256 578
977 236
977 272
977 490
977 461
977 740
977 993
977 920
977 791
977 247
977 908
154 371
154 536
154 852
154 11
154 133
154 83
154 828
154 349
154 936
154 752
966 217
966 892
966 553
966 729
966 455
966 185
966 947
966 446
966 772
966 149
223 104
223 323
223 776
223 197
223 489
223 20
223 965
223 471
223 384
223 502
571 4
571 264
571 320
571 353
571 518
571 708
571 596
571 198
571 126
571 973
218 56
218 425
218 658
218 330
218 589
218 415
218 972
218 240
218 887
218 97
227 416
227 235
227 261
227 230
227 424
227 577
227 774
227 983
227 823
227 13
190 929
190 984
190 756
190 668
190 404
190 353
190 976
190 605
190 561
190 998
394 495
394 106
394 688
394 150
394 928
394 916
394 428
394 531
394 311
394 592
42 417
42 402
42 159
42 174
42 939
42 640
42 687
42 736
42 610
42 459
267 491
267 569
267 943
267 560
267 331
267 802
267 967
267 368
267 474
267 429
66 664
66 687
66 622
66 351
66 459
66 958
66 253
66 338
66 596
66 555
624 697
624 546
624 483
624 846
624 585
624 68
624 858
624 147
624 198
624 76
682 497
682 551
682 900
682 473
682 358
682 924
682 251
682 523
682 175
682 677
856 173
856 657
856 953
856 820
856 434
856 347
856 404
856 297
856 662
856 312
186 35
186 635
186 472
186 14
186 597
186 360
186 44
186 862
186 691
186 547
689 552
689 441
689 636
689 405
689 712
689 721
689 444
689 671
689 614
689 433
366 131
366 645
366 69
366 540
366 790
366 872
366 404
366 678
366 463
366 613
741 979
741 467
741 406
741 712
741 327
741 679
741 530
741 823
741 681
741 410
204 217
204 397
204 754
204 991
204 406
204 960
204 565
204 105
204 247
204 499
679 695
679 26
679 681
679 467
679 410
679 738
679 823
679 557
679 262
732 539
732 845
732 772
732 908
732 601
732 449
732 137
732 829
732 938
732 698
798 471
798 463
798 294
798 423
798 929
798 369
798 264
798 984
798 998
798 203
618 473
618 768
618 887
618 633
618 250
618 684
618 68
618 757
618 361
618 666
669 396
669 305
669 950
669 563
669 397
669 939
669 199
669 767
669 127
669 479
2 460
2 900
2 799
2 264
2 788
2 120
2 450
2 919
2 611
2 417
171 710
171 405
171 233
171 140
171 282
171 881
171 746
171 135
171 744
171 226
289 728
289 13
289 403
289 584
289 400
289 566
289 225
289 810
289 53
289 408
283 203
283 81
283 360
283 225
283 853
283 889
283 602
283 789
283 447
283 965
864 721
864 354
864 874
864 907
864 94
864 824
864 124
864 307
864 813
864 554
52 304
52 400
52 634
52 915
52 894
52 493
52 446
52 313
52 647
52 631
931 565
931 17
931 56
931 738
931 780
931 684
931 768
931 920
931 293
931 5
827 520
827 725
827 854
827 236
827 225
827 20
827 654
827 996
827 60
827 457
964 948
964 497
964 334
964 810
964 13
964 587
964 434
964 956
964 445
964 173
290 863
290 754
290 907
290 635
290 382
290 979
290 699
290 675
290 383
988 816
988 486
988 193
988 398
988 636
988 917
988 446
988 277
988 206
988 936
535 206
535 961
535 262
535 220
535 848
535 532
535 563
535 604
535 927
535 910
792 878
792 119
792 379
792 86
792 297
792 401
792 266
792 643
792 222
792 888
755 944
755 365
755 420
755 14
755 44
755 833
755 866
755 373
755 921
755 978
139 922
139 375
139 474
139 613
139 688
139 849
139 354
139 965
139 843
139 546
526 398
526 492
526 947
526 464
526 803
526 955
526 533
526 246
526 627
526 121
484 820
484 182
484 22
484 470
484 685
484 809
484 957
484 704
484 586
484 360
975 340
975 668
975 330
975 748
975 896
975 524
975 486
975 727
975 503
975 341
537 472
537 989
537 529
537 252
537 993
537 249
537 948
537 328
537 304
537 729
572 261
572 992
572 983
572 940
572 424
572 96
572 926
572 142
572 416
572 577
216 545
216 585
216 726
216 866
216 686
216 991
216 75
216 711
216 11
216 64
319 412
319 437
319 895
319 667
319 648
319 417
319 659
319 696
319 489
319 308
349 280
349 465
349 664
349 592
349 196
349 918
349 875
349 727
349 176
590 709
590 487
590 33
590 760
590 587
590 148
590 777
590 427
590 133
590 356
348 552
348 611
348 305
348 446
348 823
348 662
348 846
348 928
348 594
348 398
821 987
821 881
821 822
821 746
821 628
821 675
821 961
821 478
821 6
821 24
549 63
549 426
549 925
549 604
549 200
549 801
549 943
549 906
549 950
549 342
582 479
582 439
582 135
582 238
582 621
582 263
582 567
582 769
582 421
582 759
125 262
125 285
125 867
125 74
125 655
125 72
125 890
125 409
125 29
125 831
749 214
749 758
749 541
749 765
749 576
749 528
749 114
749 860
749 22
749 40
15 828
15 809
15 4
15 164
15 368
15 466
15 288
15 899
15 134
15 166
123 753
123 909
123 723
123 325
123 623
123 435
123 850
123 55
123 126
123 738
560 146
560 521
560 153
560 500
560 137
560 824
560 802
560 109
560 668
862 162
862 810
862 694
862 987
862 938
862 144
862 141
862 635
862 691
306 605
306 159
306 342
306 523
306 376
306 515
306 687
306 453
306 702
306 621
945 238
945 917
945 995
945 785
945 506
945 136
945 390
945 257
945 719
945 68
699 819
699 604
699 241
699 951
699 381
699 602
699 857
699 199
699 578
876 88
876 107
876 499
876 676
876 740
876 329
876 583
876 697
876 753
876 592
281 815
281 620
281 233
281 605
281 553
281 998
281 252
281 753
281 807
281 948
888 401
888 379
888 869
888 497
888 222
888 369
888 119
888 643
888 878
284 516
284 736
284 269
284 318
284 214
284 72
284 98
284 26
284 350
284 337
405 97
405 795
405 723
405 233
405 649
405 180
405 282
405 205
110 373
110 836
110 255
110 367
110 625
110 407
110 226
110 778
110 601
110 111
252 145
252 639
252 622
252 753
252 653
252 427
252 747
252 73
165 959
165 128
165 485
165 419
165 180
165 854
165 807
165 990
165 747
165 906
942 160
942 208
942 516
942 78
942 899
942 787
942 673
942 815
942 59
942 74
622 137
622 886
622 449
622 952
622 816
622 99
622 251
622 530
629 130
629 198
629 910
629 140
629 43
629 325
629 671
629 8
629 464
629 192
85 241
85 765
85 871
85 941
85 730
85 317
85 645
85 293
85 597
85 511
424 261
424 416
424 453
424 142
424 337
424 926
424 577
424 983
103 179
103 220
103 430
103 308
103 91
103 993
103 265
103 24
103 838
103 478
478 845
478 130
478 24
478 488
478 91
478 253
478 490
478 716
442 962
442 826
442 490
442 830
442 355
442 6
442 51
442 713
442 197
442 519
698 396
698 853
698 943
698 493
698 861
698 446
698 172
698 304
698 53
381 43
381 1
381 350
381 534
381 846
381 76
381 587
381 499
422 509
422 880
422 737
422 151
422 714
422 300
422 898
422 70
422 476
422 297
147 296
147 360
147 76
147 846
147 547
147 454
147 633
147 585
147 858
255 566
255 557
255 403
255 781
255 21
255 408
255 392
255 359
255 13
102 859
102 98
102 278
102 620
102 209
102 466
102 860
102 985
102 120
102 427
778 412
778 503
778 6
778 177
778 609
778 646
778 522
778 407
778 939
74 831
74 655
74 409
74 659
74 890
74 285
74 72
74 943
50 603
50 383
50 445
50 956
50 961
50 206
50 221
50 133
50 791
50 68
359 608
359 539
359 893
359 351
359 566
359 21
359 632
359 781
399 143
399 532
399 166
399 174
399 927
399 528
399 675
399 78
399 649
399 652
476 770
476 510
476 898
476 28
476 219
476 458
476 543
476 225
476 109
775 565
775 567
775 896
775 997
775 202
775 924
775 594
775 179
775 756
775 151
992 674
992 597
992 695
992 96
992 923
992 967
992 530
992 642
992 721
49 891
49 188
49 230
49 990
49 443
49 313
49 334
49 791
49 708
49 344
90 464
90 603
90 870
90 105
90 497
90 158
90 460
90 934
90 370
90 210
660 297
660 279
660 258
660 844
660 656
660 825
660 529
660 310
660 178
660 291
153 324
153 933
153 979
153 391
153 924
153 388
153 609
153 392
153 668
716 99
716 3
716 271
716 253
716 905
716 653
716 813
716 133
716 567
328 215
328 738
328 453
328 948
328 354
328 175
328 842
328 462
328 471
717 596
717 53
717 177
717 426
717 647
717 652
717 79
717 799
717 561
717 714
144 750
144 291
144 158
144 443
144 229
144 565
144 603
144 545
144 883
896 426
896 952
896 164
896 884
896 86
896 138
896 99
896 128
606 709
606 688
606 735
606 0
606 997
606 308
606 706
606 374
606 299
606 193
927 670
927 175
927 914
927 773
927 528
927 816
927 82
927 627
840 527
840 632
840 615
840 157
840 149
840 323
840 287
840 36
840 225
840 525
865 695
865 435
865 425
865 342
865 264
865 206
865 87
865 893
865 254
865 200
45 73
45 212
45 640
45 44
45 605
45 919
45 369
45 552
45 697
45 89
365 591
365 175
365 757
365 5
365 211
365 773
365 470
365 943
365 949
243 331
243 156
243 217
243 683
243 544
243 542
243 305
243 292
243 600
243 441
609 979
609 545
609 610
609 388
609 921
609 134
609 259
609 874
61 386
61 384
61 849
61 726
61 578
61 659
61 124
61 987
61 397
61 614
80 330
80 201
80 483
80 0
80 337
80 293
80 34
80 691
80 421
80 357
310 84
310 291
310 656
310 811
310 279
310 844
310 752
310 258
310 178
784 557
784 148
784 731
784 419
784 530
784 499
784 651
784 25
784 954
784 270
152 773
152 397
152 264
152 894
152 545
152 718
152 461
152 184
152 460
152 908
612 259
612 260
612 695
612 183
612 600
612 534
612 703
612 673
612 161
612 17
212 600
212 525
212 910
212 86
212 163
212 524
212 336
212 938
212 329
663 524
663 404
663 909
663 998
663 867
663 430
663 438
663 708
663 678
663 188
333 305
333 982
333 512
333 332
333 702
333 596
333 360
333 208
333 738
333 891
314 180
314 479
314 213
314 471
314 384
314 697
314 655
314 753
314 197
833 553
833 497
833 678
833 11
833 944
833 373
833 490
833 866
833 978
946 649
946 146
946 419
946 654
946 641
946 47
946 869
946 818
946 534
946 282
136 785
136 719
136 800
136 362
136 203
136 917
136 995
136 390
136 257
789 729
789 628
789 225
789 742
789 407
789 681
789 837
789 96
789 823
312 953
312 782
312 434
312 705
312 173
312 347
312 657
312 491
312 662
951 27
951 7
951 436
951 325
951 665
951 264
951 785
951 257
951 544
656 300
656 258
656 825
656 225
656 291
656 279
656 178
656 447
761 815
761 118
761 724
761 558
761 244
761 1
761 95
761 599
761 18
568 295
568 703
568 323
568 81
568 78
568 585
568 407
568 59
568 539
568 89
648 905
648 970
648 667
648 496
648 800
648 48
648 489
648 610
648 914
377 490
377 315
377 991
377 7
377 51
377 825
377 25
377 150
377 928
377 305
851 585
851 417
851 168
851 643
851 304
851 149
851 185
851 294
851 73
77 700
77 307
77 843
77 372
77 466
77 957
77 908
77 620
77 279
77 475
559 91
559 313
559 721
559 519
559 355
559 374
559 819
559 595
559 898
559 402
591 958
591 205
591 316
591 770
591 331
591 641
591 671
591 202
591 320
780 383
780 265
780 517
780 730
780 325
780 162
780 253
780 766
780 633
112 307
112 705
112 477
112 531
112 93
112 652
112 461
112 587
112 55
112 109
782 674
782 146
782 795
782 137
782 923
782 578
782 124
782 616
782 82
263 99
263 790
263 853
263 614
263 485
263 439
263 138
263 915
170 647
170 673
170 652
170 364
170 898
170 868
170 84
170 969
170 498
170 514
494 140
494 342
494 885
494 766
494 177
494 748
494 400
494 759
494 806
494 193
839 140
839 354
839 249
839 760
839 278
839 166
839 217
839 543
839 596
839 562
10 712
10 567
10 374
10 889
10 967
10 499
10 986
10 339
10 292
10 251
276 664
276 343
276 705
276 863
276 463
276 129
276 71
276 767
276 959
276 702
832 206
832 657
832 303
832 240
832 771
832 933
832 844
832 721
832 395
832 239
842 29
842 729
842 100
842 113
842 184
842 770
842 747
842 374
842 834
114 508
114 40
114 214
114 765
114 627
114 541
114 860
114 758
114 576
182 222
182 489
182 729
182 232
182 804
182 326
182 664
182 743
182 19
733 884
733 323
733 269
733 137
733 94
733 524
733 956
733 999
733 445
733 632
300 665
300 880
300 714
300 432
300 268
300 737
300 509
300 302
725 357
725 826
725 519
725 580
725 993
725 248
725 142
725 672
725 225
116 820
116 735
116 575
116 683
116 881
116 943
116 119
116 709
116 322
116 226
150 634
150 811
150 688
150 46
150 907
150 481
150 709
150 219
126 763
126 506
126 391
126 254
126 338
126 501
126 307
65 930
65 8
65 904
65 650
65 477
65 69
65 96
65 127
65 602
65 73
194 640
194 515
194 28
194 529
194 658
194 653
194 327
194 638
194 444
194 923
972 58
972 550
972 887
972 539
972 878
972 56
972 97
972 837
972 453
771 539
771 302
771 991
771 697
771 236
771 295
771 652
771 58
771 897
386 94
386 155
386 875
386 29
386 788
386 710
386 744
386 768
386 315
661 604
661 924
661 799
661 700
661 111
661 921
661 358
661 115
661 219
661 301
852 588
852 752
852 292
852 643
852 146
852 998
852 713
852 683
852 498
902 456
902 41
902 249
902 809
902 433
902 869
902 174
902 391
902 995
902 437
311 201
311 828
311 231
311 433
311 208
311 718
311 891
311 991
311 446
739 415
739 345
739 324
739 362
739 742
739 935
739 380
739 195
739 701
739 507
242 760
242 368
242 343
242 740
242 589
242 407
242 174
242 86
242 213
242 874
905 810
905 201
905 620
905 904
905 253
905 694
905 616
905 767
457 262
457 993
457 626
457 854
457 120
457 713
457 877
457 0
457 614
793 251
793 601
793 731
793 456
793 766
793 819
793 897
793 493
793 247
793 358
228 95
228 506
228 522
228 921
228 994
228 36
228 597
228 1
228 475
228 665
970 270
970 824
970 100
970 21
970 602
970 240
970 934
970 208
970 81
384 471
384 213
384 197
384 809
384 489
384 336
384 726
121 824
121 627
121 803
121 492
121 947
121 603
121 444
121 513
615 297
615 247
615 293
615 636
615 999
615 844
615 277
615 214
157 542
157 579
157 912
157 581
157 538
157 525
157 818
157 473
157 117
272 686
272 271
272 239
272 934
272 245
272 791
272 870
272 367
272 513
195 241
195 843
195 711
195 459
195 727
195 596
195 565
195 193
195 651
564 555
564 875
564 877
564 644
564 448
564 764
564 841
564 790
564 192
564 901
693 938
693 446
693 772
693 918
693 601
693 939
693 38
693 287
693 389
693 677
322 760
322 805
322 617
322 653
322 810
322 997
322 444
322 920
376 416
376 301
376 532
376 907
376 287
376 6
376 448
376 523
376 177
533 398
533 516
533 926
533 430
533 301
533 133
533 614
533 440
533 215
788 385
788 956
788 367
788 47
788 799
788 812
788 770
788 94
244 185
244 396
244 764
244 304
244 13
244 441
244 901
244 736
244 192
685 829
685 445
685 820
685 884
685 382
685 562
685 224
685 828
132 574
132 179
132 956
132 756
132 115
132 625
132 649
132 9
132 225
132 202
215 217
215 796
215 414
215 841
215 440
215 878
215 441
215 247
904 628
904 353
904 251
904 94
904 98
904 651
904 675
904 355
960 210
960 712
960 545
960 911
960 429
960 105
960 162
960 570
960 461
343 963
343 292
343 872
343 907
343 495
343 340
343 540
343 336
556 809
556 588
556 341
556 608
556 430
556 936
556 224
556 23
556 452
556 108
458 543
458 713
458 813
458 421
458 46
458 762
458 387
458 740
458 28
506 812
506 68
506 238
506 897
506 404
506 500
506 610
31 67
31 619
31 818
31 579
31 912
31 117
31 562
31 644
31 542
31 364
726 891
726 809
726 860
726 978
726 769
726 11
726 351
672 372
672 451
672 495
672 191
672 460
672 813
672 808
672 544
672 539
181 754
181 999
181 521
181 501
181 949
181 371
181 207
181 705
181 57
181 508
642 859
642 206
642 520
642 715
642 344
642 510
642 105
642 873
642 529
79 628
79 987
79 503
79 863
79 861
79 353
79 400
79 875
79 237
631 46
631 984
631 8
631 753
631 929
631 886
631 502
631 704
631 989
142 261
142 921
142 416
142 845
142 983
142 577
142 926
916 428
916 701
916 248
916 41
916 756
916 548
916 751
916 331
916 345
412 911
412 594
412 301
412 570
412 391
412 940
412 574
412 676
511 947
511 570
511 163
511 183
511 295
511 871
511 880
511 941
511 96
104 93
104 336
104 757
104 747
104 621
104 439
104 468
104 6
104 894
395 419
395 886
395 497
395 847
395 466
395 324
395 303
395 985
395 799
389 340
389 594
389 828
389 489
389 567
389 676
389 388
389 623
389 819
260 161
260 259
260 17
260 183
260 637
260 703
260 245
260 795
260 877
600 882
600 336
600 261
600 292
600 122
600 247
600 155
976 554
976 625
976 867
976 363
976 578
976 493
976 461
976 141
976 718
452 803
452 877
452 950
452 906
452 694
452 336
452 419
452 454
452 651
812 502
812 238
812 704
812 671
812 897
812 459
812 958
812 845
254 206
254 363
254 613
254 645
254 431
254 599
254 245
254 751
339 329
339 436
339 107
339 948
339 88
339 583
339 592
339 159
339 688
378 208
378 540
378 176
378 562
378 1
378 666
378 518
378 459
378 861
378 671
634 372
634 915
634 124
634 937
634 246
634 416
634 499
634 180
517 519
517 416
517 241
517 488
517 653
517 607
517 625
517 274
517 149
978 859
978 44
978 373
978 426
978 944
978 921
978 866
437 36
437 811
437 128
437 664
437 641
437 674
437 334
437 550
850 543
850 432
850 309
850 326
850 355
850 743
850 232
850 19
850 729
858 76
858 619
858 483
858 454
858 713
858 20
858 400
858 846
99 968
99 777
99 883
99 138
99 952
99 129
401 643
401 973
401 35
401 794
401 413
401 222
401 878
401 415
117 58
117 818
117 846
117 542
117 581
117 579
117 912
117 619
455 868
455 607
455 498
455 84
455 514
455 166
455 969
455 696
455 729
637 797
637 7
637 830
637 245
637 984
637 464
637 166
637 581
350 586
350 870
350 886
350 815
350 414
350 890
350 652
350 826
922 98
922 547
922 481
922 429
922 578
922 867
922 847
922 625
922 985
639 551
639 849
639 178
639 962
639 454
639 530
639 258
639 923
639 82
796 651
796 89
796 710
796 235
796 419
796 706
796 303
796 527
796 911
224 508
224 235
224 738
224 321
224 857
224 363
224 829
288 178
288 633
288 355
288 297
288 500
288 336
288 109
288 531
288 518
468 605
468 320
468 747
468 742
468 235
468 341
468 751
468 73
914 925
914 327
914 955
914 658
914 407
914 410
914 815
914 63
26 762
26 981
26 93
26 113
26 638
26 167
26 873
26 630
62 47
62 398
62 131
62 701
62 620
62 286
62 253
62 180
62 825
62 795
411 808
411 84
411 954
411 999
411 848
411 562
411 440
411 402
411 903
636 148
636 447
636 174
636 4
636 486
636 277
636 677
646 133
646 308
646 818
646 979
646 499
646 666
646 882
646 598
646 806
47 9
47 264
47 801
47 815
47 857
47 900
47 230
776 696
776 206
776 258
776 474
776 462
776 385
776 900
776 467
776 649
589 184
589 315
589 341
589 532
589 246
589 425
589 709
589 431
274 822
274 923
274 754
274 968
274 595
274 23
274 982
274 234
274 920
940 577
940 447
940 261
940 562
940 824
940 541
940 149
940 958
475 522
475 671
475 472
475 965
475 989
475 857
475 665
475 325
930 580
930 344
930 450
930 477
930 257
930 819
930 546
930 895
930 299
683 937
683 292
683 453
683 610
683 435
683 899
683 210
879 22
879 720
879 374
879 844
879 982
879 727
879 324
879 495
879 308
879 735
172 762
172 981
172 630
172 167
172 534
172 28
172 113
172 638
172 445
892 711
892 947
892 997
892 553
892 729
892 837
892 444
892 292
37 501
37 24
37 211
37 845
37 557
37 885
37 949
37 505
37 650
37 43
704 329
704 522
704 493
704 20
704 845
704 122
704 760
861 230
861 794
861 986
861 668
861 846
861 414
702 58
702 887
702 657
702 217
702 664
702 155
702 955
933 962
933 614
933 910
933 721
933 448
933 547
933 797
933 924
286 408
286 565
286 711
286 743
286 297
286 825
286 993
286 363
286 398
361 332
361 684
361 638
361 250
361 393
361 757
361 352
361 887
361 768
7 954
7 175
7 596
7 608
7 575
7 338
7 134
928 305
928 463
928 823
928 168
928 489
928 375
928 318
83 875
83 486
83 958
83 617
83 234
83 71
83 873
83 1
83 482
941 40
941 317
941 871
941 645
941 91
941 570
941 730
941 403
889 487
889 415
889 446
889 436
889 163
889 647
889 374
889 184
410 899
410 407
410 900
410 712
410 823
410 681
410 406
841 249
841 894
841 677
841 552
841 34
841 35
841 764
841 370
551 294
551 34
551 665
551 570
551 477
551 894
551 893
551 25
148 943
148 133
148 162
148 632
148 505
148 164
148 575
576 758
576 40
576 541
576 214
576 518
576 811
576 898
576 765
995 239
995 870
995 356
995 719
995 760
995 390
995 917
834 756
834 949
834 29
834 0
834 109
834 759
834 357
834 567
834 692
113 981
113 638
113 64
113 167
113 762
113 131
113 630
316 623
316 358
316 748
316 425
316 515
316 522
316 869
316 450
316 313
546 203
546 89
546 299
546 613
546 471
546 198
546 209
402 604
402 440
402 133
402 178
402 641
402 459
402 954
16 3
16 280
16 196
16 886
16 439
16 815
16 176
16 398
16 143
16 817
779 419
779 357
779 162
779 885
779 814
779 9
779 301
779 219
779 371
779 797
268 985
268 621
268 911
268 187
268 220
268 857
268 794
268 191
268 371
734 393
734 626
734 756
734 994
734 574
734 918
734 352
734 961
734 495
734 485
667 463
667 735
667 664
667 954
667 111
667 64
667 308
667 744
939 938
939 532
939 950
939 12
939 129
939 197
118 18
118 638
118 724
118 558
118 266
118 543
118 599
118 980
118 95
911 397
911 213
911 87
911 595
911 503
911 570
659 525
659 420
659 595
659 895
659 485
659 14
659 247
826 87
826 996
826 830
826 477
826 950
826 51
826 859
934 723
934 513
934 137
934 40
934 957
934 234
934 520
593 482
593 633
593 59
593 935
593 786
593 690
593 987
593 360
593 512
652 810
652 177
652 647
652 611
445 912
445 439
445 56
445 334
445 956
488 241
488 774
488 711
488 130
488 179
488 6
488 932
488 279
598 882
598 235
598 460
598 344
598 391
598 261
598 990
598 308
730 317
730 871
730 128
730 645
730 241
730 538
730 597
231 413
231 75
231 418
231 96
231 11
231 816
231 813
231 353
231 570
973 345
973 279
973 651
973 956
973 415
973 756
973 578
973 198
432 309
432 990
432 383
432 326
432 932
432 743
432 232
432 19
963 238
963 953
963 111
963 383
963 578
963 313
963 429
963 196
963 68
219 357
219 855
219 814
219 720
219 301
219 444
855 817
855 313
855 820
855 769
855 745
855 681
855 239
855 168
855 774
678 450
678 146
678 320
678 998
678 131
678 307
678 438
129 508
129 883
129 777
129 952
129 569
129 968
129 863
409 285
409 72
409 490
409 867
409 890
409 262
409 413
409 831
952 138
952 968
952 883
952 777
952 25
952 162
203 758
203 670
203 471
203 508
203 917
203 958
34 500
34 9
34 894
34 799
34 434
34 893
34 552
257 785
257 39
257 719
257 46
257 917
257 390
70 684
70 202
70 824
70 151
70 714
70 544
70 509
70 772
70 356
439 621
439 803
439 835
439 580
439 900
200 173
200 811
200 583
200 59
200 342
200 106
200 801
200 925
654 936
654 791
654 236
654 363
654 818
654 705
654 993
654 473
346 986
346 971
346 321
346 57
346 81
346 425
346 828
346 496
346 465
346 318
487 557
487 604
487 131
487 56
487 262
487 207
487 428
487 980
498 607
498 330
498 969
498 514
498 673
498 868
498 84
266 96
266 379
266 959
266 292
266 115
266 119
266 222
270 380
270 602
270 562
270 396
270 981
270 906
270 903
270 831
29 315
29 603
29 901
29 262
29 519
29 790
740 368
740 853
740 500
740 920
740 697
740 910
107 592
107 159
107 329
107 428
107 88
107 519
107 583
107 948
627 492
627 774
627 513
627 530
627 803
627 824
321 754
321 880
321 836
321 235
321 53
321 700
321 14
321 728
327 51
327 632
327 691
327 787
327 331
327 999
491 969
491 569
491 523
491 463
491 368
491 331
491 470
491 874
509 737
509 603
509 714
509 87
509 356
509 880
509 151
554 899
554 363
554 594
554 166
554 531
554 53
554 824
554 774
794 146
794 608
794 187
794 443
794 301
794 275
794 208
750 213
750 872
750 603
750 67
750 209
750 367
750 718
750 158
750 536
43 464
43 474
43 38
43 550
43 198
43 538
512 360
512 742
512 265
512 969
512 690
512 38
512 935
3 176
3 280
3 196
3 516
3 616
3 143
3 817
176 143
176 280
176 616
176 196
176 817
176 822
397 55
397 187
397 766
397 479
397 965
106 447
106 688
106 362
106 936
106 718
106 816
106 19
106 332
313 681
313 806
313 885
313 657
248 345
248 641
248 767
248 701
248 309
248 41
248 447
248 751
643 502
643 222
643 697
643 878
643 354
30 109
30 209
30 330
30 953
30 265
30 837
30 358
30 105
30 899
127 351
127 808
127 433
127 360
127 538
127 8
127 893
127 910
563 382
563 131
563 128
563 479
563 273
563 877
563 453
563 253
12 179
12 649
12 63
12 453
12 158
12 463
12 552
12 18
12 783
982 226
982 745
982 962
982 581
982 308
982 585
982 857
882 229
882 193
882 354
882 895
882 604
882 449
882 461
507 650
507 425
507 413
507 567
507 46
507 521
507 415
507 362
507 561
695 183
695 380
695 259
695 17
695 664
695 161
630 981
630 420
630 638
630 167
630 504
630 54
630 762
534 649
534 617
534 161
534 259
534 183
534 418
569 890
569 703
569 467
569 368
569 738
569 967
569 619
465 363
465 57
465 496
465 986
465 9
465 990
465 370
465 971
469 752
469 605
469 843
469 291
469 33
469 164
469 367
469 980
469 456
105 246
105 230
105 209
105 221
105 570
163 727
163 21
163 374
163 808
163 185
163 449
163 167
579 818
579 619
579 542
579 912
579 881
579 720
579 581
874 611
874 369
874 721
874 822
874 368
874 251
783 706
783 696
783 206
783 525
783 715
783 959
783 51
783 213
783 292
980 164
980 753
980 724
980 599
980 27
980 18
980 95
356 98
356 414
356 772
356 714
356 786
356 638
418 626
418 859
418 594
418 495
418 177
418 924
418 87
418 647
92 375
92 640
92 907
92 180
92 649
92 433
92 265
92 149
92 36
345 578
345 548
345 41
345 751
345 701
345 338
769 337
769 728
769 822
769 713
769 817
769 503
504 269
504 838
504 460
504 616
504 675
504 854
504 496
504 265
518 937
518 429
518 329
518 895
518 367
518 264
27 436
27 989
27 164
27 737
27 666
27 802
27 671
27 273
364 269
364 293
364 823
364 706
364 957
364 736
364 67
364 513
369 296
369 953
369 528
369 519
369 998
369 463
48 835
48 601
48 528
48 342
48 658
48 762
48 385
48 462
48 925
423 238
423 602
423 915
423 958
423 466
423 891
423 998
423 372
423 168
39 719
39 785
39 277
39 87
39 180
39 390
39 917
39 528
39 44
502 146
502 238
502 800
502 538
502 666
502 354
878 668
878 379
878 222
878 540
28 813
28 510
28 886
28 133
28 829
28 899
710 233
710 583
710 282
710 806
710 527
710 744
710 448
72 867
72 414
72 890
72 285
72 655
72 831
901 863
901 644
901 680
901 790
901 54
901 192
901 93
199 847
199 544
199 985
199 989
199 881
199 869
199 54
199 177
510 305
510 838
510 808
510 71
510 752
510 899
510 529
575 470
575 746
575 523
575 810
575 547
575 640
575 175
18 724
18 496
18 95
18 558
18 599
372 915
372 767
372 120
372 38
372 955
372 307
477 708
477 580
477 680
477 871
477 843
88 592
88 601
88 583
88 436
88 329
88 420
88 159
655 393
655 831
655 893
655 151
655 753
655 758
393 168
393 961
393 485
393 994
393 574
393 352
929 650
929 8
929 115
929 984
929 373
929 64
929 294
35 433
35 360
35 520
35 20
35 404
35 677
35 240
955 644
955 207
955 925
955 523
955 692
955 854
906 602
906 774
906 801
906 380
906 950
906 990
115 746
115 337
115 756
115 338
115 351
115 230
426 574
426 561
426 562
426 138
426 164
426 63
237 353
237 275
237 370
237 950
237 703
237 338
237 897
237 497
237 277
583 592
583 329
583 33
583 159
173 434
173 705
173 953
173 662
173 657
173 347
781 21
781 13
781 745
781 408
781 433
781 566
781 403
352 438
352 961
352 994
352 626
352 948
352 485
352 550
250 94
250 768
250 271
250 653
250 658
250 887
250 674
250 550
772 967
772 128
772 601
772 446
772 185
131 11
131 859
131 253
131 220
555 881
555 811
555 909
555 918
555 230
555 664
555 524
555 658
309 326
309 932
309 14
309 19
309 318
309 743
309 543
8 520
8 64
8 464
8 957
8 580
835 777
835 883
835 665
835 736
835 632
835 873
835 644
317 241
317 670
317 597
317 156
317 871
317 645
93 55
93 860
93 124
93 857
93 723
93 160
848 830
848 391
848 436
848 915
848 808
848 375
848 60
848 625
320 799
320 20
320 666
320 450
320 998
320 464
548 370
548 404
548 208
548 33
548 450
548 620
548 278
548 763
196 91
196 280
196 143
196 817
196 82
295 91
295 187
295 614
295 140
295 731
295 454
295 746
797 854
797 817
797 787
797 357
797 499
797 814
797 86
887 382
887 344
887 768
887 330
541 40
541 625
541 214
541 597
541 447
541 765
961 791
961 485
961 574
961 994
728 836
728 897
728 623
728 287
728 46
728 720
728 731
787 240
787 632
787 759
787 545
787 492
787 304
787 23
236 581
236 897
236 302
236 539
236 791
236 58
403 141
403 13
403 566
403 392
403 408
403 21
438 909
438 430
438 701
438 957
438 485
438 291
438 971
513 824
513 957
513 205
513 208
513 291
324 81
324 923
324 884
324 135
324 528
324 391
273 347
273 795
273 385
273 748
273 958
273 671
273 188
273 802
786 155
786 690
786 59
786 962
786 935
786 482
786 262
13 408
13 21
13 566
550 299
550 22
550 474
550 36
550 198
640 948
640 433
640 375
640 807
640 235
795 700
795 536
795 472
795 971
795 701
4 341
4 296
4 486
4 221
4 53
4 183
4 146
482 59
482 690
482 895
482 552
482 155
482 935
744 448
744 135
744 282
744 5
744 233
744 75
55 859
55 531
55 479
55 160
55 965
55 167
280 230
280 817
280 82
280 143
280 616
731 530
731 727
731 91
731 539
731 791
731 82
712 681
712 894
712 823
712 406
712 519
151 565
151 880
151 737
151 714
151 336
351 621
351 387
351 141
351 474
351 111
347 958
347 953
347 456
347 180
347 434
347 662
677 100
677 764
677 134
677 451
677 996
628 844
628 523
628 331
628 341
628 956
628 987
811 909
811 825
811 305
811 908
983 577
983 926
983 611
983 416
983 261
983 844
271 820
271 870
271 645
271 696
271 536
271 567
271 686
803 989
803 492
803 444
803 900
803 947
40 871
40 214
40 765
40 758
641 307
641 202
641 340
641 543
641 440
451 670
451 531
451 503
451 715
451 100
451 143
451 770
451 358
686 632
686 9
686 245
686 336
686 97
686 330
686 870
752 122
752 528
752 448
752 932
752 54
396 872
396 473
396 421
396 479
396 996
396 493
919 138
919 89
919 460
919 713
919 836
919 853
919 666
919 387
644 421
644 435
644 429
644 814
644 692
449 490
449 668
449 137
449 355
449 736
449 885
108 588
108 464
108 820
108 86
108 358
108 893
108 220
108 932
108 711
607 895
607 241
607 925
607 868
607 561
607 84
607 969
873 141
873 565
873 71
873 619
873 817
873 553
155 935
155 217
155 552
155 690
138 968
138 883
138 179
138 777
516 337
516 721
516 912
516 64
516 849
519 651
519 355
881 909
881 746
881 900
881 822
363 829
363 625
363 993
617 264
617 25
617 259
617 230
617 58
617 527
617 574
635 547
635 362
635 197
635 754
635 756
635 938
635 120
245 467
245 208
245 998
245 745
245 718
763 531
763 430
763 240
763 213
763 128
763 75
763 967
763 806
479 950
479 751
479 965
701 989
701 751
701 41
135 5
135 282
135 586
135 421
135 233
135 470
891 497
891 791
891 334
891 187
891 738
462 499
462 41
462 670
462 805
462 385
462 875
462 751
830 996
830 915
830 353
830 588
830 547
830 962
814 657
814 303
814 64
814 586
814 687
814 357
838 910
838 168
838 417
838 937
838 24
838 440
838 521
984 754
984 727
984 431
984 294
984 724
122 766
122 187
122 532
122 269
122 932
122 207
870 41
870 536
870 330
870 815
936 23
936 446
936 883
936 816
936 514
653 658
653 853
653 444
653 893
709 760
709 872
709 997
709 847
709 625
191 370
191 109
191 140
191 371
191 100
191 909
191 435
191 837
355 362
355 22
355 240
523 305
523 421
523 875
828 371
828 529
828 993
828 567
232 743
232 884
232 326
232 804
232 19
232 78
720 954
720 688
720 421
720 948
720 819
720 287
884 371
884 991
884 804
884 957
884 210
299 198
299 718
299 525
299 209
299 472
299 706
774 269
774 492
774 809
774 820
543 187
543 19
543 296
584 38
584 269
584 918
584 920
584 800
584 130
584 996
584 692
584 746
766 853
766 595
766 538
766 923
766 193
143 419
143 817
944 768
944 921
944 805
944 294
944 866
944 44
979 188
979 128
979 388
979 675
979 63
540 857
540 668
540 137
540 597
540 315
540 706
192 736
192 671
192 954
192 863
192 304
192 790
886 900
886 985
886 466
715 67
715 292
715 413
715 285
715 464
715 953
715 188
100 971
100 770
100 542
100 87
100 380
229 443
229 338
229 501
229 383
229 36
229 764
229 565
229 490
265 238
265 614
265 91
265 209
17 161
17 768
17 684
17 259
17 703
17 183
481 71
481 815
481 538
481 414
481 753
481 60
481 336
56 392
56 97
56 525
56 837
520 802
520 358
520 44
520 20
520 225
340 521
340 499
340 594
340 508
340 137
340 727
185 805
185 588
185 658
185 923
185 149
967 467
967 991
967 990
967 368
613 578
613 806
613 759
613 993
613 89
908 293
908 920
908 220
908 495
908 156
275 239
275 608
275 443
275 302
275 208
275 51
275 68
897 221
897 302
897 915
524 909
524 188
524 918
524 999
524 97
279 258
279 428
279 178
279 291
723 221
723 160
723 773
723 801
723 124
210 429
210 570
210 64
210 234
210 430
210 217
847 54
847 802
847 754
847 985
847 294
847 22
500 799
500 595
500 164
500 521
500 626
415 490
415 413
415 362
415 46
24 496
24 845
24 67
24 211
24 924
60 804
60 331
60 382
60 76
60 234
60 943
60 801
167 638
167 762
167 981
167 82
596 436
596 869
596 910
57 999
57 611
57 759
57 986
57 318
57 971
57 81
98 620
98 430
98 456
98 989
98 337
608 938
608 146
608 134
608 443
608 434
383 986
383 68
383 587
383 398
33 773
33 860
33 497
33 577
33 427
33 696
680 5
680 406
680 947
680 790
680 748
680 285
680 417
670 427
670 843
670 41
670 601
670 954
326 743
326 804
326 11
326 19
326 729
168 239
168 994
168 671
168 417
986 496
986 530
986 971
986 73
380 485
380 602
380 801
380 379
380 297
909 217
909 188
414 819
414 406
414 738
414 610
493 760
493 287
493 845
493 78
277 429
277 843
277 580
277 160
69 211
69 441
69 470
69 222
69 119
69 96
69 22
69 188
691 665
691 810
691 318
691 694
691 547
691 987
473 829
473 162
473 525
473 161
473 645
373 44
373 332
373 859
373 404
285 831
285 587
285 860
285 890
527 89
527 921
527 926
527 67
527 706
527 303
197 282
197 489
197 471
197 505
747 962
747 427
747 246
747 213
747 145
470 649
470 22
470 773
470 175
694 545
694 145
694 810
694 877
694 82
694 175
375 354
375 472
375 538
375 965
375 342
807 553
807 605
807 158
807 67
807 53
807 425
807 128
503 67
503 860
503 226
342 601
342 925
342 899
522 427
522 474
522 819
522 1
767 287
767 120
767 805
767 616
767 492
201 620
201 757
201 427
201 611
201 616
201 804
748 854
748 207
748 156
748 515
748 406
665 829
665 318
665 436
805 542
805 406
805 632
805 162
805 14
472 525
472 700
472 745
472 836
184 443
184 341
184 431
184 800
184 926
184 521
407 872
407 68
407 588
898 925
898 696
898 205
898 400
898 109
213 918
213 461
595 822
595 809
595 621
595 692
603 209
603 647
603 278
205 990
205 454
205 844
205 483
205 23
205 400
466 303
466 387
466 489
466 985
436 737
436 869
337 956
337 387
73 249
73 759
73 894
73 621
431 341
431 94
431 246
431 532
431 687
431 971
86 997
86 11
86 130
86 849
370 193
370 602
370 174
370 293
325 623
325 991
325 989
325 531
325 460
785 675
785 917
785 719
785 390
785 883
367 111
367 962
367 174
367 429
662 657
662 434
662 586
662 953
662 234
5 448
5 233
5 674
5 160
5 282
23 315
23 304
23 968
23 920
23 923
140 754
140 746
140 25
140 278
727 532
727 808
141 145
141 619
141 625
141 246
141 718
708 602
708 188
708 580
708 859
708 895
708 253
278 907
278 802
278 492
278 246
278 620
553 505
553 997
553 605
553 947
673 447
673 398
673 514
673 868
673 249
673 969
536 44
536 296
536 303
536 770
536 64
969 868
969 514
969 84
220 211
220 0
220 302
220 760
341 111
341 89
501 666
501 338
501 531
501 949
501 211
501 650
64 247
866 921
866 145
866 238
866 633
791 539
735 758
735 957
735 374
735 664
735 770
735 315
38 745
38 515
38 742
38 130
38 947
561 404
561 611
561 996
561 217
854 207
854 447
332 334
332 483
332 585
332 53
332 949
332 987
802 44
802 965
802 492
588 713
588 400
588 565
588 471
959 611
959 647
959 674
959 816
959 696
54 996
54 544
54 692
54 981
54 558
76 846
76 166
76 483
76 585
76 454
287 240
287 392
915 903
915 425
177 515
177 505
177 647
75 813
75 863
75 610
75 11
75 751
75 684
853 890
853 950
853 790
448 764
448 233
448 282
187 711
187 207
187 226
800 926
800 323
800 390
800 762
800 719
868 36
868 514
868 371
868 84
903 440
903 71
903 658
903 296
903 391
903 159
903 25
808 529
808 825
808 128
626 594
626 0
626 495
626 450
626 965
674 334
674 495
674 650
674 330
329 592
329 159
746 6
746 14
690 742
690 935
690 262
690 59
430 773
430 990
505 156
505 301
505 697
505 765
505 388
158 63
158 443
158 920
158 149
158 521
985 429
486 51
486 687
486 221
486 459
486 877
935 742
935 773
757 768
757 94
757 179
757 621
757 684
932 130
932 294
932 149
932 14
764 36
764 997
764 706
829 357
829 421
829 508
464 20
25 610
25 650
25 777
419 303
419 651
134 239
134 697
134 875
134 209
134 918
392 435
392 400
392 408
392 566
483 585
483 428
483 454
483 846
529 178
529 514
529 999
226 11
226 296
226 334
226 836
994 574
994 877
994 742
994 485
240 22
240 304
943 53
943 809
81 460
81 700
81 619
81 605
202 544
202 813
202 684
202 307
492 849
97 166
97 837
97 330
97 413
67 706
67 235
542 581
542 818
542 912
137 668
382 836
382 863
382 374
382 777
382 453
293 684
293 433
293 91
623 387
623 676
623 344
623 297
623 736
302 0
302 78
302 872
302 354
857 893
857 6
162 221
162 461
0 713
0 160
0 949
681 823
681 467
681 406
890 831
890 867
443 338
443 146
954 820
954 440
495 234
521 893
521 508
239 166
239 745
239 822
71 130
71 58
71 996
71 538
156 754
156 450
156 441
156 51
156 962
971 318
971 496
804 743
804 461
387 910
387 63
387 713
387 453
806 233
806 597
806 133
806 759
390 545
390 917
390 719
296 825
296 528
296 159
758 765
758 214
758 869
434 657
434 953
450 962
450 957
925 801
925 63
453 877
820 460
700 836
700 633
700 261
700 816
400 863
586 687
586 809
586 666
586 247
586 459
353 360
353 703
353 790
474 456
474 900
474 36
759 705
759 318
304 863
777 968
777 883
923 82
258 291
258 178
258 89
258 440
109 696
109 594
235 836
235 799
9 358
9 885
9 251
822 968
822 234
334 587
718 413
742 160
742 877
585 454
845 737
845 211
949 211
949 650
949 544
259 183
259 161
259 703
544 427
544 813
420 14
420 388
420 371
420 545
463 315
463 738
711 743
711 241
58 539
58 581
58 557
388 398
388 668
388 36
831 490
831 867
947 444
570 880
968 883
968 234
362 357
362 557
697 368
447 867
619 581
619 912
981 638
981 762
20 441
20 849
63 562
63 987
737 924
737 714
737 880
145 166
145 149
145 633
145 246
145 467
193 221
193 885
193 161
869 417
869 765
875 705
875 425
926 577
926 416
872 174
872 675
872 209
416 577
78 59
78 344
78 323
78 580
918 249
918 692
413 816
413 46
459 687
459 651
528 816
323 344
323 836
323 59
323 760
421 692
937 124
937 428
937 910
937 557
937 264
991 130
991 990
41 234
41 751
880 87
880 825
179 567
179 871
179 6
692 249
692 251
762 46
604 545
604 895
604 547
996 21
885 211
885 525
885 650
303 651
303 706
950 207
249 894
249 515
222 119
222 379
175 773
175 649
736 269
736 441
724 599
724 620
724 95
724 558
650 211
467 368
467 344
538 305
130 719
658 825
435 428
435 269
435 120
435 557
21 408
21 566
379 111
379 297
379 860
379 119
6 676
164 68
385 433
385 770
385 96
385 837
385 907
456 895
456 180
456 532
408 566
666 89
91 238
180 824
577 261
301 574
301 357
22 308
82 705
924 921
843 849
843 676
843 580
558 599
558 253
558 1
558 95
989 358
687 51
374 688
594 676
427 230
214 441
214 765
645 871
645 597
719 917
557 530
315 938
331 587
331 801
53 508
19 743
616 657
574 756
94 837
94 799
111 562
111 14
1 95
1 599
251 262
251 899
391 610
391 676
530 417
221 120
221 160
592 159
592 948
705 515
206 696
580 344
587 531
587 810
207 999
207 294
119 633
119 120
119 497
183 161
183 703
307 120
95 599
745 815
745 338
745 160
46 849
614 515
907 87
161 703
318 496
633 198
247 174
454 647
124 96
124 198
124 849
818 912
291 178
87 859
819 515
819 894
768 684
441 688
871 241
417 610
489 471
508 269
174 753
675 987
688 428
729 837
912 956
84 999
84 514
461 428
676 867
676 714
354 813
233 282
714 997
246 425
406 601
721 547
552 496
