170 975
170 161
170 743
170 802
170 258
170 650
170 213
170 938
170 440
170 59
560 336
560 746
560 240
560 614
560 70
560 847
560 970
560 324
560 904
560 791
97 63
97 672
97 245
97 506
97 686
97 726
97 397
97 787
97 954
97 854
984 923
984 797
984 862
984 656
984 581
984 712
984 678
984 13
984 157
984 29
100 291
100 166
100 364
100 355
100 323
100 117
100 634
100 584
100 649
100 49
501 939
501 949
501 209
501 679
501 993
501 519
501 867
501 154
501 290
501 277
532 271
532 338
532 580
532 405
532 782
532 453
532 133
532 604
532 305
532 535
912 739
912 894
912 5
912 70
912 979
912 152
912 816
912 371
912 85
912 330
485 859
485 850
485 358
485 188
485 30
485 504
485 439
485 31
485 941
485 1
837 589
837 309
837 963
837 386
837 422
837 388
837 507
837 673
837 101
837 569
416 703
416 633
416 646
416 494
416 230
416 603
416 924
416 396
416 176
416 376
966 50
966 418
966 43
966 818
966 184
966 178
966 35
966 218
966 747
966 216
8 34
8 974
8 640
8 267
8 2
8 825
8 193
8 77
8 150
8 953
484 269
484 677
484 276
484 304
484 361
484 280
484 281
484 429
484 929
484 457
612 264
612 395
612 910
612 206
612 164
612 768
612 892
612 954
612 159
612 394
121 558
121 880
121 982
121 143
121 330
121 44
121 744
121 331
121 649
121 291
709 879
709 840
709 936
709 394
709 447
709 884
709 795
709 511
709 315
709 905
959 477
959 669
959 43
959 537
959 733
959 351
959 814
959 243
959 272
959 716
0 426
0 229
0 87
0 393
0 548
0 799
0 252
0 994
0 433
0 972
499 762
499 52
499 871
499 919
499 867
499 174
499 679
499 594
499 899
499 939
635 634
635 198
635 203
635 617
635 270
635 789
635 319
635 868
635 411
635 372
781 349
781 839
781 442
781 574
781 815
781 834
781 623
781 433
781 555
781 305
112 454
112 91
112 129
112 521
112 594
112 282
112 542
112 898
112 821
112 262
740 901
740 517
740 610
740 570
740 559
740 261
740 368
740 881
740 63
740 540
835 400
835 682
835 460
835 783
835 964
835 251
835 621
835 294
835 74
835 311
412 992
412 982
412 330
412 638
412 130
412 593
412 231
412 745
412 143
412 43
443 696
443 447
443 142
443 139
443 632
443 199
443 961
443 795
443 107
443 400
306 454
306 993
306 759
306 476
306 935
306 652
306 289
306 727
306 518
306 186
690 528
690 242
690 329
690 181
690 387
690 742
690 458
690 770
690 590
690 89
461 899
461 269
461 271
461 542
461 298
461 626
461 155
461 466
461 108
461 803
705 353
705 735
705 269
705 226
705 144
705 351
705 317
705 320
705 632
705 754
961 107
961 299
961 905
961 229
961 139
961 795
961 543
961 696
961 400
839 770
839 834
839 623
839 815
839 305
839 209
839 574
839 999
839 555
468 45
468 681
468 602
468 7
468 637
468 275
468 704
468 997
468 423
468 999
496 154
496 161
496 505
496 586
496 797
496 474
496 879
496 605
496 979
496 965
547 512
547 764
547 944
547 253
547 758
547 518
547 95
547 280
547 712
547 844
789 868
789 319
789 712
789 598
789 840
789 268
789 824
789 617
789 203
404 572
404 668
404 817
404 83
404 811
404 233
404 406
404 554
404 552
404 601
969 10
969 378
969 870
969 552
969 804
969 172
969 799
969 994
969 727
969 252
151 891
151 672
151 428
151 937
151 27
151 328
151 473
151 508
151 206
151 504
294 4
294 923
294 641
294 344
294 545
294 251
294 863
294 367
294 777
183 555
183 398
183 511
183 32
183 476
183 831
183 998
183 90
183 250
183 377
741 67
741 601
741 791
741 702
741 564
741 174
741 385
741 58
741 363
741 536
169 551
169 464
169 860
169 606
169 726
169 600
169 161
169 936
169 22
169 548
348 530
348 975
348 284
348 452
348 653
348 858
348 464
348 37
348 108
348 273
26 656
26 556
26 310
26 787
26 37
26 79
26 610
26 686
26 63
26 136
528 803
528 242
528 742
528 181
528 387
528 590
528 770
528 329
528 561
442 772
442 834
442 623
442 574
442 555
442 113
442 674
442 815
442 349
177 231
177 487
177 322
177 880
177 375
177 89
177 438
177 751
177 869
177 785
697 579
697 477
697 983
697 962
697 157
697 692
697 814
697 861
697 687
697 733
116 23
116 339
116 287
116 771
116 800
116 98
116 553
116 381
116 248
116 6
458 284
458 987
458 190
458 141
458 862
458 568
458 561
458 79
458 895
489 299
489 39
489 11
489 288
489 736
489 579
489 624
489 869
489 908
489 173
19 576
19 586
19 249
19 474
19 142
19 161
19 356
19 505
19 155
19 879
525 305
525 474
525 902
525 624
525 352
525 779
525 422
525 633
525 752
525 146
299 139
299 292
299 946
299 49
299 606
299 229
299 144
299 889
808 165
808 117
808 849
808 689
808 109
808 293
808 88
808 845
808 976
808 122
588 640
588 405
588 104
588 920
588 176
588 389
588 103
588 64
588 37
588 301
682 621
682 948
682 95
682 74
682 128
682 665
682 311
682 347
682 675
13 59
13 522
13 790
13 656
13 130
13 102
13 29
13 862
13 157
222 503
222 219
222 592
222 794
222 127
222 943
222 906
222 642
222 914
222 666
84 99
84 871
84 293
84 530
84 699
84 539
84 424
84 570
84 156
84 833
102 862
102 157
102 760
102 337
102 656
102 29
102 18
102 54
102 746
466 370
466 454
466 674
466 470
466 756
466 723
466 111
466 161
466 624
692 669
692 962
692 801
692 632
692 477
692 814
692 733
692 48
692 272
125 637
125 168
125 347
125 511
125 43
125 786
125 310
125 166
125 206
125 377
399 70
399 265
399 876
399 79
399 630
399 785
399 732
399 315
399 901
399 322
883 385
883 465
883 186
883 398
883 451
883 405
883 363
883 564
883 471
883 534
980 173
980 993
980 79
980 615
980 987
980 807
980 791
980 107
980 340
980 441
24 225
24 967
24 664
24 803
24 189
24 302
24 624
24 60
24 307
24 986
990 926
990 206
990 722
990 6
990 993
990 625
990 428
990 355
990 72
990 881
46 559
46 681
46 291
46 15
46 476
46 758
46 37
46 86
46 736
46 725
749 316
749 337
749 35
749 233
749 629
749 757
749 421
749 554
749 256
749 1
118 630
118 655
118 698
118 778
118 539
118 699
118 833
118 99
118 156
118 570
359 503
359 168
359 264
359 914
359 122
359 949
359 147
359 867
359 666
359 823
755 92
755 512
755 905
755 18
755 896
755 926
755 14
755 760
755 106
755 713
916 903
916 70
916 155
916 371
916 289
916 783
916 617
916 356
916 3
916 759
20 255
20 405
20 901
20 229
20 130
20 575
20 309
20 605
20 882
20 184
238 772
238 763
238 356
238 759
238 679
238 744
238 773
238 289
238 913
238 194
223 80
223 40
223 444
223 581
223 158
223 430
223 675
223 127
223 909
223 806
826 841
826 266
826 123
826 565
826 765
826 676
826 799
826 138
826 204
826 324
124 537
124 784
124 21
124 82
124 132
124 182
124 263
124 577
124 150
124 761
295 995
295 314
295 220
295 341
295 698
295 137
295 794
295 968
295 85
295 604
90 32
90 377
90 522
90 520
90 998
90 250
90 234
90 476
90 533
647 995
647 209
647 836
647 794
647 85
647 327
647 678
647 314
647 767
647 858
57 369
57 92
57 498
57 208
57 239
57 686
57 933
57 497
57 324
57 787
241 196
241 195
241 737
241 424
241 807
241 218
241 874
241 448
241 42
241 384
232 253
232 845
232 280
232 519
232 764
232 758
232 844
232 973
232 459
232 680
996 160
996 2
996 16
996 94
996 300
996 141
996 572
996 342
996 368
996 339
120 390
120 882
120 414
120 940
120 122
120 921
120 113
120 54
120 856
120 185
526 174
526 956
526 171
526 917
526 524
526 254
526 652
526 394
526 848
526 303
144 311
144 735
144 797
144 320
144 317
144 899
144 621
144 632
567 649
567 472
567 763
567 131
567 130
567 905
567 710
567 441
567 398
567 598
986 897
986 315
986 679
986 302
986 649
986 225
986 664
986 60
986 967
226 353
226 34
226 529
226 976
226 791
226 70
226 875
226 471
226 982
693 847
693 520
693 631
693 899
693 598
693 352
693 950
693 680
693 382
693 727
391 873
391 630
391 410
391 187
391 513
391 663
391 827
391 952
391 445
391 991
760 512
760 106
760 153
760 713
760 18
760 14
760 9
760 896
267 928
267 934
267 640
267 42
267 813
267 215
267 266
267 825
267 490
888 960
888 301
888 315
888 147
888 389
888 48
888 920
888 450
888 104
888 708
340 285
340 753
340 274
340 698
340 51
340 851
340 608
340 523
340 988
421 413
421 425
421 502
421 201
421 256
421 25
421 360
421 221
421 137
460 621
460 74
460 964
460 618
460 260
460 783
460 311
460 53
460 251
752 902
752 422
752 470
752 629
752 86
752 719
752 268
752 606
752 861
350 96
350 977
350 288
350 536
350 508
350 133
350 558
350 137
350 110
350 43
880 785
880 751
880 889
880 876
880 487
880 322
880 375
880 869
9 326
9 196
9 167
9 191
9 465
9 660
9 147
9 78
9 450
816 894
816 371
816 5
816 739
816 533
816 152
816 224
816 610
816 654
28 946
28 582
28 943
28 769
28 353
28 354
28 949
28 768
28 918
28 206
829 193
829 47
829 38
829 190
829 854
829 550
829 543
829 657
829 113
829 403
119 575
119 806
119 221
119 577
119 533
119 611
119 63
119 836
119 619
119 251
193 657
193 132
193 190
193 47
193 550
193 111
193 38
193 471
418 655
418 889
418 345
418 198
418 866
418 575
418 747
418 357
418 408
123 53
123 172
123 273
123 938
123 529
123 662
123 282
123 334
123 665
131 398
131 469
131 161
131 583
131 117
131 392
131 726
131 344
131 873
432 750
432 726
432 885
432 252
432 408
432 970
432 944
432 185
432 475
432 472
38 190
38 550
38 70
38 784
38 935
38 825
38 41
38 657
997 7
997 346
997 999
997 275
997 704
997 602
997 45
997 624
997 804
502 137
502 491
502 470
502 221
502 59
502 79
502 201
502 413
502 360
833 539
833 778
833 711
833 728
833 570
833 699
833 871
833 99
565 138
565 220
565 255
565 75
565 932
565 324
565 313
565 942
565 527
660 145
660 7
660 147
660 202
660 167
660 859
660 450
660 191
660 326
658 628
658 137
658 643
658 133
658 759
658 264
658 644
658 852
658 777
658 221
930 820
930 779
930 713
930 925
930 134
930 872
930 493
930 830
930 715
930 552
163 963
163 159
163 909
163 231
163 408
163 40
163 472
163 12
163 211
163 64
357 866
357 27
357 51
357 408
357 735
357 962
357 384
357 422
357 198
627 923
627 530
627 767
627 316
627 367
627 39
627 641
627 545
627 345
627 777
757 6
757 167
757 185
757 590
757 337
757 571
757 940
757 393
757 191
62 383
62 148
62 143
62 552
62 890
62 987
62 774
62 279
62 337
62 932
948 417
948 434
948 216
948 720
948 945
948 259
948 695
948 594
948 486
346 724
346 643
346 297
346 852
346 644
346 645
346 95
346 737
346 628
478 469
478 69
478 577
478 630
478 104
478 613
478 201
478 229
478 606
478 149
631 394
631 544
631 15
631 716
631 506
631 974
631 22
631 553
631 500
876 246
876 322
876 189
876 889
876 751
876 785
876 695
876 869
409 931
409 54
409 523
409 707
409 65
409 991
409 341
409 557
409 383
409 536
534 39
534 438
534 71
534 809
534 730
534 688
534 420
534 316
534 298
714 845
714 987
714 279
714 75
714 148
714 932
714 587
714 743
714 774
714 292
766 55
766 59
766 957
766 332
766 790
766 325
766 480
766 15
766 33
766 401
227 36
227 34
227 645
227 148
227 320
227 771
227 96
227 717
227 735
227 29
907 805
907 515
907 425
907 36
907 750
907 265
907 774
907 718
907 822
907 651
620 750
620 149
620 738
620 599
620 194
620 763
620 772
620 913
620 936
620 810
838 561
838 892
838 864
838 164
838 395
838 768
838 910
838 774
838 724
838 954
578 394
578 900
578 268
578 164
578 276
578 882
578 96
578 308
578 288
578 618
841 405
841 965
841 530
841 882
841 577
841 463
841 138
841 11
841 718
497 949
497 834
497 338
497 498
497 92
497 933
497 239
497 208
497 439
58 601
58 564
58 451
58 363
58 702
58 932
58 67
58 385
58 694
317 632
317 946
317 681
317 480
317 361
317 43
317 388
317 735
65 519
65 427
65 557
65 803
65 931
65 264
65 788
65 536
65 554
441 130
441 168
441 944
441 694
441 138
441 488
441 866
441 629
510 426
510 676
510 69
510 855
510 546
510 266
510 188
510 204
510 765
510 314
599 249
599 530
599 810
599 194
599 763
599 738
599 786
599 913
599 202
12 882
12 625
12 221
12 708
12 558
12 884
12 722
12 307
12 243
322 189
322 487
322 869
322 751
322 785
322 375
96 721
96 104
96 268
96 202
96 245
96 253
96 459
738 763
738 312
738 194
738 772
738 913
738 249
738 149
738 810
951 843
951 176
951 538
951 973
951 334
951 728
951 800
951 622
951 762
951 596
600 549
600 936
600 860
600 180
600 548
600 759
600 610
600 282
600 668
721 459
721 797
721 610
721 268
721 180
721 48
721 879
721 607
721 736
622 538
622 388
622 828
622 762
622 820
622 704
622 973
622 596
622 176
776 960
776 413
776 812
776 681
776 235
776 618
776 246
776 247
776 557
776 192
673 386
673 569
673 895
673 963
673 309
673 593
673 101
673 507
673 645
970 257
970 958
970 81
970 105
970 717
970 127
970 750
970 744
607 475
607 430
607 347
607 870
607 571
607 668
607 518
607 91
607 602
616 73
616 402
616 662
616 419
616 437
616 436
616 609
616 200
616 512
616 481
373 688
373 108
373 864
373 902
373 361
373 566
373 904
373 202
373 117
373 4
449 615
449 45
449 576
449 249
449 719
449 521
449 731
449 61
449 710
449 136
593 626
593 574
593 925
593 965
593 538
593 870
593 551
593 636
718 589
718 666
718 971
718 236
718 384
718 247
718 447
718 790
211 475
211 684
211 667
211 50
211 495
211 64
211 885
211 408
211 472
387 742
387 242
387 590
387 535
387 181
387 329
387 770
387 231
30 819
30 188
30 358
30 533
30 514
30 887
30 850
30 859
30 941
569 475
569 963
569 596
569 309
569 507
569 895
569 589
569 386
897 664
897 967
897 225
897 423
897 293
897 488
897 60
897 256
897 302
374 137
374 748
374 215
374 174
374 813
374 490
374 934
374 928
374 904
374 288
795 884
795 696
795 400
795 107
795 139
795 92
795 315
401 15
401 332
401 463
401 33
401 797
401 957
401 325
401 480
401 321
669 828
669 866
669 477
669 733
669 962
669 900
669 814
669 272
217 237
217 650
217 543
217 700
217 435
217 699
217 790
217 247
217 198
217 909
848 89
848 956
848 524
848 171
848 917
848 16
848 160
848 556
848 667
285 827
285 988
285 51
285 753
285 974
285 946
285 884
285 851
285 274
457 93
457 269
457 581
457 956
457 603
457 186
457 793
457 214
457 49
40 909
40 80
40 158
40 818
40 444
40 430
40 821
40 675
626 114
626 465
626 68
626 806
626 832
626 681
626 553
626 683
639 598
639 687
639 890
639 654
639 240
639 899
639 914
639 638
639 397
639 681
17 684
17 917
17 998
17 898
17 173
17 456
17 371
17 935
17 533
17 863
908 277
908 577
908 39
908 173
908 623
908 397
908 335
908 736
908 972
61 853
61 983
61 618
61 479
61 370
61 780
61 685
61 521
61 495
685 832
685 370
685 618
685 70
685 983
685 380
685 479
685 853
685 495
410 663
410 187
410 900
410 672
410 726
410 513
410 630
410 952
410 504
573 278
573 333
573 5
573 587
573 76
573 857
573 323
573 576
573 52
573 56
304 429
304 361
304 3
304 335
304 269
304 276
304 919
304 677
304 281
857 333
857 587
857 76
857 52
857 993
857 278
857 56
857 140
857 636
595 554
595 668
595 89
595 817
595 689
595 406
595 83
595 88
595 255
595 572
452 858
452 783
452 6
452 975
452 464
452 108
452 219
452 284
452 347
691 968
691 236
691 3
691 928
691 978
691 921
691 11
691 372
691 915
691 821
80 34
80 37
80 430
80 444
80 675
80 909
80 158
80 159
819 188
819 887
819 358
819 843
819 175
819 850
819 859
819 941
819 168
126 581
126 368
126 145
126 396
126 150
126 517
126 985
126 881
126 540
126 261
706 640
706 942
706 423
706 199
706 811
706 611
706 265
706 115
706 846
706 527
332 325
332 957
332 619
332 680
332 33
332 487
332 15
332 480
811 611
811 527
811 846
811 115
811 942
811 901
811 265
811 189
725 971
725 365
725 722
725 136
725 18
725 630
725 290
725 427
725 276
971 365
971 659
971 732
971 981
971 140
971 312
971 446
971 929
383 427
383 224
383 896
383 3
383 726
383 960
383 648
383 347
978 98
978 236
978 968
978 767
978 895
978 11
978 791
978 821
978 915
88 689
88 165
88 976
88 34
88 849
88 583
88 293
88 255
801 108
801 16
801 581
801 982
801 44
801 902
801 656
801 68
801 504
753 851
753 698
753 953
753 274
753 988
753 344
753 51
753 203
925 433
925 507
925 872
925 637
925 830
925 134
925 715
925 493
175 724
175 130
175 54
175 909
175 138
175 792
175 168
175 413
175 204
817 668
817 895
817 233
817 83
817 920
817 554
817 257
817 406
214 440
214 213
214 773
214 469
214 243
214 975
214 802
214 743
214 650
243 805
243 117
243 297
243 577
243 351
243 882
243 491
634 313
634 49
634 364
634 166
634 584
634 291
634 162
634 323
586 161
586 154
586 605
586 879
586 505
586 450
586 474
586 965
878 286
878 681
878 759
878 435
878 205
878 783
878 638
878 407
878 77
878 138
933 645
933 993
933 239
933 977
933 454
933 208
933 498
933 369
327 858
327 836
327 209
327 245
327 995
327 678
327 767
327 314
327 263
830 533
830 493
830 349
830 715
830 209
830 872
830 433
830 793
103 292
103 788
103 251
103 283
103 585
103 22
103 415
103 135
103 234
671 230
671 877
671 500
671 244
671 235
671 470
671 463
671 700
671 544
671 192
761 82
761 132
761 886
761 465
761 263
761 814
761 537
761 182
761 784
636 159
636 218
636 43
636 870
636 388
636 584
636 591
636 260
78 820
78 727
78 950
78 918
78 354
78 843
78 775
78 298
78 313
597 756
597 633
597 494
597 472
597 376
597 667
597 924
597 470
597 604
597 703
369 239
369 529
369 378
369 498
369 208
369 250
369 92
369 130
611 115
611 527
611 942
611 901
611 800
611 265
611 846
831 728
831 300
831 250
831 965
831 998
831 511
831 377
831 32
831 476
135 234
135 585
135 22
135 283
135 415
135 218
135 290
135 562
135 7
428 72
428 355
428 260
428 366
428 198
428 104
428 245
428 625
846 884
846 115
846 527
846 394
846 739
846 901
846 942
164 395
164 445
164 768
164 954
164 10
164 910
164 892
906 145
906 642
906 592
906 943
906 678
906 666
906 219
906 914
906 577
415 659
415 788
415 22
415 585
415 446
415 283
415 234
415 398
488 860
488 352
488 336
488 967
488 638
488 664
488 581
488 60
729 972
729 333
729 76
729 56
729 140
729 873
729 715
729 86
729 220
729 278
259 417
259 105
259 261
259 498
259 486
259 216
259 434
259 945
259 695
258 735
258 514
258 711
258 492
258 336
258 308
258 483
258 467
258 885
541 347
541 48
541 455
541 154
541 210
541 281
541 680
541 240
541 289
541 256
296 434
296 79
296 215
296 486
296 366
296 655
296 614
296 75
296 708
296 414
516 675
516 788
516 553
516 498
516 683
516 68
516 860
516 773
516 208
516 114
836 767
836 575
836 858
836 678
836 209
836 197
836 995
823 316
823 895
823 43
823 122
823 935
823 335
823 657
823 87
823 812
648 469
648 791
648 979
648 464
648 756
648 619
648 150
648 81
648 257
955 302
955 754
955 236
955 821
955 895
955 968
955 915
955 11
955 723
955 613
257 979
257 562
257 464
257 744
257 81
257 105
257 717
316 85
316 87
316 142
316 356
316 256
316 366
292 637
292 289
292 769
292 555
292 326
292 353
292 229
310 556
310 787
310 2
310 610
310 686
310 546
310 63
310 652
99 539
99 778
99 871
99 570
99 699
99 142
99 189
898 142
898 406
898 91
898 262
898 129
898 454
898 594
898 542
520 287
520 248
520 746
520 562
520 98
520 339
520 23
520 771
662 436
662 273
662 172
662 529
662 4
662 665
662 402
662 571
654 5
654 739
654 152
654 894
654 397
654 1
654 206
654 51
417 63
417 434
417 720
417 708
417 527
417 486
417 216
417 945
426 252
426 871
426 21
426 825
426 799
426 87
426 875
426 341
430 444
430 290
430 675
430 158
430 909
430 150
890 469
890 427
890 22
890 824
890 672
890 728
890 856
890 253
67 363
67 6
67 987
67 702
67 601
67 814
67 451
67 385
101 321
101 309
101 507
101 53
101 362
101 963
101 382
101 386
570 610
570 539
570 871
570 156
570 699
109 165
109 950
109 293
109 976
109 849
109 689
109 407
109 389
109 37
431 66
431 661
431 651
431 303
431 36
431 822
431 423
431 493
431 148
431 407
380 853
380 429
380 780
380 370
380 832
380 495
380 6
380 260
380 479
362 69
362 874
362 701
362 491
362 403
362 482
362 902
362 522
362 321
270 300
270 920
270 198
270 319
270 411
270 868
270 629
270 203
270 159
793 493
793 674
793 434
793 122
793 945
793 687
793 637
793 695
93 143
93 286
93 558
93 982
93 551
93 331
93 877
93 44
93 330
228 469
228 947
228 530
228 518
228 864
228 656
228 265
228 87
228 447
228 336
796 960
796 769
796 471
796 903
796 397
796 555
796 268
796 505
796 284
796 964
722 926
722 625
722 72
722 703
722 355
722 646
722 366
140 587
140 577
140 312
140 278
140 56
140 333
140 76
683 411
683 820
683 806
683 68
683 553
683 561
683 617
683 114
788 283
788 398
788 234
788 59
788 66
788 2
32 377
32 670
32 511
32 476
32 998
32 659
32 250
702 385
702 564
702 174
702 601
702 276
702 363
702 451
86 41
86 83
86 134
86 220
86 668
86 333
86 56
568 284
568 71
568 361
568 462
568 179
568 684
568 809
568 427
568 688
490 215
490 153
490 42
490 928
490 748
490 479
490 934
490 813
917 524
917 254
917 303
917 652
917 956
917 171
917 174
825 189
825 640
825 736
825 341
825 260
825 456
162 584
162 291
162 166
162 364
162 550
162 191
162 323
162 49
162 366
334 353
334 927
334 649
334 465
334 637
334 129
334 237
334 172
579 624
579 640
579 667
579 394
579 337
579 268
579 390
579 64
609 862
609 437
609 439
609 402
609 481
609 73
609 200
609 419
609 436
730 71
730 375
730 557
730 420
730 438
730 298
730 688
730 809
730 711
91 95
91 577
91 262
91 667
91 542
91 454
91 628
804 994
804 799
804 252
804 960
804 87
804 822
804 563
804 393
254 406
254 652
254 956
254 171
254 884
254 303
254 724
254 524
273 172
273 4
273 282
273 571
273 665
273 938
273 529
341 591
341 70
341 889
341 192
341 747
341 451
915 968
915 11
915 236
915 212
915 726
915 751
915 821
455 173
455 993
455 680
455 717
455 531
455 842
455 300
455 624
455 256
467 711
467 308
467 336
467 277
467 514
467 549
467 492
467 178
467 483
395 768
395 892
395 954
395 615
395 561
395 128
395 551
922 855
922 546
922 765
922 275
922 800
922 29
922 204
922 676
922 598
922 110
582 4
582 354
582 734
582 207
582 918
582 638
582 563
582 950
582 775
748 215
748 42
748 813
748 928
748 39
748 465
748 934
748 549
540 145
540 713
540 63
540 985
540 517
540 881
540 261
540 368
751 375
751 696
751 53
751 785
751 869
985 261
985 881
985 684
985 517
985 368
985 581
985 145
985 113
674 818
674 424
674 552
674 975
674 280
674 737
674 434
687 559
687 25
687 438
687 303
687 156
687 345
687 866
188 240
188 850
188 941
188 887
188 358
188 843
979 791
979 301
979 281
979 608
979 464
979 331
453 463
453 782
453 604
453 364
453 212
453 133
453 166
453 580
453 271
459 280
459 668
459 59
459 253
459 758
459 764
459 844
95 737
95 628
95 644
95 852
95 146
95 724
522 491
522 482
522 288
522 701
522 874
522 321
522 237
389 301
389 920
389 960
389 339
389 104
389 708
389 552
2 113
2 601
2 230
2 53
2 698
2 851
191 167
191 590
191 108
191 52
191 450
191 147
975 440
975 556
975 802
975 650
975 213
947 559
947 637
947 447
947 1
947 159
947 25
947 624
947 583
947 518
967 6
967 664
967 302
967 791
967 60
967 225
810 739
810 772
810 194
810 763
810 913
810 312
810 269
514 336
514 483
514 711
514 308
514 716
514 145
514 492
856 185
856 54
856 672
856 921
856 414
856 940
856 390
856 122
82 784
82 132
82 537
82 894
82 886
82 583
82 263
82 182
104 708
104 920
104 301
104 960
643 852
643 644
643 153
643 645
643 713
643 628
643 297
643 737
21 132
21 229
21 946
21 249
21 537
21 870
21 182
21 886
694 48
694 629
694 363
694 727
694 138
694 356
694 141
694 723
549 122
549 777
549 944
549 935
549 480
549 851
549 608
813 928
813 92
813 934
813 215
813 149
813 42
854 797
854 812
854 550
854 403
854 111
854 657
854 190
854 707
419 437
419 521
419 55
419 200
419 941
419 73
419 439
419 481
703 646
703 783
703 494
703 633
703 396
703 376
703 924
473 338
473 672
473 937
473 27
473 518
473 531
473 508
473 210
473 891
939 790
939 679
939 919
939 899
939 378
939 867
939 48
939 949
482 328
482 684
482 491
482 728
482 321
482 237
482 701
482 820
274 851
274 870
274 608
274 698
274 988
274 288
274 51
995 678
995 794
995 85
995 767
995 314
995 209
472 278
472 64
472 408
472 475
472 885
139 696
139 392
139 884
139 107
139 786
139 400
606 551
606 527
606 592
606 406
606 483
606 382
210 824
210 937
210 891
210 672
210 653
210 27
210 508
210 531
201 470
201 413
201 469
201 360
201 221
201 926
201 319
867 949
867 679
867 919
867 899
867 237
867 805
877 589
877 707
877 544
877 895
877 179
877 72
877 272
877 176
921 185
921 284
921 940
921 462
921 640
921 390
921 414
780 370
780 618
780 983
780 849
780 23
780 909
780 434
780 853
646 633
646 603
646 924
646 571
646 396
646 376
646 494
988 325
988 851
988 51
988 444
988 698
988 142
246 315
246 179
246 803
246 352
246 3
246 696
246 828
246 716
155 958
155 924
155 885
155 313
155 677
155 464
155 972
936 405
936 815
936 860
936 548
936 180
936 863
765 546
765 204
765 676
765 266
765 855
765 873
765 524
652 303
652 171
652 731
652 435
652 524
349 892
349 305
349 815
349 574
349 623
349 834
349 953
167 52
167 450
167 202
167 727
167 590
167 147
33 619
33 989
33 15
33 957
33 480
33 325
33 231
128 905
128 156
128 154
128 745
128 977
128 122
128 769
128 231
474 605
474 879
474 505
474 604
474 928
474 161
991 187
991 952
991 663
991 513
991 224
991 861
991 445
991 827
754 352
754 613
754 146
754 779
754 863
754 342
754 34
754 320
827 889
827 952
827 187
827 663
827 420
827 535
827 445
842 624
842 7
842 156
842 538
842 335
842 575
842 233
842 343
842 300
435 286
435 318
435 407
435 77
435 875
435 205
435 613
189 302
189 545
189 367
189 225
69 141
69 701
69 50
69 509
69 321
69 392
69 160
845 279
845 774
845 351
845 987
845 75
845 932
845 148
333 587
333 56
333 76
333 726
333 278
891 824
891 508
891 117
891 937
891 531
891 27
891 403
429 186
429 832
429 677
429 281
429 269
429 778
429 361
445 454
445 48
445 187
445 663
445 952
445 807
236 968
236 821
236 59
236 11
236 688
958 744
958 790
958 59
958 105
958 717
958 972
958 562
958 338
436 73
436 225
436 402
436 481
436 437
436 221
436 200
494 376
494 924
494 4
494 633
494 479
494 248
207 734
207 918
207 354
207 953
207 950
207 7
207 775
207 733
207 563
45 275
45 999
45 7
45 704
45 602
45 360
45 787
114 773
114 806
114 326
114 199
114 832
114 553
114 68
196 807
196 403
196 566
196 195
196 874
196 384
196 448
196 424
778 277
778 542
778 699
778 539
778 736
778 871
911 666
911 591
911 818
911 747
911 446
911 178
911 35
911 50
911 147
911 413
989 456
989 591
989 53
989 964
989 142
989 670
989 805
989 50
989 251
858 678
858 209
858 767
858 759
858 464
195 220
195 448
195 384
195 874
195 807
195 199
195 800
195 424
553 806
553 68
553 675
553 773
313 972
313 994
313 727
313 865
313 272
313 255
545 271
545 641
545 367
545 509
545 344
545 923
545 777
279 148
279 523
279 932
279 250
279 774
279 987
279 75
594 262
594 699
594 129
594 941
594 521
594 89
792 324
792 798
792 847
792 746
792 821
792 364
792 240
792 982
792 614
239 353
239 208
239 769
239 498
239 134
239 92
451 363
451 564
451 70
451 601
451 385
450 147
450 326
450 60
450 52
900 343
900 962
900 889
900 802
900 219
900 504
900 264
235 544
235 974
235 700
235 500
235 230
235 506
235 244
235 192
746 324
746 847
746 263
746 614
746 798
746 240
329 742
329 770
329 179
329 181
329 590
329 242
329 803
381 992
381 248
381 287
381 771
381 98
381 23
381 471
381 339
381 174
440 423
440 650
440 619
440 153
440 213
440 802
440 580
360 470
360 221
360 572
360 413
360 397
360 561
633 376
633 924
633 756
633 396
695 945
695 325
695 661
695 6
695 486
695 216
852 737
852 645
852 747
852 414
852 644
852 628
321 543
321 237
321 701
321 491
382 378
382 81
382 79
382 523
382 521
382 657
382 944
563 39
563 950
563 398
563 918
563 297
563 775
563 734
802 233
802 743
802 213
802 136
802 650
910 927
910 41
910 768
910 885
910 393
910 892
910 954
182 132
182 784
182 886
182 263
182 199
182 537
977 498
977 208
977 308
977 288
977 745
977 677
977 769
168 439
168 54
168 704
168 79
168 637
218 127
218 818
218 562
218 779
218 4
218 591
248 771
248 98
248 339
248 992
248 23
248 287
513 630
513 904
513 663
513 483
513 187
513 952
513 153
220 873
220 314
220 726
220 794
220 85
832 742
832 68
832 495
832 370
832 806
585 22
585 234
585 291
585 655
585 283
585 59
585 288
134 872
134 715
134 338
134 511
134 320
134 551
602 902
602 275
602 999
602 423
602 954
602 957
903 506
903 598
903 783
903 356
903 402
903 331
903 927
903 371
926 72
926 186
926 905
926 625
926 178
926 355
343 37
343 372
343 422
343 893
343 411
343 319
343 629
343 868
679 949
679 919
679 773
679 899
277 337
277 231
277 794
277 972
277 247
277 108
364 323
364 584
364 291
364 166
364 49
701 199
701 303
701 237
701 521
701 491
644 737
644 297
644 724
644 628
644 645
36 307
36 651
36 822
36 425
36 515
36 661
36 805
583 186
583 392
583 255
583 681
583 976
583 689
303 956
303 171
303 524
931 536
931 557
931 745
931 546
931 571
931 523
931 10
931 707
732 446
732 981
732 312
732 929
732 724
732 265
732 365
732 659
871 699
871 542
871 539
768 561
768 41
768 954
768 892
720 172
720 77
720 614
720 407
720 875
720 613
720 205
720 286
992 621
992 23
992 800
992 771
992 85
992 98
992 287
794 439
794 85
794 127
794 314
704 999
704 637
704 275
704 7
704 820
946 784
946 388
946 152
946 893
946 301
642 219
642 592
642 919
642 666
642 864
642 927
642 914
642 943
886 129
886 411
886 537
886 263
886 784
886 132
289 356
289 240
289 309
289 759
289 371
661 651
661 425
661 805
661 822
661 307
661 37
661 515
132 537
132 471
132 784
943 216
943 194
943 592
943 503
943 219
943 914
209 678
209 868
772 356
772 149
772 763
772 194
772 913
318 820
318 142
318 809
318 552
318 786
318 550
318 420
318 869
318 240
581 920
581 85
581 656
889 375
889 355
889 723
106 224
106 896
106 713
106 745
106 512
106 981
106 18
106 14
828 176
828 762
828 352
828 596
828 396
828 538
828 511
326 859
326 465
326 156
326 641
326 39
307 535
307 651
307 805
307 822
307 425
307 515
422 893
422 456
422 142
422 902
422 589
73 402
73 481
73 437
73 200
73 192
73 55
255 976
255 689
255 655
255 138
358 31
358 887
358 843
358 859
358 941
358 850
653 558
653 105
653 873
653 743
653 44
653 372
653 10
653 213
938 665
938 172
938 66
938 719
938 282
938 529
938 551
94 16
94 342
94 390
94 300
94 160
94 519
94 965
94 141
94 509
543 790
543 213
543 905
543 456
543 427
543 618
200 298
200 437
200 481
200 55
200 402
710 396
710 872
710 719
710 136
710 731
710 66
710 282
710 576
272 173
272 865
272 733
272 814
272 934
479 965
479 853
479 495
479 370
479 983
212 726
212 782
212 571
212 133
212 604
212 865
212 981
212 580
949 899
949 242
949 919
952 187
952 41
952 663
952 465
282 66
282 347
282 180
282 665
152 739
152 655
152 216
152 5
152 894
152 733
790 247
790 117
790 283
386 15
386 589
386 504
386 507
386 963
386 309
728 596
728 250
728 377
728 511
728 973
149 147
149 913
149 763
149 676
149 194
492 308
492 521
492 711
492 483
492 670
492 89
492 476
44 982
44 143
44 558
44 330
44 331
44 676
964 297
964 251
964 621
964 74
964 53
964 311
302 60
302 664
302 225
302 649
734 297
734 775
734 875
734 918
734 950
734 861
734 354
319 411
319 617
319 868
319 203
319 372
291 49
291 323
291 712
368 113
368 261
368 881
368 517
368 141
536 523
536 707
536 745
536 557
536 887
14 713
14 18
14 224
14 896
14 512
14 184
14 157
10 743
10 650
10 861
10 427
10 213
10 504
562 717
562 81
562 105
562 127
562 744
249 515
249 244
249 524
249 439
249 935
844 758
844 680
844 944
844 280
844 764
844 712
844 253
564 174
564 601
564 779
564 363
564 385
483 375
483 336
483 711
483 308
782 133
782 271
782 533
782 580
782 535
782 438
782 604
379 894
379 433
379 927
379 860
379 266
379 423
379 41
379 493
379 165
379 199
31 850
31 843
31 1
31 809
31 433
31 859
31 887
31 882
392 696
392 287
392 156
392 328
392 786
392 824
504 290
504 55
504 309
47 548
47 779
47 471
47 550
47 92
47 403
47 190
47 111
336 589
336 308
336 711
554 572
554 83
554 233
554 447
554 850
225 664
225 60
225 529
608 566
608 146
608 237
608 863
608 147
608 197
16 902
16 141
16 160
16 300
16 342
16 509
205 875
205 407
205 77
205 613
205 286
205 197
205 153
477 733
477 814
477 352
477 962
477 462
477 861
603 351
603 968
603 812
603 672
603 785
603 117
603 396
503 712
503 180
503 219
503 680
503 904
503 666
503 914
48 247
48 338
48 328
157 656
157 18
157 29
157 293
157 862
75 932
75 107
75 774
75 987
75 148
556 262
556 610
556 787
556 667
556 686
556 63
798 675
798 614
798 865
798 847
798 551
798 158
798 689
798 324
470 221
470 667
470 413
143 904
143 558
143 331
143 330
143 901
165 849
165 618
165 976
165 689
165 186
165 293
367 724
367 923
367 777
367 641
367 344
367 439
849 976
849 618
849 462
849 723
849 293
260 805
260 283
260 150
260 584
260 535
686 63
686 610
686 787
686 25
686 859
444 937
444 675
444 158
444 909
444 558
281 544
281 361
281 269
281 677
281 998
747 818
747 178
747 50
747 591
747 35
354 186
354 950
354 918
354 953
354 775
506 927
506 192
506 544
506 500
506 974
506 244
670 505
670 150
670 605
670 351
670 864
670 476
670 855
742 773
742 770
742 242
742 181
742 803
408 64
408 885
408 866
408 475
342 141
342 300
342 539
342 160
342 113
342 598
981 659
981 312
981 929
981 365
981 290
981 446
847 806
847 324
847 619
847 576
847 614
771 339
771 98
771 23
771 287
509 495
509 300
509 160
509 141
509 34
509 809
137 934
137 271
137 187
137 25
750 651
750 42
750 206
750 425
750 700
750 515
512 896
512 402
512 762
512 713
493 715
493 872
493 361
493 433
799 252
799 87
799 994
799 393
799 972
407 875
407 630
407 77
407 286
463 244
463 398
463 462
463 323
463 957
463 230
197 153
197 127
197 575
197 184
197 715
197 865
197 427
885 328
885 64
885 475
678 314
678 767
700 500
700 244
700 974
700 762
700 230
700 544
378 180
378 81
378 344
378 870
378 566
378 935
820 552
820 524
820 276
224 3
224 713
224 347
224 184
224 896
146 34
146 963
146 632
146 320
146 110
146 956
812 923
812 944
812 190
812 572
812 351
812 204
651 822
651 425
651 515
651 805
133 271
133 604
133 580
133 519
89 716
89 929
89 312
89 156
111 403
111 476
111 190
111 913
111 657
111 550
400 655
400 773
400 377
400 372
400 405
584 166
584 323
584 587
584 49
129 454
129 206
129 263
129 262
129 542
764 758
764 280
764 719
764 253
764 72
764 863
74 311
74 759
74 904
74 53
74 251
74 621
523 745
523 707
523 328
523 557
25 851
25 447
25 770
25 345
25 559
414 185
414 122
414 940
414 54
414 696
716 202
716 999
716 935
716 893
716 797
37 491
37 629
331 330
331 598
331 551
331 558
834 815
834 305
834 623
834 555
834 574
480 15
480 672
480 942
480 325
77 815
77 708
77 875
77 286
203 411
203 198
203 617
203 268
203 868
539 699
539 156
263 784
263 537
942 901
942 115
942 527
942 173
115 873
115 901
115 252
115 527
115 566
375 487
375 785
375 869
311 251
311 53
311 621
311 283
756 376
756 76
756 365
756 924
756 79
756 587
655 874
655 5
655 288
87 252
87 994
87 393
963 507
963 309
963 895
300 160
3 347
3 723
3 315
3 179
517 344
517 60
517 881
517 145
517 261
727 640
727 680
727 973
855 546
855 629
855 204
855 676
855 39
855 266
355 625
355 72
355 366
355 245
786 110
786 1
786 882
786 301
786 873
864 561
864 696
864 505
864 469
864 605
892 954
892 308
892 561
420 535
420 298
420 71
420 688
420 809
420 438
571 557
571 531
571 413
1 206
1 552
1 850
1 843
71 809
71 284
71 688
71 840
71 438
71 298
566 731
566 290
566 904
566 893
566 615
667 337
667 108
667 52
154 866
154 202
154 22
154 394
154 234
515 822
515 805
515 425
533 456
533 5
533 894
684 173
684 919
684 35
684 179
684 434
500 244
500 974
500 230
500 192
500 544
736 397
736 987
736 994
736 623
158 507
158 675
158 42
158 909
743 650
743 213
743 773
743 861
574 815
574 623
574 305
574 555
945 434
945 6
945 486
945 325
945 216
245 72
245 366
245 185
245 390
245 940
23 339
23 287
23 98
762 538
762 216
762 596
762 176
145 202
145 261
145 231
39 956
39 405
787 462
787 63
787 610
927 371
927 138
927 41
927 598
5 739
5 894
5 806
486 79
486 216
486 234
486 434
935 264
935 159
393 972
393 252
393 548
393 994
524 171
180 860
180 800
180 870
180 548
372 650
372 617
372 52
372 411
577 882
160 361
160 141
657 190
657 550
657 711
940 54
940 185
940 284
940 390
824 508
824 531
824 27
824 712
824 937
929 649
929 365
929 312
929 659
929 446
546 335
546 676
546 204
546 266
659 365
659 405
659 312
659 446
244 64
244 230
244 974
247 423
247 4
247 231
247 447
719 576
719 29
719 66
719 731
719 136
998 371
998 377
998 250
998 590
775 860
775 950
775 918
775 953
315 519
315 107
315 531
731 290
731 576
731 615
731 136
731 919
873 406
873 521
865 735
865 861
865 173
865 199
865 427
994 252
994 972
640 240
640 338
433 707
433 862
433 872
122 884
390 783
390 185
390 54
677 361
677 464
677 561
677 269
739 229
739 894
739 66
737 628
737 645
737 297
262 365
262 41
262 542
262 454
384 615
384 424
384 807
384 448
384 944
973 538
973 298
973 557
973 596
973 388
184 896
184 18
184 314
184 605
184 130
712 268
712 840
712 276
800 198
800 548
800 265
619 15
619 174
619 423
619 575
806 68
462 56
462 345
462 575
462 335
723 398
723 664
723 335
723 68
66 894
66 576
66 352
398 388
924 376
924 396
305 572
305 815
305 623
807 589
807 874
807 424
807 448
337 150
337 974
337 351
530 555
530 456
530 130
530 487
7 999
7 275
763 913
763 194
176 538
176 596
176 589
803 242
803 264
803 179
818 35
818 591
818 178
818 50
136 630
136 266
136 576
769 34
769 471
769 637
769 353
717 744
717 81
717 127
717 105
872 715
872 758
872 397
589 507
666 219
666 592
666 914
551 447
330 265
330 982
330 558
242 590
242 181
242 770
335 904
335 117
335 208
256 179
256 953
256 425
256 680
323 166
323 49
328 397
328 237
328 475
328 491
376 396
376 783
471 345
471 870
107 696
107 773
107 269
202 469
202 113
715 779
715 110
783 759
724 632
724 628
487 338
487 785
487 843
487 869
580 535
580 110
580 604
580 271
406 233
406 668
406 83
339 287
339 98
402 481
402 437
850 887
850 843
29 656
29 862
29 576
707 557
707 745
707 613
853 495
853 43
853 448
853 370
853 983
680 352
519 264
519 253
519 280
519 758
385 601
385 363
385 779
976 689
976 293
905 860
905 625
905 198
166 35
166 49
219 914
219 592
308 711
55 215
55 229
55 481
55 456
55 437
887 822
887 941
887 859
918 950
918 953
542 454
542 178
41 672
41 423
345 866
345 893
345 290
345 559
625 366
625 72
625 983
50 591
50 35
50 178
531 508
531 937
531 27
641 446
641 344
641 881
641 777
641 923
264 159
264 179
649 465
649 365
649 664
280 253
280 758
869 785
427 957
365 446
919 899
868 617
868 993
868 411
862 261
862 656
27 937
27 518
27 508
665 172
665 353
665 529
665 53
204 676
204 266
298 688
298 438
698 840
698 51
698 851
893 572
893 840
893 645
893 629
276 171
276 870
276 956
240 324
604 271
35 591
35 178
110 767
110 288
110 447
110 624
676 266
668 83
668 233
770 181
770 4
181 954
181 590
181 4
840 884
840 843
840 68
840 159
186 962
186 476
268 630
397 284
605 879
605 505
605 965
733 814
733 962
559 265
559 275
559 993
559 518
902 83
902 957
548 863
548 860
171 956
171 174
424 874
424 448
424 465
448 874
448 138
448 544
208 92
208 498
271 535
797 923
797 284
797 777
325 15
325 957
521 944
213 650
507 309
993 791
962 814
962 866
275 142
275 999
338 172
338 320
439 941
439 481
446 312
960 301
960 708
960 920
688 809
688 438
881 261
881 113
529 130
529 172
758 253
537 784
192 544
192 974
192 437
866 469
194 913
779 863
779 767
592 914
592 638
592 965
879 505
879 394
879 161
957 538
884 394
56 587
56 278
56 76
81 744
81 681
81 105
591 18
874 403
388 43
388 598
388 629
941 859
11 968
11 403
11 821
508 937
508 518
777 344
777 923
22 283
22 234
251 621
882 229
896 18
896 713
953 663
953 150
498 92
901 527
904 356
278 552
278 587
278 76
968 821
968 895
234 283
403 615
290 615
344 923
511 250
511 377
353 52
353 34
371 356
371 70
944 615
613 745
613 286
613 638
851 51
6 632
83 233
83 572
928 42
928 934
928 215
934 215
934 42
708 301
708 920
215 42
550 190
161 505
108 153
108 456
614 324
614 351
614 982
187 663
187 178
628 297
861 745
861 875
377 250
638 681
638 965
638 59
54 185
456 153
744 105
744 127
411 617
148 199
148 774
148 932
999 932
179 863
199 173
596 64
596 538
113 475
601 363
735 632
735 366
735 320
822 425
237 491
774 932
774 987
153 286
366 72
618 983
623 815
983 370
983 495
475 64
52 663
875 286
535 405
60 664
481 437
297 645
159 230
689 293
572 233
314 85
863 352
495 370
809 438
920 301
98 287
464 791
937 518
198 617
413 221
117 575
105 127
621 320
982 347
76 615
76 587
632 320
231 575
150 351
555 230
206 51
