152 944
152 875
152 476
152 379
152 299
152 776
152 761
152 160
152 620
152 401
920 98
920 662
920 631
920 659
920 865
920 164
920 785
920 995
920 156
920 788
151 289
151 231
151 968
151 119
151 90
151 283
151 40
151 490
151 770
151 54
402 744
402 337
402 918
402 674
402 332
402 12
402 958
402 812
402 315
402 809
13 691
13 760
13 772
13 200
13 367
13 815
13 914
13 8
13 463
13 924
209 229
209 225
209 886
209 977
209 758
209 541
209 434
209 866
209 462
209 106
288 99
288 96
288 82
288 29
288 374
288 831
288 508
288 660
288 689
288 337
673 358
673 404
673 256
673 869
673 758
673 367
673 833
673 365
673 919
673 22
501 695
501 236
501 773
501 656
501 513
501 264
501 635
501 684
501 779
501 506
966 637
966 372
966 839
966 684
966 672
966 339
966 292
966 738
966 262
966 450
86 879
86 76
86 168
86 268
86 561
86 783
86 937
86 619
86 462
86 994
458 451
458 883
458 120
458 197
458 258
458 766
458 167
458 74
458 239
458 500
22 907
22 865
22 271
22 618
22 420
22 818
22 806
22 519
22 840
931 812
931 697
931 733
931 336
931 804
931 513
931 650
931 824
931 253
931 331
545 4
545 200
545 39
545 625
545 268
545 326
545 351
545 439
545 902
545 703
743 614
743 656
743 942
743 584
743 592
743 150
743 290
743 374
743 445
743 502
765 175
765 938
765 860
765 49
765 136
765 722
765 193
765 645
765 936
765 238
975 527
975 815
975 990
975 123
975 416
975 805
975 488
975 917
975 462
975 512
225 831
225 27
225 593
225 145
225 842
225 818
225 713
225 482
225 799
509 272
509 924
509 731
509 922
509 681
509 332
509 139
509 908
509 487
509 165
118 587
118 401
118 972
118 214
118 244
118 390
118 143
118 755
118 2
118 838
346 201
346 466
346 836
346 308
346 562
346 273
346 810
346 97
346 855
346 484
30 830
30 910
30 821
30 90
30 482
30 381
30 817
30 658
30 663
30 871
233 148
233 159
233 808
233 158
233 985
233 871
233 918
233 582
233 72
233 720
615 409
615 398
615 19
615 503
615 608
615 680
615 730
615 916
615 481
615 589
923 922
923 261
923 763
923 659
923 645
923 719
923 247
923 677
923 804
923 198
134 187
134 112
134 208
134 834
134 128
134 197
134 837
134 636
134 937
134 512
327 483
327 336
327 539
327 704
327 122
327 853
327 297
327 730
327 392
327 220
278 822
278 25
278 535
278 102
278 60
278 488
278 798
278 913
278 836
278 122
520 587
520 724
520 434
520 527
520 131
520 847
520 253
520 912
520 430
520 359
10 608
10 552
10 455
10 959
10 312
10 717
10 906
10 336
10 379
10 281
705 964
705 260
705 827
705 19
705 101
705 774
705 635
705 837
705 271
705 977
137 236
137 242
137 706
137 798
137 139
137 866
137 260
137 578
137 146
137 247
746 370
746 810
746 622
746 531
746 919
746 161
746 573
746 251
746 421
746 244
739 513
739 627
739 924
739 571
739 659
739 646
739 180
739 647
739 139
739 719
851 872
851 504
851 235
851 954
851 304
851 413
851 712
851 614
851 32
851 477
183 341
183 101
183 578
183 596
183 476
183 442
183 881
183 85
183 443
183 479
862 251
862 957
862 390
862 12
862 56
862 294
862 212
862 664
862 58
862 979
35 937
35 858
35 374
35 683
35 207
35 90
35 623
35 170
35 112
35 584
469 314
469 731
469 560
469 68
469 531
469 533
469 215
469 111
469 277
469 551
563 339
563 605
563 647
563 640
563 840
563 732
563 196
563 651
563 791
563 703
854 712
854 270
854 676
854 83
854 3
854 864
854 445
854 440
854 208
854 602
692 647
692 129
692 619
692 282
692 590
692 463
692 97
692 663
692 638
692 617
31 556
31 426
31 630
31 398
31 350
31 210
31 937
31 177
31 603
31 200
764 263
764 558
764 366
764 790
764 79
764 216
764 672
764 638
764 149
764 344
378 568
378 408
378 793
378 74
378 921
378 191
378 988
378 424
378 500
378 39
808 173
808 943
808 574
808 56
808 307
808 496
808 77
808 324
808 200
254 856
254 332
254 780
254 512
254 742
254 235
254 123
254 970
254 265
254 290
284 703
284 997
284 78
284 592
284 171
284 499
284 480
284 320
284 199
284 33
56 921
56 947
56 567
56 655
56 181
56 617
56 672
56 699
528 358
528 236
528 298
528 318
528 491
528 706
528 221
528 952
528 783
528 372
704 91
704 239
704 730
704 89
704 261
704 534
704 287
704 232
704 51
749 621
749 605
749 754
749 119
749 496
749 646
749 558
749 542
749 916
749 368
588 716
588 669
588 382
588 572
588 144
588 959
588 676
588 917
588 245
588 266
803 511
803 427
803 776
803 370
803 69
803 414
803 884
803 128
803 775
803 813
649 903
649 147
649 824
649 560
649 497
649 513
649 255
649 368
649 208
649 370
934 477
934 199
934 221
934 995
934 906
934 591
934 243
934 64
934 0
934 513
951 174
951 636
951 253
951 964
951 421
951 331
951 397
951 819
951 567
951 758
976 167
976 275
976 859
976 42
976 263
976 949
976 564
976 732
976 229
976 601
132 289
132 840
132 725
132 582
132 511
132 792
132 798
132 100
132 932
132 653
644 410
644 899
644 568
644 891
644 47
644 551
644 614
644 885
644 177
644 88
814 796
814 114
814 778
814 423
814 317
814 689
814 730
814 3
814 226
814 750
340 66
340 241
340 950
340 890
340 622
340 131
340 955
340 145
340 347
340 25
529 474
529 556
529 776
529 707
529 736
529 26
529 550
529 759
529 828
529 360
226 479
226 375
226 805
226 317
226 350
226 551
226 357
226 824
226 287
464 776
464 676
464 241
464 350
464 840
464 215
464 119
464 872
464 876
464 211
578 390
578 488
578 130
578 917
578 330
578 443
578 341
578 699
586 160
586 178
586 292
586 678
586 507
586 767
586 350
586 836
586 607
586 216
55 124
55 42
55 553
55 494
55 212
55 21
55 711
55 636
55 179
55 344
316 272
316 946
316 26
316 174
316 886
316 363
316 267
316 631
316 268
316 16
896 14
896 201
896 375
896 499
896 967
896 983
896 811
896 907
896 330
896 745
932 294
932 124
932 165
932 181
932 320
932 194
932 480
932 993
932 289
940 847
940 58
940 772
940 787
940 753
940 495
940 5
940 403
940 493
940 990
169 597
169 820
169 256
169 352
169 942
169 763
169 271
169 734
169 752
169 925
832 894
832 193
832 742
832 783
832 712
832 227
832 361
832 755
832 3
832 452
525 811
525 185
525 624
525 241
525 842
525 5
525 950
525 133
525 345
525 680
696 527
696 709
696 257
696 271
696 496
696 269
696 972
696 962
696 584
696 730
634 242
634 80
634 228
634 580
634 516
634 973
634 880
634 561
634 394
634 206
639 695
639 342
639 785
639 674
639 117
639 885
639 309
639 663
639 700
639 800
6 317
6 551
6 884
6 36
6 908
6 115
6 996
6 512
6 580
6 715
643 222
643 853
643 184
643 110
643 521
643 161
643 714
643 455
643 121
643 788
873 903
873 841
873 954
873 398
873 526
873 69
873 651
873 323
873 419
873 372
250 95
250 972
250 196
250 266
250 499
250 313
250 228
250 108
250 210
250 792
878 60
878 129
878 244
878 503
878 768
878 4
878 518
878 760
878 989
878 484
150 680
150 445
150 614
150 618
150 329
150 760
150 598
150 146
150 866
585 481
585 376
585 831
585 503
585 801
585 527
585 950
585 312
585 194
585 109
549 681
549 879
549 338
549 905
549 684
549 713
549 38
549 37
549 413
549 414
945 566
945 777
945 939
945 74
945 299
945 707
945 842
945 272
945 439
945 893
191 568
191 426
191 797
191 482
191 171
191 213
191 767
191 809
191 778
419 841
419 954
419 866
419 553
419 955
419 903
419 231
419 343
419 723
0 978
0 750
0 616
0 108
0 140
0 177
0 864
0 219
0 906
888 988
888 561
888 446
888 560
888 688
888 305
888 57
888 926
888 405
888 114
729 913
729 470
729 149
729 652
729 534
729 583
729 836
729 925
729 811
729 155
768 713
768 637
768 554
768 593
768 4
768 108
768 379
768 413
768 38
641 574
641 655
641 604
641 884
641 446
641 647
641 50
641 296
641 824
641 735
655 857
655 699
655 574
655 647
655 50
655 540
655 422
655 130
761 476
761 968
761 243
761 62
761 380
761 569
761 395
761 776
761 359
949 575
949 504
949 18
949 1
949 822
949 440
949 767
949 905
949 443
291 176
291 301
291 582
291 72
291 343
291 961
291 712
291 87
291 437
291 61
542 812
542 365
542 558
542 496
542 179
542 393
542 160
542 335
542 752
678 581
678 887
678 952
678 223
678 392
678 143
678 645
678 630
678 84
24 270
24 136
24 535
24 868
24 184
24 622
24 175
24 853
24 49
24 925
427 57
427 809
427 668
427 638
427 125
427 222
427 438
427 775
427 797
235 674
235 386
235 123
235 758
235 380
235 471
235 234
235 265
610 15
610 698
610 177
610 76
610 801
610 380
610 240
610 721
610 580
610 663
844 170
844 581
844 813
844 960
844 8
844 607
844 449
844 591
844 173
844 663
876 594
876 100
876 925
876 740
876 674
876 559
876 451
876 959
876 339
467 675
467 917
467 744
467 409
467 567
467 309
467 603
467 110
467 370
467 483
889 452
889 498
889 26
889 411
889 471
889 479
889 840
889 176
889 430
889 565
71 974
71 616
71 167
71 581
71 471
71 29
71 432
71 701
71 890
71 709
660 508
660 793
660 117
660 100
660 831
660 99
660 96
660 337
660 689
547 780
547 119
547 303
547 313
547 541
547 592
547 880
547 540
547 26
547 281
589 683
589 865
589 591
589 646
589 50
589 874
589 68
589 384
589 592
731 409
731 946
731 384
731 839
731 170
731 272
731 248
731 17
935 347
935 445
935 125
935 693
935 495
935 15
935 915
935 282
935 534
935 100
106 933
106 62
106 885
106 551
106 556
106 488
106 433
106 899
106 898
846 11
846 275
846 366
846 875
846 971
846 63
846 965
846 426
846 838
846 675
629 68
629 747
629 582
629 728
629 199
629 497
629 811
629 816
629 428
629 409
887 239
887 979
887 952
887 434
887 908
887 992
887 147
887 33
887 407
75 306
75 109
75 999
75 398
75 410
75 473
75 5
75 204
75 222
75 492
486 915
486 769
486 312
486 530
486 447
486 902
486 726
486 304
486 51
486 399
79 374
79 283
79 958
79 204
79 997
79 268
79 636
79 869
79 915
376 664
376 687
376 848
376 325
376 697
376 366
376 383
376 591
376 363
138 473
138 99
138 50
138 231
138 32
138 683
138 3
138 881
138 973
138 508
956 244
956 829
956 300
956 361
956 96
956 343
956 990
956 231
956 437
956 866
348 368
348 973
348 877
348 413
348 214
348 184
348 690
348 550
348 385
348 62
500 74
500 463
500 299
500 302
500 21
500 64
500 451
500 58
17 23
17 418
17 399
17 933
17 775
17 493
17 370
17 742
17 942
666 88
666 184
666 93
666 153
666 141
666 775
666 370
666 328
666 572
666 710
517 905
517 596
517 399
517 753
517 374
517 332
517 603
517 957
517 63
517 773
723 34
723 954
723 358
723 383
723 841
723 80
723 874
723 294
723 903
594 257
594 68
594 503
594 80
594 572
594 986
594 370
594 818
594 239
677 195
677 424
677 312
677 83
677 426
677 709
677 645
677 804
677 448
198 740
198 188
198 393
198 382
198 91
198 856
198 699
198 247
198 333
843 617
843 141
843 760
843 813
843 994
843 296
843 303
843 828
843 192
843 735
524 176
524 955
524 312
524 270
524 553
524 812
524 506
524 816
524 407
524 240
618 519
618 614
618 445
618 495
618 892
618 907
618 598
618 680
1 436
1 334
1 575
1 877
1 625
1 290
1 516
1 20
1 367
577 266
577 91
577 861
577 98
577 199
577 721
577 43
577 789
577 881
577 505
548 967
548 983
548 695
548 139
548 135
548 901
548 856
548 20
548 737
548 154
307 496
307 242
307 420
307 345
307 686
307 625
307 874
307 633
307 77
620 37
620 946
620 973
620 970
620 23
620 354
620 140
620 604
620 39
45 658
45 587
45 264
45 48
45 536
45 395
45 766
45 510
45 635
45 798
849 493
849 93
849 857
849 690
849 12
849 897
849 522
849 28
849 475
849 345
205 515
205 986
205 224
205 395
205 821
205 653
205 370
205 491
205 309
205 698
609 196
609 245
609 948
609 145
609 77
609 9
609 953
609 147
609 570
609 261
105 73
105 407
105 425
105 89
105 990
105 484
105 829
105 632
105 939
105 87
671 751
671 646
671 43
671 408
671 605
671 781
671 970
671 867
671 617
671 445
182 156
182 502
182 314
182 912
182 906
182 331
182 404
182 984
182 325
182 457
728 930
728 465
728 955
728 816
728 566
728 184
728 230
728 131
728 685
2 61
2 595
2 83
2 14
2 569
2 302
2 104
2 623
2 700
491 335
491 665
491 960
491 424
491 29
491 725
491 245
491 783
562 273
562 811
562 913
562 108
562 90
562 88
562 457
562 375
562 533
369 400
369 44
369 149
369 882
369 259
369 59
369 356
369 116
369 186
369 324
801 59
801 240
801 414
801 845
801 813
801 538
801 39
801 819
66 379
66 258
66 880
66 928
66 872
66 37
66 145
66 726
66 601
800 782
800 775
800 301
800 91
800 726
800 938
800 974
800 223
800 474
718 416
718 702
718 825
718 653
718 612
718 606
718 693
718 864
718 695
718 459
726 601
726 18
726 535
726 34
726 834
726 591
726 621
280 899
280 490
280 988
280 136
280 143
280 82
280 133
280 891
280 53
280 904
349 153
349 571
349 146
349 242
349 580
349 853
349 478
349 287
349 733
349 715
7 780
7 890
7 143
7 972
7 297
7 403
7 311
7 845
7 160
7 771
341 980
341 330
341 262
341 712
341 535
341 748
341 925
341 985
507 957
507 757
507 906
507 732
507 759
507 521
507 397
507 27
507 73
627 121
627 306
627 159
627 872
627 911
627 108
627 884
627 544
627 809
273 318
273 426
273 521
273 201
273 619
273 944
273 262
273 120
460 909
460 642
460 790
460 900
460 962
460 661
460 859
460 160
460 303
460 484
70 192
70 818
70 196
70 792
70 991
70 685
70 15
70 384
70 802
70 770
397 309
397 757
397 392
397 320
397 571
397 742
397 651
397 285
195 794
195 262
195 424
195 175
195 227
195 681
195 720
195 309
195 290
806 204
806 616
806 833
806 635
806 716
806 544
806 484
806 418
806 779
102 315
102 751
102 672
102 325
102 279
102 963
102 240
102 825
102 211
23 497
23 59
23 104
23 314
23 691
23 187
23 319
23 720
393 783
393 333
393 740
393 382
393 91
393 179
393 218
393 757
498 740
498 885
498 69
498 484
498 194
498 135
498 32
498 682
498 220
295 342
295 406
295 667
295 479
295 978
295 210
295 636
295 653
295 417
295 117
597 484
597 319
597 429
597 271
597 716
597 922
597 247
597 621
597 568
794 870
794 319
794 911
794 441
794 698
794 736
794 98
794 496
794 64
963 819
963 691
963 957
963 891
963 119
963 68
963 754
963 669
963 636
868 197
868 532
868 344
868 275
868 352
868 221
868 631
868 733
868 124
912 156
912 651
912 177
912 377
912 943
912 499
912 502
912 568
546 554
546 560
546 166
546 187
546 550
546 234
546 522
546 211
546 942
546 929
861 897
861 860
861 943
861 192
861 93
861 375
861 28
861 281
861 304
203 513
203 362
203 623
203 135
203 165
203 386
203 255
203 25
203 406
203 505
229 317
229 701
229 640
229 434
229 141
229 47
229 564
229 732
874 211
874 423
874 592
874 625
874 85
874 77
874 54
391 576
391 740
391 823
391 744
391 449
391 555
391 371
391 754
391 46
391 881
465 771
465 416
465 386
465 702
465 573
465 606
465 322
465 599
465 816
388 279
388 329
388 189
388 985
388 656
388 252
388 793
388 435
388 180
388 909
396 992
396 960
396 147
396 171
396 181
396 336
396 382
396 941
396 53
396 513
855 48
855 249
855 421
855 510
855 107
855 471
855 126
855 357
855 895
412 767
412 522
412 168
412 83
412 270
412 127
412 271
412 907
412 234
412 918
753 708
753 882
753 575
753 493
753 5
753 489
753 332
753 63
112 769
112 4
112 170
112 767
112 145
112 858
112 995
112 777
232 681
232 347
232 534
232 131
232 332
232 364
232 438
232 113
232 432
342 763
342 163
342 665
342 772
342 37
342 114
342 417
342 796
694 810
694 401
694 933
694 442
694 536
694 318
694 906
694 162
694 829
694 386
648 201
648 332
648 626
648 174
648 46
648 767
648 147
648 961
648 386
648 285
59 186
59 93
59 600
59 221
59 356
59 330
59 400
113 596
113 364
113 304
113 262
113 534
113 131
113 523
113 485
113 347
930 434
930 381
930 813
930 472
930 910
930 690
930 8
930 758
930 359
439 338
439 176
439 324
439 300
439 824
439 999
439 795
439 745
748 219
748 115
748 819
748 146
748 471
748 833
748 29
748 443
748 711
33 29
33 281
33 611
33 156
33 553
33 239
33 343
33 481
60 582
60 437
60 457
60 798
60 380
60 535
60 919
60 310
353 982
353 818
353 700
353 216
353 133
353 727
353 61
353 929
353 499
353 708
76 298
76 685
76 650
76 228
76 848
76 607
76 483
76 771
430 724
430 998
430 504
430 886
430 812
430 389
430 689
430 958
377 962
377 499
377 241
377 564
377 94
377 839
377 212
377 845
377 909
772 893
772 442
772 650
772 613
772 364
772 360
772 680
992 571
992 617
992 407
992 596
992 829
992 392
992 267
992 819
780 503
780 682
780 276
780 879
780 853
780 425
780 740
933 451
933 796
933 394
933 536
933 937
933 829
933 892
128 952
128 980
128 848
128 601
128 429
128 703
128 88
128 636
189 890
189 279
189 568
189 309
189 437
189 987
189 985
189 395
189 623
606 281
606 702
606 872
606 459
606 795
606 612
606 144
606 416
982 521
982 442
982 4
982 787
982 510
982 21
982 905
982 773
982 825
331 42
331 619
331 162
331 361
331 611
331 904
331 638
777 190
777 505
777 367
777 870
777 670
777 323
777 651
777 210
207 168
207 858
207 948
207 774
207 263
207 116
207 580
207 623
207 715
482 213
482 908
482 503
482 637
482 752
482 95
482 399
322 111
322 816
322 747
322 573
322 599
322 556
322 358
322 965
322 428
994 124
994 192
994 962
994 296
994 244
994 735
994 39
994 462
36 908
36 130
36 394
36 485
36 566
36 433
36 492
36 665
36 328
371 555
371 286
371 243
371 155
371 978
371 823
371 744
371 576
371 754
321 959
321 516
321 914
321 564
321 820
321 684
321 173
321 979
321 785
321 122
998 472
998 117
998 724
998 958
998 408
998 57
998 74
998 732
998 813
121 186
121 379
121 642
121 227
121 110
121 631
121 568
121 579
415 661
415 333
415 201
415 875
415 480
415 185
415 907
415 456
415 208
415 734
448 95
448 181
448 922
448 403
448 531
448 745
448 730
448 804
448 440
544 833
544 46
544 41
544 779
544 556
544 306
544 756
544 691
217 575
217 570
217 582
217 366
217 621
217 77
217 468
217 407
217 109
217 471
423 276
423 40
423 968
423 168
423 770
423 54
423 65
423 979
487 306
487 924
487 42
487 813
487 675
487 573
487 434
487 332
487 909
142 434
142 12
142 420
142 50
142 85
142 852
142 555
142 758
142 897
142 386
474 356
474 552
474 787
474 853
474 996
474 776
474 824
474 164
166 665
166 995
166 452
166 972
166 515
166 860
166 835
166 468
166 792
602 664
602 450
602 325
602 858
602 712
602 444
602 554
602 791
602 260
939 928
939 453
939 632
939 688
939 785
939 407
939 245
939 148
941 171
941 275
941 488
941 699
941 253
941 650
941 330
941 752
941 826
163 796
163 557
163 929
163 857
163 665
163 8
163 328
163 285
163 144
533 290
533 196
533 119
533 308
533 470
533 74
533 323
533 531
38 662
38 658
38 745
38 236
38 730
38 536
38 139
38 554
538 29
538 283
538 414
538 776
538 383
538 523
538 61
538 94
538 387
652 67
652 583
652 984
652 822
652 237
652 25
652 821
652 784
652 630
882 875
882 365
882 518
882 826
882 790
882 755
882 143
882 738
880 242
880 973
880 840
880 736
880 523
880 446
880 262
894 913
894 334
894 979
894 361
894 699
894 999
894 621
894 711
894 742
571 339
571 228
571 478
571 503
571 788
571 11
893 21
893 442
893 212
893 771
893 27
893 214
893 130
893 318
559 979
559 890
559 433
559 911
559 64
559 260
559 85
559 707
559 574
775 717
775 370
775 541
775 299
775 206
614 680
614 598
614 379
614 495
614 445
883 451
883 957
883 197
883 502
883 787
883 807
883 230
883 392
883 115
478 884
478 583
478 171
478 63
478 809
478 687
478 312
478 380
786 947
786 215
786 339
786 943
786 675
786 537
786 444
786 127
786 310
786 632
698 293
698 687
698 172
698 724
698 275
698 389
698 668
826 875
826 732
826 461
826 222
826 276
826 200
826 253
826 938
276 97
276 716
276 875
276 709
276 168
276 584
276 919
837 54
837 695
837 519
837 993
837 247
837 314
837 657
837 564
293 407
293 424
293 981
293 668
293 516
293 172
293 733
293 756
293 389
740 382
740 333
740 856
740 847
188 784
188 656
188 466
188 91
188 805
188 179
188 973
188 125
188 750
495 847
495 584
495 294
495 680
495 445
495 598
95 590
95 399
95 972
95 98
95 146
95 552
95 101
267 603
267 703
267 489
267 16
267 407
267 392
267 466
267 946
283 742
283 875
283 776
283 268
283 863
283 25
283 480
338 213
338 180
338 863
338 303
338 339
338 136
338 691
338 497
375 616
375 811
375 867
375 108
375 690
375 357
104 314
104 734
104 19
104 556
104 101
104 972
104 355
104 107
208 21
208 543
208 898
208 701
208 497
208 569
202 155
202 287
202 248
202 461
202 409
202 196
202 122
202 488
202 81
202 362
514 900
514 306
514 318
514 625
514 446
514 462
514 420
514 101
514 300
514 9
442 773
442 972
442 623
442 505
442 21
67 25
67 502
67 784
67 214
67 127
67 822
67 984
67 572
67 237
326 593
326 407
326 58
326 351
326 886
326 115
326 530
326 489
326 159
158 736
158 828
158 436
158 785
158 410
158 550
158 759
158 360
158 793
444 847
444 745
444 334
444 537
444 815
444 199
444 787
444 315
791 591
791 732
791 825
791 455
791 727
791 796
791 830
791 450
157 812
157 392
157 717
157 461
157 687
157 351
157 26
157 661
157 447
157 805
219 29
219 385
219 819
219 432
219 881
219 693
219 463
219 476
970 43
970 604
970 867
970 315
970 3
970 290
970 710
863 453
863 955
863 436
863 773
863 173
863 900
863 510
863 564
178 947
178 756
178 424
178 306
178 496
178 100
178 831
178 386
178 566
81 408
81 687
81 311
81 409
81 827
81 413
81 153
81 850
81 248
345 595
345 264
345 429
345 869
345 950
345 98
345 866
41 903
41 687
41 936
41 216
41 685
41 355
41 212
41 147
41 306
165 567
165 447
165 409
165 798
165 398
165 135
165 422
389 942
389 633
389 760
389 172
389 724
389 668
389 499
619 690
619 714
619 62
619 879
619 706
619 361
80 450
80 596
80 818
80 196
80 97
80 47
80 385
995 682
995 78
995 408
995 515
995 543
995 110
355 980
355 48
355 686
355 431
355 645
355 359
355 406
355 567
971 21
971 996
971 26
971 822
971 139
971 200
971 275
971 684
971 859
456 686
456 628
456 539
456 252
456 864
456 201
456 405
456 762
456 259
757 591
757 581
757 651
757 343
757 732
757 717
757 714
373 204
373 915
373 277
373 711
373 683
373 936
373 281
373 160
373 296
373 838
759 300
759 550
759 828
759 360
759 785
759 26
759 736
453 435
453 555
453 421
453 540
453 955
453 387
453 171
453 632
459 702
459 871
459 653
459 612
459 387
459 416
459 886
459 977
227 898
227 77
227 879
227 363
227 827
227 570
227 607
989 886
989 90
989 657
989 904
989 234
989 294
989 675
989 426
989 360
410 828
410 550
410 360
410 891
410 263
410 736
410 411
762 686
762 259
762 830
762 687
762 194
762 628
762 103
762 864
762 87
88 608
88 721
88 184
88 177
88 103
88 913
570 149
570 926
570 987
570 77
570 336
570 898
570 839
751 53
751 471
751 325
751 473
751 408
751 519
751 497
751 350
468 572
468 950
468 527
468 541
468 628
468 292
468 553
468 125
969 361
969 536
969 449
969 763
969 64
969 9
969 657
969 926
969 580
969 374
984 583
984 911
984 784
984 25
984 822
984 722
984 237
238 395
238 175
238 305
238 34
238 49
238 422
238 722
238 942
238 193
799 818
799 268
799 417
799 564
799 159
799 593
799 44
799 567
799 381
988 84
988 921
988 50
988 960
988 964
988 905
988 626
286 37
286 591
286 823
286 445
286 805
286 555
286 754
286 228
286 576
540 853
540 206
540 541
540 236
540 421
540 11
540 300
993 252
993 564
993 918
993 455
993 943
993 502
993 745
993 269
892 738
892 518
892 274
892 200
892 645
892 302
892 871
892 21
14 255
14 275
14 918
14 877
14 715
14 350
14 153
14 481
654 179
654 512
654 220
654 513
654 115
654 302
654 929
654 947
654 130
654 18
662 175
662 5
662 37
662 716
662 990
662 32
662 100
662 299
875 446
875 374
875 565
206 541
206 356
206 600
206 695
206 272
206 421
206 853
595 161
595 244
595 569
595 361
595 455
595 793
595 135
595 330
154 224
154 865
154 57
154 20
154 983
154 967
154 901
154 737
154 351
176 560
176 850
176 914
176 454
176 452
176 582
40 770
40 991
40 968
40 54
40 490
40 902
40 519
40 65
828 399
828 613
828 550
828 736
828 124
89 239
89 146
89 50
89 242
89 73
89 363
89 425
89 756
218 516
218 785
218 395
218 733
218 362
218 981
218 5
218 155
218 980
834 815
834 314
834 297
834 781
834 406
834 223
834 598
834 148
69 580
69 185
69 638
69 841
69 859
69 200
69 5
711 636
711 922
711 699
711 703
711 107
711 810
432 477
432 890
432 997
432 96
432 978
432 950
432 320
534 131
534 871
534 37
534 364
534 347
891 301
891 51
891 296
891 422
891 263
891 899
372 974
372 323
372 146
372 262
372 277
372 638
372 162
193 722
193 136
193 422
193 936
193 175
193 656
193 49
27 390
27 386
27 783
27 438
27 130
27 899
27 867
173 781
173 788
173 431
173 77
173 877
173 815
408 120
408 738
408 587
408 695
611 943
611 672
611 34
611 65
611 904
611 752
611 916
611 506
296 51
296 315
296 160
296 735
296 821
996 274
996 139
996 304
996 494
996 715
996 145
996 821
706 596
706 318
706 39
706 311
706 521
706 926
706 725
65 798
65 836
65 968
65 271
65 712
65 537
65 352
823 576
823 754
823 282
823 192
823 744
823 555
823 598
927 180
927 200
927 265
927 43
927 281
927 812
927 552
927 703
927 838
927 140
647 523
647 463
647 735
647 681
647 646
305 387
305 561
305 504
305 688
305 601
305 82
305 73
305 884
904 234
904 136
904 657
904 797
904 83
904 398
44 363
44 259
44 116
44 186
44 356
44 400
44 991
44 324
667 156
667 308
667 324
667 600
667 18
667 477
667 354
667 774
667 885
770 54
770 90
770 490
770 725
770 519
770 968
827 319
827 632
827 607
827 977
827 133
827 28
827 752
543 830
543 622
543 682
543 297
543 719
543 767
543 220
543 110
830 871
830 164
830 344
830 470
830 334
830 440
204 438
204 999
204 779
204 418
204 616
204 61
252 613
252 155
252 811
252 526
252 494
252 741
252 574
948 145
948 510
948 682
948 943
948 715
948 72
948 492
948 959
565 312
565 541
565 404
565 946
565 411
565 699
565 782
565 266
633 420
633 924
633 638
633 506
633 147
633 29
633 172
633 313
779 613
779 318
779 477
779 306
779 833
779 264
707 171
707 351
707 57
707 879
707 64
707 550
707 758
738 839
738 108
738 997
738 605
738 269
738 914
635 403
635 918
635 616
635 258
635 246
635 418
825 510
825 853
825 279
825 695
825 593
825 324
659 788
659 763
659 670
659 92
659 719
659 210
659 231
953 651
953 624
953 457
953 450
953 153
953 665
953 917
953 213
953 797
323 515
323 928
323 367
323 3
323 774
323 526
161 788
161 899
161 455
161 497
161 236
161 804
161 626
676 604
676 83
676 325
676 384
676 164
676 603
676 867
133 359
133 708
133 810
133 155
133 929
133 727
511 895
511 289
511 831
511 230
511 452
511 680
511 190
511 77
910 817
910 9
910 954
910 457
910 900
910 441
910 658
910 381
628 282
628 289
628 259
628 539
628 986
628 686
628 781
422 49
422 175
422 722
422 231
422 936
959 451
959 261
959 716
959 650
959 143
68 985
68 174
68 819
68 418
68 199
461 155
461 122
461 363
461 53
461 50
461 213
461 335
263 301
263 344
263 642
263 127
263 366
357 310
357 895
357 103
357 249
357 48
357 107
357 126
685 87
685 961
685 717
685 787
685 382
685 689
530 574
530 902
530 720
530 407
530 319
530 237
530 866
530 682
613 981
613 109
613 700
613 741
613 473
613 630
690 857
690 379
690 847
690 8
690 709
693 702
693 221
693 298
693 829
693 781
693 505
693 733
78 125
78 265
78 337
78 928
78 699
78 428
78 997
78 556
223 107
223 473
223 292
223 974
223 527
223 148
223 185
621 732
621 414
621 222
621 668
621 608
916 574
916 604
916 274
916 503
916 300
916 446
916 625
304 897
304 93
304 28
304 860
304 39
980 384
980 601
980 359
980 479
980 249
980 848
51 5
51 937
51 915
51 838
51 74
51 682
651 568
651 436
651 42
795 898
795 167
795 657
795 713
795 16
795 537
795 313
795 234
264 664
264 665
264 366
264 431
264 991
264 311
763 631
763 261
763 314
763 463
763 668
603 623
603 604
603 344
603 755
603 210
983 351
983 901
983 737
983 20
983 135
983 865
983 967
449 582
449 926
449 712
449 925
449 167
449 657
449 716
516 981
516 688
516 785
516 684
516 561
266 616
266 664
266 199
266 141
266 382
266 129
580 908
580 715
580 394
34 601
34 741
34 272
34 674
34 506
34 110
688 566
688 820
688 561
688 850
688 272
688 714
466 784
466 946
466 37
466 847
466 656
466 675
466 292
870 441
870 347
870 187
870 190
870 64
870 98
870 361
870 297
405 313
405 852
405 290
405 215
405 8
405 436
405 881
405 91
631 129
631 642
631 186
631 265
631 591
807 269
807 224
807 650
807 329
807 115
807 11
807 679
807 335
807 569
860 897
860 28
860 943
860 710
860 281
860 93
141 907
141 367
141 94
141 47
141 434
141 290
277 249
277 531
277 986
277 890
277 554
277 146
277 962
301 339
301 642
301 344
301 457
301 87
301 929
400 329
400 356
400 186
400 18
400 898
400 116
400 259
637 769
637 593
637 413
637 587
637 554
637 713
637 242
537 535
537 572
537 568
537 309
537 712
537 512
642 724
642 290
642 187
642 265
642 320
440 842
440 417
440 745
440 282
440 477
440 164
709 921
709 804
709 167
709 220
709 773
472 978
472 192
472 100
472 310
472 532
472 557
472 365
472 117
401 214
401 710
401 352
401 379
401 640
401 551
401 3
741 335
741 411
741 954
741 601
741 174
741 257
741 903
822 390
822 237
822 784
822 25
532 420
532 929
532 417
532 216
532 298
532 261
532 727
532 689
251 12
251 421
251 347
251 840
251 504
251 842
251 260
251 192
406 255
406 220
406 919
406 77
406 314
406 417
127 455
127 310
127 796
127 58
127 438
127 769
599 201
599 747
599 569
599 428
599 222
599 965
599 816
599 573
53 557
53 425
53 884
53 171
53 798
53 379
835 483
835 539
835 258
835 129
835 98
835 302
835 866
835 593
835 116
18 535
18 575
18 308
18 164
18 760
319 429
319 943
319 272
319 964
319 605
518 669
518 63
518 210
518 755
518 645
518 274
518 541
52 493
52 306
52 986
52 328
52 334
52 714
52 789
52 877
52 187
52 381
317 179
317 484
317 663
317 640
317 551
317 114
492 521
492 885
492 665
492 237
492 510
492 583
492 435
782 162
782 774
782 590
782 977
782 937
782 974
782 294
782 824
836 350
836 773
836 271
836 470
836 149
174 253
174 16
174 26
174 964
174 471
428 573
428 32
428 747
428 409
428 111
428 965
441 979
441 120
441 315
441 143
441 175
441 504
441 911
303 180
303 29
303 539
303 364
303 99
303 622
838 788
838 515
838 708
838 99
838 245
756 146
756 417
756 714
756 679
756 386
756 82
820 159
820 734
820 72
820 382
820 857
820 119
820 839
679 857
679 730
679 734
679 335
679 664
679 745
679 897
679 269
282 4
282 313
282 97
282 149
282 115
900 436
900 462
900 9
900 658
900 381
900 817
879 942
879 285
879 479
879 700
298 856
298 523
298 358
298 640
298 505
298 4
358 531
358 617
358 638
358 526
358 681
895 592
895 48
895 126
895 850
895 103
895 249
895 107
124 221
124 488
124 39
124 447
124 626
612 653
612 416
612 702
612 429
612 84
612 385
612 15
32 272
32 299
32 94
32 179
32 129
92 480
92 997
92 320
92 722
92 230
92 715
92 255
92 366
92 231
4 640
4 778
4 503
784 125
784 29
784 237
784 25
246 590
246 990
246 362
246 201
246 907
246 101
246 411
246 552
246 600
485 848
485 955
485 755
485 567
485 734
485 85
485 640
485 269
526 383
526 566
526 481
526 928
526 515
526 722
600 329
600 755
600 356
600 325
600 186
600 387
790 964
790 336
790 850
790 672
790 905
790 275
790 769
197 937
197 670
197 798
197 120
197 259
197 719
292 476
292 473
292 125
292 308
292 194
554 215
554 247
554 593
554 713
737 224
737 190
737 9
737 20
737 967
737 901
737 859
126 103
126 48
126 766
126 100
126 107
126 230
126 249
750 899
750 114
750 479
750 952
750 214
750 404
750 755
117 653
117 258
117 978
117 496
117 918
967 901
967 20
967 778
967 359
967 224
454 431
454 864
454 46
454 144
454 84
454 328
454 821
454 212
454 622
552 703
552 990
552 717
552 590
552 435
63 710
63 785
63 805
63 274
63 575
438 915
438 239
438 58
438 928
438 390
109 719
109 470
109 473
109 866
109 700
109 111
49 722
49 175
49 936
49 136
49 42
274 436
274 64
274 462
274 279
274 494
914 260
914 414
914 3
914 362
914 155
914 11
769 669
769 625
769 170
769 813
769 736
829 670
829 781
829 96
829 394
48 103
48 850
48 107
48 249
94 909
94 28
94 179
94 73
94 212
94 917
919 653
919 101
919 944
919 877
919 535
858 170
858 623
858 558
858 93
858 336
858 719
185 9
185 658
185 921
185 360
185 684
185 727
302 258
302 645
302 842
302 973
302 593
747 111
747 587
747 816
747 965
747 766
747 573
626 869
626 987
626 942
626 256
626 443
626 135
965 816
965 721
965 576
965 11
965 573
384 510
384 281
384 867
384 683
384 766
194 447
194 480
194 335
194 26
194 471
224 73
224 865
224 901
224 20
224 57
308 300
308 473
308 575
308 46
308 97
390 413
390 58
390 915
390 130
809 778
809 310
809 797
809 239
809 171
683 766
683 630
683 802
683 123
683 168
99 337
99 850
99 508
99 82
99 831
108 512
108 332
108 839
973 231
973 990
973 443
343 805
343 481
343 199
343 944
343 437
734 968
734 269
734 333
734 702
404 624
404 793
404 924
404 156
404 394
404 758
475 632
475 148
475 258
475 493
475 902
475 28
475 944
475 186
475 575
624 220
624 680
624 701
624 886
624 180
624 433
624 279
869 256
869 987
869 802
869 234
869 506
869 164
742 398
742 512
742 710
742 214
579 864
579 946
579 256
579 845
579 463
579 515
579 426
579 177
579 535
797 171
797 778
797 368
797 714
797 805
270 908
270 159
270 590
270 43
270 83
270 387
646 605
646 833
646 954
646 240
646 437
856 382
856 590
856 333
856 821
856 360
450 153
450 213
450 443
450 211
450 261
981 733
981 630
981 697
981 285
981 898
981 722
398 447
398 136
398 5
12 249
12 987
12 196
12 299
12 669
755 328
755 210
222 713
222 852
222 928
222 260
299 257
299 196
299 330
347 294
347 131
347 364
974 383
974 986
974 847
974 938
974 162
455 788
455 184
455 123
553 541
553 787
553 717
553 955
553 841
584 97
584 796
584 148
584 333
584 313
470 872
470 149
470 433
470 715
470 414
815 842
815 720
815 245
815 674
815 760
179 214
179 558
435 925
435 237
435 583
435 909
435 180
435 913
581 701
581 952
581 591
581 300
581 392
581 607
62 167
62 710
62 488
62 85
62 556
62 228
697 733
697 691
697 170
697 802
697 824
697 8
697 650
447 872
447 997
447 26
447 681
804 720
804 936
804 902
804 730
15 433
15 73
15 502
15 144
15 248
15 587
87 476
87 5
87 961
87 735
87 73
61 499
61 999
61 717
61 700
61 241
997 480
997 452
997 320
386 417
802 721
802 50
802 192
802 329
802 120
802 196
211 720
211 164
211 315
211 598
211 991
243 922
243 244
243 256
243 773
243 719
243 752
243 289
256 752
256 463
256 686
256 845
539 116
539 664
539 129
539 625
539 483
632 159
632 115
632 476
632 28
230 680
230 617
230 867
230 703
230 220
523 725
523 850
523 418
523 380
523 364
859 568
859 311
859 275
859 43
859 120
990 437
990 717
294 819
294 714
294 383
952 184
952 387
952 84
952 130
890 145
890 979
890 111
668 724
668 172
668 494
668 964
508 96
508 82
508 337
508 831
508 915
508 689
287 805
287 361
287 504
287 216
287 551
287 140
367 522
367 231
367 167
367 101
297 625
297 143
297 220
297 972
297 160
590 83
590 527
590 362
719 922
719 917
708 216
708 727
708 929
708 850
708 385
708 558
898 691
898 592
898 310
123 462
123 253
123 268
123 691
123 411
962 536
962 417
962 244
962 771
962 924
489 16
489 623
489 617
489 261
489 946
489 781
489 239
531 190
531 153
531 745
531 630
46 720
46 149
46 212
46 656
46 136
190 424
190 98
190 352
190 399
190 265
483 650
483 129
483 262
483 333
483 148
716 833
716 811
716 403
587 253
587 766
587 510
773 47
773 21
721 90
721 43
721 789
721 505
721 663
119 607
119 135
119 289
279 944
279 433
279 180
279 240
657 977
657 926
657 234
657 426
881 43
881 91
881 670
881 656
314 913
314 374
385 136
385 352
385 505
385 84
385 350
420 418
420 727
420 172
420 686
781 148
781 394
781 255
902 918
902 39
902 493
902 122
789 582
789 324
789 725
789 572
789 604
789 669
789 502
958 399
958 289
958 275
958 724
958 640
958 493
101 479
101 271
73 255
73 425
960 607
960 558
960 8
960 713
960 429
960 446
504 140
504 551
504 812
311 987
311 379
311 84
311 431
311 845
572 752
572 947
572 502
663 774
663 561
663 658
103 598
103 221
103 249
103 107
796 310
796 114
796 313
216 947
216 727
216 929
735 162
735 16
735 421
735 481
111 569
111 560
111 573
111 11
160 496
160 733
622 867
622 180
622 421
622 57
908 114
908 681
908 192
221 494
221 911
221 936
16 946
16 433
16 215
16 145
661 852
661 351
661 213
661 253
661 122
661 669
661 431
977 819
977 686
977 682
977 774
725 783
725 857
725 582
725 110
744 576
744 812
744 926
744 555
744 754
248 560
248 272
248 758
248 409
248 431
248 833
911 336
911 771
911 64
911 114
457 213
457 596
457 811
457 417
810 536
810 926
810 494
810 944
810 261
926 318
926 72
778 37
778 310
778 986
778 359
865 164
865 20
865 720
865 596
636 421
636 429
354 944
354 269
354 852
354 156
354 363
354 961
354 11
354 885
695 97
695 669
700 885
700 605
700 426
90 170
90 54
90 490
356 186
356 924
356 116
481 156
481 515
481 527
352 265
352 240
352 921
352 140
122 437
122 213
122 363
658 381
658 817
658 936
991 720
991 365
991 608
991 363
991 383
411 418
411 946
411 268
411 339
19 841
19 792
19 798
19 867
19 187
19 848
19 774
947 964
947 496
947 672
947 416
817 771
817 9
817 247
817 871
817 381
817 848
228 330
228 429
228 210
228 754
816 312
816 573
425 187
425 924
425 484
425 760
425 793
395 309
395 640
395 324
395 213
416 702
416 852
416 653
754 576
754 555
760 8
760 168
325 670
325 664
325 848
335 957
335 576
335 569
42 244
42 239
42 309
42 922
717 999
168 313
168 917
168 766
333 91
333 382
557 328
557 199
557 592
557 365
557 476
557 167
557 144
841 954
841 964
841 257
841 955
897 268
897 93
897 28
897 857
561 566
561 850
561 58
473 558
473 364
551 617
97 714
97 985
159 72
159 115
159 630
215 576
215 365
215 852
215 999
574 446
574 604
574 497
909 675
909 451
909 839
909 845
515 535
515 665
857 774
857 285
380 494
380 285
380 364
380 180
241 821
241 950
241 156
241 83
241 840
506 564
506 403
506 436
506 767
54 490
54 968
54 519
120 399
120 315
120 143
156 306
149 336
149 115
162 957
162 451
162 260
162 330
567 181
567 921
567 409
437 972
437 265
74 140
74 261
74 451
247 329
247 339
247 560
519 490
519 968
519 387
575 601
575 181
986 818
986 234
986 847
334 928
334 110
334 877
334 245
334 899
43 818
43 867
57 978
57 394
57 901
172 359
172 724
172 494
172 616
979 368
979 58
344 961
344 672
344 670
257 72
257 681
257 906
257 776
257 477
925 913
925 83
925 583
114 730
114 479
418 269
418 616
701 569
701 47
701 638
701 363
701 471
269 745
360 736
360 550
82 192
82 884
82 792
82 337
937 938
937 783
350 505
350 320
938 767
938 116
938 260
938 645
938 521
96 244
96 689
96 337
96 674
714 368
733 785
592 242
592 691
715 950
309 669
139 630
139 20
139 924
928 245
928 596
872 184
872 144
872 148
236 536
236 452
236 684
236 942
366 664
366 839
366 383
426 903
381 289
381 9
670 237
670 329
670 403
490 968
490 845
490 583
842 672
842 901
842 566
320 255
320 480
93 28
93 281
110 682
110 429
125 527
125 84
125 950
313 771
144 864
144 328
144 285
942 944
686 259
686 359
669 9
682 452
684 181
684 921
917 488
917 424
522 167
522 116
522 234
522 3
522 560
522 907
630 177
913 811
913 583
771 262
771 536
310 362
268 480
351 259
351 985
351 607
558 446
558 555
616 312
805 477
155 362
155 978
131 871
131 845
131 364
521 318
521 702
521 788
433 608
433 431
576 555
653 702
864 177
864 604
638 818
184 148
921 240
921 181
72 324
72 98
72 922
839 365
929 727
944 11
37 871
312 424
513 824
513 255
413 961
413 713
413 130
429 601
596 361
650 812
650 383
724 961
675 414
675 886
675 368
443 181
443 905
443 153
593 713
964 253
170 479
170 212
985 330
985 987
985 877
907 201
907 271
788 383
833 365
833 605
494 503
792 370
792 848
792 541
792 665
905 852
905 625
905 957
852 476
852 691
674 100
674 285
674 871
140 265
140 480
140 978
245 329
245 300
212 821
403 783
403 512
403 258
560 452
187 774
187 497
414 813
414 477
452 289
886 566
886 556
147 336
147 903
147 936
220 392
462 318
462 645
527 950
290 25
564 259
710 502
710 214
710 47
767 787
510 766
840 607
840 605
884 214
884 488
164 143
186 116
315 493
315 436
987 640
987 64
987 135
258 8
258 129
497 242
47 608
47 899
47 434
153 776
153 877
21 394
903 954
903 374
260 11
177 608
85 848
85 100
85 50
85 955
901 20
901 135
332 374
672 240
608 899
608 906
957 451
957 699
201 598
505 98
181 240
84 845
84 431
130 499
512 712
978 365
368 853
368 906
368 787
477 656
476 210
605 703
387 493
387 732
145 783
129 664
566 556
445 598
604 446
262 536
550 736
146 242
200 922
906 961
3 885
394 569
758 434
329 999
583 237
766 328
91 656
752 687
999 824
999 300
255 877
954 793
885 484
436 285
623 915
847 787
328 793
687 362
687 681
793 339
107 249
866 231
727 821
918 39
918 463
915 58
424 399
831 337
831 689
324 463
813 617
362 431
722 175
961 819
499 199
337 689
392 943
