635 859
635 379
635 602
925 681
925 408
925 307
749 837
749 562
749 891
910 977
910 339
910 316
328 261
328 708
328 429
737 52
737 321
737 222
175 93
175 411
175 560
266 609
266 836
266 134
747 914
747 348
747 275
986 806
986 16
986 98
332 537
332 595
332 51
478 117
478 389
478 899
291 421
291 571
291 976
297 649
297 549
297 662
262 481
262 673
262 312
270 957
270 922
270 619
730 88
730 602
730 940
753 196
753 154
753 501
94 186
94 196
94 293
277 991
277 548
277 316
120 852
120 76
120 815
415 278
415 0
415 658
338 924
338 984
338 709
903 948
903 745
903 806
386 606
386 426
386 667
943 309
943 670
943 334
173 109
173 791
173 128
341 481
341 16
341 125
285 250
285 141
285 553
631 888
631 195
631 606
759 563
759 11
759 187
816 918
816 187
816 232
550 556
550 12
550 546
822 937
822 950
822 820
61 612
61 377
61 546
365 874
365 462
365 951
39 207
39 204
39 589
755 697
755 965
755 51
2 664
2 311
2 452
953 425
953 536
953 499
480 766
480 444
480 390
614 920
614 136
614 929
485 251
485 493
485 721
958 50
958 213
958 313
449 58
449 778
449 477
626 628
626 732
626 14
640 136
640 660
640 370
980 652
980 862
980 141
405 605
405 334
405 570
705 107
705 410
705 387
380 310
380 909
380 124
532 287
532 679
532 146
80 128
80 884
80 660
908 187
908 662
908 847
545 782
545 497
545 125
599 185
599 28
599 893
751 359
751 398
751 857
933 839
933 391
933 77
706 463
706 326
706 966
818 521
818 101
818 215
244 990
244 23
244 867
607 956
607 472
607 292
538 271
538 329
538 666
825 448
825 117
825 471
264 340
264 147
264 876
585 180
585 708
585 960
54 813
54 845
54 922
483 588
483 107
483 366
143 738
143 714
143 745
295 510
295 503
295 918
149 133
149 846
149 721
226 735
226 141
226 877
665 886
665 616
665 785
865 513
865 858
865 999
324 554
324 161
324 623
343 289
343 458
343 399
322 399
322 542
322 167
419 686
419 924
419 337
727 216
727 157
727 551
962 320
962 703
962 482
558 506
558 527
558 838
775 411
775 834
775 577
115 389
115 48
115 314
434 493
434 807
434 174
420 650
420 390
420 787
810 898
810 977
810 817
491 861
491 690
491 17
870 843
870 312
870 930
193 406
193 271
193 978
273 656
273 432
273 647
233 99
233 84
233 222
840 898
840 43
840 542
221 970
221 729
221 752
228 808
228 802
228 570
169 243
169 475
169 627
855 318
855 571
855 34
697 982
697 965
10 967
10 528
10 700
156 861
156 404
156 735
592 604
592 801
592 595
375 709
375 514
375 717
171 59
171 346
171 648
757 8
757 578
757 698
600 292
600 438
600 225
754 63
754 160
754 790
272 920
272 746
272 155
431 91
431 537
431 234
201 619
201 580
201 399
636 325
636 858
636 82
565 623
565 724
565 966
912 946
912 450
912 632
308 372
308 739
308 883
353 110
353 414
353 605
587 55
587 573
587 880
671 767
671 309
671 195
190 689
190 461
190 760
327 895
327 243
327 98
860 71
860 99
860 785
35 648
35 129
35 652
194 890
194 915
194 679
138 104
138 241
138 453
701 506
701 582
701 384
500 690
500 741
500 797
559 742
559 347
559 268
238 734
238 188
238 235
788 998
788 47
788 378
336 989
336 760
336 845
945 256
945 182
945 875
30 34
30 989
30 73
344 498
344 189
344 220
349 63
349 205
349 43
655 625
655 722
655 475
281 803
281 78
281 131
371 366
371 670
371 554
445 471
445 28
445 971
479 653
479 963
479 359
103 239
103 487
103 667
791 323
791 817
348 275
348 161
41 560
41 620
41 426
395 852
395 443
395 715
674 446
674 909
674 681
796 868
796 14
796 258
237 675
237 381
237 501
715 443
715 537
153 955
153 802
153 136
572 949
572 589
572 11
621 771
621 227
621 356
826 391
826 38
826 77
199 668
199 851
199 510
688 205
688 62
688 8
119 657
119 26
119 107
579 326
579 708
579 497
299 994
299 36
299 784
192 950
192 527
192 222
439 886
439 284
439 177
526 216
526 956
526 507
597 821
597 556
597 766
734 881
734 966
100 686
100 630
100 425
217 988
217 785
217 444
622 851
622 148
622 388
763 27
763 185
763 828
56 236
56 645
56 935
86 423
86 895
86 513
394 801
394 569
394 356
639 334
639 473
639 207
492 468
492 257
492 82
653 721
653 210
505 973
505 101
505 85
772 557
772 812
772 400
102 820
102 105
102 669
467 921
467 720
467 15
476 609
476 12
476 457
29 914
29 974
29 471
928 673
928 407
928 678
33 435
33 158
33 124
224 960
224 140
224 669
154 488
154 196
779 692
779 278
779 542
502 971
502 278
502 180
702 881
702 413
702 495
254 261
254 971
254 871
637 470
637 564
637 859
361 435
361 186
361 646
583 972
583 938
583 519
760 257
854 610
854 941
854 104
691 906
691 914
691 446
409 497
409 611
409 975
776 219
776 548
776 271
113 21
113 3
113 939
634 145
634 105
634 714
959 240
959 540
959 628
695 522
695 544
695 859
873 92
873 679
873 333
900 32
900 864
900 73
89 523
89 355
89 139
276 612
276 437
276 894
70 506
70 686
70 890
937 950
937 146
165 69
165 552
165 351
680 724
680 692
680 105
459 81
459 167
459 147
489 280
489 761
489 841
6 983
6 274
6 347
18 387
18 567
18 643
114 799
114 942
114 482
863 947
863 748
863 253
412 604
412 586
412 923
197 379
197 174
197 698
223 896
223 530
223 55
357 460
357 339
357 724
477 436
477 778
645 654
645 761
764 8
764 540
764 243
676 981
676 909
676 450
427 87
427 795
427 849
541 354
541 932
541 378
484 946
484 562
484 932
523 72
523 355
893 252
893 236
987 139
987 435
987 738
50 841
50 335
447 329
447 847
447 668
904 131
904 625
904 712
996 410
996 765
996 227
331 352
331 147
331 981
954 177
954 235
954 964
369 112
369 110
369 885
713 756
713 595
713 880
9 929
9 372
9 179
122 965
122 518
122 179
535 608
535 433
535 350
726 73
726 460
726 795
762 983
762 843
762 520
768 84
768 163
768 319
441 351
441 205
441 993
682 245
682 64
682 498
242 333
242 424
242 627
303 811
303 835
303 704
748 651
748 868
108 298
108 319
108 25
509 944
509 833
509 354
162 279
162 689
162 670
629 135
629 771
629 183
151 806
151 411
151 443
879 612
879 820
879 716
382 551
382 687
382 121
632 310
632 144
21 736
21 589
132 177
132 403
132 97
486 396
486 534
486 466
869 462
869 659
869 188
700 742
700 967
798 993
798 808
798 528
633 250
633 919
633 7
60 144
60 606
60 995
617 684
617 991
617 646
1 139
1 319
1 650
302 52
302 740
302 127
555 373
555 342
555 57
345 654
345 561
345 469
866 7
866 305
866 877
19 699
19 350
19 203
436 157
436 57
376 574
376 422
376 519
710 985
710 374
710 667
522 972
522 206
913 218
913 245
913 882
902 573
902 770
902 300
905 40
905 241
905 263
725 98
725 952
725 248
397 294
397 831
397 4
769 95
769 22
769 596
402 957
402 566
402 163
847 450
872 646
872 90
872 576
882 218
882 245
743 515
743 668
743 342
997 517
997 325
997 834
358 992
358 20
358 352
926 661
926 313
926 864
658 67
658 836
809 891
809 685
809 515
598 212
598 741
598 71
907 189
907 26
907 300
45 722
45 47
45 398
644 849
644 549
644 510
413 982
413 736
176 780
176 594
176 800
518 286
518 24
777 881
777 608
777 432
887 884
887 236
887 563
246 562
246 286
246 68
842 696
842 155
842 938
97 403
97 580
790 384
790 232
210 168
210 985
200 663
200 78
200 888
731 661
731 975
731 856
694 797
694 525
694 823
591 298
591 584
591 999
109 337
109 867
729 87
729 936
330 553
330 46
330 915
363 507
363 964
363 232
465 861
465 991
465 66
112 17
112 885
474 160
474 128
474 494
49 403
49 963
49 603
799 942
799 315
392 529
392 106
392 130
793 827
793 84
793 249
127 259
127 620
618 166
618 624
618 512
55 393
613 111
613 167
613 530
718 573
718 531
718 521
814 605
814 584
814 815
899 389
899 117
163 530
677 17
677 178
677 51
202 83
202 69
202 687
897 800
897 377
897 979
744 827
744 230
744 280
951 593
951 124
448 782
448 659
711 24
711 630
711 594
786 832
786 20
786 829
804 846
804 227
804 830
398 249
524 90
524 158
524 916
575 624
575 808
575 707
79 952
79 885
79 235
948 883
948 261
850 230
850 0
850 638
306 800
306 455
306 978
581 838
581 301
581 662
547 25
547 789
547 871
96 564
96 67
96 40
628 240
862 995
862 733
22 657
22 13
184 475
184 31
184 968
654 288
118 693
118 783
118 543
911 172
911 15
911 930
716 457
716 388
282 307
282 660
282 472
381 444
381 994
590 692
590 355
590 567
5 106
5 137
5 248
72 949
72 765
699 168
699 350
934 935
934 311
934 209
438 784
438 3
750 290
750 170
750 989
569 801
569 894
824 198
824 313
824 130
91 269
91 733
707 906
707 125
941 610
941 347
961 560
961 745
961 269
111 315
111 453
211 400
211 204
211 461
464 992
464 110
464 164
515 851
642 252
642 638
642 383
930 978
568 774
568 608
568 174
514 536
514 554
601 414
601 424
601 596
603 963
603 186
938 696
252 383
335 944
335 766
466 807
466 656
969 37
969 191
969 309
406 889
406 493
23 231
23 507
258 494
258 641
385 142
385 968
385 783
728 516
728 789
728 181
719 955
719 956
719 758
318 571
318 259
703 130
703 48
189 410
552 69
552 643
638 924
442 231
442 594
442 641
208 895
208 922
208 927
422 973
422 440
4 417
4 831
416 75
416 999
416 619
520 37
520 64
773 74
773 367
773 333
407 268
407 503
797 823
317 975
317 717
317 567
683 756
683 288
683 521
921 351
921 424
960 935
446 379
456 876
456 26
456 372
140 453
140 669
758 279
758 815
454 557
454 404
454 11
805 890
805 877
805 874
968 142
853 574
853 678
853 770
116 146
116 973
116 604
931 774
931 495
931 325
123 63
123 616
123 739
561 888
561 393
248 314
821 548
821 360
684 490
684 752
152 939
152 533
152 499
215 47
215 767
301 884
301 218
428 566
428 44
428 651
580 373
28 488
36 784
36 994
516 52
516 974
304 525
304 673
304 488
832 57
832 952
624 696
740 527
740 615
508 504
508 426
508 172
794 835
794 513
794 781
260 995
260 641
260 690
543 250
543 421
88 425
88 940
342 373
274 164
274 286
972 519
504 67
504 294
615 533
615 283
856 48
856 929
191 150
191 283
974 352
693 988
693 451
812 157
812 557
364 955
364 778
364 787
647 586
647 544
225 159
225 741
563 611
512 378
512 166
656 780
807 732
675 126
675 940
949 964
531 367
531 977
85 219
85 129
916 739
916 811
868 368
970 31
970 92
77 391
440 923
440 257
267 298
267 133
267 68
946 95
164 374
179 13
976 979
976 517
687 42
894 37
511 780
511 367
511 468
206 891
206 296
602 452
792 839
792 423
792 857
827 901
68 133
183 746
183 135
362 457
362 720
362 160
401 983
401 311
401 181
321 76
321 263
549 770
643 566
819 339
819 42
819 219
470 846
470 65
878 528
878 452
878 275
648 129
939 137
296 305
296 781
469 59
469 417
370 81
370 672
418 481
418 393
418 207
732 927
359 623
230 0
574 596
195 247
92 74
458 539
458 289
917 170
917 346
917 249
135 198
198 901
287 38
287 533
263 76
305 32
279 323
144 182
463 16
463 326
782 216
833 944
833 155
43 93
121 62
121 630
256 93
256 182
265 212
265 53
265 158
852 414
712 830
712 234
611 20
577 213
577 293
408 742
408 421
664 494
664 957
58 576
58 898
551 74
544 498
145 209
145 387
290 170
290 834
490 704
490 998
553 578
430 837
430 64
430 627
178 81
178 661
323 368
663 78
663 27
746 920
316 231
148 540
148 75
534 247
534 501
31 835
919 126
919 7
837 161
126 496
253 838
253 294
659 188
432 588
582 384
582 42
649 586
649 525
65 209
65 576
284 979
284 356
992 346
134 666
134 609
496 844
496 44
292 433
214 314
214 150
214 892
752 871
429 473
429 455
166 984
839 423
229 803
229 180
229 685
829 714
829 340
723 3
723 681
723 433
32 704
689 13
874 368
172 886
892 781
892 251
234 159
451 988
451 40
831 417
901 698
848 38
848 556
848 377
66 27
66 736
307 472
212 53
99 14
767 288
923 539
293 616
811 75
59 570
468 889
24 685
473 993
830 181
204 461
672 529
672 437
896 844
896 255
823 268
841 83
610 709
813 657
813 220
255 499
255 844
340 864
53 374
593 388
593 795
765 203
564 906
455 539
651 239
366 927
722 625
259 620
34 44
312 315
320 300
320 482
487 588
487 802
159 95
666 678
967 536
529 437
787 390
849 87
984 803
990 867
990 239
104 241
25 396
203 998
15 936
876 720
106 137
985 774
62 942
310 652
71 735
717 213
404 383
185 400
857 462
756 880
584 733
150 828
981 889
12 546
251 503
168 280
46 828
46 915
354 932
131 101
360 396
360 761
789 90
269 83
289 843
936 495
783 142
883 240
836 517
918 220
578 460
283 738
817 947
858 82
875 247
875 947
337 650
845 982
771 329
