470 793
470 788
470 113
592 659
592 51
592 386
60 157
60 405
60 67
428 581
428 996
428 95
519 531
519 221
519 814
713 643
713 272
713 521
273 381
273 561
273 699
392 518
392 695
392 221
464 425
464 575
464 570
634 134
634 626
634 977
431 440
431 157
431 692
865 538
865 307
865 394
378 180
378 781
378 494
566 160
566 736
566 272
283 452
283 952
283 678
743 670
743 719
743 170
617 323
617 321
617 241
997 234
997 928
997 694
485 778
485 954
485 96
549 95
549 534
549 702
411 714
411 864
411 71
483 424
483 118
483 496
391 407
391 992
391 456
541 603
541 975
541 18
189 134
189 297
189 84
406 657
406 890
406 80
369 887
369 364
369 999
373 474
373 22
373 739
355 798
355 823
355 202
475 480
475 857
475 647
99 243
99 670
99 663
338 250
338 752
338 30
651 61
651 376
651 367
163 15
163 115
163 998
390 160
390 297
390 788
101 319
101 224
101 315
149 463
149 953
149 689
28 401
28 897
28 188
839 125
839 551
839 13
904 140
904 404
904 39
918 716
918 236
918 559
90 253
90 366
90 775
176 760
176 830
176 219
193 408
193 716
193 262
826 578
826 479
826 948
276 567
276 696
276 698
717 544
717 47
717 580
233 875
233 172
233 156
984 504
984 339
984 576
374 778
374 697
374 258
465 102
465 545
465 237
388 58
388 819
388 5
894 648
894 482
894 315
629 76
629 735
629 407
920 170
920 596
920 495
347 793
347 744
347 619
862 260
862 310
862 96
660 662
660 278
660 480
944 86
944 993
944 71
41 667
41 321
41 926
261 426
261 928
261 694
79 563
79 923
79 856
553 385
553 814
553 929
64 172
64 504
64 502
653 394
653 499
653 255
150 17
150 808
150 277
842 452
842 952
842 274
330 324
330 848
330 667
809 888
809 143
809 776
196 581
196 623
196 72
400 693
400 678
400 257
171 266
171 786
171 572
227 57
227 803
227 94
455 535
455 309
455 883
807 238
807 977
807 778
962 885
962 321
962 746
526 995
526 284
526 323
949 772
949 415
949 533
259 790
259 133
259 872
605 849
605 146
605 484
25 551
25 13
25 134
783 521
783 848
783 104
582 523
582 727
582 81
700 86
700 335
700 763
585 333
585 838
585 725
891 234
891 119
891 673
444 325
444 258
444 219
915 777
915 124
915 637
1 103
1 529
1 113
574 297
574 590
574 246
290 380
290 158
290 509
448 366
448 55
448 59
199 697
199 691
199 133
446 168
446 223
446 829
225 591
225 636
225 143
584 663
584 191
584 108
806 925
806 409
806 401
895 822
895 329
895 385
301 905
301 125
301 253
988 78
988 644
988 232
117 434
117 641
117 510
413 410
413 97
413 597
68 322
68 47
68 714
600 924
600 994
600 529
187 92
187 822
187 339
966 698
966 907
966 548
354 337
354 790
354 503
734 265
734 889
734 145
639 35
639 945
639 732
983 967
983 951
983 649
654 69
654 824
654 26
846 649
846 620
846 226
186 533
186 96
186 362
512 535
512 590
512 231
215 256
215 232
215 506
640 933
640 912
640 746
682 15
682 397
682 506
384 614
384 333
384 358
613 125
613 568
613 803
609 808
609 498
609 17
960 691
960 381
960 434
708 665
708 158
708 868
853 530
853 594
853 404
129 684
129 570
129 184
917 909
917 888
917 712
52 789
52 132
52 303
139 288
139 780
139 472
3 443
3 360
3 180
120 977
120 351
120 173
130 892
130 886
130 742
23 312
23 62
23 316
871 368
871 638
871 412
205 94
205 325
205 732
210 776
210 62
210 173
630 752
630 683
630 624
911 671
911 547
911 159
148 922
148 692
148 57
53 102
53 143
53 577
755 153
755 236
755 397
661 105
661 751
661 260
571 738
571 43
571 216
946 716
946 2
946 614
162 811
162 685
162 596
927 469
927 829
927 656
305 159
305 756
305 124
418 172
418 742
418 166
0 558
0 154
0 279
110 76
110 46
110 659
471 258
471 636
471 650
349 820
349 674
349 800
753 423
753 234
753 703
179 650
179 643
179 362
458 770
458 282
458 745
747 655
747 528
747 996
731 35
731 274
731 958
791 417
791 656
791 436
228 153
228 425
228 810
728 678
728 165
728 893
595 190
595 777
595 367
930 220
930 810
930 487
185 931
185 334
185 624
766 759
766 308
766 647
344 847
344 697
344 91
939 254
939 604
939 903
377 870
377 322
377 524
707 896
707 217
707 266
36 269
36 827
36 318
414 961
414 154
414 9
300 683
300 183
300 922
869 632
869 557
869 525
631 43
631 2
631 241
709 687
709 450
709 280
211 959
211 198
211 58
940 762
940 66
940 476
968 121
968 619
968 337
821 287
821 818
821 823
985 664
985 676
985 152
106 327
106 268
106 736
859 83
859 687
859 902
267 875
267 105
267 751
813 346
813 802
813 238
144 517
144 677
144 426
971 111
971 611
971 214
562 748
562 371
562 449
730 618
730 94
730 604
100 89
100 967
100 632
556 481
556 461
556 500
627 498
627 818
627 113
976 719
976 474
976 339
353 933
353 912
353 279
29 938
29 337
29 135
532 202
532 666
532 146
797 622
797 676
797 311
898 368
898 33
898 769
979 788
979 533
979 66
843 761
843 704
843 941
550 633
550 441
550 932
612 801
612 326
612 954
560 209
560 443
560 477
403 959
403 938
403 284
858 264
858 680
858 51
281 310
281 402
281 529
832 137
832 677
832 329
724 479
724 811
724 183
764 950
764 589
764 93
815 978
815 835
815 706
206 73
206 175
206 710
658 770
658 596
658 75
50 905
50 126
50 941
447 762
447 476
447 420
197 437
197 559
197 192
874 834
874 856
874 173
16 408
16 402
16 598
799 978
799 243
799 786
112 835
112 706
112 704
507 880
507 365
507 637
451 722
451 72
451 103
876 146
876 757
876 883
70 359
70 326
70 284
361 280
361 450
361 226
242 792
242 934
242 703
473 995
473 851
473 931
942 31
942 537
942 86
964 656
964 169
964 218
42 666
42 352
42 341
973 209
973 771
973 466
375 850
375 316
375 226
773 499
773 517
773 255
491 85
491 705
491 253
539 847
539 166
539 850
419 167
419 505
419 761
779 401
779 61
779 376
363 190
363 772
363 847
884 690
884 200
884 147
460 868
460 607
460 121
610 577
610 899
610 81
877 397
877 711
877 177
720 522
720 756
720 769
867 561
867 420
867 699
947 611
947 200
947 855
289 681
289 741
289 272
970 198
970 288
970 505
343 735
343 291
343 748
389 180
389 324
389 745
342 722
342 307
342 538
573 880
573 365
573 484
306 677
306 528
306 318
879 737
879 466
879 540
348 863
348 379
348 367
467 805
467 603
467 115
919 191
919 39
919 415
10 168
10 801
10 223
675 953
675 599
675 864
718 380
718 248
718 293
207 635
207 805
207 331
4 382
4 212
4 910
141 740
141 936
141 469
203 564
203 599
203 218
350 294
350 576
350 672
49 287
49 800
49 122
292 469
292 279
292 575
45 147
45 522
45 669
852 817
852 457
852 126
270 26
270 357
270 646
296 362
296 109
296 241
11 488
11 97
11 831
174 615
174 408
174 849
593 67
593 684
593 34
317 396
317 462
317 195
758 739
758 870
758 810
88 477
88 324
88 182
935 75
935 423
935 926
222 803
222 128
222 628
749 116
749 454
749 495
854 828
854 530
854 594
21 269
21 581
21 855
430 603
430 901
430 260
900 872
900 380
900 278
421 546
421 488
421 866
442 828
442 739
442 195
332 487
332 412
332 638
513 167
513 772
513 334
6 575
6 776
6 346
986 641
986 328
986 510
459 217
459 572
459 685
445 906
445 91
445 128
14 177
14 711
14 825
468 249
468 256
468 542
114 488
114 115
114 287
555 462
555 906
555 175
565 136
565 416
565 831
836 890
836 506
836 116
427 331
427 481
427 500
606 849
606 328
606 394
508 725
508 873
508 838
398 216
398 481
398 738
844 12
844 558
844 345
679 85
679 759
679 705
943 425
943 59
943 336
840 824
840 67
840 214
77 646
77 357
77 93
271 484
271 625
271 82
314 691
314 472
314 887
701 588
701 804
701 298
20 873
20 509
20 558
489 78
489 768
489 750
155 386
155 182
155 40
138 498
138 633
138 360
252 615
252 247
252 710
107 482
107 360
107 830
493 121
493 109
493 245
435 872
435 436
435 417
438 588
438 856
438 76
213 831
213 901
213 628
511 298
511 597
511 395
181 657
181 304
181 945
733 84
733 825
733 359
955 624
955 245
955 926
19 991
19 461
19 336
151 965
151 524
151 145
516 525
516 320
516 251
957 796
957 882
957 325
302 35
302 881
302 34
37 841
37 545
37 463
285 161
285 335
285 405
989 250
989 26
989 548
729 18
729 614
729 975
921 250
921 439
921 66
30 637
30 752
201 136
201 916
201 548
429 420
429 359
429 364
340 667
340 825
340 572
587 137
587 221
587 712
56 885
56 137
56 490
795 387
795 135
795 765
987 12
987 356
987 794
492 294
492 672
492 829
44 352
44 341
44 195
515 453
515 395
515 932
974 819
974 277
974 5
63 119
63 761
63 673
32 311
32 263
32 54
239 407
239 910
239 140
956 559
956 834
956 122
235 236
235 315
235 323
27 514
27 618
27 623
230 409
230 925
230 564
785 545
785 886
785 892
620 649
620 229
860 674
860 158
860 820
98 671
98 626
98 547
784 757
784 246
784 586
432 231
432 607
432 433
7 482
7 122
7 500
782 22
782 8
782 816
552 923
552 477
552 775
990 351
990 726
990 456
240 194
240 608
240 992
760 219
760 830
131 142
131 622
131 909
313 218
313 564
313 496
601 345
601 916
601 439
164 31
164 800
164 311
621 439
621 188
621 897
295 396
295 659
295 310
812 232
812 744
812 57
275 954
275 169
275 303
383 669
383 801
383 781
422 689
422 723
422 907
212 866
212 910
789 303
789 132
721 265
721 382
721 889
833 668
833 648
833 381
981 861
981 881
981 543
950 589
950 93
24 522
24 666
24 224
583 503
583 814
583 58
457 817
457 126
127 863
127 379
127 333
652 371
652 449
652 229
542 249
542 256
774 680
774 888
774 264
410 97
410 597
501 109
501 589
501 544
635 331
635 503
569 55
569 358
569 769
108 191
108 663
486 578
486 385
486 948
878 554
878 434
878 345
299 980
299 248
299 929
908 83
908 328
908 326
244 523
244 257
244 644
972 262
972 802
972 249
65 415
65 169
65 607
48 765
48 437
48 192
688 702
688 855
688 740
204 648
204 182
204 681
527 636
527 327
527 268
87 293
87 178
87 591
616 72
616 796
616 882
38 334
38 82
38 818
999 887
999 364
686 722
686 34
686 866
33 368
33 959
914 517
914 642
914 520
399 536
399 546
399 304
478 741
478 744
478 128
74 958
74 736
74 9
309 535
309 883
645 896
645 576
645 611
372 320
372 263
372 494
497 893
497 579
497 531
750 768
750 982
937 737
937 254
937 903
264 680
963 474
963 194
963 590
608 992
608 194
754 845
754 696
754 190
827 269
827 318
123 781
123 426
123 669
286 828
286 84
286 746
625 304
625 82
798 823
798 202
370 546
370 358
370 2
89 922
89 632
903 254
54 153
54 263
982 537
982 768
80 890
80 657
177 711
715 536
715 792
715 834
454 495
454 116
543 881
543 861
567 696
567 698
602 787
602 857
602 568
787 568
787 857
184 570
184 684
804 298
804 588
665 494
665 868
991 461
991 336
913 229
913 742
913 322
794 767
794 356
998 685
998 15
312 316
312 62
580 544
580 47
965 145
965 524
502 504
502 167
969 554
969 393
969 245
579 557
579 531
387 765
387 817
767 356
767 329
980 929
980 248
92 951
92 822
433 231
433 604
416 136
416 598
902 83
902 687
247 51
247 615
119 673
897 188
156 393
156 875
453 932
453 395
668 152
668 262
816 22
816 8
308 647
308 759
441 633
441 386
514 618
514 623
69 824
69 994
835 706
161 405
161 518
509 873
726 351
726 456
961 154
961 9
165 893
165 160
924 111
924 994
738 216
520 118
520 642
563 923
563 805
838 725
909 712
31 537
291 735
291 748
837 905
837 277
837 916
845 8
845 404
586 246
586 757
958 274
424 536
424 496
896 266
540 243
540 737
662 278
662 480
104 848
104 521
178 591
178 293
346 802
208 382
208 238
208 183
863 379
71 993
220 683
220 487
61 376
111 214
786 978
642 118
476 762
655 996
655 528
357 646
319 224
319 142
936 740
936 12
294 672
763 335
763 479
209 443
841 40
841 463
140 39
17 808
756 159
695 557
695 518
46 103
46 811
819 5
341 352
912 933
237 102
237 217
880 365
393 554
490 885
490 43
771 466
771 626
850 166
727 993
727 523
780 288
780 472
251 320
251 525
671 547
530 594
704 941
796 882
690 147
690 200
693 670
693 257
723 907
723 689
59 55
851 995
851 931
934 792
934 703
598 402
899 577
899 81
124 777
551 13
643 650
132 40
282 745
282 770
945 732
886 892
664 676
664 152
327 268
534 95
534 702
409 925
440 692
440 157
699 561
436 417
168 223
505 198
192 437
719 170
681 741
449 371
499 255
638 412
790 133
938 135
674 820
307 538
906 91
952 452
864 714
105 751
75 423
18 975
870 861
510 641
622 142
366 775
889 265
396 462
951 967
694 928
953 599
85 705
450 280
793 619
948 578
628 901
644 78
73 175
73 710
