131 137
131 621
131 304
223 990
223 451
223 716
51 707
51 427
51 405
608 648
608 775
608 188
393 290
393 208
393 779
574 735
574 235
574 362
93 337
93 851
93 312
196 292
196 130
196 602
145 50
145 281
145 929
508 134
508 190
508 656
18 395
18 827
18 946
138 483
138 807
138 907
242 677
242 102
242 972
297 846
297 286
297 388
302 161
302 951
302 629
311 638
311 392
311 592
386 108
386 910
386 257
570 32
570 822
570 176
537 164
537 371
537 373
968 119
968 489
968 529
354 892
354 70
354 714
358 942
358 779
358 946
507 954
507 619
507 730
716 988
716 886
613 900
613 822
613 9
734 112
734 184
734 137
301 500
301 219
301 666
733 653
733 787
733 514
48 753
48 61
48 505
287 801
287 605
287 843
443 440
443 846
443 278
673 234
673 340
673 460
119 202
119 427
841 499
841 802
841 602
81 315
81 550
81 430
994 211
994 765
994 768
370 846
370 558
370 140
868 222
868 303
868 546
31 581
31 724
31 427
764 413
764 758
764 316
534 78
534 641
534 970
976 957
976 25
976 694
177 439
177 986
177 883
818 241
818 522
818 759
226 123
226 962
226 749
581 621
581 201
22 24
22 182
22 549
800 947
800 915
800 919
406 984
406 902
406 664
502 524
502 491
502 194
79 56
79 995
79 193
144 523
144 87
144 614
418 541
418 996
418 548
513 927
513 795
513 200
254 799
254 749
254 793
670 295
670 599
670 587
36 631
36 709
36 922
447 999
447 654
447 163
221 915
221 59
221 815
758 594
758 859
318 707
318 181
318 935
956 789
956 395
956 149
5 986
5 403
5 830
459 897
459 504
459 804
246 14
246 546
246 378
522 962
522 651
206 871
206 599
206 622
220 532
220 797
220 579
123 887
123 945
680 103
680 336
680 750
332 122
332 656
332 505
445 659
445 732
445 880
170 271
170 555
170 497
383 543
383 555
383 201
565 468
565 925
565 293
912 243
912 100
912 597
566 852
566 856
566 548
877 167
877 373
877 467
30 518
30 918
30 668
342 426
342 698
342 405
760 820
760 699
760 347
255 677
255 236
255 630
728 618
728 995
728 736
845 65
845 930
845 244
305 330
305 476
305 768
814 810
814 486
814 243
924 55
924 725
924 179
429 113
429 171
429 351
620 560
620 787
620 798
662 69
662 419
662 410
742 239
742 661
742 394
186 612
186 957
186 823
633 150
633 589
633 810
980 885
980 906
980 250
988 678
988 37
97 931
97 866
97 337
146 23
146 686
146 884
322 890
322 491
322 974
530 228
530 770
530 438
615 244
615 561
615 94
746 510
746 685
746 535
659 519
659 69
938 52
938 104
938 398
118 430
118 773
118 658
470 41
470 312
470 730
783 126
783 404
783 837
860 11
860 227
860 966
281 304
281 978
189 440
189 524
189 739
350 675
350 960
350 389
614 295
614 19
908 233
908 787
908 166
267 303
267 714
267 827
306 275
306 86
306 681
47 208
47 402
47 295
940 114
940 478
940 740
90 407
90 809
90 717
493 611
493 948
493 923
347 278
347 335
829 937
829 958
829 835
213 100
213 394
213 486
600 317
600 357
600 827
49 543
49 953
49 455
757 453
757 833
757 269
237 21
237 703
237 754
388 183
388 899
685 669
685 192
824 816
824 74
824 289
10 396
10 182
10 663
11 803
11 75
473 586
473 88
473 299
904 562
904 216
904 790
143 667
143 640
143 649
769 735
769 416
769 135
432 13
432 761
432 368
643 240
643 684
643 430
228 207
228 252
993 676
993 466
993 314
249 720
249 398
249 782
474 623
474 80
474 397
905 854
905 601
905 582
408 481
408 478
408 833
551 930
551 888
551 882
132 607
132 635
132 40
238 4
238 850
238 269
272 511
272 475
272 753
398 688
579 314
579 832
698 268
698 706
416 135
416 817
671 385
671 172
671 715
422 821
422 542
422 148
535 834
535 895
857 894
857 722
857 471
434 936
434 85
434 478
954 399
954 788
129 893
129 78
129 107
992 442
992 862
992 390
675 280
675 723
826 294
826 178
826 898
553 202
553 899
553 768
681 919
681 903
340 610
340 591
653 702
653 586
808 748
808 495
808 894
907 571
907 273
521 265
521 80
521 828
585 150
585 766
585 528
205 796
205 293
205 39
465 851
465 909
465 490
631 709
631 882
722 861
722 916
253 555
253 625
253 567
770 536
770 998
849 695
849 212
849 926
944 634
944 283
944 225
490 934
490 262
862 870
862 981
80 334
157 426
157 173
157 380
60 747
60 198
60 396
231 199
231 526
231 95
626 893
626 596
626 453
461 251
461 644
461 15
453 105
836 108
836 946
836 563
789 747
789 115
871 872
871 266
381 678
381 9
381 334
667 549
667 766
245 784
245 902
245 35
892 450
892 706
21 401
21 307
217 159
217 101
217 348
391 707
391 939
391 95
573 825
573 156
573 795
375 338
375 991
375 771
894 32
175 554
175 317
175 531
540 77
540 726
540 173
329 44
329 275
329 346
598 717
598 762
598 85
781 43
781 367
781 270
326 791
326 883
326 597
709 642
154 772
154 423
154 648
373 635
233 209
233 23
666 881
666 813
414 625
414 972
414 649
449 436
449 74
449 100
377 668
377 576
377 156
939 319
939 645
425 896
425 961
425 897
607 817
607 825
256 719
256 547
256 900
649 819
82 557
82 587
82 70
878 41
878 773
878 34
463 918
463 617
463 52
984 837
984 865
99 514
99 609
99 683
558 76
558 6
55 759
55 739
106 815
106 188
106 66
8 441
8 121
8 690
7 333
7 39
7 549
969 133
969 334
969 989
710 468
710 830
710 428
977 959
977 359
977 339
29 951
29 948
29 323
499 903
499 755
155 891
155 479
155 617
724 192
724 275
361 248
361 721
361 185
563 45
563 259
464 283
464 876
464 593
692 629
692 756
692 785
150 873
236 761
236 569
125 736
125 864
125 661
817 396
193 995
193 1
835 743
835 280
679 95
679 590
679 169
343 357
343 363
343 943
248 234
248 708
658 737
658 755
325 921
325 284
325 945
353 240
353 264
353 874
148 584
148 580
720 509
720 87
280 704
876 686
876 328
168 229
168 797
168 363
369 528
369 888
369 802
211 54
211 965
596 469
596 299
270 156
270 866
273 921
273 657
121 602
121 140
330 313
330 934
173 328
952 942
952 696
952 113
981 101
981 870
339 917
339 774
68 914
68 725
68 975
403 651
403 674
439 83
439 520
12 498
12 604
12 630
200 198
200 927
479 920
479 979
76 117
76 691
672 688
672 43
672 201
704 712
704 901
915 985
389 486
389 224
802 597
668 161
74 390
110 315
110 86
110 180
285 227
285 165
285 538
16 684
16 2
16 20
779 290
65 786
65 6
227 966
288 384
288 957
288 730
162 539
162 520
162 378
982 257
982 950
982 628
697 283
697 663
697 345
997 435
997 444
997 985
400 991
400 153
400 467
890 975
890 705
261 485
261 756
261 3
466 853
466 592
218 883
218 452
218 510
504 804
504 637
128 472
128 853
128 450
467 46
269 850
241 949
241 642
344 726
344 792
344 527
880 866
880 767
367 564
367 195
569 978
569 962
45 247
45 863
963 258
963 805
963 134
682 576
682 67
682 480
989 208
989 688
63 990
63 978
63 889
194 524
194 66
87 794
142 70
142 858
142 415
972 922
718 932
718 741
718 544
948 421
446 127
446 893
446 458
489 262
489 37
550 853
550 239
955 516
955 232
955 89
321 195
321 762
321 141
462 351
462 960
462 964
323 547
323 725
111 985
111 366
111 839
355 345
355 291
355 533
266 407
266 289
378 141
560 830
560 971
336 356
336 319
702 918
702 958
703 743
703 436
320 689
320 308
320 545
713 214
713 487
713 603
639 203
639 13
639 0
776 380
776 556
776 64
263 341
263 52
263 199
754 519
754 543
744 809
744 588
744 413
58 454
58 139
58 840
879 379
879 820
879 786
291 773
291 309
852 864
852 736
185 816
185 346
774 517
774 559
881 931
881 455
844 780
844 17
844 371
191 967
191 648
191 933
477 219
477 316
477 641
559 771
559 210
644 28
644 987
444 556
444 456
806 964
806 3
806 415
436 743
831 136
831 767
831 482
959 2
959 601
262 790
258 737
258 151
917 950
917 925
41 293
165 187
165 975
310 669
310 810
310 442
554 920
554 372
630 296
506 511
506 753
506 69
874 701
874 179
587 557
910 324
910 970
50 996
50 480
636 235
636 75
636 899
112 546
112 61
202 27
26 872
26 637
26 665
916 327
916 88
289 15
472 117
472 599
374 271
374 735
374 595
412 216
412 276
412 819
696 130
696 312
628 807
628 515
756 296
72 517
72 803
72 384
515 624
515 778
124 970
124 634
124 595
791 933
791 719
265 973
265 572
501 103
501 691
501 27
719 771
96 693
96 854
96 998
729 365
729 163
729 640
441 838
441 690
763 583
763 539
763 43
215 484
215 178
215 71
271 114
98 122
98 923
98 812
509 974
509 625
240 623
858 869
858 428
147 345
147 235
147 54
401 886
401 503
3 967
592 610
264 567
264 209
577 848
577 500
577 120
448 184
448 867
448 847
458 755
458 279
564 230
564 873
415 896
387 752
387 298
387 921
360 701
360 214
360 352
895 805
895 260
366 172
366 19
268 28
268 793
451 116
451 591
790 307
86 277
548 516
660 872
660 794
660 913
900 376
292 53
292 785
882 160
0 606
0 298
216 480
197 865
197 647
197 53
873 230
75 885
655 59
655 352
655 520
435 438
435 102
62 711
62 251
62 778
456 158
456 619
134 634
561 296
561 854
282 987
282 83
282 937
804 705
717 382
25 859
25 413
510 365
793 214
700 371
700 964
700 151
689 538
689 652
428 529
694 889
694 832
913 140
913 624
898 492
898 786
934 313
828 104
828 851
869 928
869 855
528 861
750 593
750 627
139 352
139 365
974 875
903 130
986 609
500 359
780 931
780 775
331 838
331 935
331 187
822 990
17 583
17 195
812 847
812 941
397 590
397 799
33 284
33 204
33 979
547 372
748 624
748 495
527 523
527 176
109 137
109 337
109 622
751 623
751 40
751 503
349 126
349 491
349 797
732 901
732 404
987 481
169 809
169 622
801 604
801 327
930 711
979 591
437 260
437 870
437 482
604 483
411 187
411 286
411 94
419 424
419 593
526 752
526 188
657 650
657 364
861 279
641 4
35 259
35 457
645 319
645 250
257 678
518 532
518 101
135 423
532 161
299 251
684 469
936 731
936 766
545 966
545 455
811 627
811 676
811 159
896 897
727 664
727 712
727 571
738 390
738 209
738 544
799 953
935 961
181 230
181 594
212 796
212 471
24 115
24 117
519 404
471 279
664 333
496 420
496 708
496 115
850 911
958 222
57 174
57 715
57 683
357 928
469 674
454 171
454 798
621 920
4 243
650 207
650 364
46 775
46 105
158 484
158 42
44 943
44 346
951 252
442 495
503 833
588 923
588 723
706 840
178 552
313 840
523 300
576 308
745 421
745 190
745 222
252 324
612 298
612 407
284 34
73 823
73 785
73 777
88 583
481 420
965 83
965 617
586 274
23 646
761 575
922 999
105 652
778 59
85 410
71 107
71 1
239 701
421 616
232 89
232 126
647 767
647 865
578 741
578 816
578 855
646 410
646 183
674 575
699 665
699 589
184 77
676 224
983 889
983 618
983 409
552 914
552 638
149 13
149 531
590 973
14 611
14 104
225 113
225 609
356 911
356 66
911 820
949 525
949 632
941 385
941 847
885 180
153 991
153 116
452 56
452 476
424 875
424 929
686 539
250 529
108 887
103 556
492 891
492 160
638 815
91 450
91 327
91 300
575 842
832 34
328 937
210 484
210 616
475 116
475 942
122 656
120 737
120 274
782 286
782 171
409 114
409 525
127 399
127 420
183 152
64 605
64 731
392 338
392 204
204 562
38 572
38 541
38 947
605 40
67 485
67 884
174 568
174 695
426 39
601 37
160 943
792 632
792 498
276 557
276 468
927 203
886 294
431 307
431 926
431 928
571 28
53 1
359 695
933 855
843 665
843 637
669 164
749 92
516 721
772 341
772 487
372 906
875 960
433 316
433 712
433 512
691 368
2 303
348 20
348 536
9 27
84 192
84 642
84 842
338 133
568 619
568 290
796 533
199 863
294 167
821 945
821 929
198 541
618 611
973 190
819 166
176 784
315 247
798 89
947 813
92 498
92 514
595 839
394 219
998 726
94 244
460 309
460 544
309 376
652 538
300 635
61 740
632 867
15 715
856 376
856 141
739 159
260 476
906 56
180 838
511 164
207 572
661 277
950 77
152 765
152 533
395 363
651 582
610 384
663 864
594 308
747 20
485 884
179 494
887 512
494 203
494 711
166 482
531 616
825 133
324 505
859 457
542 402
542 606
690 914
752 382
705 741
996 687
803 693
784 402
512 677
788 362
788 259
274 708
151 794
925 517
961 224
167 834
417 902
417 567
417 488
777 891
777 932
440 380
888 19
314 362
405 335
580 640
580 589
834 967
693 379
483 687
932 317
740 497
762 603
536 488
919 848
823 971
234 136
172 385
795 42
32 42
399 714
163 654
562 839
654 999
584 304
584 351
953 723
277 926
603 368
627 867
582 229
765 497
54 848
683 629
229 487
805 909
909 136
247 863
335 278
6 488
842 721
457 182
971 901
423 107
525 364
438 102
813 379
382 341
78 606
807 759
731 687
333 837
