707 629
707 551
707 77
913 215
913 482
913 799
779 678
779 613
779 890
789 9
789 686
789 417
179 201
179 429
179 698
910 673
910 508
910 393
680 467
680 277
680 879
932 35
932 384
932 616
243 71
243 605
243 635
665 785
665 53
665 498
60 256
60 360
60 164
958 430
958 444
958 285
549 648
549 478
549 618
374 291
374 841
374 906
596 485
596 438
596 832
882 685
882 384
882 136
886 848
886 134
886 64
324 976
324 631
324 263
595 815
595 896
595 760
455 986
455 118
455 432
706 875
706 683
706 786
131 33
131 130
131 47
465 118
465 244
465 464
719 683
719 880
719 195
513 116
513 481
513 260
912 63
912 483
912 202
181 148
181 112
181 811
322 340
322 195
322 802
147 798
147 473
147 328
180 244
180 378
180 671
486 478
486 7
486 563
778 329
778 263
778 98
236 12
236 101
236 584
603 720
603 159
603 4
422 885
422 207
422 736
650 693
650 536
650 622
460 675
460 563
460 293
762 427
762 356
762 682
343 743
343 735
343 978
851 729
851 405
851 700
99 696
99 364
99 160
899 535
899 929
899 570
75 166
75 655
75 908
133 245
133 846
133 735
372 159
372 536
372 905
914 339
914 952
914 427
259 861
259 216
259 805
628 806
628 500
628 970
91 551
91 135
91 629
900 129
900 127
900 202
67 79
67 856
67 962
314 519
314 658
314 980
31 462
31 470
31 211
620 364
620 700
620 727
657 844
657 516
657 950
902 234
902 633
902 414
564 400
564 445
564 251
567 495
567 768
567 453
188 441
188 402
188 498
316 813
316 71
316 635
253 773
253 121
253 43
296 52
296 264
296 310
640 990
640 969
640 150
705 398
705 387
705 175
163 38
163 669
163 154
347 742
347 798
347 187
983 752
983 949
983 774
144 537
144 585
144 148
883 401
883 24
883 113
254 607
254 838
254 694
526 677
526 537
526 659
137 72
137 204
137 872
615 922
615 382
615 984
138 169
138 435
138 162
351 152
351 697
351 758
817 769
817 207
817 98
868 598
868 66
868 940
521 456
521 748
521 580
726 528
726 433
726 716
888 132
888 923
888 186
928 159
928 50
928 874
262 787
262 66
262 972
502 371
502 440
502 961
223 723
223 901
223 716
394 349
394 920
394 434
337 105
337 917
337 401
416 45
416 783
416 613
300 467
300 940
300 557
614 39
614 810
614 866
17 9
17 449
17 378
820 149
820 543
820 815
341 249
341 349
341 550
386 927
386 103
386 848
448 74
448 767
448 379
777 786
777 573
777 873
57 601
57 737
57 204
892 714
892 859
892 443
545 518
545 457
545 556
975 685
975 956
975 142
3 598
3 804
3 827
512 264
512 291
512 499
55 907
55 325
55 466
967 508
967 461
967 561
446 366
446 257
446 731
709 132
709 840
709 151
228 336
228 957
228 304
895 566
895 747
895 780
749 169
749 649
749 610
29 370
29 554
29 646
542 198
542 770
542 252
81 871
81 116
81 260
552 992
552 557
552 399
326 197
326 717
326 233
765 679
765 145
765 161
286 802
286 340
286 795
692 402
692 411
692 504
361 519
361 105
361 689
606 260
606 15
606 36
746 382
746 986
746 843
942 743
942 439
942 476
219 518
219 2
219 556
522 185
522 847
522 651
609 480
609 184
609 206
973 980
973 4
973 872
222 401
222 329
222 251
792 855
792 397
792 377
381 473
381 298
381 328
965 87
965 775
965 577
458 122
458 477
458 83
660 13
660 969
660 951
987 934
987 321
987 594
239 602
239 230
239 919
881 636
881 368
881 790
627 218
627 428
627 772
734 265
734 908
734 166
61 919
61 602
61 79
960 676
960 647
960 874
505 111
505 396
505 733
857 102
857 788
857 897
97 50
97 350
97 313
388 547
388 516
388 541
278 452
278 621
278 866
320 468
320 380
320 321
20 520
20 690
20 117
11 313
11 156
11 492
92 555
92 203
92 492
494 28
494 724
494 160
963 500
963 118
963 893
406 828
406 342
406 890
999 305
999 568
999 52
479 978
479 898
479 903
611 952
611 988
611 1
757 656
757 994
757 755
964 317
964 297
964 772
205 597
205 790
205 114
308 830
308 858
308 860
634 801
634 375
634 944
750 280
750 336
750 304
213 681
213 753
213 808
44 490
44 238
44 976
884 36
884 15
884 279
408 548
408 134
408 311
672 667
672 27
672 238
231 794
231 787
231 850
630 702
630 878
630 532
562 12
562 319
562 447
824 454
824 507
824 553
995 230
995 962
995 5
645 315
645 639
645 414
764 770
764 711
764 85
529 608
529 566
529 986
818 994
818 901
818 755
754 516
754 371
754 368
936 59
936 319
936 737
413 457
413 435
413 826
643 490
643 430
643 397
612 724
612 28
612 132
852 48
852 360
852 671
78 459
78 715
78 966
918 501
918 623
918 113
58 616
58 148
58 450
451 1
451 480
451 571
484 311
484 124
484 654
559 380
559 946
559 662
704 767
704 64
704 437
791 843
791 333
791 25
938 199
938 429
938 129
977 622
977 221
977 775
331 834
331 170
331 153
954 270
954 944
954 477
40 568
40 906
40 841
303 830
303 641
303 27
425 862
425 432
425 284
738 226
738 434
738 885
469 487
469 723
469 832
924 56
924 654
924 176
19 22
19 155
19 287
953 947
953 440
953 800
730 943
730 23
730 192
517 298
517 525
517 961
592 177
592 208
592 671
275 540
275 515
275 891
273 804
273 649
273 731
869 520
869 461
869 561
854 873
854 257
854 366
224 59
224 787
224 717
684 971
684 853
684 115
109 37
109 339
109 454
283 646
283 554
283 267
510 727
510 8
510 842
173 823
173 220
173 436
638 744
638 893
638 917
107 192
107 589
107 421
210 301
210 492
210 931
376 190
376 921
376 410
237 785
237 579
237 833
250 889
250 653
250 355
258 13
258 998
258 462
718 22
718 961
718 904
32 773
32 1
32 573
146 160
146 327
146 856
664 480
664 309
664 810
997 768
997 788
997 437
30 909
30 43
30 221
939 955
939 865
939 990
330 879
330 600
330 809
334 396
334 438
334 887
120 655
120 248
120 982
128 514
128 658
128 2
235 682
235 675
235 356
268 161
268 548
268 162
358 45
358 206
358 298
533 826
533 56
533 176
576 184
576 367
576 666
776 691
776 663
776 837
588 761
588 982
588 26
979 697
979 675
979 327
119 813
119 333
119 25
323 829
323 272
323 571
299 211
299 66
299 470
876 428
876 230
876 218
42 315
42 639
42 770
662 946
662 380
945 721
945 168
945 94
171 756
171 449
171 404
318 801
318 375
318 990
307 353
307 65
307 572
587 478
587 541
587 586
695 355
695 605
695 889
732 988
732 200
732 921
126 870
126 676
126 647
395 490
395 106
395 957
703 217
703 207
703 504
670 357
670 183
670 624
578 585
578 363
578 544
821 87
821 577
821 64
269 208
269 142
269 871
560 837
560 744
560 691
49 946
49 444
49 285
688 756
688 829
688 539
193 367
193 267
193 728
125 437
125 579
125 203
108 644
108 700
108 199
993 598
993 415
993 797
626 694
626 922
626 198
839 891
839 856
839 515
332 450
332 744
332 759
392 500
392 329
392 450
383 570
383 226
383 571
73 618
73 412
73 648
266 295
266 935
266 949
941 795
941 962
941 865
701 354
701 412
701 407
21 152
21 525
21 653
212 966
212 715
212 651
417 9
417 686
472 183
472 896
472 624
493 68
493 279
493 194
937 943
937 583
937 23
745 786
745 625
745 156
916 79
916 525
916 16
463 199
463 154
463 669
306 922
306 509
306 139
668 806
668 956
668 310
642 766
642 339
642 784
796 43
796 956
796 563
867 836
867 459
867 538
546 325
546 466
546 217
599 806
599 907
599 68
288 302
288 423
288 135
420 534
420 863
420 495
574 652
574 804
574 830
926 982
926 589
926 828
172 215
172 683
172 0
617 782
617 497
617 714
143 890
143 436
143 663
348 429
348 527
348 929
699 357
699 580
699 930
95 220
95 111
95 733
290 0
290 769
290 319
96 859
96 248
96 443
255 427
255 129
255 311
968 365
968 795
968 959
196 112
196 37
196 245
687 398
687 175
687 827
110 26
110 378
110 761
418 170
418 658
418 114
84 969
84 702
84 5
69 136
69 623
69 471
911 191
911 862
911 182
637 584
637 101
637 4
41 632
41 481
41 501
849 907
849 256
849 47
590 279
590 690
590 346
991 772
991 369
991 985
825 829
825 267
825 813
894 978
894 203
894 153
14 464
14 844
14 600
157 456
157 679
157 234
104 430
104 197
104 532
496 483
496 548
496 698
261 0
261 850
261 794
708 842
708 507
708 652
177 716
177 208
974 476
974 439
974 656
209 722
209 644
209 18
289 729
289 605
289 405
6 931
6 827
6 950
338 127
338 878
338 728
390 586
390 441
390 362
345 836
345 227
345 240
558 909
558 346
558 950
18 722
18 644
229 547
229 933
229 631
877 763
877 497
877 771
845 636
845 743
845 952
100 847
100 284
100 185
503 896
503 140
503 774
189 194
189 539
189 655
431 753
431 944
431 681
591 312
591 247
591 759
88 50
88 47
88 861
385 342
385 725
385 870
54 432
54 284
54 846
225 807
225 48
225 85
619 206
619 917
619 382
474 217
474 140
474 379
489 46
489 696
489 301
814 365
814 327
814 959
76 838
76 607
76 245
904 22
904 5
344 178
344 242
344 16
984 377
984 276
82 797
82 53
82 415
835 581
835 985
835 369
712 33
712 130
712 65
822 37
822 191
822 659
604 951
604 641
604 485
294 122
294 83
294 853
674 948
674 875
674 782
831 940
831 621
831 452
34 652
34 927
34 976
391 70
391 524
391 387
292 751
292 354
292 272
915 947
915 800
915 280
51 710
51 276
51 141
214 972
214 769
214 440
62 509
62 139
62 541
241 930
241 252
241 89
720 771
720 310
90 471
90 874
90 741
816 737
816 141
816 788
445 400
445 134
864 608
864 523
864 535
232 59
232 858
232 860
491 528
491 447
491 433
167 840
167 197
167 151
282 399
282 656
282 271
352 116
352 923
352 186
407 354
407 412
424 317
424 297
424 94
661 594
661 971
661 363
117 520
117 690
281 844
281 653
281 654
216 805
216 861
403 740
403 808
403 174
419 389
419 903
419 357
158 885
158 198
158 346
807 85
807 698
632 501
632 481
955 865
955 251
531 410
531 873
531 190
996 482
996 722
996 511
819 155
819 287
819 752
335 593
335 201
335 121
359 663
359 780
359 747
93 713
93 583
93 711
781 989
781 77
781 72
569 7
569 581
569 736
86 38
86 488
86 760
823 220
823 436
151 840
803 302
803 901
803 464
453 572
453 768
499 264
499 291
812 140
812 641
812 585
8 842
8 727
989 77
989 72
70 524
70 387
970 625
970 48
187 742
187 798
582 248
582 566
582 731
565 575
565 150
565 265
793 389
793 53
793 530
182 191
182 862
538 459
538 836
925 871
925 714
925 244
115 971
115 853
593 121
593 201
246 805
246 775
246 7
933 547
933 631
411 504
411 402
475 766
475 784
475 651
426 309
426 981
426 370
544 363
544 12
855 377
855 397
165 540
165 555
165 80
799 482
799 215
277 879
277 467
511 293
511 893
409 312
409 828
409 534
667 238
667 27
274 168
274 124
274 506
442 550
442 249
442 972
200 988
200 921
106 957
106 457
373 227
373 751
373 240
721 168
721 94
713 583
713 711
89 252
89 930
488 38
488 760
10 694
10 178
10 539
863 495
863 534
678 742
678 613
24 728
24 113
164 256
164 360
404 756
404 449
353 572
353 65
748 456
748 580
46 696
46 301
597 790
597 114
553 454
553 507
693 931
693 622
610 649
610 169
935 295
935 949
421 192
421 589
739 102
739 636
739 897
752 774
741 468
741 400
783 45
783 843
155 287
625 156
63 483
63 202
887 438
887 396
350 280
350 313
980 872
123 295
123 364
123 447
528 433
794 850
423 135
423 302
676 647
898 846
898 903
227 240
621 452
35 616
35 384
271 149
271 686
506 124
506 524
530 389
530 673
233 623
233 717
226 570
39 810
39 866
809 600
809 498
833 785
833 579
575 265
575 150
666 367
666 184
527 929
527 735
393 508
393 673
811 293
811 112
860 858
920 349
920 434
405 729
948 875
948 782
905 536
905 174
633 414
633 234
648 618
561 461
71 635
190 410
981 370
981 309
305 52
305 568
36 15
514 601
514 2
689 105
689 519
362 441
362 586
725 870
725 342
74 767
74 379
891 515
242 178
242 16
185 847
758 697
758 152
272 751
763 771
763 497
368 371
471 136
740 808
740 174
523 535
523 608
753 681
270 477
270 468
838 607
834 170
834 153
880 826
880 195
103 927
103 848
581 736
80 555
80 540
677 659
677 537
797 415
998 462
998 13
487 832
487 723
543 815
543 149
518 556
33 130
710 141
710 276
966 715
355 889
509 139
68 194
186 923
646 554
127 878
766 784
724 28
584 101
934 321
934 594
175 398
247 312
247 759
315 639
162 435
994 755
943 23
733 111
466 325
992 399
992 557
624 183
428 218
837 691
145 679
145 161
444 285
985 369
249 550
602 919
340 802
26 761
98 263
685 142
629 551
356 682
780 747
211 470
328 473
908 166
333 25
959 365
443 859
669 154
702 532
947 800
909 221
476 439
906 841
573 773
83 122
897 102
336 304
601 204
297 317
951 485
577 87
801 375
257 366
56 176
