230 882
230 569
230 282
611 139
611 839
611 101
102 220
102 970
102 769
425 577
425 871
425 487
596 212
596 484
596 836
668 664
668 997
668 582
362 133
362 53
362 566
501 162
501 953
501 617
254 580
254 705
254 600
788 685
788 245
788 169
867 435
867 858
867 595
902 700
902 67
902 158
93 843
93 696
93 132
870 144
870 383
870 518
437 728
437 19
437 899
680 26
680 473
680 808
114 440
114 907
114 856
255 187
255 928
255 275
372 112
372 88
372 44
816 118
816 919
816 383
612 941
612 2
612 188
797 224
797 184
797 111
244 726
244 202
244 915
895 174
895 544
895 96
446 711
446 91
446 581
621 623
621 441
621 76
95 521
95 599
95 981
363 448
363 865
363 760
669 717
669 354
669 256
778 335
778 765
778 47
761 728
761 681
761 735
861 128
861 124
861 949
225 142
225 449
225 303
509 794
509 543
509 497
221 200
221 162
221 719
624 883
624 215
624 571
789 963
789 164
789 105
343 123
343 426
343 627
995 856
995 559
995 440
109 355
109 58
109 4
828 165
828 623
828 548
50 769
50 31
50 970
742 715
742 377
742 618
110 1
110 824
110 523
527 581
527 782
527 240
402 201
402 447
402 113
406 687
406 87
406 45
775 136
775 432
775 452
917 897
917 0
917 453
641 195
641 560
641 824
688 965
688 165
688 27
219 399
219 281
219 892
699 896
699 321
699 360
13 311
13 62
13 239
451 126
451 82
451 192
412 92
412 278
412 458
456 806
456 262
456 607
309 522
309 957
309 503
629 632
629 825
629 328
421 407
421 179
421 267
541 410
541 17
541 2
292 396
292 850
292 188
805 227
805 841
805 835
154 7
154 951
154 695
197 957
197 302
197 522
57 130
57 321
57 848
264 101
264 139
264 647
365 187
365 177
365 866
380 270
380 170
380 551
716 218
716 32
716 922
952 149
952 185
952 27
156 383
156 92
156 124
206 636
206 261
206 105
273 347
273 346
273 585
791 639
791 243
791 128
265 889
265 122
265 299
787 481
787 418
787 631
405 176
405 10
405 301
947 262
947 912
947 9
198 490
198 770
198 40
468 382
468 598
468 718
550 702
550 972
550 129
776 977
776 212
776 484
306 351
306 528
306 401
415 700
415 658
415 633
24 678
24 74
24 840
208 673
208 781
208 3
234 610
234 138
234 683
921 168
921 544
921 841
260 439
260 436
260 786
564 40
564 910
564 100
232 452
232 54
232 651
731 411
731 76
731 441
464 735
464 676
464 414
337 675
337 534
337 378
524 799
524 210
524 64
955 52
955 996
955 214
982 319
982 8
982 271
66 241
66 84
66 216
591 925
591 90
591 431
207 205
207 332
207 116
450 129
450 537
450 186
488 655
488 84
488 241
549 193
549 169
549 322
575 519
575 465
575 202
962 195
962 122
962 560
944 408
944 754
944 140
945 378
945 246
945 936
656 574
656 868
656 876
807 647
807 44
807 749
151 276
151 171
151 872
634 432
634 349
634 470
137 881
137 391
137 280
736 479
736 932
736 660
545 366
545 357
545 790
939 748
939 916
939 318
238 644
238 539
238 218
237 120
237 1
237 958
823 351
823 829
823 386
107 991
107 489
107 385
713 127
713 858
713 38
287 400
287 373
287 666
602 552
602 966
602 355
692 628
692 146
692 689
20 78
20 411
20 753
336 645
336 759
336 708
615 990
615 298
615 201
890 54
890 863
890 651
663 308
663 784
663 881
359 864
359 111
359 300
709 47
709 26
709 579
46 783
46 752
46 165
222 170
222 414
222 270
570 75
570 792
570 167
323 178
323 143
323 103
350 116
350 75
350 792
296 633
296 458
296 278
333 762
333 632
333 312
395 179
395 981
395 267
720 931
720 703
720 843
530 767
530 950
530 25
536 90
536 325
536 445
134 526
134 407
134 811
307 614
307 182
307 812
494 635
494 525
494 738
963 105
963 164
29 923
29 67
29 979
375 772
375 70
375 455
209 869
209 436
209 429
342 316
342 793
342 532
211 41
211 535
211 583
940 302
940 489
940 991
747 610
747 727
747 553
920 974
920 883
920 613
485 358
485 73
485 694
771 772
771 205
771 348
397 689
397 975
397 295
658 700
658 633
706 239
706 295
706 975
739 649
739 956
739 49
173 227
173 43
173 750
913 148
913 220
913 28
55 571
55 366
55 215
512 901
512 980
512 472
106 677
106 976
106 236
594 847
594 455
594 70
56 569
56 542
56 282
593 210
593 506
593 799
520 514
520 676
520 409
993 15
993 636
993 251
496 563
496 808
496 408
785 994
785 181
785 481
286 35
286 842
286 984
826 559
826 226
826 34
159 965
159 370
159 253
462 493
462 479
462 985
745 732
745 503
745 483
259 684
259 516
259 922
320 214
320 563
320 423
249 261
249 5
249 381
764 746
764 767
764 874
428 568
428 369
428 903
766 74
766 543
766 117
125 182
125 772
125 551
356 216
356 180
356 478
642 390
642 250
642 585
960 794
960 825
960 497
667 246
667 863
667 248
904 640
904 174
904 22
853 150
853 603
853 189
914 844
914 379
914 954
592 671
592 908
592 533
730 48
730 589
730 630
268 498
268 186
268 534
898 243
898 639
898 99
376 449
376 303
376 521
573 605
573 597
573 183
946 59
946 932
946 443
998 353
998 239
998 83
546 877
546 774
546 838
619 160
619 30
619 351
392 841
392 908
392 224
561 845
561 467
561 888
737 666
737 373
737 183
339 39
339 583
339 393
814 316
814 263
814 590
734 285
734 115
734 822
935 843
935 565
935 141
163 8
163 271
163 672
854 444
854 475
854 626
491 454
491 331
491 878
948 83
948 353
948 555
190 941
190 42
190 888
510 168
510 482
510 500
818 82
818 643
818 819
121 185
121 319
121 398
367 250
367 335
367 390
625 97
625 457
625 176
305 653
305 831
305 85
650 0
650 505
650 153
476 558
476 951
476 439
622 657
622 431
622 743
851 385
851 73
851 903
515 424
515 608
515 552
665 513
665 661
665 744
815 53
815 318
815 916
900 966
900 705
900 315
18 781
18 670
18 31
327 576
327 486
327 886
832 674
832 990
832 925
989 889
989 361
989 810
98 181
98 6
98 314
442 862
442 907
442 248
690 103
690 863
690 148
905 584
905 652
905 725
72 697
72 324
72 930
712 312
712 290
712 762
81 492
81 857
81 341
388 645
388 204
388 708
16 224
16 256
16 354
933 763
933 218
933 813
480 396
480 850
480 73
659 819
659 414
659 959
821 64
821 91
821 711
37 301
37 435
37 10
992 274
992 149
992 242
434 926
434 586
434 655
777 855
777 872
777 733
157 147
157 871
157 517
648 924
648 618
648 715
310 718
310 684
310 516
332 116
332 205
529 802
529 604
529 266
578 391
578 783
578 752
63 974
63 457
63 393
757 153
757 505
757 878
136 452
136 432
710 802
710 477
710 35
235 27
235 358
235 694
203 113
203 120
203 958
471 11
471 924
471 589
833 582
833 276
833 410
394 600
394 983
394 580
69 166
69 758
69 847
247 438
247 302
247 836
756 285
756 653
756 628
486 813
486 576
284 99
284 228
284 562
846 445
846 718
846 325
531 812
531 714
531 614
723 607
723 387
723 806
258 308
258 784
258 90
973 931
973 703
973 266
682 152
682 14
682 801
855 872
855 733
511 482
511 926
511 500
879 627
879 123
879 385
911 88
911 426
911 112
36 330
36 17
36 882
371 68
371 553
371 724
9 912
9 262
130 321
130 848
909 167
909 759
909 502
297 430
297 492
297 829
906 213
906 927
906 557
572 702
572 972
572 894
616 557
616 5
616 226
175 400
175 77
175 60
422 145
422 290
422 579
897 0
897 453
937 875
937 386
937 384
80 433
80 567
80 504
269 672
269 977
269 459
374 950
374 192
374 126
487 577
487 871
135 142
135 696
135 773
469 588
469 839
469 533
495 887
495 646
495 547
609 49
609 443
609 59
740 478
740 722
740 158
852 577
852 127
852 38
473 26
473 808
294 617
294 649
294 503
217 298
217 938
217 918
252 899
252 184
252 19
317 849
317 51
317 204
604 266
604 802
191 409
191 475
191 444
199 78
199 753
199 567
146 689
146 628
722 478
722 158
213 557
213 927
403 887
403 637
403 741
277 664
277 304
277 21
796 229
796 733
796 291
344 483
344 732
344 366
315 966
315 705
108 786
108 691
108 838
466 620
466 842
466 984
884 830
884 283
884 729
873 983
873 701
873 155
943 717
943 803
943 969
23 880
23 707
23 959
507 837
507 835
507 334
986 4
986 155
986 847
638 912
638 721
638 798
953 162
953 617
279 35
279 300
279 864
698 719
698 657
698 754
968 662
968 848
968 538
929 679
929 801
929 14
820 623
820 603
820 189
329 758
329 166
329 85
964 844
964 379
964 177
104 979
104 245
104 685
288 87
288 45
288 44
554 865
554 630
554 885
389 138
389 683
389 453
606 461
606 885
606 976
860 671
860 930
860 539
86 822
86 834
86 460
558 439
558 951
643 819
643 82
804 927
804 426
804 837
969 717
969 803
96 544
96 174
474 89
474 420
474 626
272 257
272 590
272 675
587 760
587 635
587 830
547 887
547 646
755 147
755 133
755 517
352 171
352 928
352 275
430 829
430 492
859 519
859 384
859 465
562 228
562 99
654 910
654 100
654 369
196 291
196 477
196 229
942 360
942 896
942 228
33 988
33 748
33 868
161 857
161 341
161 967
978 304
978 525
978 21
416 790
416 12
416 555
289 608
289 41
289 535
674 990
674 925
831 653
831 85
364 89
364 467
364 845
934 357
934 862
934 499
540 967
540 893
540 542
751 30
751 411
751 160
61 770
61 144
61 518
79 877
79 401
79 774
404 721
404 152
404 798
827 793
827 726
827 532
172 597
172 118
172 919
556 311
556 193
556 62
961 64
961 164
961 930
338 679
338 233
338 980
918 938
918 298
97 457
97 176
313 132
313 894
313 891
601 662
601 538
601 347
180 216
180 370
693 565
693 92
693 141
94 472
94 901
94 886
413 117
413 646
413 77
419 915
419 460
419 834
438 836
438 744
143 178
143 103
274 242
274 149
71 326
71 231
71 152
780 361
780 810
780 811
526 407
526 811
686 68
686 620
686 724
779 231
779 326
779 331
866 177
866 187
490 770
490 40
763 849
763 813
223 640
223 22
223 477
417 15
417 382
417 598
463 7
463 695
463 74
32 171
32 922
34 226
34 559
768 697
768 324
768 182
893 542
893 967
420 626
420 89
704 874
704 746
704 257
42 941
42 888
200 719
200 869
345 399
345 892
345 202
875 386
875 384
39 583
39 393
194 750
194 6
194 314
516 684
613 974
613 883
800 637
800 741
800 938
817 504
817 168
817 11
424 552
424 608
795 283
795 493
795 985
131 714
131 281
131 971
28 148
28 220
566 133
566 53
43 227
43 750
586 926
586 655
330 882
330 17
340 236
340 240
340 677
809 574
809 242
809 876
548 470
548 349
987 348
987 803
987 387
644 725
644 539
508 999
508 954
508 377
429 869
429 436
433 504
433 567
448 865
448 760
576 886
588 533
588 839
916 318
923 67
923 979
328 825
328 632
58 355
58 4
427 673
427 3
427 178
999 954
999 377
423 563
423 214
519 465
253 965
253 370
782 581
782 240
119 368
119 687
119 506
293 880
293 678
293 840
65 631
65 513
65 418
322 193
322 169
48 630
48 589
498 534
498 584
60 400
60 77
243 639
459 977
459 672
743 657
743 431
250 390
749 551
749 647
51 849
51 204
461 885
461 976
523 1
523 824
701 155
701 983
806 607
398 185
398 319
997 582
997 664
251 636
251 15
140 754
140 408
738 635
738 525
499 862
499 357
936 378
936 246
256 354
949 124
949 128
299 122
299 889
502 167
502 759
454 331
454 878
651 54
661 744
661 513
595 858
595 435
233 980
233 679
822 115
263 316
263 590
652 725
652 584
891 894
891 132
280 391
280 881
381 5
381 261
25 950
25 767
994 481
994 181
677 236
691 838
691 786
528 401
528 620
711 91
660 932
660 479
605 183
605 597
150 52
150 996
765 335
765 47
981 599
100 910
126 192
532 793
537 129
537 186
75 792
707 880
707 959
640 22
514 676
514 409
493 985
12 790
12 555
278 458
441 76
971 714
971 281
956 649
956 49
160 30
521 599
334 835
334 837
727 553
727 610
38 127
681 735
681 728
729 283
729 830
346 585
346 347
568 369
568 903
614 812
455 70
144 518
325 445
670 781
670 31
324 697
145 579
145 290
784 308
123 627
387 348
229 291
603 189
695 7
11 924
2 188
241 84
379 844
83 353
845 467
276 410
899 19
958 120
21 304
726 915
373 666
876 574
368 506
368 687
115 285
769 970
543 117
8 271
3 673
600 580
703 931
996 52
314 6
834 460
166 758
856 440
118 919
141 565
637 741
215 571
988 748
988 868
991 489
631 418
257 675
801 14
850 396
500 482
483 732
472 901
799 210
975 295
443 59
773 696
773 142
111 184
753 78
248 907
874 746
896 360
87 45
877 774
447 113
447 201
864 300
928 275
484 212
683 138
618 715
195 560
112 88
721 798
349 470
892 399
794 497
762 312
752 783
475 444
842 984
678 840
702 972
170 270
147 517
645 708
245 685
598 382
361 810
311 62
662 538
179 267
282 569
41 535
449 303
908 671
10 301
68 724
957 522
139 101
231 326
341 857
358 694
153 505
