671 939
671 231
671 0
991 638
991 831
991 599
392 688
392 309
392 534
493 302
493 491
493 57
128 434
128 453
128 994
563 823
563 113
563 743
129 497
129 395
129 943
299 514
299 259
299 890
841 156
841 594
841 717
359 309
359 686
359 216
432 19
432 238
432 23
48 360
48 834
48 868
948 226
948 238
948 289
374 533
374 157
374 439
969 942
969 922
969 459
317 468
317 195
317 712
965 386
965 756
965 230
601 284
601 118
601 957
989 967
989 207
989 848
609 104
609 930
609 635
764 913
764 77
764 246
94 520
94 337
94 185
169 184
169 526
169 450
567 382
567 885
567 321
996 540
996 745
996 735
526 463
526 142
995 222
995 437
995 116
67 890
67 716
67 812
301 251
301 550
301 897
323 919
323 733
323 521
406 951
406 864
406 513
144 533
144 749
144 682
929 634
929 942
929 471
694 706
694 874
694 617
807 401
807 847
807 482
218 870
218 416
218 632
698 506
698 187
698 881
512 723
512 711
512 569
916 962
916 727
916 153
21 936
21 661
21 83
944 225
944 233
944 156
892 605
892 674
892 547
908 207
908 552
908 280
58 454
58 983
58 682
337 288
337 335
41 651
41 980
41 625
693 88
693 543
693 683
589 868
589 926
589 778
907 576
907 249
907 742
100 593
100 201
100 836
599 52
599 765
11 534
11 959
11 722
750 518
750 358
750 204
208 119
208 728
208 302
806 212
806 979
806 281
40 256
40 632
40 490
584 852
584 289
584 345
241 568
241 391
241 331
574 798
574 959
574 786
112 405
112 649
112 103
838 972
838 731
838 605
515 941
515 850
515 875
697 125
697 943
697 596
381 65
381 886
381 618
468 857
468 55
757 303
757 988
757 678
984 582
984 749
984 379
483 742
483 580
483 795
158 722
158 346
158 608
661 342
661 306
606 76
606 745
606 267
937 928
937 262
937 1
77 840
77 740
736 772
736 632
736 513
332 523
332 202
332 137
443 640
443 819
443 667
830 13
830 554
830 604
217 657
217 336
217 562
338 123
338 389
338 514
354 849
354 13
354 358
901 469
901 423
901 76
131 525
131 210
131 148
972 739
972 26
165 919
165 236
165 825
556 462
556 963
556 953
37 387
37 933
37 840
407 684
407 38
407 802
32 881
32 395
32 894
441 802
441 257
441 395
464 975
464 529
464 768
889 235
889 234
889 645
446 924
446 133
446 877
575 654
575 426
575 706
181 656
181 539
181 947
829 187
829 262
829 740
166 502
166 715
166 615
786 973
786 564
553 766
553 3
553 46
966 858
966 643
966 170
228 528
228 717
228 51
352 202
352 434
352 976
687 537
687 173
687 431
902 411
902 852
902 956
578 250
578 780
578 386
586 263
586 813
586 535
503 418
503 56
503 196
592 330
592 461
592 387
350 566
350 708
350 827
844 385
844 748
844 517
101 751
101 845
101 509
548 47
548 805
548 960
435 734
435 769
435 837
802 125
924 587
924 784
862 508
862 177
862 176
875 964
875 198
186 498
186 985
186 863
570 813
570 42
570 914
883 373
883 597
883 954
364 499
364 582
364 994
369 777
369 459
369 669
160 162
160 719
160 696
719 557
719 572
370 466
370 990
370 287
449 399
449 755
449 79
630 932
630 549
630 409
454 700
454 439
793 19
793 521
793 670
126 348
126 73
126 489
582 159
66 983
66 945
66 157
159 951
159 134
303 920
303 885
623 689
623 659
623 88
598 921
598 344
598 413
842 851
842 63
842 591
276 481
276 465
276 12
419 390
419 501
419 320
88 910
219 98
219 670
219 130
393 968
393 894
393 904
675 667
675 261
675 386
214 51
214 184
214 282
852 324
59 717
59 305
59 254
686 272
686 846
482 983
482 56
523 498
523 335
455 956
455 826
455 340
506 814
506 417
304 507
304 640
304 811
602 747
602 294
602 285
647 680
647 668
647 673
712 768
712 384
473 997
473 633
473 9
904 178
904 113
513 872
568 673
568 544
652 613
652 375
652 254
912 811
912 326
912 664
798 949
798 608
155 111
155 981
155 466
371 164
371 648
371 390
495 985
495 935
495 356
964 437
964 581
909 703
909 490
909 343
954 63
954 927
339 583
339 136
339 298
801 224
801 188
801 591
458 839
458 571
458 487
938 0
938 927
938 474
199 619
199 9
199 438
943 643
762 689
762 681
762 835
791 279
791 782
791 253
33 555
33 190
33 180
502 78
502 309
479 322
479 398
479 604
997 848
997 871
248 867
248 416
248 960
426 172
426 57
741 820
741 868
741 256
853 9
853 490
853 152
312 121
312 824
312 819
676 743
676 624
676 45
365 703
365 97
365 595
422 866
422 75
422 831
6 566
6 133
6 781
669 970
669 522
230 921
230 271
234 292
234 494
958 933
958 763
958 536
2 283
2 89
2 790
900 753
900 340
900 815
906 355
906 268
906 281
360 353
360 136
318 979
318 796
318 524
504 240
504 899
504 925
286 611
286 843
286 176
551 790
551 130
551 17
24 897
24 224
24 656
780 925
780 519
90 39
90 646
90 753
725 596
725 194
725 185
726 716
726 341
726 775
510 840
510 205
510 990
530 683
530 858
530 420
699 955
699 472
699 961
70 508
70 771
70 382
639 920
639 583
639 307
243 629
243 363
243 200
710 790
710 588
710 127
487 833
487 22
120 825
120 702
120 832
496 297
496 828
496 427
452 135
452 193
452 367
308 685
308 721
308 690
961 264
961 539
265 893
265 982
265 5
325 783
325 884
325 321
294 891
294 765
797 106
797 295
797 60
203 590
203 23
203 35
62 919
62 319
62 549
411 747
411 109
397 730
397 777
397 947
746 963
746 465
746 251
34 946
34 873
34 55
843 654
843 469
438 306
438 268
174 847
174 469
174 30
737 291
737 917
737 460
98 550
98 911
92 222
92 860
92 484
640 430
191 200
191 209
191 663
872 486
872 412
474 109
474 545
476 275
476 414
476 436
213 107
213 491
213 255
521 139
167 267
167 934
167 178
590 704
590 60
753 538
701 896
701 45
701 776
869 650
869 71
869 619
114 905
114 784
114 980
28 260
28 428
28 445
740 950
49 194
49 398
49 742
305 895
305 161
631 788
631 182
631 83
810 293
810 576
810 826
729 670
729 728
729 319
967 163
967 136
527 978
527 718
527 603
981 216
981 7
232 405
232 799
232 105
655 61
655 333
655 99
428 940
428 139
975 572
975 680
429 334
429 451
429 856
940 315
940 641
281 928
547 55
547 815
488 413
488 887
488 505
617 871
617 771
886 378
886 866
648 809
648 773
834 537
834 898
709 720
709 212
709 500
850 565
850 684
14 691
14 151
14 115
324 245
324 580
540 524
540 293
928 401
815 668
86 876
86 973
86 379
349 918
349 529
349 271
7 923
7 471
959 804
204 585
204 424
238 564
542 683
542 346
542 517
974 704
974 998
974 702
721 396
721 896
945 481
945 761
125 68
192 366
192 25
192 565
223 715
223 638
223 210
260 68
260 244
29 283
29 963
29 242
345 492
345 514
118 83
118 252
911 235
911 833
774 905
774 857
774 20
189 577
189 821
189 871
971 803
971 855
971 536
229 854
229 930
229 597
635 865
635 36
93 188
93 896
93 659
594 18
594 336
859 117
859 69
859 462
895 744
895 341
71 227
71 691
463 357
463 297
116 738
116 315
770 363
770 137
770 224
845 346
845 361
988 539
988 733
288 50
288 772
433 253
433 320
433 278
327 151
327 75
327 625
653 752
653 748
653 649
110 150
110 593
110 124
130 758
581 221
581 372
356 595
356 789
127 442
127 579
335 399
863 353
863 382
898 389
898 366
328 837
328 865
328 69
23 150
363 767
649 634
825 674
200 492
409 344
409 102
700 185
700 990
197 13
197 705
197 508
472 470
472 986
470 728
470 225
715 53
179 292
179 541
179 311
768 3
108 778
108 561
108 619
973 525
275 420
275 673
970 376
970 414
743 633
846 295
846 168
535 949
535 30
817 927
817 444
817 373
244 731
244 231
982 5
982 855
518 773
518 769
993 688
993 752
993 15
22 444
22 462
560 947
560 105
560 445
153 42
153 782
980 310
141 226
141 355
141 501
517 225
53 87
53 611
633 80
138 785
138 423
138 210
857 677
168 662
168 261
879 418
879 258
879 992
47 258
47 851
818 27
818 658
818 478
811 696
873 720
873 245
933 754
139 595
80 89
80 427
622 641
622 828
622 259
16 249
16 478
16 285
723 767
723 899
132 190
132 794
132 549
934 999
934 147
61 860
61 161
236 613
236 864
178 837
142 87
142 194
143 377
143 274
143 246
274 799
274 261
607 752
607 63
607 923
903 804
903 52
903 555
109 211
254 588
233 378
233 163
507 215
507 735
672 279
672 322
672 351
403 353
403 805
403 106
362 650
362 107
362 754
237 18
237 695
237 511
704 897
149 135
149 315
149 789
182 268
182 321
358 880
220 190
220 613
220 437
242 766
242 657
314 17
314 117
314 808
923 72
707 571
707 822
707 946
27 152
27 439
341 42
600 546
600 796
600 480
75 690
763 96
763 102
591 31
828 264
57 720
557 660
557 690
26 854
26 81
424 336
424 499
278 104
278 417
453 1
453 481
290 646
290 577
290 157
427 533
905 196
64 610
64 240
64 368
68 638
206 250
206 894
206 329
85 614
85 76
85 955
295 492
538 494
538 284
915 783
915 385
915 145
74 269
74 270
74 957
960 644
519 222
519 531
636 467
636 621
636 758
451 296
451 279
140 15
140 148
140 124
259 342
718 732
718 861
787 520
787 874
787 680
38 456
38 772
528 46
528 739
926 664
926 665
685 408
685 562
266 962
266 348
266 147
643 35
177 263
177 154
391 511
391 820
876 968
876 695
25 525
25 50
608 343
824 677
824 785
211 769
211 836
389 372
202 827
569 113
569 951
440 137
440 516
440 122
839 812
839 313
759 124
759 681
759 922
96 749
96 383
444 320
79 410
79 562
620 847
620 935
620 501
821 18
821 744
778 936
783 779
478 688
854 499
134 111
134 921
436 867
436 367
628 610
628 497
628 396
642 413
642 273
642 792
962 532
614 15
614 739
8 442
8 10
8 998
187 300
775 914
775 794
918 603
918 788
180 44
180 326
644 546
644 361
532 329
532 634
946 543
952 54
952 660
952 885
302 408
316 596
316 258
316 368
340 708
864 402
447 405
447 164
447 198
880 146
880 287
646 173
252 231
252 566
761 95
761 412
484 30
484 201
767 4
420 734
782 692
135 823
878 573
878 175
878 183
587 171
587 105
398 235
95 448
95 418
84 280
84 212
84 12
394 146
394 215
394 877
585 20
585 555
99 91
99 415
475 781
475 97
475 819
955 849
678 417
678 151
789 930
207 516
615 39
615 814
385 986
529 544
748 554
826 956
714 270
714 520
714 342
280 263
986 376
808 216
808 977
122 145
122 856
957 311
531 771
531 82
833 119
249 554
36 705
36 816
404 882
404 434
404 461
795 5
795 448
781 60
573 571
573 262
284 629
848 626
271 310
19 171
922 300
561 665
561 273
976 377
976 612
564 415
123 457
123 380
384 388
384 794
226 832
884 291
884 330
72 658
72 257
416 799
450 402
450 156
388 12
388 334
509 298
509 679
667 89
827 731
378 103
724 480
724 35
724 645
257 69
992 987
992 618
253 0
264 899
887 456
887 91
800 689
800 43
800 175
477 849
477 597
477 461
851 56
414 307
52 367
415 668
373 910
368 708
102 485
537 296
713 272
713 663
713 953
467 624
467 250
285 727
313 866
313 466
348 81
300 377
494 760
20 344
106 331
196 173
702 813
505 776
505 240
161 917
650 147
322 953
657 577
543 408
221 480
221 361
861 913
861 375
81 572
877 754
183 170
183 396
745 888
950 624
950 500
329 706
835 4
835 330
209 882
209 146
773 627
401 881
107 293
498 665
925 626
576 703
836 251
559 283
559 552
559 431
865 421
935 355
663 184
814 677
334 205
410 45
410 612
998 198
552 115
625 205
823 738
666 756
666 247
666 246
133 65
705 605
788 755
550 580
914 654
524 558
376 491
310 104
489 760
489 347
760 711
44 87
44 412
307 331
171 941
999 796
999 500
39 616
692 641
692 277
831 172
465 51
267 163
804 227
117 755
486 421
486 115
618 379
1 545
809 662
809 148
893 150
893 522
978 664
978 457
603 400
730 888
730 941
610 351
626 932
170 987
627 291
627 497
272 430
343 684
282 803
282 659
82 882
82 289
856 558
31 765
31 239
448 968
604 734
402 239
239 400
695 298
375 522
176 891
621 541
621 255
145 994
545 784
357 445
357 939
73 579
73 247
579 816
611 931
588 679
3 747
888 65
460 645
460 917
546 380
372 744
297 776
162 658
162 423
319 292
380 485
679 977
277 97
277 46
616 890
616 732
456 612
732 193
43 390
43 421
306 326
534 691
979 50
91 756
651 936
651 333
779 891
779 195
558 175
727 629
457 674
121 442
121 874
78 269
78 152
682 931
10 681
10 188
269 785
985 471
154 425
154 870
805 792
201 920
733 812
193 270
777 939
311 860
735 758
516 164
711 932
977 820
855 803
4 399
255 536
296 662
333 716
751 351
751 247
565 347
387 766
583 195
544 867
656 256
816 913
822 696
822 17
931 738
431 54
792 593
54 870
987 383
459 942
910 637
383 227
245 511
111 541
485 660
287 347
400 949
722 172
832 425
119 858
273 366
430 637
637 215
103 425
