409 49
409 956
409 905
842 209
842 879
842 891
54 154
54 999
54 243
385 741
385 689
385 744
778 667
778 487
778 232
973 286
973 516
973 299
175 105
175 109
175 265
760 360
760 779
760 777
293 922
293 186
293 648
895 445
895 495
895 835
7 797
7 56
7 781
538 830
538 494
538 878
800 763
800 191
800 684
848 303
848 366
848 355
244 610
244 521
244 151
859 928
859 222
859 741
269 989
269 502
269 202
803 548
803 559
803 988
305 532
305 471
305 646
991 468
991 79
991 363
365 758
365 835
365 234
367 18
367 858
367 477
17 570
17 596
17 798
215 880
215 444
215 26
300 415
300 727
300 109
912 157
912 565
912 132
247 494
247 824
247 196
906 994
906 671
906 589
169 87
169 796
169 453
986 288
986 561
986 59
73 958
73 648
73 841
195 565
195 120
195 653
128 622
128 572
128 460
576 303
576 355
576 813
575 721
575 599
575 720
707 53
707 738
707 206
236 299
236 654
236 165
603 487
603 396
603 763
429 219
429 380
429 805
509 331
509 363
509 92
231 210
231 765
231 642
673 960
673 9
673 28
208 117
208 661
208 911
806 109
806 883
806 945
32 105
32 790
32 758
55 983
55 471
55 951
771 219
771 534
771 563
60 11
60 272
60 929
562 900
562 488
562 875
377 47
377 253
377 320
992 818
992 515
992 417
124 752
124 501
124 98
583 522
583 455
583 592
36 866
36 928
36 230
699 126
699 525
699 589
395 386
395 523
395 177
897 826
897 427
897 599
75 819
75 1
75 387
398 292
398 459
398 943
118 433
118 894
118 251
997 193
997 283
997 407
557 70
557 85
557 574
375 774
375 801
375 443
695 86
695 857
695 529
450 494
450 188
450 298
954 376
954 739
954 528
423 886
423 48
423 923
442 756
442 194
442 733
62 458
62 944
62 672
91 553
91 691
91 267
337 182
337 212
337 703
933 614
933 148
933 196
613 349
613 56
613 781
688 702
688 917
688 475
435 755
435 262
435 336
681 700
681 794
681 956
72 414
72 476
72 946
125 638
125 977
125 930
641 391
641 636
641 472
593 5
593 338
593 787
34 0
34 264
34 532
114 460
114 268
114 162
698 393
698 922
698 722
768 921
768 751
768 548
51 324
51 714
51 808
166 63
166 887
166 900
71 168
71 759
71 198
526 218
526 902
526 732
832 207
832 15
832 382
512 187
512 235
512 909
762 671
762 743
762 294
252 4
252 414
252 799
987 715
987 833
987 696
213 780
213 484
213 581
587 528
587 325
587 851
50 284
50 26
50 691
709 979
709 374
709 334
261 797
261 495
261 496
892 93
892 722
892 33
271 120
271 199
271 518
304 723
304 470
304 975
108 376
108 503
108 689
277 825
277 380
277 955
167 845
167 207
167 388
746 462
746 817
746 554
282 418
282 168
282 327
578 683
578 947
578 924
454 836
454 146
454 335
770 321
770 468
770 705
985 308
985 378
985 520
256 978
256 217
256 90
934 730
934 209
934 285
317 204
317 976
317 348
657 811
657 654
657 254
123 44
123 35
123 342
297 789
297 185
297 839
970 21
970 358
970 149
726 893
726 597
726 392
861 345
861 408
861 156
552 913
552 955
552 838
390 428
390 584
390 683
497 336
497 178
497 296
24 791
24 172
24 216
31 428
31 105
31 802
287 822
287 170
287 779
670 177
670 896
670 358
301 508
301 58
301 725
425 719
425 99
425 824
102 766
102 514
102 617
624 910
624 543
624 852
556 508
556 828
556 877
831 917
831 197
831 927
45 937
45 131
45 451
993 511
993 339
993 438
582 319
582 325
582 6
968 669
968 977
968 549
77 822
77 452
77 596
307 383
307 747
307 664
405 543
405 12
405 522
306 523
306 776
306 652
804 531
804 161
804 775
281 682
281 595
281 943
302 929
302 151
302 750
113 530
113 577
113 229
346 723
346 347
346 731
41 147
41 872
41 15
506 288
506 694
506 683
434 480
434 984
434 653
846 927
846 561
846 147
634 523
634 226
634 303
871 649
871 918
871 433
74 744
74 280
74 357
274 290
274 419
274 368
837 702
837 472
837 647
675 706
675 82
675 604
908 924
908 967
908 898
100 12
100 852
100 888
677 466
677 928
677 599
134 483
134 706
134 407
245 321
245 280
245 129
130 42
130 680
130 652
821 70
821 807
821 4
225 775
225 811
225 226
564 554
564 418
564 98
551 204
551 462
551 333
814 257
814 254
814 350
64 186
64 13
64 8
201 938
201 110
201 735
361 655
361 668
361 400
982 888
982 849
982 553
159 612
159 911
159 168
884 410
884 921
884 642
275 360
275 572
275 182
650 721
650 37
650 782
474 156
474 65
474 907
608 642
608 49
608 656
710 5
710 356
710 420
315 83
315 708
315 500
457 750
457 845
457 436
963 319
963 896
963 155
674 984
674 693
674 13
920 566
920 240
920 656
540 42
540 971
540 729
840 791
840 649
840 988
507 265
507 76
507 812
663 279
663 874
663 542
499 154
499 845
499 967
659 609
659 602
659 393
332 644
332 810
332 989
402 197
402 310
402 80
591 431
591 890
591 880
662 496
662 520
662 196
314 623
314 902
314 110
2 900
2 206
2 267
223 588
223 95
223 930
153 148
153 754
153 478
239 99
239 411
239 183
704 490
704 470
704 756
322 420
322 893
322 747
330 702
330 586
330 490
141 180
141 700
141 520
318 292
318 729
318 819
426 555
426 779
426 286
567 545
567 449
567 116
136 881
136 844
136 573
877 828
877 475
176 43
176 164
176 949
950 362
950 517
950 958
16 238
16 503
16 272
403 433
403 202
403 598
885 566
885 972
885 984
354 418
354 88
354 728
547 713
547 58
547 413
399 255
399 787
399 887
690 120
690 623
690 394
990 173
990 948
990 138
89 586
89 27
89 979
737 745
737 720
737 95
510 376
510 222
510 268
687 999
687 46
687 817
137 855
137 21
137 147
579 220
579 212
579 230
786 421
786 894
786 285
171 815
171 467
171 929
174 97
174 119
174 80
184 943
184 86
184 548
867 945
867 404
867 419
276 155
276 4
276 559
870 202
870 705
870 568
84 626
84 12
84 234
965 502
965 107
965 295
133 718
133 785
133 554
412 47
412 694
412 558
479 161
479 448
479 59
820 366
820 812
820 29
3 528
3 339
3 142
711 446
711 620
711 889
351 52
351 971
351 602
491 679
491 931
491 264
316 290
316 484
316 647
533 188
533 645
533 326
862 217
862 207
862 924
966 586
966 810
966 310
854 173
854 731
854 97
962 721
962 220
962 911
57 640
57 644
57 777
309 857
309 349
309 466
456 234
456 560
456 637
692 268
692 972
692 0
607 187
607 18
607 341
447 424
447 549
447 360
580 735
580 751
580 628
160 625
160 233
160 590
666 224
666 676
666 757
179 263
179 465
179 467
536 266
536 331
536 458
439 25
439 995
439 594
761 9
761 193
761 922
158 983
158 242
158 616
333 462
333 257
546 29
546 364
546 352
20 839
20 496
20 866
139 544
139 733
139 754
66 347
66 396
66 478
106 336
106 459
106 460
111 853
111 373
111 438
486 980
486 918
486 78
278 178
278 296
278 199
941 592
941 103
941 241
926 417
926 836
926 155
585 259
585 492
585 811
936 592
936 790
936 326
384 953
384 925
384 748
537 772
537 80
537 801
116 449
116 545
742 640
742 238
742 63
919 555
919 396
919 37
23 424
23 853
23 386
903 635
903 321
903 345
461 550
461 818
461 67
246 90
246 549
246 766
539 563
539 630
539 534
676 977
676 224
952 543
952 541
952 145
994 671
994 589
631 651
631 437
631 69
416 672
416 298
416 654
605 112
605 209
605 785
406 888
406 237
406 151
783 320
783 914
783 38
190 514
190 680
190 617
527 508
527 504
527 757
389 769
389 30
389 69
773 851
773 947
773 611
104 441
104 785
104 11
869 784
869 421
869 127
686 235
686 705
686 759
959 39
959 907
959 899
712 616
712 805
712 678
868 788
868 574
868 858
344 308
344 481
344 825
850 443
850 455
850 774
827 881
827 815
827 206
855 42
855 849
165 235
165 644
964 550
964 186
964 570
359 750
359 570
359 475
94 896
94 492
94 714
531 40
531 680
343 218
343 342
343 262
369 713
369 664
369 470
481 825
481 308
901 465
901 672
901 326
505 872
505 394
505 263
925 437
925 953
313 730
313 793
313 516
92 606
92 331
643 865
643 513
643 436
81 298
81 372
81 501
329 515
329 614
329 221
203 49
203 522
203 651
860 129
860 816
860 189
273 679
273 609
273 76
430 639
430 700
430 638
260 115
260 68
260 121
311 88
311 437
311 214
283 463
283 338
480 519
480 915
340 560
340 362
340 740
685 935
685 640
685 932
401 763
401 975
401 951
701 357
701 923
701 996
961 669
961 251
961 723
397 368
397 157
397 999
847 775
847 872
847 600
792 162
792 886
792 914
851 782
22 689
22 573
22 39
524 328
524 238
524 594
736 121
736 182
736 248
205 150
205 706
205 646
353 878
353 944
353 830
255 693
255 940
619 610
619 170
619 621
834 163
834 463
834 156
969 262
969 883
969 323
132 157
132 187
211 529
211 757
211 651
432 250
432 325
432 745
27 441
27 163
122 152
122 788
122 272
192 61
192 177
192 348
632 356
632 70
632 455
408 755
408 214
697 875
697 749
697 899
856 83
856 616
856 655
541 48
541 145
312 733
312 243
312 727
371 267
371 636
371 87
542 731
542 446
221 493
221 614
374 612
374 618
144 584
144 495
144 95
131 451
131 794
974 633
974 667
974 621
135 229
135 295
135 216
270 9
270 939
270 753
352 29
352 364
793 387
793 829
645 188
645 569
682 595
682 664
117 661
117 370
932 428
932 923
289 722
289 747
289 573
629 98
629 937
629 996
181 149
181 715
181 61
916 180
916 942
916 891
843 0
843 530
843 445
101 280
101 946
101 476
249 14
249 513
249 226
96 940
96 638
96 487
535 10
535 597
535 626
504 97
504 887
904 738
904 665
904 53
882 83
882 33
882 43
382 503
382 938
569 444
569 498
628 751
628 951
732 844
732 841
658 972
658 597
658 52
998 953
998 459
998 219
464 752
464 780
464 581
724 621
724 477
724 883
615 103
615 19
615 623
627 445
627 63
627 19
978 217
978 90
392 15
392 232
740 11
740 362
266 320
266 458
889 753
889 446
521 956
521 516
826 490
826 427
115 566
115 68
138 948
138 357
734 649
734 79
734 864
482 755
482 310
482 796
489 828
489 327
489 823
200 440
200 381
200 25
511 935
511 149
876 863
876 294
876 743
910 921
910 449
500 65
500 708
391 472
391 789
981 237
981 980
981 620
44 852
44 635
379 636
379 86
379 769
258 879
258 415
258 656
717 284
717 782
717 802
350 254
350 257
571 388
571 466
571 14
178 296
873 874
873 76
873 606
67 550
67 438
368 841
373 898
373 265
703 212
703 798
38 995
38 791
341 477
341 18
119 493
119 833
823 327
823 493
600 718
600 660
590 996
590 525
43 164
949 798
949 197
30 69
30 530
601 525
601 661
601 568
809 668
809 909
809 422
833 611
112 696
112 769
795 431
795 630
795 942
473 161
473 561
473 170
485 905
485 853
485 797
107 693
107 844
233 665
233 625
410 484
410 413
863 743
863 577
242 983
242 279
907 39
772 565
772 345
558 436
558 694
684 237
684 191
764 801
764 294
764 995
839 866
886 849
194 216
194 756
427 630
808 714
808 324
56 781
765 622
765 210
372 501
372 584
8 145
8 13
452 596
452 822
519 879
519 635
259 492
259 708
937 21
488 241
488 875
411 393
411 99
469 6
469 218
469 813
517 958
517 483
816 129
816 189
890 224
890 787
227 37
227 893
227 960
335 347
335 545
323 529
323 232
957 19
957 568
957 214
544 349
544 754
776 652
776 940
28 915
28 948
633 467
633 660
696 715
150 858
150 646
513 865
78 980
78 338
79 468
1 387
1 819
291 290
291 812
291 905
292 729
453 810
453 87
476 946
799 741
799 414
198 759
198 465
328 594
328 363
555 324
914 162
515 818
610 383
588 647
588 930
285 421
678 766
678 665
727 415
767 639
767 370
767 26
230 220
864 667
864 796
284 251
606 874
143 618
143 713
143 595
48 604
478 148
140 422
140 40
140 378
126 915
126 739
618 976
716 210
716 241
716 807
180 891
899 749
228 739
228 835
228 204
364 880
979 334
35 342
35 413
660 718
243 154
967 898
774 443
191 935
355 813
735 938
918 417
183 404
183 152
945 419
598 749
598 805
909 422
185 744
185 789
725 471
725 577
865 286
85 653
85 574
229 894
240 728
240 440
142 339
142 931
620 988
617 514
913 955
913 838
441 163
248 146
248 121
829 93
829 25
189 498
960 807
563 534
752 553
745 250
824 719
572 622
502 989
366 625
33 93
52 602
172 295
172 380
65 518
400 655
400 668
748 61
748 609
88 728
253 47
253 103
836 146
59 288
386 424
440 971
378 40
830 878
173 404
10 279
10 975
719 222
383 777
53 738
46 648
46 817
498 448
164 420
127 784
127 82
334 784
381 612
381 448
976 348
794 451
483 802
299 68
611 947
581 780
720 679
358 626
691 637
199 518
110 902
263 394
250 838
264 532
758 790
388 14
881 815
559 444
319 6
58 730
431 942
931 463
669 939
82 604
637 560
927 917
857 944
753 939
370 639
193 407
356 5
152 788
