101 214
101 411
101 514
689 366
689 10
689 413
149 958
149 9
149 77
357 627
357 15
357 732
308 980
308 793
308 774
530 500
530 165
530 405
518 691
518 356
518 494
605 216
605 440
605 119
217 832
217 567
217 939
348 561
348 854
348 909
463 890
463 393
463 774
818 370
818 994
818 373
304 787
304 25
304 140
416 386
416 828
416 472
20 419
20 310
20 535
477 165
477 906
477 500
225 845
225 381
225 846
617 327
617 300
617 151
88 619
88 17
88 940
648 601
648 495
648 231
0 483
0 321
0 315
764 17
764 385
764 940
309 634
309 801
309 151
616 171
616 388
616 364
290 955
290 954
290 556
337 534
337 994
337 195
210 204
210 117
210 879
753 251
753 696
753 891
492 963
492 878
492 966
817 390
817 755
817 540
120 761
120 486
120 777
716 307
716 866
716 341
711 612
711 908
711 2
775 879
775 320
775 190
410 979
410 855
410 102
496 116
496 114
496 872
707 488
707 193
707 573
593 697
593 487
593 913
905 428
905 385
905 957
110 510
110 950
110 646
900 870
900 679
900 992
66 906
66 590
66 864
830 181
830 107
830 604
48 650
48 178
48 663
287 542
287 895
287 310
131 466
131 183
131 598
730 224
730 784
730 18
75 959
75 346
75 686
915 887
915 226
915 220
349 911
349 442
349 772
809 364
809 376
809 388
476 700
476 191
476 8
621 473
621 545
621 644
528 127
528 541
528 808
631 522
631 429
631 243
153 322
153 332
153 180
196 320
196 479
196 792
46 270
46 938
46 240
893 542
893 401
893 993
856 509
856 367
856 857
79 750
79 14
79 827
926 661
926 421
926 475
443 979
443 438
443 269
565 250
565 925
565 395
233 56
233 779
233 435
984 690
984 266
984 857
60 968
60 279
60 85
912 176
912 41
912 174
511 936
511 365
511 765
964 556
964 765
964 740
379 762
379 973
379 115
665 440
665 166
665 619
444 806
444 683
444 979
794 977
794 194
794 770
352 935
352 469
352 895
647 232
647 44
647 826
917 475
917 869
917 51
37 497
37 982
37 588
263 16
263 834
263 651
28 879
28 983
28 761
34 451
34 555
34 734
728 715
728 650
728 178
267 340
267 372
267 65
316 754
316 351
316 676
192 934
192 918
192 148
551 329
551 257
551 262
990 983
990 362
990 369
596 929
596 353
596 797
506 861
506 771
506 850
467 322
467 171
467 778
526 22
526 156
526 125
325 328
325 841
325 906
671 158
671 235
671 763
55 339
55 914
55 342
810 922
810 262
810 459
375 773
375 651
375 59
937 119
937 420
937 927
265 646
265 187
265 405
885 473
885 779
885 246
134 697
134 684
134 595
173 933
173 619
173 653
449 959
449 624
449 554
241 269
241 867
241 452
564 246
564 923
564 299
144 428
144 98
144 538
860 973
860 503
860 920
766 447
766 296
766 254
943 527
943 498
943 313
67 292
67 280
67 238
533 293
533 634
533 801
61 790
61 31
61 5
718 911
718 653
718 588
138 677
138 559
138 971
858 723
858 553
858 99
408 3
408 762
408 115
682 866
682 850
682 861
167 300
167 873
167 980
532 249
532 368
532 869
744 773
744 898
744 712
896 791
896 681
896 508
124 584
124 799
124 141
285 982
285 203
285 497
74 106
74 83
74 769
693 935
693 732
693 829
126 281
126 44
126 129
474 317
474 140
474 446
271 191
271 700
271 223
978 582
978 242
978 386
952 618
952 864
952 170
146 154
146 835
146 69
160 169
160 975
160 236
880 767
880 481
880 181
942 298
942 428
942 370
350 559
350 80
350 971
713 453
713 435
713 56
458 782
458 157
458 611
804 303
804 9
804 461
892 899
892 875
892 874
996 785
996 24
996 649
90 769
90 494
90 983
902 272
902 128
902 864
824 516
824 219
824 738
897 954
897 955
897 706
781 667
781 334
781 602
302 561
302 854
302 330
821 82
821 119
821 152
418 640
418 539
418 683
889 767
889 481
889 508
670 65
670 372
670 515
924 330
924 802
924 250
229 786
229 186
229 712
544 844
544 396
544 363
130 489
130 335
130 961
687 688
687 442
687 788
1 284
1 948
1 491
456 9
456 820
456 751
579 795
579 708
579 187
698 70
698 393
698 970
603 209
603 968
603 358
726 398
726 199
726 25
73 669
73 749
73 141
417 823
417 558
417 365
6 404
6 710
6 846
247 407
247 722
247 266
547 873
547 275
547 45
425 94
425 253
425 872
436 451
436 256
436 734
999 59
999 280
999 659
597 97
597 953
597 10
724 136
724 837
724 795
47 945
47 919
47 606
400 584
400 77
400 799
33 751
33 820
33 606
502 828
502 472
502 558
635 569
635 833
635 206
836 831
836 717
836 512
587 427
587 484
587 279
759 572
759 941
759 8
305 814
305 863
305 763
552 831
552 185
552 512
13 298
13 611
13 95
264 251
264 398
264 199
244 914
244 339
244 35
685 246
685 277
685 63
92 184
92 568
92 35
179 2
179 936
179 407
578 649
578 25
578 404
276 95
276 695
276 591
581 102
581 958
581 629
721 774
721 409
721 228
694 553
694 723
694 657
741 190
741 326
741 220
71 630
71 125
71 22
470 98
470 927
470 420
377 601
377 887
377 99
805 15
805 853
805 156
168 515
168 14
168 569
811 822
811 555
811 960
189 299
189 923
189 555
159 98
159 387
159 586
848 652
848 421
848 519
108 269
108 118
108 743
38 780
38 985
38 45
594 870
594 992
594 802
273 245
273 51
273 825
460 208
460 139
460 919
638 228
638 776
638 409
967 251
967 909
967 590
147 600
147 261
147 188
729 197
729 317
729 274
213 841
213 245
213 328
93 643
93 678
93 198
529 152
529 35
529 82
252 356
252 150
252 743
931 842
931 806
931 326
482 725
482 320
482 324
719 746
719 218
719 652
105 815
105 70
105 531
360 941
360 151
360 572
523 859
523 517
523 710
607 507
607 514
607 190
709 570
709 692
709 499
883 839
883 333
883 903
258 133
258 609
258 323
62 406
62 219
62 987
928 539
928 867
928 602
145 993
145 367
145 509
288 910
288 777
288 669
575 663
575 498
575 527
888 812
888 49
888 197
756 771
756 202
756 712
972 929
972 353
972 94
87 227
87 431
87 680
548 545
548 585
548 3
468 185
468 668
468 260
521 576
521 424
521 673
660 77
660 143
660 84
457 577
457 981
457 91
430 240
430 680
430 431
658 413
658 313
658 755
843 733
843 274
843 590
976 720
976 395
976 447
758 715
758 158
758 235
78 918
78 876
78 778
355 812
355 786
355 186
391 254
391 868
391 296
239 41
239 68
239 829
946 980
946 180
946 899
956 659
956 934
956 259
36 733
36 137
36 283
623 116
623 293
623 394
371 886
371 933
371 701
464 789
464 637
464 485
311 154
311 184
311 601
562 510
562 630
562 950
297 878
297 951
297 966
664 615
664 212
664 174
7 200
7 974
7 702
871 639
871 643
871 840
930 257
930 329
930 776
490 961
490 736
490 42
614 354
614 80
614 323
636 381
636 404
636 642
441 641
441 612
441 962
382 18
382 234
382 112
113 705
113 161
113 491
318 232
318 298
318 358
988 624
988 291
988 949
86 403
86 208
86 519
336 813
336 223
336 840
399 256
399 835
399 69
796 962
796 641
796 52
504 969
504 303
504 277
849 64
849 148
849 122
384 163
384 326
384 916
524 163
524 520
524 166
921 615
921 106
921 212
248 847
248 452
248 939
26 169
26 236
26 99
177 816
177 974
177 222
89 291
89 112
89 234
462 910
462 916
462 319
359 599
359 340
359 816
997 639
997 162
997 677
560 566
560 582
560 380
907 865
907 499
907 29
182 975
182 667
182 642
546 731
546 493
546 643
549 306
549 776
549 91
748 284
748 890
748 948
53 788
53 674
53 688
215 397
215 814
215 963
314 985
314 780
314 142
201 505
201 466
201 278
121 640
121 272
121 128
307 341
307 866
699 321
699 792
699 479
471 397
471 321
471 649
30 243
30 223
30 715
268 344
268 855
268 478
301 174
301 220
301 692
768 63
768 725
768 324
205 739
205 760
205 104
422 342
422 965
422 85
412 675
412 415
412 626
455 351
455 330
455 813
72 760
72 104
72 170
944 175
944 255
944 963
894 171
894 837
894 136
563 18
563 495
563 231
132 52
132 731
132 493
437 183
437 487
437 598
426 932
426 402
426 155
655 343
655 862
655 722
54 622
54 4
54 142
783 938
783 11
783 139
803 376
803 397
803 363
206 833
206 569
282 936
282 4
282 920
610 673
610 295
610 847
96 706
96 747
96 901
111 862
111 773
111 573
40 31
40 494
40 469
704 604
704 24
704 785
394 293
394 116
211 275
211 363
211 161
851 227
851 891
851 696
237 642
237 833
237 806
989 778
989 932
989 987
666 469
666 405
666 243
757 157
757 782
757 184
50 387
50 808
50 586
525 840
525 668
525 260
703 960
703 338
703 822
904 438
904 588
904 407
589 898
589 203
589 480
742 118
742 238
742 592
752 338
752 454
752 797
439 366
439 717
439 123
571 534
571 838
571 195
622 4
622 606
628 568
628 875
628 221
995 489
995 640
995 335
727 378
727 947
727 951
745 227
745 600
745 432
164 656
164 154
164 100
389 281
389 129
389 646
450 750
450 827
450 313
845 846
845 381
12 424
12 576
12 736
884 45
884 859
884 517
347 58
347 306
347 798
465 261
465 139
465 341
76 505
76 23
76 735
230 434
230 114
230 674
289 483
289 663
289 315
374 427
374 484
374 376
580 100
580 656
580 673
406 987
406 219
550 94
550 10
550 170
882 986
882 176
882 714
343 862
343 722
876 770
876 918
286 595
286 333
286 684
583 566
583 59
583 380
135 488
135 411
135 214
172 710
172 415
172 691
270 240
270 938
662 869
662 198
662 678
701 886
701 933
21 538
21 739
21 445
43 735
43 23
43 945
863 763
863 814
672 283
672 137
672 156
501 390
501 886
501 540
536 11
536 645
536 868
331 957
331 686
331 346
613 653
613 491
613 485
392 838
392 256
392 975
629 958
629 102
383 754
383 676
383 567
401 542
401 993
714 986
714 176
129 281
255 618
255 175
513 423
513 106
513 57
626 415
626 675
620 83
620 853
620 654
81 312
81 705
81 432
852 57
852 515
852 58
798 58
798 306
448 32
448 361
448 909
645 868
645 11
633 953
633 839
633 97
881 52
881 890
881 769
109 573
109 784
109 224
807 925
807 453
807 461
874 899
874 875
414 537
414 585
414 657
625 185
625 378
625 8
115 762
557 790
557 908
557 5
608 249
608 368
608 675
433 452
433 842
433 793
903 333
903 839
39 787
39 838
39 522
747 706
747 901
202 842
202 771
216 127
216 440
445 739
445 538
877 459
877 637
877 63
49 197
49 812
913 697
913 487
423 57
423 591
832 567
832 939
998 516
998 738
998 919
826 44
826 232
708 795
708 187
819 986
819 438
819 478
19 204
19 461
19 117
188 600
188 261
969 303
969 277
103 279
103 84
103 143
194 977
194 770
454 338
454 797
226 887
226 2
312 432
312 705
446 140
446 317
825 245
825 51
319 916
319 910
750 827
434 114
434 674
737 369
737 535
737 362
207 630
207 200
207 702
800 574
800 867
800 68
27 791
27 865
27 29
346 686
480 203
480 898
242 386
242 582
278 466
278 505
345 543
345 679
345 332
32 402
32 361
661 475
661 421
720 447
720 395
632 787
632 64
632 142
922 459
922 262
150 356
150 743
690 266
690 857
403 208
403 519
870 992
991 609
991 133
991 981
17 940
537 585
537 657
541 808
541 127
169 236
294 396
294 844
294 611
29 865
681 508
681 791
520 163
520 166
982 497
627 732
627 15
965 342
965 85
327 977
327 300
193 793
193 488
507 514
507 779
740 556
740 765
369 362
292 945
292 280
486 777
486 761
678 198
200 702
668 260
259 659
259 934
209 358
209 968
344 855
344 478
554 959
554 624
372 65
654 853
654 83
815 531
815 3
749 669
749 141
823 365
823 558
700 191
503 920
503 973
947 378
947 951
16 834
16 651
42 961
42 736
123 717
123 366
41 829
295 599
295 847
107 181
107 604
574 68
574 531
696 891
789 485
789 637
380 566
222 974
222 816
950 510
970 70
970 393
788 688
908 612
481 767
82 152
373 994
373 370
155 932
155 402
592 118
592 238
577 91
577 981
80 354
221 568
221 31
429 691
429 522
137 283
695 591
695 95
949 291
949 361
598 183
644 473
644 545
419 310
419 535
284 948
570 499
570 692
495 231
784 224
122 64
122 148
427 484
249 368
69 835
253 872
253 14
334 667
334 602
923 299
275 161
772 911
772 442
128 272
479 792
254 296
985 780
175 618
676 754
136 837
339 914
813 351
684 595
228 409
543 332
543 679
218 901
218 746
125 22
652 746
212 615
576 424
935 895
250 802
539 683
435 56
584 799
955 954
828 472
735 23
738 516
195 534
873 834
760 104
790 5
411 214
517 859
680 431
385 957
162 677
162 639
274 733
500 165
388 364
180 322
315 483
801 634
925 453
323 354
731 493
199 398
755 413
786 186
586 387
960 822
861 850
117 204
962 641
24 785
234 112
540 390
158 235
512 831
820 751
451 734
609 133
498 527
971 559
178 650
941 572
854 561
841 328
329 257
335 489
966 878
844 396
656 100
143 84
953 97
599 340
723 553
420 927
782 157
324 725
353 929
367 509
