397 497
397 460
397 835
459 173
459 141
459 770
436 130
436 712
436 651
679 455
679 890
679 155
729 80
729 196
729 955
932 919
932 367
932 83
316 886
316 242
316 45
534 12
534 251
534 962
528 127
528 420
528 967
533 856
533 70
533 551
154 215
154 525
154 62
966 748
966 24
966 861
142 646
142 361
142 16
583 999
583 869
583 213
128 249
128 581
128 258
419 593
419 811
419 681
169 602
169 412
169 720
191 170
191 995
191 716
311 711
311 689
311 355
949 967
949 895
949 714
268 314
268 123
268 155
987 202
987 970
987 603
29 778
29 259
29 375
562 61
562 4
562 454
208 211
208 175
208 443
564 51
564 576
564 9
386 17
386 656
386 486
979 886
979 507
979 603
767 207
767 427
767 694
936 522
936 351
936 904
129 925
129 857
129 682
914 626
914 249
914 662
150 222
150 990
150 340
708 269
708 563
708 137
973 837
973 313
973 639
370 112
370 441
370 227
747 200
747 674
747 490
529 229
529 473
529 609
740 541
740 9
740 576
108 360
108 991
108 299
189 751
189 834
189 264
634 209
634 662
634 412
793 968
793 731
793 804
262 692
262 830
262 396
921 792
921 384
921 333
566 923
566 265
566 455
658 660
658 83
658 221
706 819
706 570
706 300
818 725
818 408
818 252
509 665
509 183
509 984
798 176
798 93
798 829
75 85
75 821
75 86
277 537
277 10
277 846
423 229
423 120
423 846
429 187
429 376
429 970
402 741
402 812
402 106
406 606
406 849
406 654
159 788
159 631
159 842
276 839
276 403
276 754
457 581
457 73
457 451
607 969
607 233
607 47
67 937
67 56
67 946
687 734
687 6
687 890
198 359
198 698
198 685
612 127
612 313
612 847
621 848
621 347
621 382
715 926
715 870
715 882
54 655
54 657
54 488
604 1
604 552
604 946
630 684
630 739
630 278
800 809
800 464
800 248
348 385
348 662
348 827
556 350
556 691
556 10
167 725
167 939
167 734
185 413
185 26
185 112
678 633
678 830
678 325
210 950
210 711
210 232
851 327
851 413
851 649
697 236
697 249
697 490
975 861
975 600
975 322
475 573
475 358
475 325
862 89
862 356
862 931
77 301
77 281
77 758
98 290
98 250
98 853
147 916
147 752
147 684
422 763
422 520
422 790
487 360
487 258
487 716
500 336
500 517
500 84
546 522
546 761
546 32
271 575
271 8
271 733
723 613
723 418
723 23
163 833
163 985
163 811
632 93
632 261
632 156
317 772
317 870
317 330
690 722
690 743
690 903
659 827
659 353
659 931
948 107
948 845
948 821
118 258
118 190
118 202
889 201
889 594
889 296
273 223
273 460
273 907
274 764
274 282
274 405
288 59
288 493
288 188
928 829
928 57
928 184
254 214
254 524
254 298
935 470
935 618
935 667
550 895
550 854
550 73
668 393
668 637
668 567
312 590
312 737
312 913
876 755
876 524
876 926
918 762
918 957
918 542
139 826
139 267
139 204
539 23
539 744
539 893
177 558
177 910
177 719
466 375
466 581
466 404
89 720
89 931
803 401
803 319
803 365
257 306
257 286
257 335
536 578
536 635
536 41
596 866
596 823
596 371
756 737
756 455
756 220
902 657
902 588
902 416
362 176
362 986
362 575
445 281
445 204
445 367
71 51
71 933
71 768
647 168
647 49
647 880
516 95
516 759
516 40
81 484
81 654
81 302
431 418
431 196
431 306
76 433
76 196
76 175
87 847
87 484
87 753
182 764
182 119
182 608
599 683
599 302
599 449
297 0
297 707
297 515
357 676
357 512
357 896
409 391
409 901
409 69
498 78
498 282
498 722
46 702
46 105
46 164
366 206
366 992
366 180
136 30
136 790
136 100
897 939
897 972
897 969
341 917
341 119
341 874
628 404
628 427
628 804
595 967
595 639
595 86
773 324
773 38
773 469
3 944
3 243
3 768
260 841
260 90
260 74
263 36
263 152
263 393
565 787
565 56
565 845
392 618
392 368
392 847
450 788
450 471
450 452
616 69
616 761
616 471
832 964
832 651
832 700
39 924
39 656
39 218
820 441
820 106
820 774
174 33
174 721
174 853
636 962
636 946
636 265
354 694
354 905
354 752
66 287
66 88
66 695
545 414
545 693
545 44
738 776
738 84
738 802
974 883
974 843
974 470
237 791
237 675
237 555
283 763
283 892
283 298
146 731
146 36
146 289
197 328
197 12
197 103
884 942
884 216
884 259
559 27
559 201
559 284
828 0
828 521
828 244
25 294
25 205
25 84
256 230
256 702
256 615
432 801
432 784
432 520
643 426
643 736
643 53
369 444
369 939
369 511
703 960
703 124
703 28
503 856
503 799
503 999
162 681
162 433
162 776
410 569
410 530
410 769
138 110
138 955
138 696
956 624
956 160
956 104
352 822
352 111
352 580
650 976
650 714
650 787
246 79
246 907
246 416
489 371
489 796
489 667
920 945
920 435
920 597
991 149
991 360
303 635
303 730
303 567
614 834
614 801
614 913
424 216
424 225
424 980
495 4
495 869
495 642
421 717
421 364
421 407
606 836
606 857
63 680
63 532
63 823
898 865
898 885
898 62
11 373
11 810
11 131
442 30
442 309
442 623
342 739
342 912
342 806
727 904
727 672
727 819
228 611
228 666
228 924
476 319
476 399
476 989
304 336
304 226
304 728
880 49
880 389
285 74
285 110
285 395
601 745
601 850
601 809
456 372
456 692
456 513
977 899
977 430
977 644
561 517
561 334
561 705
125 224
125 541
125 330
585 908
585 684
585 743
270 156
270 298
270 109
976 638
976 714
985 400
985 538
117 173
117 267
117 99
995 726
995 170
55 725
55 568
55 799
934 225
934 79
934 560
465 334
465 50
465 808
345 549
345 702
345 230
709 648
709 631
709 776
307 543
307 524
307 600
453 635
453 751
453 900
448 211
448 464
448 51
986 278
986 575
213 351
213 140
940 712
940 144
940 8
377 860
377 989
377 36
37 788
37 645
37 120
485 490
485 110
485 462
746 766
746 220
746 848
775 730
775 676
775 247
203 609
203 447
203 504
21 626
21 178
21 906
891 412
891 710
891 143
35 384
35 266
35 779
380 14
380 570
380 401
794 680
794 522
794 404
305 675
305 172
305 161
915 589
915 363
915 214
34 735
34 321
34 374
192 144
192 758
192 672
49 563
580 53
580 680
255 433
255 871
255 389
510 418
510 839
510 963
795 791
795 840
795 978
864 868
864 346
864 719
878 511
878 887
878 514
415 43
415 733
415 403
786 199
786 477
786 577
813 52
813 309
813 629
750 449
750 80
750 661
892 291
892 469
383 364
383 958
383 90
461 591
461 355
461 941
14 437
14 694
478 777
478 219
478 905
115 315
115 127
115 401
381 611
381 390
381 859
548 761
548 486
548 321
482 178
482 506
482 653
732 618
732 731
732 954
7 61
7 638
7 589
439 854
439 685
439 148
339 314
339 340
339 359
683 722
683 685
615 230
615 608
94 917
94 385
94 874
852 251
852 766
852 720
324 113
324 844
411 951
411 151
411 234
569 333
569 444
965 672
965 842
965 194
205 10
205 578
805 394
805 5
805 704
42 598
42 241
42 24
698 950
698 359
378 166
378 557
378 699
467 922
467 393
467 531
993 926
993 860
993 925
31 200
31 823
31 661
688 399
688 134
688 910
677 365
677 692
677 2
972 102
972 399
982 477
982 279
982 930
814 252
814 613
814 321
318 114
318 201
318 491
494 938
494 469
494 954
82 337
82 379
82 908
789 320
789 195
789 109
838 243
838 253
838 131
479 486
479 69
479 718
941 763
941 355
338 314
338 107
338 968
673 654
673 471
673 365
984 842
984 963
699 62
699 166
908 743
651 700
760 919
760 831
760 64
50 785
50 99
158 804
158 766
158 983
598 151
598 929
505 758
505 322
505 960
971 527
971 983
971 907
140 655
140 218
958 364
958 90
72 293
72 707
72 327
149 152
149 553
343 674
343 785
343 655
323 689
323 332
323 220
405 785
405 374
398 591
398 284
398 762
844 571
844 113
231 605
231 787
231 373
816 859
816 817
816 78
483 588
483 869
483 543
888 116
888 754
888 916
275 468
275 781
275 858
859 390
64 774
64 831
446 549
446 131
446 817
894 200
894 47
894 777
909 579
909 435
909 645
671 353
671 691
671 123
101 944
101 173
101 493
449 737
179 235
179 356
179 83
137 868
137 269
408 861
408 300
165 164
165 88
165 374
735 40
735 368
52 629
52 193
266 779
266 518
20 328
20 33
20 600
911 860
911 592
911 2
261 156
261 998
299 327
299 620
458 332
458 16
458 308
584 759
584 797
584 0
289 792
289 886
666 105
666 438
713 176
713 15
713 368
810 373
810 107
496 474
496 540
496 591
997 488
997 239
997 959
292 463
292 521
292 120
682 160
682 640
858 781
858 395
221 265
221 660
240 166
240 5
240 480
331 344
331 857
331 492
617 875
617 570
617 204
999 537
337 745
337 379
344 957
344 414
840 582
840 791
19 770
19 53
19 881
900 751
900 782
195 560
195 320
717 660
717 269
33 328
426 247
426 68
780 996
780 899
780 294
998 535
998 768
32 962
32 836
875 252
875 996
294 899
92 631
92 30
92 183
597 945
597 367
425 824
425 452
425 906
806 515
806 912
282 764
41 578
41 235
551 854
551 623
248 882
248 464
435 645
586 704
586 320
586 610
988 272
988 443
988 724
326 517
326 143
326 492
391 507
391 721
96 705
96 855
96 427
981 310
981 641
981 504
242 102
242 834
199 577
199 827
502 126
502 514
502 929
881 770
881 511
145 905
145 315
145 904
400 13
400 65
518 646
518 779
525 168
525 215
625 865
625 843
625 895
664 887
664 653
664 322
555 238
555 825
376 13
376 88
48 451
48 574
48 676
867 515
867 361
867 563
134 363
134 938
728 226
728 336
238 783
238 825
440 287
440 78
440 856
587 315
587 557
587 686
22 990
22 648
22 863
141 656
141 514
480 219
480 5
547 910
547 27
547 853
572 346
572 950
572 103
959 186
959 488
172 663
172 933
839 403
742 253
742 797
742 796
961 152
961 306
961 925
848 382
499 278
499 506
499 463
872 882
872 375
872 301
927 947
927 579
927 836
60 960
60 279
60 736
783 194
783 226
395 74
624 736
624 104
184 922
184 57
526 508
526 239
526 705
224 574
224 544
333 155
116 937
116 178
407 438
407 454
863 822
863 45
161 663
161 349
542 12
542 762
554 501
554 726
554 335
653 279
111 28
111 124
97 284
97 716
97 217
6 734
6 286
933 103
701 893
701 148
701 710
937 887
27 171
2 335
670 879
670 577
670 350
212 711
212 170
212 968
544 963
544 980
180 992
180 73
837 639
837 693
233 792
233 772
953 239
953 80
953 396
890 627
704 947
642 646
642 372
530 523
530 855
538 122
538 132
130 652
130 994
833 811
833 193
508 691
508 809
519 58
519 387
519 468
724 592
724 187
58 387
58 468
329 815
329 799
329 217
633 903
633 207
295 218
295 644
295 153
491 114
491 620
190 181
190 540
209 588
209 627
434 100
434 757
434 280
835 901
835 492
236 778
236 870
850 293
850 695
501 649
501 535
332 16
558 428
558 594
454 18
627 157
877 23
877 143
877 807
873 168
873 219
873 290
223 460
223 752
507 945
782 726
782 472
879 148
879 532
669 387
669 576
669 603
160 845
447 609
447 549
181 540
181 413
388 68
388 361
388 784
696 992
696 602
481 801
481 287
481 626
414 648
605 43
605 620
144 712
744 245
744 371
619 757
619 721
619 943
637 65
637 313
428 594
428 26
552 802
552 245
771 885
771 243
771 749
883 470
883 113
349 952
349 749
745 153
590 924
590 754
222 990
222 234
640 535
640 57
759 95
765 121
765 592
765 308
796 755
253 251
484 523
206 741
206 812
817 969
807 194
807 384
871 241
871 675
652 994
652 665
186 114
186 45
579 573
15 43
15 753
59 420
59 493
824 390
824 906
951 91
951 568
1 477
1 272
157 123
157 778
938 389
808 211
808 334
755 641
829 353
777 47
126 929
126 474
132 122
132 17
290 250
649 4
718 571
718 520
512 896
512 497
135 417
135 769
135 264
710 893
214 363
437 296
437 310
430 506
430 978
781 56
280 247
280 356
438 943
641 797
91 568
91 674
188 989
188 319
38 815
38 695
379 825
686 302
686 473
330 541
952 919
952 749
983 232
121 821
121 978
826 667
826 267
610 13
610 748
451 235
472 622
472 232
441 106
916 955
105 227
229 774
187 970
748 24
44 8
44 693
849 497
849 463
874 917
896 819
417 513
417 193
396 830
622 802
622 681
86 85
557 215
537 846
40 18
301 913
531 922
531 733
571 553
272 164
9 757
611 18
264 769
351 202
957 593
885 644
28 124
109 739
100 574
452 593
527 286
527 416
582 26
582 385
79 560
567 291
474 964
543 291
346 994
513 947
613 707
663 234
901 444
657 151
553 241
608 95
865 843
589 638
133 281
133 61
133 350
227 244
347 954
347 382
866 689
866 308
171 99
171 623
980 225
153 855
358 573
358 309
996 217
841 602
841 420
462 119
462 532
104 394
822 293
325 245
753 102
665 183
65 523
719 868
815 772
912 943
812 741
70 296
70 473
85 93
831 923
930 68
930 923
250 372
310 504
942 216
942 259
175 443
944 629
122 17
340 730
244 521
207 903
790 112
700 964
394 661
300 784
