288 984
288 185
288 212
552 508
552 943
552 37
360 850
360 139
360 12
540 416
540 25
540 193
122 270
122 308
122 804
897 943
897 802
897 91
361 616
361 930
361 155
770 427
770 724
770 663
45 659
45 417
45 663
421 989
421 375
421 684
60 74
60 731
60 737
958 398
958 206
958 78
134 221
134 234
134 471
844 627
844 711
844 294
27 58
27 866
27 218
781 42
781 899
781 533
652 730
652 675
652 904
690 556
690 291
690 15
239 532
239 699
239 656
780 934
780 410
780 876
5 813
5 471
5 234
613 424
613 833
613 93
788 2
788 85
788 708
959 718
959 817
959 724
116 30
116 850
116 126
975 506
975 351
975 553
24 124
24 240
24 349
483 643
483 224
483 85
278 537
278 475
278 354
628 948
628 330
628 837
362 576
362 185
362 212
887 943
887 608
887 296
303 997
303 615
303 195
801 277
801 963
801 660
654 172
654 790
654 886
915 219
915 692
915 340
290 352
290 803
290 678
867 486
867 845
867 463
306 46
306 428
306 401
317 319
317 752
317 647
49 302
49 225
49 490
512 384
512 603
512 751
336 445
336 642
336 896
605 650
605 164
605 831
676 852
676 494
676 916
939 501
939 177
939 808
645 523
645 597
645 115
951 0
951 354
951 635
228 655
228 412
228 232
928 889
928 891
928 164
7 20
7 79
7 323
551 150
551 763
551 637
29 54
29 198
29 243
310 469
310 53
310 372
132 175
132 846
132 627
811 186
811 584
811 434
696 643
696 224
696 778
853 804
853 214
853 579
248 227
248 675
248 667
348 379
348 31
348 757
382 753
382 423
382 740
577 375
577 715
577 778
82 719
82 949
82 6
810 485
810 803
810 155
233 53
233 246
233 469
454 12
454 925
454 70
651 906
651 765
651 762
967 433
967 202
967 55
450 852
450 261
450 539
568 14
568 519
568 438
484 862
484 556
484 119
746 910
746 216
746 795
328 825
328 184
328 668
727 456
727 244
727 166
599 684
599 738
599 477
812 621
812 387
812 548
215 576
215 965
215 918
786 531
786 626
786 280
557 420
557 744
557 919
815 492
815 238
815 63
256 980
256 973
256 73
558 944
558 104
558 633
245 106
245 595
245 251
994 141
994 485
994 809
117 142
117 640
117 701
665 615
665 249
665 754
197 550
197 222
197 357
279 514
279 174
279 976
337 88
337 114
337 969
933 320
933 200
933 532
698 755
698 587
698 543
912 978
912 217
912 190
120 758
120 123
120 903
526 480
526 818
526 848
140 990
140 283
140 95
504 642
504 627
504 896
397 169
397 273
397 864
691 769
691 252
691 153
207 125
207 208
207 146
679 40
679 960
679 449
380 825
380 668
380 950
787 84
787 459
787 708
383 604
383 961
383 768
792 16
792 47
792 598
766 527
766 706
766 205
822 94
822 321
822 743
610 706
610 597
610 115
213 835
213 646
213 54
875 647
875 216
875 291
99 623
99 76
99 2
624 9
624 662
624 984
816 48
816 515
816 345
908 253
908 617
908 39
210 472
210 201
210 15
720 886
720 726
720 236
127 701
127 521
127 669
230 957
230 142
230 640
555 537
555 460
555 609
220 980
220 333
220 789
395 964
395 155
395 87
622 969
622 878
622 699
61 37
61 508
61 42
188 390
188 641
188 924
130 276
130 80
130 52
962 974
962 736
962 843
805 519
805 860
805 702
871 371
871 769
871 295
342 272
342 813
342 949
881 515
881 490
881 345
189 79
189 797
189 936
373 659
373 453
373 718
3 300
3 236
3 726
103 113
103 882
103 511
478 42
478 554
478 632
326 298
326 570
326 749
644 370
644 590
644 51
396 428
396 401
396 598
479 650
479 169
479 831
741 620
741 201
741 227
971 719
971 6
971 633
33 446
33 712
33 470
921 386
921 935
921 680
90 888
90 835
90 646
143 126
143 839
143 598
75 405
75 594
75 466
100 338
100 168
100 412
473 738
473 477
473 846
518 250
518 666
518 191
128 305
128 590
128 560
929 206
929 459
929 84
800 778
800 167
800 372
369 731
369 219
369 911
991 174
991 550
991 756
503 415
503 222
503 118
582 633
582 862
582 86
107 923
107 244
107 890
26 544
26 350
26 537
593 700
593 542
593 203
353 379
353 202
353 433
759 43
759 30
759 319
347 898
347 612
347 660
685 58
685 968
685 218
182 519
182 797
182 936
877 294
877 669
877 521
879 308
879 658
879 270
954 923
954 553
954 351
223 225
223 105
223 302
649 820
649 586
649 703
549 583
549 839
549 92
670 869
670 612
670 872
111 847
111 255
111 389
444 978
444 443
444 840
824 371
824 462
824 602
874 776
874 546
874 392
418 425
418 496
418 548
601 399
601 460
601 838
561 560
561 305
561 461
909 848
909 216
909 813
237 629
237 138
237 742
260 18
260 325
260 211
674 265
674 765
674 658
38 882
38 41
38 206
725 625
725 629
725 283
580 451
580 366
580 619
779 845
779 277
779 276
287 114
287 184
287 88
181 677
181 366
181 158
773 346
773 716
773 272
266 485
266 743
266 365
588 496
588 425
588 783
247 930
247 358
247 161
346 716
346 272
108 334
108 495
108 343
269 772
269 594
269 495
344 888
344 828
344 950
507 740
507 657
507 705
630 856
630 938
630 62
721 398
721 78
721 756
23 426
23 32
23 911
946 482
946 104
946 944
98 304
98 931
98 448
631 910
631 795
631 859
693 528
693 85
693 144
777 334
777 767
777 796
137 916
137 150
137 701
559 208
559 723
559 146
271 131
271 982
271 441
832 441
832 982
832 675
855 869
855 870
855 872
368 606
368 722
368 989
986 870
986 321
986 626
884 463
884 618
884 393
902 309
902 619
902 451
96 712
96 899
96 81
972 252
972 171
972 435
407 13
407 457
407 981
419 678
419 536
419 352
545 133
545 394
545 806
798 998
798 990
798 683
149 199
149 195
149 997
566 534
566 284
566 376
592 742
592 184
592 533
464 819
464 449
464 585
581 97
581 294
581 977
563 754
563 394
563 806
529 356
529 637
529 405
710 841
710 379
710 355
50 621
50 942
50 922
941 358
941 174
941 161
992 578
992 363
992 584
17 39
17 253
17 970
391 179
391 416
391 193
147 131
147 953
147 434
322 106
322 672
322 993
883 264
883 386
883 794
573 996
573 453
573 125
873 93
873 987
873 424
447 595
447 83
447 711
505 313
505 443
505 840
686 907
686 854
686 392
750 900
750 723
750 667
695 87
695 964
695 562
784 983
784 141
784 817
275 931
275 602
275 462
892 683
892 753
892 423
9 662
9 984
364 48
364 858
364 221
263 885
263 16
263 121
187 481
187 499
187 374
77 55
77 616
77 947
571 177
571 893
571 949
661 979
661 564
661 513
194 282
194 829
194 713
437 542
437 203
437 931
403 620
403 530
403 217
439 393
439 63
439 618
165 68
165 905
165 857
238 492
238 63
299 312
299 339
299 198
467 141
467 814
467 162
226 584
226 985
226 480
254 569
254 331
254 179
21 491
21 183
21 105
327 606
327 567
327 993
565 717
565 97
565 562
56 332
56 614
56 731
596 935
596 145
596 65
71 375
71 764
71 129
316 138
316 735
316 300
292 745
292 442
292 46
729 488
729 985
729 514
178 776
178 246
178 546
707 647
707 764
707 802
11 366
11 948
11 493
301 145
301 377
301 65
411 509
411 922
411 942
829 282
829 713
324 148
324 482
324 860
761 528
761 144
761 320
110 359
110 40
110 960
163 154
163 86
163 190
834 101
834 970
834 427
868 35
868 978
868 876
176 438
176 14
176 803
639 273
639 436
639 404
102 500
102 783
102 365
195 997
799 25
799 767
799 796
500 783
500 365
159 420
159 162
159 814
851 304
851 866
851 196
510 737
510 246
510 74
520 757
520 13
520 31
4 905
4 564
4 448
648 440
648 461
648 700
335 807
335 655
335 232
932 662
932 41
932 47
516 211
516 785
516 586
774 432
774 204
774 617
468 603
468 313
468 151
760 919
760 261
760 539
722 989
722 606
157 57
157 977
157 445
638 870
638 789
638 570
498 20
498 489
498 381
522 927
522 227
522 641
22 385
22 525
22 70
413 817
413 843
413 705
281 894
281 882
281 357
524 377
524 35
524 89
782 284
782 92
782 534
955 907
955 617
955 708
945 350
945 544
945 264
171 252
171 435
429 842
429 826
429 160
10 820
10 999
10 192
66 199
66 677
66 95
173 133
173 452
173 476
209 430
209 339
209 312
1 341
1 8
1 205
920 309
920 681
920 91
32 911
32 426
315 927
315 487
315 402
895 487
895 833
895 490
953 434
953 378
136 715
136 509
136 241
821 728
821 694
821 826
311 938
311 183
311 62
673 264
673 940
673 694
318 889
318 167
318 255
569 179
569 331
733 833
733 240
733 124
934 410
934 876
109 378
109 600
109 956
431 331
431 356
431 186
830 752
830 925
830 636
865 359
865 880
865 229
734 289
734 856
734 957
748 129
748 570
748 131
854 907
854 615
170 550
170 682
170 465
297 893
297 732
297 688
72 771
72 118
72 251
913 623
913 76
913 740
739 34
739 28
739 703
44 687
44 730
44 36
422 257
422 656
422 952
827 112
827 384
827 751
235 69
235 940
235 536
547 706
547 41
547 809
634 885
634 121
634 250
878 969
878 699
998 990
998 683
901 129
901 470
901 446
268 527
268 186
268 574
890 244
890 923
517 842
517 506
517 442
717 97
717 562
937 426
937 841
937 355
259 966
259 356
259 523
388 55
388 34
388 229
591 408
591 926
591 918
861 123
861 903
861 714
274 987
274 168
274 338
258 489
258 476
258 381
917 493
917 687
917 36
180 68
180 857
180 372
589 2
589 762
589 906
689 67
689 349
689 452
148 860
148 482
785 586
785 211
69 940
69 536
83 711
83 595
307 474
307 963
307 714
400 847
400 808
400 389
214 579
214 804
995 455
995 376
995 947
664 988
664 535
664 409
823 204
823 282
823 432
19 0
19 525
19 222
81 712
81 175
996 819
996 125
791 567
791 983
791 709
863 702
863 747
863 859
635 0
635 354
367 296
367 340
367 608
572 113
572 511
572 981
285 987
285 756
285 506
502 390
502 332
502 614
611 976
611 607
611 772
242 749
242 298
242 846
806 394
135 199
135 166
135 456
414 153
414 64
414 415
387 548
387 621
406 481
406 988
406 499
538 535
538 399
538 409
575 476
575 755
575 412
704 314
704 341
704 579
836 837
836 330
836 961
494 852
494 916
697 807
697 758
697 286
191 250
191 666
440 461
440 700
497 809
497 126
497 694
385 70
385 525
156 999
156 73
156 973
329 475
329 293
329 374
543 587
543 755
775 262
775 794
775 968
466 594
466 405
900 723
900 667
585 449
585 819
680 386
680 935
323 79
323 20
771 251
771 118
343 334
343 495
457 13
457 981
196 304
196 866
790 886
790 172
880 229
880 359
849 325
849 724
849 18
966 523
966 410
486 463
486 845
914 578
914 172
914 363
653 404
653 392
653 436
80 52
80 276
491 183
491 105
293 374
293 475
455 376
455 947
152 430
152 728
152 112
965 576
965 918
607 772
607 976
333 980
333 789
793 952
793 95
793 574
101 427
101 970
370 51
370 590
231 716
231 280
231 768
894 51
894 357
671 609
671 430
671 52
8 341
8 205
57 445
57 977
530 620
530 217
267 979
267 905
267 513
295 371
295 769
192 999
192 820
59 465
59 25
59 682
531 280
531 626
458 492
458 666
458 277
672 993
672 106
763 637
763 150
488 514
488 985
139 12
139 850
904 730
904 988
402 927
402 487
89 377
89 35
903 123
257 656
257 952
636 752
636 925
583 839
583 92
657 175
657 705
898 612
898 660
62 938
168 338
600 684
600 956
43 30
43 319
828 888
828 950
243 54
243 198
511 113
837 330
745 442
745 46
840 443
736 843
736 974
465 682
470 446
528 144
924 641
924 390
541 688
541 408
541 926
818 480
818 848
314 632
314 554
625 283
625 629
744 919
744 420
76 623
249 754
249 609
501 177
501 808
158 133
158 677
681 91
681 309
200 532
200 320
910 795
472 15
472 201
960 40
944 104
265 658
265 765
481 499
289 957
289 856
838 460
838 399
655 232
556 291
119 587
119 862
692 219
692 340
864 169
864 273
124 240
28 703
28 34
212 185
496 425
732 688
732 893
747 702
747 859
204 432
857 68
160 842
160 826
930 616
604 768
604 961
241 715
241 509
762 906
891 164
891 889
67 452
67 349
515 345
154 190
154 86
64 415
64 153
162 814
53 469
436 404
713 435
409 535
974 899
151 313
151 603
858 221
858 48
602 462
428 401
578 363
869 872
78 398
236 726
284 534
835 646
640 142
687 36
668 825
982 441
533 742
757 31
553 351
735 138
735 300
574 527
112 728
355 841
417 663
417 659
847 389
831 650
926 408
709 983
709 567
942 922
948 493
474 963
474 714
39 253
225 302
18 325
73 973
286 758
286 807
749 298
47 16
14 438
964 87
539 261
161 358
93 424
521 669
797 936
167 255
546 776
218 58
115 597
145 65
393 618
489 381
718 453
203 542
84 459
642 896
378 956
513 979
560 305
384 751
451 619
332 614
544 350
234 471
456 166
796 767
764 802
146 208
224 643
433 202
121 885
632 554
6 719
94 321
94 743
737 74
312 339
296 608
262 968
262 794
738 477
270 308
114 88
352 678
564 448
423 753
508 37
193 416
