82 612
82 524
82 340
676 20
676 415
676 328
945 357
945 419
945 152
965 84
965 549
965 972
130 690
130 656
130 589
344 455
344 817
344 218
209 58
209 528
209 478
408 449
408 178
408 853
159 598
159 618
159 960
816 288
816 872
816 815
378 625
378 470
378 866
854 694
854 797
854 251
51 950
51 990
51 836
608 740
608 922
608 470
78 262
78 984
78 500
333 799
333 34
333 425
120 755
120 60
120 45
824 616
824 525
824 968
166 685
166 387
166 173
940 53
940 387
940 558
185 101
185 361
185 954
953 823
953 210
953 886
782 325
782 735
782 428
943 171
943 205
943 100
165 973
165 396
165 672
566 863
566 873
566 580
358 865
358 1
358 986
472 16
472 729
472 700
535 733
535 961
535 811
959 462
959 132
959 667
542 694
542 880
542 609
818 350
818 809
818 15
75 208
75 706
75 570
300 576
300 786
300 142
90 314
90 551
90 141
163 582
163 679
163 34
19 628
19 998
19 6
777 915
777 881
777 524
389 285
389 293
389 89
496 557
496 56
496 362
104 796
104 216
104 587
592 67
592 809
592 108
640 221
640 349
640 52
715 520
715 690
715 26
64 774
64 279
64 252
290 197
290 88
290 624
745 167
745 912
745 277
917 170
917 367
917 70
23 448
23 530
23 421
109 238
109 168
109 523
128 930
128 362
128 433
311 18
311 815
311 630
276 833
276 924
276 709
969 85
969 760
969 54
670 627
670 447
670 893
859 131
859 441
859 446
204 277
204 599
204 573
306 650
306 52
306 14
482 941
482 814
482 28
808 98
808 29
808 88
768 457
768 315
768 924
326 960
326 459
326 862
677 224
677 976
677 8
304 383
304 277
304 556
887 937
887 906
887 822
191 400
191 902
191 12
223 988
223 984
223 852
48 874
48 127
48 825
323 313
323 885
323 430
724 266
724 537
724 554
951 812
951 979
951 431
258 873
258 923
258 624
398 754
398 136
398 442
194 798
194 966
194 229
871 530
871 855
871 411
405 200
405 909
405 312
417 904
417 293
417 726
375 307
375 568
375 475
803 160
803 205
803 173
22 462
22 79
22 132
270 20
270 731
270 483
31 463
31 858
31 717
764 395
764 756
764 827
121 301
121 736
121 617
249 934
249 997
249 86
467 532
467 912
467 97
657 161
657 563
657 585
369 706
369 244
369 286
759 954
759 809
759 351
488 298
488 982
488 682
716 449
716 349
716 762
440 481
440 570
440 718
639 343
639 625
639 869
158 788
158 257
158 506
432 385
432 448
432 654
145 750
145 822
145 831
233 554
233 266
233 523
352 255
352 728
352 807
382 15
382 841
382 962
776 242
776 101
776 847
975 322
975 536
975 957
320 110
320 410
320 295
844 730
844 453
844 683
356 177
356 305
356 437
946 663
946 609
946 93
13 449
13 3
13 315
55 733
55 713
55 811
864 148
864 644
864 905
944 115
944 689
944 407
253 681
253 576
253 286
561 790
561 714
561 526
547 18
547 708
547 694
779 814
779 594
779 422
550 899
550 414
550 757
933 863
933 164
933 33
507 371
507 580
507 384
971 301
971 617
971 616
668 501
668 920
668 377
925 155
925 261
925 569
365 152
365 564
365 123
65 54
65 226
65 388
595 509
595 672
595 846
758 789
758 255
758 497
27 459
27 739
27 872
748 742
748 307
748 119
63 766
63 996
63 514
787 963
787 533
787 443
330 645
330 916
330 721
642 827
642 143
642 620
265 687
265 860
265 3
921 38
921 383
921 84
99 616
99 601
99 628
480 852
480 134
480 551
392 112
392 268
392 893
882 541
882 299
882 4
632 424
632 553
632 178
698 294
698 904
698 172
391 788
391 861
391 773
737 660
737 762
737 220
231 573
231 942
231 495
519 701
519 394
519 708
476 251
476 797
476 796
732 629
732 303
732 33
144 484
144 973
144 396
896 67
896 108
896 948
494 426
494 319
494 366
600 83
600 910
600 993
374 206
374 646
374 607
949 154
949 999
949 798
247 83
247 857
247 606
994 788
994 303
994 115
95 74
95 490
95 826
222 62
222 697
222 438
245 193
245 669
245 950
804 237
804 487
804 931
703 200
703 972
703 960
637 669
637 193
637 363
770 16
770 347
770 689
2 1
2 865
2 534
259 843
259 146
259 302
190 537
190 319
190 666
230 594
230 974
230 346
584 832
584 92
584 225
651 150
651 431
651 947
435 735
435 288
435 111
900 506
900 591
900 977
234 267
234 850
234 269
767 419
767 957
767 156
213 412
213 790
213 895
744 337
744 977
744 591
473 195
473 981
473 199
783 36
783 630
783 579
345 842
345 119
345 742
634 172
634 36
634 613
393 43
393 455
393 836
531 932
531 924
531 474
543 509
543 990
543 239
884 710
884 475
884 678
188 765
188 647
188 812
427 354
427 454
427 436
403 863
403 988
403 383
989 448
989 646
989 461
649 303
649 629
649 679
901 795
901 707
901 47
227 774
227 343
227 214
763 180
763 621
763 252
289 885
289 430
289 645
329 456
329 377
329 685
991 791
991 805
991 318
212 340
212 348
212 511
138 38
138 870
138 527
282 278
282 206
282 181
386 983
386 629
386 752
792 262
792 681
792 350
597 129
597 522
597 412
603 898
603 723
603 593
655 201
655 911
655 736
693 826
693 525
693 968
611 424
611 361
611 534
995 15
995 123
995 47
429 577
429 106
429 738
875 533
875 599
875 71
636 243
636 908
636 6
96 729
96 281
96 89
851 936
851 157
851 136
169 814
169 93
169 500
466 470
466 993
466 285
878 996
878 935
878 57
800 508
800 752
800 94
903 650
903 613
903 14
11 956
11 760
11 643
334 491
334 500
334 516
275 981
275 379
275 596
938 656
938 422
938 284
913 298
913 21
913 982
929 556
929 413
929 702
291 682
291 967
291 370
232 927
232 341
232 537
567 845
567 363
567 3
464 177
464 141
464 656
810 361
810 853
810 380
418 540
418 523
418 105
614 116
614 985
614 339
552 886
552 981
552 700
565 654
565 310
565 652
712 50
712 451
712 246
0 654
0 388
0 226
711 43
711 268
711 112
665 438
665 10
665 582
835 881
835 406
835 915
373 12
373 505
373 484
175 267
175 596
175 593
828 394
828 139
828 97
137 618
137 706
137 598
801 586
801 240
801 295
76 773
76 861
76 239
705 717
705 907
705 683
174 518
174 840
174 756
868 366
868 426
868 474
635 279
635 100
635 178
124 385
124 477
124 671
867 164
867 755
867 294
107 830
107 667
107 20
140 196
140 980
140 219
102 428
102 30
102 805
699 990
699 284
699 697
688 355
688 197
688 17
353 299
353 181
353 992
955 553
955 285
955 406
114 171
114 325
114 895
444 332
444 43
444 839
720 572
720 180
720 179
409 350
409 586
409 33
743 376
743 362
743 24
35 337
35 986
35 103
416 985
416 216
416 587
512 539
512 621
512 771
182 880
182 589
182 240
450 846
450 873
450 897
515 883
515 126
515 505
153 198
153 86
153 889
309 571
309 86
309 819
192 829
192 264
192 297
485 18
485 631
485 10
254 740
254 922
254 402
468 376
468 262
468 433
914 972
914 645
914 183
368 424
368 79
368 297
272 29
272 98
272 461
59 58
59 912
59 219
486 380
486 248
486 930
162 83
162 263
162 184
498 32
498 731
498 477
517 962
517 454
517 883
546 830
546 872
546 526
336 72
336 678
336 502
879 910
879 564
879 582
9 347
9 422
9 89
521 532
521 970
521 897
751 570
751 612
751 805
978 122
978 686
978 862
296 789
296 497
296 702
434 876
434 261
434 85
202 278
202 672
202 774
390 387
390 38
390 506
324 964
324 680
324 151
761 167
761 474
761 984
399 313
399 24
399 10
675 80
675 148
675 909
256 806
256 919
256 821
397 772
397 769
397 458
235 21
235 363
235 318
423 60
423 700
423 45
623 348
623 7
623 673
684 260
684 484
684 696
81 876
81 240
81 741
401 79
401 821
401 843
510 999
510 154
510 210
664 842
664 526
664 671
633 263
633 766
633 184
734 492
734 171
734 42
641 151
641 53
641 562
439 898
439 239
439 723
725 244
725 477
725 412
250 802
250 355
250 17
560 588
560 179
560 950
579 36
579 630
619 433
619 755
619 88
215 504
215 139
215 714
602 243
602 681
602 199
189 411
189 880
189 855
958 845
958 658
958 662
499 754
499 757
499 97
626 502
626 155
626 187
471 454
471 601
471 255
793 730
793 16
793 8
338 257
338 794
338 802
529 590
529 302
529 753
615 42
615 269
615 902
69 339
69 874
69 116
404 833
404 85
404 709
135 237
135 853
135 487
578 294
578 483
578 888
271 964
271 680
271 446
359 228
359 583
359 501
5 228
5 583
5 539
648 686
648 281
648 80
274 425
274 799
274 501
364 106
364 198
364 889
465 673
465 671
465 7
489 451
489 557
489 50
207 932
207 335
207 211
574 691
574 47
574 197
661 436
661 354
661 840
317 161
317 992
317 273
856 580
856 916
856 721
44 815
44 357
44 536
203 152
203 666
203 862
46 508
46 122
46 891
133 906
133 829
133 937
283 927
283 518
283 328
87 596
87 791
87 667
659 461
659 839
659 332
820 939
820 513
820 187
622 491
622 825
622 786
674 42
674 905
674 644
327 54
327 134
327 936
869 343
869 625
704 463
704 993
704 858
892 509
892 331
892 321
41 225
41 832
41 627
548 967
548 113
548 370
775 446
775 284
775 934
952 707
952 217
952 658
25 948
25 778
25 217
147 558
147 91
147 479
544 609
544 956
544 199
610 319
610 842
610 490
308 335
308 360
308 39
381 421
381 606
381 857
503 719
503 56
503 762
695 376
695 717
695 908
928 371
928 220
928 660
118 613
118 113
118 492
538 66
538 73
538 351
785 292
785 931
785 57
287 437
287 837
287 246
316 947
316 243
316 902
605 847
605 310
605 796
662 658
662 845
342 513
342 750
342 939
926 571
926 201
926 214
575 167
575 890
575 492
719 56
719 691
125 224
125 691
125 164
784 458
784 70
784 846
72 502
72 713
692 479
692 91
692 32
460 481
460 941
460 718
545 830
545 8
545 708
604 687
604 571
604 860
638 117
638 40
638 722
236 908
236 769
236 524
242 847
242 101
312 909
312 200
834 558
834 819
834 195
746 985
746 39
746 360
987 631
987 866
987 710
447 893
447 627
176 385
176 974
176 156
305 791
305 177
384 593
384 371
445 997
445 229
445 934
850 269
850 267
111 288
111 735
218 113
218 817
94 508
94 752
963 443
963 24
780 586
780 123
780 840
877 491
877 170
877 367
493 437
493 781
493 907
555 653
555 772
555 400
452 534
452 172
452 457
572 179
572 180
848 647
848 765
848 790
831 822
831 750
453 730
453 683
747 415
747 49
747 581
103 986
103 337
899 414
899 757
469 769
469 588
469 328
727 321
727 601
727 331
372 208
372 549
372 313
68 522
68 988
68 129
823 886
823 210
559 61
559 149
559 441
838 4
838 187
838 697
74 826
74 490
813 131
813 84
813 920
280 278
280 260
280 696
918 186
918 402
918 341
273 161
273 992
643 760
643 956
741 876
741 252
849 516
849 478
849 528
527 870
527 183
771 621
771 539
511 348
511 340
966 798
966 229
663 806
663 93
98 29
653 400
653 772
514 766
514 443
568 307
568 475
77 410
77 12
77 983
221 349
221 52
581 415
581 49
923 347
923 624
395 756
395 827
739 459
739 927
456 685
456 377
891 589
891 122
26 690
26 520
749 66
749 73
749 357
37 781
37 105
37 540
795 414
795 707
126 505
126 883
607 28
607 646
495 40
495 942
590 980
590 302
264 829
264 297
577 106
577 738
976 224
976 935
30 428
30 61
346 594
346 974
794 802
794 257
62 516
62 438
420 738
420 836
420 753
146 57
146 843
679 34
292 753
292 931
157 136
157 936
837 612
837 246
833 709
585 563
585 890
726 904
726 293
28 941
314 551
314 141
970 532
970 897
528 478
458 70
541 4
541 299
721 916
117 722
117 40
248 380
248 930
778 217
778 948
522 129
562 151
562 53
457 315
841 888
841 962
652 310
652 588
937 906
241 983
241 722
241 214
442 518
442 754
569 261
569 155
331 321
701 394
701 666
919 821
919 806
696 260
979 431
979 812
110 295
110 410
238 379
238 168
773 861
939 513
142 576
142 786
807 92
807 728
127 825
127 874
907 781
407 115
407 689
961 686
961 520
186 341
186 402
998 6
998 628
977 591
911 736
911 201
894 620
894 143
894 682
73 66
419 156
430 885
922 740
723 898
504 714
504 139
263 184
388 226
413 702
413 556
150 947
150 49
644 905
116 339
196 980
196 713
301 617
525 968
557 997
598 618
463 858
731 32
160 173
160 205
154 999
268 112
281 729
553 406
889 198
67 108
935 996
890 563
181 206
379 168
183 870
425 799
411 855
149 61
149 441
647 765
366 426
60 45
354 436
71 599
71 533
220 660
881 915
228 583
219 58
832 225
211 335
211 932
50 451
80 148
322 957
322 536
718 481
587 216
680 964
1 865
811 733
17 355
100 279
244 286
360 39
105 540
728 92
852 134
193 669
131 920
479 91
678 710
673 7
455 817
573 942
195 819
631 866
298 982
318 21
266 554
742 119
967 370
954 351
857 606
564 910
487 237
620 143
895 325
497 789
549 208
973 396
483 888
14 650
839 332
132 462
797 251
170 367
860 687
530 421
