487 512
487 891
487 144
990 460
990 7
990 453
154 352
154 720
154 218
701 961
701 283
701 552
903 76
903 748
903 74
968 732
968 445
968 49
132 346
132 72
132 863
533 892
533 311
533 291
88 265
88 219
88 42
118 146
118 845
118 249
380 184
380 689
380 140
555 671
555 412
555 625
97 408
97 72
97 233
575 988
575 964
575 93
160 493
160 203
160 441
631 585
631 130
631 954
495 287
495 507
495 90
621 190
621 275
621 49
515 433
515 267
515 731
828 63
828 996
828 421
357 636
357 136
357 818
916 262
916 477
916 531
257 260
257 203
257 825
978 150
978 618
978 818
117 757
117 230
117 985
675 74
675 56
675 845
238 724
238 518
238 872
327 843
327 147
327 258
248 875
248 638
248 696
600 493
600 208
600 662
787 15
787 254
787 923
914 752
914 285
914 202
82 951
82 716
82 86
833 511
833 646
833 201
30 86
30 737
30 60
377 337
377 375
377 606
21 796
21 812
21 456
823 342
823 363
823 752
791 556
791 712
791 686
884 923
884 573
884 101
439 674
439 897
439 534
847 427
847 361
847 871
2 937
2 852
2 80
809 62
809 816
809 383
717 977
717 368
717 776
66 111
66 975
66 213
601 344
601 840
601 41
315 304
315 720
315 265
402 776
402 368
402 628
634 821
634 870
634 217
793 427
793 871
793 523
57 648
57 351
57 992
781 713
781 414
781 218
794 678
794 882
794 962
931 896
931 225
931 5
79 808
79 127
79 92
540 889
540 317
540 110
157 331
157 669
157 201
785 566
785 731
785 799
967 92
967 127
967 748
3 252
3 797
3 263
28 143
28 4
28 812
113 435
113 112
113 48
425 682
425 103
425 178
479 80
479 698
479 358
390 270
390 329
390 760
553 779
553 194
553 891
673 788
673 16
673 822
370 813
370 757
370 78
989 215
989 642
989 651
64 695
64 814
64 262
388 498
388 320
388 358
389 557
389 546
389 588
859 308
859 93
859 964
516 466
516 961
516 87
483 58
483 906
483 900
637 846
637 128
637 543
53 163
53 953
53 365
644 605
644 740
644 115
46 241
46 700
46 204
376 820
376 144
376 641
176 227
176 543
176 277
980 225
980 75
980 879
65 174
65 733
65 134
209 289
209 277
209 674
742 646
742 891
742 970
982 889
982 574
982 161
205 812
205 153
205 239
485 313
485 497
485 889
266 507
266 35
266 876
909 826
909 582
909 184
148 743
148 829
148 350
508 308
508 557
508 320
166 616
166 41
166 81
413 706
413 237
413 946
9 723
9 182
9 732
286 477
286 638
286 566
729 531
729 563
729 840
755 806
755 69
755 804
499 386
499 424
499 946
332 422
332 311
332 613
710 606
710 344
710 983
73 446
73 615
73 119
715 38
715 698
715 869
167 768
167 932
167 25
908 210
908 77
908 231
468 204
468 896
468 687
607 674
607 444
607 436
655 188
655 424
655 677
991 164
991 771
991 146
348 842
348 130
348 361
20 602
20 723
20 142
71 108
71 382
71 54
432 773
432 563
432 319
653 746
653 503
653 295
18 821
18 598
18 240
635 961
635 556
635 712
12 885
12 898
12 83
419 546
419 581
419 979
570 686
570 342
570 966
326 769
326 7
326 220
379 68
379 520
379 384
372 220
372 22
372 448
336 773
336 319
336 667
572 325
572 836
572 806
70 706
70 820
70 659
538 324
538 718
538 576
530 331
530 156
530 506
559 996
559 195
559 950
242 412
242 625
242 521
650 206
650 620
650 724
26 839
26 260
26 581
122 450
122 371
122 585
397 580
397 200
397 547
789 355
789 116
789 790
458 35
458 226
458 140
539 769
539 223
539 443
420 234
420 827
420 381
692 760
692 411
692 506
187 343
187 481
187 636
835 677
835 597
835 977
461 771
461 263
461 663
943 464
943 620
943 206
998 523
998 672
998 547
169 297
169 987
169 463
292 381
292 471
292 202
11 115
11 732
11 45
609 831
609 366
609 211
264 290
264 890
264 984
529 207
529 517
529 131
857 678
857 19
857 876
894 215
894 930
894 966
480 704
480 473
480 243
944 962
944 797
944 649
99 365
99 335
99 690
578 927
578 879
578 76
170 234
170 78
170 557
229 714
229 725
229 574
866 453
866 273
866 645
549 839
549 522
549 659
811 995
811 339
811 364
819 335
819 174
819 501
50 173
50 562
50 583
96 626
96 671
96 512
959 686
959 685
959 509
395 406
395 123
395 39
877 829
877 606
877 350
145 662
145 860
145 541
851 542
851 960
851 87
280 129
280 337
280 38
175 685
175 509
175 85
730 138
730 826
730 574
356 429
356 867
356 75
396 882
396 134
396 778
627 58
627 521
627 171
976 848
976 23
976 682
338 383
338 426
338 62
873 899
873 285
873 352
478 392
478 482
478 764
401 210
401 426
401 737
404 836
404 156
404 277
180 450
180 146
180 236
256 719
256 836
256 185
33 513
33 579
33 626
911 469
911 617
911 564
853 464
853 366
853 933
247 226
247 373
247 628
611 897
611 230
611 493
387 353
387 757
387 670
734 728
734 133
734 441
619 740
619 744
619 610
711 956
711 465
711 411
10 761
10 337
10 23
109 441
109 346
109 821
216 703
216 421
216 63
888 110
888 453
888 131
149 946
149 937
149 975
798 648
798 202
798 992
8 352
8 586
8 29
137 840
137 971
137 868
186 465
186 993
186 566
624 472
624 660
624 663
947 358
947 289
947 983
214 567
214 253
214 259
783 185
783 719
783 459
354 985
354 779
354 194
0 834
0 251
0 107
302 531
302 664
302 912
679 900
679 906
679 696
999 864
999 973
999 126
965 438
965 664
965 89
496 834
496 879
496 100
654 158
654 526
654 778
32 291
32 283
32 552
519 200
519 465
519 541
177 919
177 334
177 121
608 926
608 355
608 196
832 652
832 128
832 614
571 178
571 103
571 919
684 595
684 77
684 40
193 403
193 885
193 104
881 504
881 105
881 475
854 294
854 423
854 950
972 78
972 517
972 956
428 895
428 932
428 945
455 251
455 80
455 95
31 250
31 369
31 129
410 983
410 942
410 44
462 29
462 839
462 586
862 236
862 457
862 85
197 472
197 687
197 121
707 722
707 702
707 484
691 580
691 767
691 84
721 775
721 153
721 756
577 988
577 254
577 393
699 250
699 907
699 764
861 233
861 408
861 192
800 687
800 767
800 84
893 683
893 796
893 102
623 287
623 827
623 49
409 221
409 143
409 874
599 374
599 440
599 183
830 342
830 7
830 246
921 69
921 804
921 173
536 856
536 333
536 949
94 802
94 872
94 518
708 252
708 639
708 168
974 788
974 14
974 915
272 309
272 111
272 83
305 375
305 504
305 858
928 927
928 440
928 511
261 760
261 331
261 695
476 762
476 363
476 554
661 735
661 457
661 284
940 456
940 558
940 459
106 933
106 236
106 543
301 212
301 300
301 770
405 91
405 841
405 986
189 844
189 969
189 22
981 985
981 694
981 955
452 116
452 790
452 778
537 813
537 713
537 878
120 749
120 680
120 941
738 993
738 595
738 727
349 678
349 628
349 284
159 217
159 210
159 870
815 558
815 239
815 545
902 290
902 890
902 969
474 422
474 68
474 753
561 313
561 497
561 844
345 168
345 942
345 615
447 310
447 490
447 672
151 312
151 554
151 547
316 220
316 108
316 54
271 446
271 119
271 671
647 308
647 481
647 770
255 616
255 852
255 81
394 995
394 339
394 899
535 253
535 259
535 312
958 837
958 802
958 371
314 526
314 224
314 267
901 51
901 761
901 231
935 808
935 234
935 897
61 657
61 970
61 765
400 450
400 652
400 614
754 926
754 451
754 42
772 304
772 805
772 588
399 937
399 714
399 725
544 748
544 602
544 153
633 448
633 759
633 806
604 813
604 434
604 759
181 60
181 471
181 716
141 681
141 505
141 869
514 90
514 938
514 386
603 764
603 38
603 949
55 403
55 816
55 161
590 19
590 246
590 252
817 749
817 227
817 875
913 860
913 630
913 745
739 136
739 941
739 243
850 520
850 743
850 690
322 269
322 299
322 435
418 642
418 494
418 347
500 745
500 852
500 698
172 241
172 700
172 74
244 133
244 293
244 971
643 35
643 245
643 393
918 741
918 278
918 512
750 587
750 795
750 100
437 329
437 270
437 878
369 250
369 129
385 511
385 104
385 223
43 670
43 924
43 353
629 666
629 865
629 442
665 938
665 398
665 782
792 915
792 14
792 263
524 753
524 498
524 373
367 213
367 139
367 360
726 90
726 741
726 204
758 475
758 563
758 105
288 899
288 4
288 744
67 513
67 704
67 473
470 101
470 442
470 573
747 371
747 977
747 736
952 907
952 660
952 565
415 718
415 324
415 844
887 164
887 534
887 784
676 735
676 689
676 527
232 827
232 211
232 831
622 226
622 484
622 161
362 411
362 17
362 95
997 285
997 392
997 482
855 173
855 391
855 126
593 150
593 975
593 130
786 297
786 406
786 824
222 484
222 696
222 136
693 466
693 584
693 182
417 605
417 289
417 239
560 188
560 398
560 669
727 993
727 510
528 457
528 431
528 651
656 766
656 6
656 155
321 374
321 104
321 183
592 102
592 837
592 924
303 501
303 583
303 306
803 520
803 939
803 865
235 846
235 703
235 927
668 268
668 541
668 868
488 124
488 545
488 736
705 576
705 165
705 139
849 763
849 808
849 47
430 768
430 949
430 612
880 651
880 589
880 351
198 121
198 564
198 920
228 463
228 987
228 382
328 460
328 467
328 296
343 481
343 636
191 295
191 347
191 311
454 296
454 403
454 416
550 294
550 423
550 6
801 546
801 309
801 802
858 375
858 504
688 816
688 76
688 615
886 330
886 667
886 892
24 381
24 963
24 451
318 440
318 960
318 312
27 728
27 774
27 582
936 594
936 431
936 281
994 192
994 382
994 140
934 340
934 878
934 36
98 562
98 657
98 743
532 426
532 841
532 896
5 225
5 690
810 19
810 882
810 724
52 36
52 340
52 128
910 612
910 523
910 464
125 869
125 799
125 44
751 605
751 335
751 243
596 168
596 814
596 41
407 645
407 567
407 273
341 307
341 366
341 720
640 953
640 424
640 522
37 444
37 799
37 436
494 642
494 347
298 17
298 230
298 40
323 589
323 709
323 954
114 307
114 924
114 695
224 267
224 526
359 393
359 299
359 373
666 865
666 442
568 491
568 445
568 986
925 763
925 984
925 47
179 56
179 669
179 585
591 722
591 702
591 771
199 912
199 775
199 756
569 291
569 287
569 522
1 489
1 957
1 595
59 580
59 486
59 384
825 203
825 260
135 85
135 245
135 77
525 939
525 192
525 152
13 86
13 505
13 681
155 6
155 766
948 184
948 344
948 683
864 973
864 126
258 333
258 856
632 807
632 391
632 510
782 938
782 398
527 735
527 689
905 4
905 147
905 843
221 874
221 143
165 883
165 576
276 40
276 912
276 752
542 960
542 87
641 820
641 144
863 492
863 72
414 713
414 218
551 904
551 364
551 639
597 245
597 677
780 310
780 490
780 188
142 723
142 602
434 759
434 492
34 190
34 838
34 275
502 39
502 123
502 68
613 874
613 422
922 955
922 933
922 694
378 957
378 212
378 489
565 907
565 660
658 431
658 158
658 979
929 657
929 598
929 240
784 534
784 164
51 231
51 761
171 521
171 58
269 299
269 969
330 892
330 667
449 838
449 917
449 567
587 795
587 100
697 895
697 545
697 973
765 320
765 970
963 246
963 451
237 581
237 706
25 768
25 932
486 262
486 384
709 954
709 589
278 951
278 741
282 672
282 351
282 297
920 564
920 492
16 822
16 788
163 953
163 365
105 475
915 14
112 48
112 435
774 582
774 728
594 562
594 281
777 438
777 307
777 822
433 731
433 406
680 749
680 941
138 429
138 826
683 796
930 215
930 966
618 818
618 150
762 554
762 363
945 895
945 612
89 664
89 438
906 900
217 870
274 45
274 346
274 719
107 251
107 834
898 83
898 885
630 860
630 745
152 939
152 795
293 971
293 133
268 737
268 868
733 134
733 174
279 766
279 124
279 48
779 194
392 482
805 588
805 304
29 586
753 498
300 212
300 770
195 950
195 996
91 386
91 841
584 466
584 182
904 639
904 364
275 190
219 42
219 265
273 645
45 115
324 718
317 956
317 110
374 183
227 875
208 662
208 988
467 296
467 460
270 329
807 391
807 510
463 987
842 503
842 361
334 281
334 919
548 416
548 162
548 883
259 253
872 518
116 790
196 355
196 926
614 652
444 436
103 178
306 583
306 501
207 131
207 517
443 223
443 769
491 445
491 986
917 200
917 838
775 756
240 598
313 497
610 744
610 740
162 416
162 883
477 638
824 284
824 814
249 56
249 845
890 290
649 962
649 797
15 254
15 923
360 213
360 139
201 646
670 353
54 108
694 955
831 211
423 294
663 472
309 111
617 325
617 469
867 429
867 75
84 767
102 837
185 459
846 703
123 39
871 427
712 556
579 626
579 513
69 804
421 63
625 412
776 368
763 47
17 95
746 295
746 503
620 206
147 843
446 119
505 681
685 509
44 942
964 93
856 333
241 700
722 702
325 469
36 340
471 60
456 558
408 233
876 507
725 714
736 124
648 992
62 383
92 127
616 81
156 506
773 319
829 350
489 957
573 101
490 310
283 552
848 682
848 23
984 659
704 473
995 339
448 22
979 158
716 951
