299 731
299 635
299 641
445 127
445 388
445 125
371 803
371 452
371 508
815 264
815 978
815 154
83 927
83 525
83 23
677 567
677 325
677 169
2 674
2 15
2 370
194 421
194 240
194 358
896 827
896 868
896 276
965 686
965 540
965 320
492 995
492 146
492 880
961 295
961 9
961 734
431 517
431 210
431 823
865 103
865 921
865 857
8 377
8 16
8 819
768 711
768 603
768 252
483 113
483 407
483 272
503 142
503 351
503 852
135 185
135 461
135 717
988 189
988 936
988 0
217 470
217 242
217 88
469 889
469 629
469 769
516 973
516 147
516 713
536 328
536 515
536 426
506 907
506 785
506 839
980 281
980 556
980 688
97 52
97 748
97 489
817 173
817 793
817 706
354 244
354 296
354 235
479 546
479 555
479 403
439 727
439 806
439 995
703 760
703 13
703 110
345 220
345 867
345 531
510 731
510 641
510 14
397 738
397 430
397 644
557 851
557 356
557 357
648 409
648 847
648 820
956 119
956 539
956 382
413 280
413 910
413 136
830 461
830 185
830 679
476 972
476 572
476 853
886 404
886 672
886 723
752 593
752 736
752 946
790 810
790 229
790 364
293 302
293 963
293 393
764 225
764 596
764 427
106 783
106 396
106 258
758 977
758 215
758 270
68 74
68 170
68 885
237 45
237 911
237 226
599 240
599 665
599 358
408 669
408 811
408 850
836 442
836 222
836 353
288 305
288 824
288 628
398 585
398 895
398 573
733 394
733 273
733 470
897 65
897 551
897 410
1 125
1 895
1 249
862 747
862 423
862 851
590 423
590 481
590 747
848 452
848 37
848 622
624 534
624 544
624 694
761 770
761 306
761 335
39 839
39 994
39 373
336 152
336 207
336 586
718 184
718 863
718 553
890 314
890 696
890 379
43 88
43 775
43 200
77 720
77 421
77 71
312 24
312 854
312 528
876 25
876 20
876 260
62 989
62 341
62 73
176 161
176 631
176 69
121 175
121 693
121 923
262 316
262 129
262 134
570 975
570 172
570 692
54 643
54 101
54 498
846 877
846 245
846 298
75 692
75 663
75 291
640 617
640 109
640 72
765 719
765 426
765 992
821 394
821 69
821 161
227 903
227 813
227 437
917 850
917 861
917 352
254 625
254 21
254 904
791 799
791 486
791 55
574 297
574 449
574 667
881 410
881 65
881 678
774 443
774 550
774 253
906 681
906 864
906 190
84 804
84 117
84 947
874 538
874 835
874 131
784 716
784 315
784 723
163 966
163 137
163 931
609 713
609 973
609 464
505 666
505 944
505 955
638 583
638 515
638 328
418 164
418 870
418 186
490 646
490 855
490 971
859 379
859 314
859 329
986 364
986 159
986 998
837 931
837 763
837 966
967 7
967 573
967 434
153 147
153 632
153 728
680 565
680 873
680 742
158 740
158 498
158 329
795 800
795 885
795 543
462 985
462 512
462 266
532 582
532 338
532 249
26 277
26 128
26 427
230 734
230 295
230 820
279 481
279 193
279 112
447 750
447 456
447 656
80 6
80 331
80 280
875 615
875 255
875 381
732 927
732 755
732 3
801 214
801 399
801 621
208 285
208 76
208 710
652 724
652 592
652 855
274 852
274 207
274 374
597 928
597 866
597 284
735 586
735 152
735 211
812 222
812 202
812 595
177 337
177 107
177 467
664 934
664 326
664 634
287 659
287 636
287 688
392 343
392 903
392 936
474 676
474 219
474 943
892 239
892 67
892 619
111 307
111 441
111 634
840 154
840 978
840 847
188 116
188 750
188 700
535 832
535 650
535 422
308 944
308 564
308 290
451 403
451 555
451 404
390 228
390 221
390 378
749 591
749 502
749 187
204 981
204 877
204 292
924 231
924 3
924 755
31 7
31 678
31 434
587 310
587 559
587 44
247 351
247 46
247 142
477 438
477 646
477 788
251 244
251 100
251 17
856 930
856 957
856 671
606 87
606 33
606 657
697 588
697 951
697 181
942 699
942 669
942 845
424 382
424 119
424 615
782 29
782 975
782 196
900 316
900 446
900 551
581 281
581 763
581 556
996 9
996 85
996 509
552 89
552 131
552 608
932 819
932 519
932 18
334 420
334 939
334 266
746 500
746 633
746 717
294 794
294 796
294 701
673 500
673 416
673 384
53 611
53 950
53 767
238 766
238 771
238 160
71 720
71 421
372 333
372 615
372 463
339 346
339 388
339 682
415 983
415 993
415 40
690 530
690 15
690 289
938 504
938 458
938 507
236 207
236 725
236 218
140 879
140 955
140 666
880 995
880 146
192 76
192 710
192 644
518 990
518 363
518 386
4 218
4 484
4 725
318 298
318 229
318 245
658 457
658 395
658 330
759 90
759 883
759 494
894 191
894 928
894 828
834 959
834 37
834 999
433 206
433 303
433 193
580 568
580 745
580 228
347 785
347 89
347 907
577 926
577 888
577 464
205 113
205 727
205 59
344 792
344 375
344 118
898 48
898 376
898 502
406 850
406 794
406 796
891 231
891 657
891 36
425 678
425 789
425 647
58 513
58 103
58 484
150 716
150 310
150 315
112 193
112 481
61 999
61 460
61 959
155 788
155 559
155 438
997 972
997 853
997 889
497 689
497 145
497 233
209 908
209 933
209 825
849 303
849 206
849 475
578 416
578 783
578 384
831 591
831 187
831 720
199 529
199 12
199 877
246 414
246 493
246 922
239 619
239 67
605 806
605 572
605 144
620 676
620 496
620 219
684 715
684 543
684 800
754 929
754 547
754 391
913 6
913 264
913 575
30 326
30 389
30 858
324 475
324 583
324 548
323 567
323 588
323 916
726 933
726 887
726 132
282 596
282 93
282 225
545 952
545 41
545 232
901 804
901 149
901 954
968 946
968 258
968 454
49 963
49 302
49 636
953 381
953 255
953 32
82 950
82 885
82 252
721 341
721 712
721 739
833 149
833 214
833 954
35 526
35 126
35 482
151 741
151 422
151 563
549 184
549 805
549 63
448 270
448 215
448 117
554 724
554 592
554 48
91 116
91 626
91 696
582 338
582 249
50 899
50 197
50 882
401 104
401 799
401 437
195 776
195 773
195 179
639 869
639 94
639 679
60 741
60 130
60 681
594 925
594 919
594 457
520 600
520 560
520 802
695 771
695 14
695 160
412 811
412 527
412 275
524 561
524 349
524 879
843 866
843 284
843 905
472 456
472 190
472 27
660 466
660 603
660 816
34 115
34 362
34 473
387 899
387 399
387 621
592 724
841 863
841 553
841 320
95 360
95 130
95 157
704 253
704 343
704 485
902 508
902 803
902 72
148 737
148 631
148 656
455 981
455 292
455 141
105 10
105 104
105 183
350 934
350 259
350 432
459 162
459 363
459 414
698 141
698 987
698 751
563 741
563 422
935 132
935 407
935 272
604 538
604 835
604 767
707 435
707 511
707 776
480 970
480 589
480 179
757 579
757 173
757 814
51 825
51 964
51 612
872 47
872 714
872 321
471 888
471 296
471 198
937 385
937 602
937 355
540 686
540 320
542 248
542 977
542 827
584 454
584 921
584 630
814 173
814 579
42 170
42 74
42 824
531 220
531 867
361 602
361 102
361 525
98 512
98 952
98 232
166 214
166 778
166 699
278 138
278 742
278 22
807 739
807 96
807 712
123 78
123 766
123 614
5 145
5 233
5 311
468 701
468 860
468 558
495 393
495 453
495 705
64 96
64 781
64 198
450 816
450 466
450 280
626 696
626 500
396 258
396 783
655 706
655 378
655 793
143 909
143 380
143 798
120 618
120 654
120 983
571 291
571 614
571 663
402 651
402 301
402 417
319 391
319 458
319 763
780 770
780 306
780 67
259 432
259 934
915 90
915 569
915 494
81 753
81 709
81 623
234 317
234 180
234 742
0 936
0 189
920 719
920 180
920 317
304 342
304 686
304 730
428 38
428 910
428 167
661 268
661 331
661 335
223 405
223 829
223 943
576 529
576 473
576 216
743 118
743 25
743 260
171 940
171 546
171 224
675 47
675 879
675 619
685 905
685 369
685 383
662 115
662 449
662 362
916 588
916 567
691 882
691 181
691 951
809 369
809 487
809 271
958 210
958 92
958 878
844 974
844 269
844 627
265 93
265 22
265 138
162 414
162 363
465 269
465 728
465 772
139 275
139 491
139 797
332 970
332 589
332 792
178 57
178 539
178 261
409 820
409 847
522 56
522 787
522 867
893 16
893 823
893 517
687 674
687 914
687 365
960 213
960 102
960 772
598 411
598 984
598 499
622 37
622 452
729 126
729 715
729 241
813 437
813 903
488 352
488 157
488 861
607 321
607 220
607 694
453 705
453 393
649 435
649 511
649 373
203 818
203 993
203 348
808 789
808 647
808 191
962 654
962 14
962 618
212 29
212 196
212 974
708 357
708 356
708 940
224 546
224 940
533 521
533 313
533 579
263 689
263 63
263 987
610 558
610 957
610 930
683 838
683 929
683 340
172 692
172 975
751 141
751 987
616 271
616 600
616 487
429 521
429 313
429 489
642 869
642 94
642 305
756 338
756 202
756 595
78 614
78 766
564 290
564 944
221 378
221 228
307 441
307 634
309 717
309 146
309 167
353 222
353 442
168 32
168 976
168 242
722 871
722 442
722 670
108 802
108 873
108 565
52 489
52 748
547 391
547 929
11 250
11 124
11 441
366 367
366 969
366 389
613 311
613 693
613 918
700 750
700 116
945 744
945 653
945 186
985 512
985 266
537 637
537 41
537 285
826 277
826 838
826 340
283 530
283 289
283 665
601 337
601 107
601 189
777 829
777 24
777 528
85 9
85 509
845 699
845 669
70 854
70 671
70 368
982 359
982 100
982 17
144 806
144 572
740 498
740 329
925 919
925 457
241 715
241 126
949 612
949 964
949 623
79 467
79 290
79 19
133 851
133 643
133 101
375 118
375 792
436 73
436 635
436 566
779 432
779 625
779 665
201 443
201 948
201 550
504 458
504 507
523 629
523 948
523 411
165 736
165 325
165 169
887 933
887 132
994 839
994 373
617 109
617 72
976 242
976 32
235 296
235 244
645 705
645 787
645 56
714 47
714 321
23 525
23 927
762 380
762 420
762 939
267 496
267 670
267 871
979 679
979 463
979 333
28 507
28 984
28 499
59 727
59 113
632 147
632 728
991 914
991 297
991 365
566 635
566 73
637 41
637 285
672 404
672 723
884 57
884 18
884 519
383 369
383 905
781 198
781 96
256 911
256 330
256 395
560 600
560 802
478 852
478 385
478 355
36 657
36 231
822 183
822 990
822 386
156 493
156 430
156 922
738 644
738 430
360 157
360 130
653 186
653 744
446 551
446 316
842 419
842 46
842 243
585 573
585 895
628 305
628 824
122 367
122 969
122 919
786 137
786 99
786 12
514 129
514 134
514 110
13 110
13 760
322 744
322 250
322 124
182 346
182 682
182 417
359 226
359 486
548 475
548 583
745 20
745 568
128 277
128 427
909 380
909 798
989 341
989 200
99 12
99 137
541 21
541 419
541 243
562 526
562 602
562 482
197 882
197 899
376 48
376 502
611 767
611 950
627 269
627 974
544 694
544 534
832 569
832 650
10 104
10 183
444 496
444 87
444 33
485 253
485 343
737 631
737 656
127 388
127 125
400 136
400 689
400 301
773 179
773 776
377 16
377 819
174 109
174 870
174 164
926 888
926 464
575 6
575 264
941 440
941 211
941 857
257 374
257 460
257 327
286 93
286 276
286 868
501 534
501 730
501 342
912 159
912 998
912 760
860 701
860 558
213 102
213 772
216 529
216 473
702 748
702 818
702 348
45 226
45 911
300 175
300 923
300 753
858 326
858 389
327 374
327 460
466 816
405 829
405 943
651 417
651 864
670 871
805 63
805 184
248 977
248 827
667 297
667 449
261 539
261 57
368 671
368 854
769 889
769 629
608 131
608 89
668 491
668 797
668 509
27 190
27 456
66 798
66 561
66 349
92 210
92 878
44 310
44 559
55 486
55 799
923 175
18 519
218 725
86 633
86 778
86 114
273 470
273 394
810 364
810 229
527 811
527 275
918 311
918 693
775 88
775 200
38 910
38 167
992 426
992 719
202 595
904 625
904 21
303 206
593 946
593 736
543 800
33 87
25 260
356 357
250 124
630 454
630 921
511 435
382 119
513 103
513 484
711 603
711 252
990 386
19 467
19 883
955 666
20 568
342 730
971 646
971 855
788 438
908 825
908 883
232 952
367 969
641 731
709 623
709 753
328 515
654 618
828 191
828 928
959 999
69 161
403 555
440 211
440 857
984 499
149 954
114 633
114 778
181 951
289 530
315 716
317 180
589 970
676 219
659 688
659 636
351 142
395 330
650 569
561 349
240 358
298 245
853 972
271 487
939 420
46 878
145 233
957 930
29 196
621 399
284 866
94 869
40 983
40 993
873 565
793 706
7 434
948 411
370 674
370 15
771 160
281 556
922 493
187 591
24 528
134 129
947 804
947 117
348 818
914 365
76 710
340 838
864 681
306 770
379 314
17 100
65 410
292 981
978 154
517 823
538 835
90 494
861 352
56 787
276 868
74 170
268 335
268 331
713 973
107 337
243 419
423 747
302 963
313 521
416 384
295 734
797 491
355 385
333 463
270 215
152 586
255 381
443 550
964 612
870 164
647 789
346 682
3 755
526 482
785 907
272 407
159 998
863 553
803 508
22 138
461 185
325 169
362 115
291 663
136 301
225 596
931 966
796 794
643 101
712 739
