317 420
317 884
317 147
579 215
579 854
579 555
211 36
211 804
211 434
332 748
332 765
332 813
207 648
207 649
207 498
856 733
856 920
856 626
584 138
584 647
584 975
959 395
959 216
959 283
199 562
199 631
199 321
888 583
888 409
888 228
657 470
657 740
657 966
683 285
683 742
683 784
504 511
504 942
504 54
935 377
935 928
935 31
208 0
208 613
208 300
564 937
564 479
564 204
830 436
830 421
830 820
876 609
876 260
876 226
221 643
221 68
221 871
503 507
503 462
503 674
672 744
672 61
672 641
784 367
784 257
191 179
191 645
191 940
331 670
331 862
331 91
275 653
275 422
275 911
330 201
330 700
330 846
264 645
264 944
264 322
320 498
320 769
320 173
629 137
629 991
629 915
678 810
678 916
678 87
325 614
325 560
325 258
861 946
861 29
861 92
694 915
694 687
694 467
807 170
807 719
807 0
114 753
114 319
114 645
906 271
906 323
906 521
684 375
684 273
684 340
879 120
879 728
879 840
515 404
515 165
515 543
841 819
841 685
841 957
112 122
112 67
112 769
344 27
344 238
344 970
844 62
844 218
844 702
873 969
873 801
873 744
380 533
380 958
380 127
918 619
918 971
918 982
69 925
69 909
69 502
573 653
573 649
573 311
390 110
390 968
390 231
782 917
782 701
782 608
423 774
423 361
423 212
730 519
730 826
730 932
335 142
335 216
335 870
995 966
995 688
995 833
431 486
431 882
431 913
554 977
554 556
554 735
72 239
72 531
72 805
801 337
801 514
746 770
746 652
746 28
831 623
831 14
831 589
590 690
590 530
590 460
689 847
689 736
689 662
971 909
971 919
22 283
22 55
22 696
391 193
391 719
391 74
396 893
396 997
396 979
718 619
718 632
718 615
248 491
248 81
248 105
240 557
240 511
240 813
241 181
241 913
241 819
598 829
598 529
598 460
652 961
652 710
680 633
680 439
680 214
708 357
708 953
708 53
840 516
840 353
32 333
32 761
32 638
477 702
477 273
477 494
24 301
24 822
24 547
473 19
473 105
473 834
497 347
497 670
497 510
922 771
922 892
922 716
75 677
75 336
75 192
176 692
176 924
176 329
836 49
836 144
836 810
483 814
483 455
483 347
758 986
758 731
758 169
628 602
628 767
628 57
996 253
996 59
996 282
106 748
106 405
106 951
362 458
362 608
362 343
550 472
550 93
550 287
933 117
933 180
933 790
609 886
609 481
839 687
839 153
839 19
281 141
281 274
281 116
479 651
479 976
688 162
688 660
903 73
903 787
903 846
506 255
506 308
506 798
597 411
597 583
597 721
249 786
249 111
249 571
941 283
941 803
941 257
131 775
131 407
131 805
311 948
311 814
178 452
178 386
178 116
243 161
243 710
243 908
202 461
202 947
202 487
600 601
600 692
600 644
795 101
795 98
795 263
965 561
965 466
965 427
65 296
65 860
65 411
860 942
860 468
144 33
144 656
775 321
775 356
426 659
426 58
426 766
610 355
610 834
610 10
402 575
402 440
402 250
890 66
890 619
890 939
209 193
209 19
209 580
761 457
761 5
686 299
686 180
686 420
914 955
914 896
914 729
493 253
493 878
493 392
785 91
785 563
785 787
172 412
172 846
172 737
284 705
284 974
284 205
456 667
456 627
456 788
866 792
866 306
866 181
676 129
676 990
676 198
403 958
403 416
403 318
482 113
482 430
482 925
133 422
133 979
133 242
743 291
743 445
743 551
342 845
342 219
342 594
508 917
508 100
508 968
217 12
217 781
217 257
593 945
593 323
593 495
578 12
578 900
578 666
410 447
410 196
410 490
642 76
642 87
642 61
302 143
302 751
302 316
929 788
929 424
929 62
409 334
409 700
763 298
763 956
763 448
363 318
363 119
363 648
567 252
567 294
567 292
201 222
201 74
734 706
734 832
734 571
895 505
895 717
895 781
665 4
665 916
665 885
868 500
868 556
868 49
31 587
31 930
322 82
322 398
315 944
315 931
315 960
984 407
984 489
984 338
756 811
756 621
756 825
992 898
992 233
992 162
661 788
661 171
661 712
983 424
983 907
983 17
465 530
465 164
465 271
928 219
928 418
577 269
577 932
577 813
611 632
611 279
611 847
93 618
93 149
827 36
827 512
827 274
129 254
129 545
341 963
341 755
341 308
18 669
18 546
18 824
489 754
489 892
5 44
5 486
305 416
305 45
305 630
94 778
94 9
94 35
908 484
908 675
247 580
247 328
247 719
23 502
23 624
23 229
704 973
704 779
704 326
234 907
234 740
234 527
250 349
250 301
53 439
53 594
505 376
505 45
749 84
749 467
749 224
46 200
46 197
46 488
55 357
55 617
994 103
994 921
994 753
77 245
77 491
77 86
945 244
945 159
237 49
237 632
237 835
525 635
525 862
525 869
852 946
852 572
852 386
127 147
127 849
542 942
542 89
542 920
28 393
28 570
387 289
387 239
387 486
51 314
51 287
51 620
224 620
224 474
707 871
707 263
707 195
572 253
572 754
636 988
636 982
636 949
522 696
522 487
522 980
815 741
815 563
815 602
151 59
151 89
151 615
722 163
722 159
722 413
1 58
1 327
1 336
963 574
963 303
747 569
747 416
747 551
789 462
789 741
789 111
97 823
97 300
97 947
378 972
378 851
378 934
10 468
10 16
230 220
230 778
230 810
501 729
501 940
501 745
770 140
770 968
772 823
772 663
772 67
38 920
38 439
38 612
823 463
441 616
441 568
441 960
453 225
453 990
453 816
89 520
639 664
639 538
639 877
80 705
80 458
80 691
819 986
624 259
624 160
803 656
803 943
92 394
92 738
421 338
421 637
272 603
272 496
272 339
500 725
500 398
889 261
889 867
889 603
313 492
313 469
313 367
654 81
654 681
654 350
66 8
66 699
368 6
368 9
368 985
603 175
981 6
981 115
981 551
48 668
48 904
48 120
993 448
993 73
993 232
252 353
252 668
414 519
414 404
414 697
535 268
535 565
535 973
739 491
739 625
739 566
290 34
290 415
290 204
382 450
382 900
382 880
401 452
401 54
401 799
744 212
602 88
170 858
170 374
582 78
582 748
582 29
373 911
373 821
373 265
223 651
223 425
223 203
328 196
328 907
314 656
314 617
446 282
446 793
446 39
183 126
183 13
183 808
557 771
557 682
777 481
777 592
777 685
887 605
887 835
887 650
427 85
427 671
917 948
145 57
145 958
145 646
939 84
939 733
333 388
333 910
352 463
352 354
352 384
324 238
324 622
324 853
532 165
532 429
532 57
52 524
52 562
52 904
976 553
976 85
594 256
621 548
621 113
137 244
137 800
562 110
544 899
544 872
544 193
800 71
800 553
406 393
406 607
406 262
570 267
570 312
811 15
811 371
884 834
884 118
326 329
326 164
843 186
843 279
843 412
102 361
102 787
102 872
195 198
195 751
863 855
863 714
863 509
931 21
931 408
595 894
595 673
595 289
851 612
851 88
277 171
277 583
277 360
312 490
312 924
14 122
14 865
576 970
576 666
576 56
518 12
518 524
518 816
869 41
869 293
459 408
459 180
459 825
369 701
369 30
369 218
660 464
660 84
695 7
695 663
695 130
850 432
850 337
850 445
475 496
475 0
475 833
943 123
943 70
690 539
690 537
751 926
940 538
200 449
200 905
26 340
26 627
26 364
443 16
443 967
443 791
587 115
587 285
50 8
50 950
50 87
921 437
921 606
875 947
875 29
875 613
626 42
626 68
442 34
442 944
442 478
478 531
478 585
892 95
280 417
280 348
280 726
336 855
255 847
255 633
43 346
43 445
43 898
472 736
472 604
167 351
167 560
167 25
953 581
953 413
139 383
139 754
139 896
417 438
417 699
826 128
826 540
975 236
975 987
166 614
166 533
166 559
307 757
307 286
307 950
675 703
675 638
957 100
957 938
150 566
150 163
150 400
119 880
119 794
125 980
125 961
125 455
411 997
187 375
187 407
187 977
206 545
206 376
206 60
71 669
71 842
440 891
440 258
664 658
664 634
954 712
954 822
954 41
210 273
210 765
210 132
225 605
225 126
306 259
306 155
115 276
864 299
864 604
864 360
956 415
956 121
297 117
297 67
297 47
149 806
149 310
36 433
11 605
11 818
11 124
631 436
631 950
339 40
339 773
725 39
725 484
44 870
44 265
399 73
399 526
399 617
350 370
350 517
771 716
356 766
356 974
854 266
854 436
644 61
644 124
96 905
96 294
96 413
523 384
523 175
523 161
927 783
927 790
927 485
156 60
156 154
156 520
496 622
774 361
774 435
724 599
724 158
724 398
454 776
454 103
454 714
949 585
949 358
634 899
634 370
916 585
735 912
735 245
400 232
400 821
569 768
569 47
37 531
37 375
37 925
517 589
517 527
877 289
877 538
480 898
480 641
480 179
714 140
45 757
377 487
377 447
450 897
450 222
691 679
691 653
385 476
385 566
385 970
561 829
561 547
81 930
973 4
70 731
70 737
177 8
177 985
177 824
153 259
153 858
849 157
849 256
169 848
169 76
448 239
47 58
422 546
21 697
21 911
141 27
141 728
215 934
215 529
337 258
526 82
526 817
304 700
304 238
304 596
349 698
349 288
100 764
699 809
516 435
516 738
528 268
528 301
528 681
488 197
488 279
227 713
227 160
227 15
245 591
266 555
266 3
767 267
767 460
74 95
188 437
188 988
188 601
926 778
926 893
42 723
42 319
357 309
117 804
271 902
298 485
298 885
148 334
148 469
148 521
685 254
524 383
671 194
671 291
793 808
793 713
964 269
964 384
964 759
659 960
659 607
220 962
220 158
484 292
625 359
625 913
798 987
798 710
168 83
168 670
168 218
293 321
293 108
268 575
244 601
697 295
607 760
937 568
937 104
723 229
723 513
817 530
817 537
358 752
358 648
575 6
529 513
951 103
951 474
886 353
886 948
316 372
316 203
303 231
303 274
495 118
495 962
95 713
466 30
466 779
13 732
13 370
433 449
433 967
581 635
581 345
546 464
896 160
736 340
464 588
161 471
235 101
235 393
235 709
481 838
389 367
389 79
389 897
835 650
891 287
891 901
759 452
759 536
791 549
791 395
111 842
773 130
773 541
296 267
296 938
842 309
118 729
882 716
882 99
765 214
721 936
721 728
990 666
434 265
434 476
706 157
706 355
514 510
514 79
658 108
658 276
381 282
381 3
381 521
548 386
548 288
547 232
203 687
254 346
155 549
155 717
768 128
768 494
408 848
543 348
543 969
833 419
270 15
270 533
270 379
838 655
838 946
109 606
109 885
109 780
741 655
278 142
278 485
278 461
662 663
662 154
871 796
727 540
727 121
727 128
790 783
979 894
428 16
428 2
428 797
855 702
365 39
365 262
365 640
910 998
910 364
418 182
418 709
998 901
998 859
919 182
919 82
288 498
720 905
720 90
720 184
458 152
606 20
705 198
25 189
25 900
755 962
755 502
412 310
309 147
711 204
711 474
711 837
822 745
651 802
175 269
586 750
586 703
586 796
647 845
647 520
563 499
780 429
780 388
649 799
703 146
857 360
857 726
857 261
997 186
189 848
189 534
136 299
136 643
136 545
862 622
932 820
752 955
752 113
17 674
17 449
468 812
260 640
260 376
490 292
121 878
91 457
986 732
589 874
643 35
236 733
236 874
451 447
451 786
451 934
858 251
438 162
438 701
510 424
146 76
146 405
812 348
812 828
327 553
327 164
985 374
351 991
351 372
627 682
214 56
608 184
79 366
698 618
698 419
229 513
181 974
565 612
565 343
878 539
558 853
558 343
558 679
897 599
132 527
132 783
633 616
571 902
872 635
41 64
792 194
792 345
415 776
107 20
107 592
107 989
737 455
806 539
806 222
7 64
7 494
54 294
395 760
646 63
646 263
205 122
205 829
134 923
134 552
134 359
90 549
90 799
540 470
899 295
345 865
537 820
936 318
936 859
618 883
364 405
158 989
832 470
832 68
457 163
655 591
740 966
818 355
818 630
883 693
883 762
174 354
174 909
174 83
781 924
404 596
185 154
185 62
185 797
580 499
242 159
242 33
952 33
952 469
952 881
444 397
444 637
444 961
641 955
105 425
359 923
108 40
246 742
246 308
246 901
261 182
184 999
286 681
286 828
596 394
124 969
967 536
130 104
989 463
894 40
786 346
668 620
186 300
745 334
560 219
437 669
420 682
9 650
568 366
432 388
432 371
769 142
291 152
392 216
392 59
98 616
98 123
194 157
588 630
588 726
171 867
379 471
379 912
757 467
310 383
821 179
509 881
509 738
988 750
2 374
2 750
397 693
397 991
599 825
881 978
372 837
715 673
715 938
715 696
742 824
394 541
816 135
135 190
135 251
880 138
614 559
4 366
541 143
808 78
116 228
623 972
623 762
732 101
870 534
123 276
762 674
471 978
256 56
78 323
519 592
499 197
511 120
173 673
173 764
987 226
805 794
972 507
251 99
915 853
165 591
912 492
104 430
640 613
731 802
190 60
190 999
796 893
552 86
552 923
295 604
559 667
354 83
766 63
262 574
140 347
764 999
152 709
638 63
233 794
233 20
231 679
574 213
555 867
760 3
637 338
802 425
902 461
667 228
809 534
809 980
110 717
874 753
982 814
212 837
192 85
192 615
677 693
677 285
99 712
692 64
779 226
371 492
213 419
213 556
462 507
34 30
435 86
319 88
536 329
429 978
904 196
35 430
776 828
512 865
512 476
138 804
977 143
845 930
27 797
859 126
