91 408
91 985
91 708
91 90
416 795
416 215
416 966
416 75
184 347
184 373
184 908
184 793
315 820
315 388
315 393
315 450
462 448
462 222
462 557
462 13
588 934
588 834
588 747
588 20
113 84
113 714
113 914
113 435
291 819
291 366
291 94
291 983
176 119
176 648
176 191
176 657
905 195
905 872
905 523
905 9
135 61
135 14
135 937
135 23
458 98
458 818
458 253
458 939
208 492
208 665
208 845
208 546
528 898
528 88
528 237
528 595
187 51
187 290
187 859
187 529
505 490
505 775
505 74
505 54
532 775
532 660
532 125
532 9
768 526
768 18
768 186
768 345
852 638
852 173
852 479
852 312
895 705
895 269
895 656
895 219
336 268
336 290
336 928
336 244
713 623
713 637
713 830
713 670
281 164
281 387
281 961
281 792
777 661
777 875
777 358
777 129
33 192
33 831
33 355
33 102
712 865
712 372
712 467
712 522
963 457
963 591
963 537
963 931
991 744
991 512
991 11
991 645
16 772
16 956
16 558
16 295
214 77
214 67
214 831
214 345
180 262
180 958
180 844
180 39
731 797
731 732
731 929
731 407
165 874
165 510
165 249
165 613
602 356
602 215
602 576
602 309
420 183
420 897
420 886
420 766
323 798
323 912
323 210
323 44
779 880
779 730
779 249
779 947
445 354
445 590
445 515
445 828
476 795
476 195
476 968
476 850
694 377
694 490
694 791
694 886
951 709
951 856
951 830
951 100
547 901
547 612
547 666
547 874
789 530
789 557
789 817
789 222
559 269
559 896
559 393
559 182
763 74
763 407
763 953
763 422
68 556
68 84
68 853
68 194
525 793
525 549
525 550
525 807
127 650
127 881
127 324
127 824
431 680
431 39
431 551
431 311
81 999
81 307
81 337
81 493
235 987
235 86
235 536
235 359
833 977
833 809
833 917
833 494
640 809
640 935
640 67
640 196
836 699
836 910
836 766
836 483
318 550
318 53
318 791
318 530
822 988
822 866
822 138
822 767
245 49
245 404
245 923
245 175
572 27
572 944
572 932
572 708
155 396
155 875
155 527
155 434
535 673
535 990
535 383
535 396
117 511
117 654
117 161
117 410
917 494
917 193
917 977
71 853
71 805
71 862
71 495
163 531
163 939
163 684
163 403
468 736
468 234
468 404
468 563
882 518
882 18
882 661
882 678
498 11
498 116
498 566
498 925
608 850
608 259
608 475
608 439
38 478
38 516
38 302
38 377
889 790
889 393
889 219
889 267
740 818
740 516
740 755
740 685
815 706
815 391
815 664
815 114
4 154
4 48
4 76
4 569
338 728
338 433
338 32
338 168
108 953
108 816
108 526
108 223
166 793
166 313
166 114
166 811
500 691
500 563
500 266
500 304
690 240
690 727
690 236
690 591
599 579
599 247
599 384
599 212
812 585
812 41
812 687
812 128
369 856
369 211
369 435
369 709
615 164
615 258
615 622
615 966
264 455
264 360
264 378
264 249
333 639
333 273
333 617
333 625
321 107
321 985
321 793
321 29
724 597
724 855
724 569
724 807
887 841
887 733
887 564
887 0
955 234
955 747
955 772
955 666
425 671
425 362
425 622
425 45
781 970
781 317
781 199
781 884
131 474
131 994
131 540
131 683
334 816
334 428
334 904
334 526
255 645
255 359
255 898
255 497
715 932
715 737
715 624
715 238
582 126
582 387
582 99
582 51
30 456
30 122
30 58
30 337
776 90
776 374
776 849
776 650
984 792
984 191
984 119
984 177
452 678
452 160
452 514
452 747
770 972
770 225
770 456
770 300
339 787
339 83
339 696
339 868
297 313
297 76
297 803
297 110
753 677
753 879
753 771
753 997
726 604
726 95
726 597
726 185
750 827
750 721
750 653
750 533
823 727
823 553
823 455
823 473
948 228
948 545
948 241
948 814
209 55
209 592
209 911
209 579
231 958
231 512
231 350
231 901
567 479
567 611
567 584
567 375
842 203
842 954
842 483
842 744
17 488
17 784
17 192
17 508
326 387
326 876
326 486
326 673
63 884
63 661
63 388
63 762
293 99
293 920
293 807
293 585
260 306
260 552
260 727
260 576
950 275
950 966
950 473
950 981
101 263
101 562
101 160
101 575
548 367
548 105
548 706
548 288
648 119
648 76
648 657
946 584
946 62
946 152
946 308
417 613
417 400
417 310
417 783
524 988
524 328
524 28
524 848
651 121
651 401
651 541
651 285
189 495
189 384
189 914
189 256
252 517
252 922
252 309
252 653
10 239
10 959
10 975
10 89
924 751
924 575
924 442
924 538
270 787
270 931
270 625
270 28
31 378
31 306
31 159
31 878
489 42
489 839
489 58
489 356
501 304
501 987
501 446
501 482
957 641
957 660
957 719
957 908
477 591
477 103
477 570
477 250
804 864
804 461
804 508
804 935
402 422
402 513
402 956
402 975
481 374
481 327
481 981
481 207
382 308
382 51
382 759
382 716
423 790
423 575
423 99
423 909
279 999
279 456
279 32
279 886
676 492
676 656
676 266
676 907
1 720
1 618
1 649
1 981
57 347
57 909
57 482
57 762
133 880
133 601
133 609
133 939
213 576
213 736
213 799
213 643
47 294
47 732
47 607
47 193
927 985
927 221
927 199
927 930
606 677
606 54
606 46
606 933
662 429
662 506
662 3
662 314
52 634
52 670
52 116
52 678
139 975
139 181
139 414
139 773
64 414
64 316
64 405
64 49
162 790
162 106
162 605
162 805
276 943
276 298
276 704
276 723
220 553
220 473
220 104
220 480
891 990
891 983
891 849
891 549
227 563
227 434
227 865
227 280
226 521
226 621
226 846
226 616
971 103
971 242
971 708
971 107
15 958
15 352
15 826
15 246
342 916
342 203
342 717
342 734
741 596
741 156
741 693
741 410
65 795
65 945
65 443
65 77
150 374
150 284
150 345
150 60
832 691
832 664
832 78
832 364
320 134
320 735
320 729
320 436
340 518
340 42
340 660
340 953
96 755
96 685
96 146
96 516
861 455
861 805
861 164
861 207
786 115
786 654
786 614
786 827
73 687
73 380
73 172
73 609
319 632
319 28
319 307
319 952
361 136
361 392
361 22
361 412
860 389
860 97
860 802
860 796
964 972
964 975
964 761
964 399
659 967
659 218
659 435
659 219
794 256
794 586
794 518
794 362
87 826
87 890
87 568
87 921
748 367
748 307
748 892
748 422
725 448
725 949
725 749
725 70
739 612
739 191
739 714
739 530
555 863
555 995
555 650
555 705
274 880
274 617
274 611
274 218
574 519
574 637
574 239
574 152
265 93
265 301
265 767
265 407
754 349
754 947
754 411
754 596
554 159
554 267
554 80
554 299
628 997
628 112
628 100
628 893
484 686
484 215
484 236
484 20
978 355
978 7
978 301
978 428
697 596
697 550
697 813
697 634
942 451
942 25
942 826
942 278
85 703
85 772
85 558
85 60
573 59
573 968
573 466
573 586
906 422
906 27
906 932
906 504
69 181
69 177
69 941
69 495
325 345
325 840
325 109
325 353
517 309
517 884
517 236
56 598
56 183
56 858
56 521
243 970
243 461
243 443
243 707
454 810
454 136
454 885
454 514
701 441
701 200
701 8
701 668
137 635
137 242
137 716
137 446
365 114
365 360
365 523
365 840
589 759
589 847
589 705
589 246
626 438
626 560
626 778
626 503
630 855
630 738
630 620
630 169
132 997
132 839
132 112
132 182
636 751
636 665
636 327
636 987
629 673
629 61
629 3
629 901
900 808
900 373
900 761
900 374
758 482
758 518
758 122
758 337
419 791
419 53
419 450
419 619
681 619
681 864
681 915
681 439
292 302
292 78
292 278
292 102
470 529
470 803
470 866
470 216
912 44
912 18
912 798
418 800
418 638
418 327
418 663
722 916
722 102
722 643
722 401
43 24
43 383
43 717
43 868
430 658
430 944
430 145
430 50
390 128
390 638
390 352
390 195
474 683
474 994
474 540
385 654
385 285
385 669
385 998
395 610
395 398
395 598
395 976
757 935
757 21
757 787
757 850
941 177
941 661
941 181
449 883
449 224
449 513
449 46
825 97
825 996
825 992
825 653
62 183
62 308
62 152
565 552
565 460
565 558
565 263
773 181
773 876
773 766
806 870
806 996
806 837
806 392
157 72
157 797
157 106
157 289
537 931
537 540
537 27
542 989
542 483
542 945
542 388
873 173
873 623
873 6
873 585
421 216
421 283
421 301
421 7
583 969
583 271
583 810
583 981
534 671
534 343
534 335
534 940
464 12
464 34
464 533
464 578
581 721
581 743
581 496
581 22
894 961
894 633
894 892
894 654
330 242
330 552
330 513
330 254
843 845
843 797
843 387
843 635
986 760
986 874
986 18
986 669
929 391
929 792
929 645
844 899
844 838
844 178
413 55
413 277
413 592
413 911
764 74
764 76
764 396
764 953
507 358
507 511
507 129
507 749
171 82
171 586
171 316
171 921
593 206
593 344
593 499
593 641
371 716
371 995
371 621
371 769
618 649
618 720
618 730
520 990
520 840
520 872
520 512
376 811
376 170
376 109
376 348
733 0
733 564
733 841
26 881
26 710
26 284
26 813
992 983
992 819
992 97
151 603
151 25
151 123
151 316
788 352
788 280
788 839
788 902
459 391
459 667
459 851
459 566
587 631
587 954
587 693
587 271
37 493
37 504
37 103
37 142
969 349
969 862
969 98
118 42
118 765
118 700
118 635
702 982
702 631
702 406
702 217
904 83
904 667
904 140
973 324
973 584
973 657
973 914
144 584
144 466
144 32
144 736
202 357
202 116
202 197
202 711
277 102
277 41
277 944
960 379
960 710
960 442
960 857
869 223
869 577
869 632
869 867
341 490
341 839
341 280
341 75
303 322
303 667
303 539
303 830
460 898
460 558
460 854
158 186
158 366
158 48
158 392
896 393
896 269
896 182
700 42
700 623
700 635
919 923
919 240
919 538
919 78
799 699
799 668
799 23
66 627
66 767
66 632
66 867
669 656
669 998
198 104
198 409
198 879
198 735
174 90
174 928
174 268
174 244
580 224
580 78
580 121
580 46
105 838
105 229
105 288
746 819
746 673
746 192
746 996
647 223
647 461
647 597
647 67
800 21
800 638
800 717
153 752
153 397
153 77
153 368
902 207
902 347
902 280
35 34
35 876
35 466
35 685
272 998
272 224
272 890
272 760
82 97
82 94
82 586
204 75
204 219
204 143
204 876
24 868
24 696
24 218
937 84
937 29
937 944
298 943
298 469
298 723
502 179
502 820
502 23
502 716
311 974
311 551
311 680
441 8
441 668
441 200
126 313
126 961
126 828
652 679
652 874
652 958
652 952
930 221
930 544
930 824
980 732
980 110
980 294
980 88
147 543
147 111
147 627
147 392
745 979
745 922
745 765
745 577
403 684
403 259
403 531
688 916
688 250
688 453
688 282
394 424
394 201
394 332
394 107
903 262
903 106
903 760
903 263
967 305
967 190
967 283
229 100
229 947
229 575
910 987
910 699
910 516
837 545
837 996
837 568
370 120
370 278
370 936
370 415
769 112
769 254
769 995
2 617
2 853
2 116
2 639
193 494
193 977
130 831
130 58
130 867
130 210
644 160
644 141
644 259
644 240
36 845
36 639
36 28
36 482
600 714
600 675
600 216
600 142
344 206
344 641
344 499
487 285
487 258
487 251
487 646
261 756
261 440
261 383
261 205
718 197
718 631
718 190
718 664
386 760
386 329
386 926
386 257
329 926
329 858
329 13
444 248
444 479
444 80
444 780
749 129
749 358
328 533
328 848
328 666
872 523
872 663
594 5
594 834
594 607
594 968
353 29
353 304
353 999
485 79
485 682
485 465
485 233
993 307
993 379
993 940
993 465
614 827
614 916
614 115
878 585
878 306
878 159
447 990
447 504
447 22
447 830
472 954
472 677
472 744
472 128
251 210
251 646
251 258
646 258
646 931
397 253
397 752
397 368
471 192
471 956
471 439
471 9
145 658
145 50
145 854
50 658
50 854
247 107
247 579
247 212
780 164
780 664
780 80
288 566
288 367
829 771
829 99
829 70
829 391
122 58
122 337
680 519
680 551
782 922
782 926
782 275
782 60
40 149
40 859
40 766
40 486
346 989
346 363
346 483
346 612
510 563
510 234
510 918
296 6
296 427
296 774
296 188
918 972
918 802
918 590
380 172
380 885
380 687
703 124
703 933
703 59
432 881
432 883
432 203
432 20
433 89
433 979
433 168
273 810
273 350
273 639
934 114
934 692
934 446
506 125
506 314
506 429
491 437
491 286
491 787
491 570
784 77
784 508
784 488
503 560
503 39
503 778
426 675
426 256
426 949
426 90
801 879
801 384
801 886
801 409
364 691
364 871
364 863
679 383
679 513
679 728
141 262
141 240
141 194
936 120
936 415
936 497
282 59
282 250
282 453
149 859
149 562
149 233
373 761
373 808
913 914
913 672
913 705
913 707
154 48
154 156
154 569
317 970
317 199
317 884
257 246
257 324
257 86
738 620
738 169
738 855
729 134
729 735
729 436
813 596
813 550
412 11
412 312
412 136
877 577
877 175
877 407
877 124
742 848
742 523
742 348
742 170
752 253
752 368
287 938
287 148
287 695
287 888
437 286
437 570
437 435
237 88
237 185
237 595
845 546
343 335
343 940
343 410
863 691
863 411
605 962
605 689
605 711
519 637
519 239
562 168
562 233
821 747
821 499
821 262
821 267
167 631
167 469
167 210
167 862
515 590
515 354
515 115
463 14
463 655
463 351
463 232
140 34
140 667
140 12
541 675
541 401
541 795
79 233
79 465
79 682
938 695
938 888
938 148
14 655
14 351
314 125
314 429
710 185
710 796
925 551
925 798
925 966
994 540
994 683
609 974
609 148
357 711
357 826
357 197
496 511
496 743
496 765
571 72
571 289
571 674
571 100
847 111
847 841
847 246
268 928
268 244
299 831
299 409
299 267
19 634
19 363
19 475
19 670
170 348
170 811
59 225
457 591
457 120
457 576
488 94
488 508
5 607
5 436
5 834
965 406
965 217
965 285
965 982
415 120
415 278
720 649
720 730
286 570
286 312
835 186
835 809
835 366
835 121
851 146
851 225
851 566
12 34
12 578
897 499
897 54
897 871
228 196
228 241
228 814
188 493
188 427
188 774
305 909
305 762
305 173
692 775
692 398
692 446
467 356
467 372
467 522
888 378
888 695
907 322
907 539
907 451
817 266
817 557
817 222
217 406
217 982
531 684
531 682
494 977
707 160
707 443
943 723
943 469
560 778
560 438
743 275
743 259
862 853
3 759
3 901
211 850
211 709
211 856
674 72
674 355
674 289
178 952
178 124
178 899
411 290
411 253
619 915
619 864
399 870
399 331
399 601
6 51
6 623
161 511
161 642
161 350
32 466
70 771
70 451
201 424
201 375
201 332
880 249
696 622
696 868
988 866
988 138
230 121
230 892
230 734
230 949
665 492
665 546
985 29
372 522
372 865
785 48
785 622
785 578
785 143
538 871
538 751
256 949
704 283
704 643
704 920
849 83
849 658
381 212
381 448
381 893
381 45
93 448
93 656
93 858
0 564
0 509
95 604
95 322
95 979
796 945
796 543
332 424
332 89
568 890
568 797
641 206
377 302
377 478
719 775
719 908
719 774
238 561
238 624
238 737
561 737
561 156
561 624
624 737
920 974
920 175
514 682
514 136
865 522
248 80
248 218
248 92
143 39
143 859
408 20
408 751
408 708
689 962
689 711
689 190
698 205
698 756
698 440
698 549
881 443
962 915
962 999
310 400
310 783
310 613
197 675
363 989
363 893
312 479
976 398
976 610
976 598
389 848
389 885
389 802
442 857
442 379
480 284
480 734
480 998
190 908
870 601
870 331
899 672
899 838
224 46
225 146
529 216
529 94
601 331
92 783
92 706
92 400
864 915
536 497
536 86
536 359
300 173
300 456
300 727
375 611
375 424
232 351
232 921
232 655
579 613
961 313
922 60
509 455
509 360
509 478
744 954
111 627
111 543
820 179
820 816
254 552
254 939
603 175
603 123
603 25
959 643
959 89
959 693
805 495
86 616
546 492
7 301
7 61
109 840
109 612
486 177
486 706
335 671
335 940
595 88
595 898
592 911
592 55
269 182
883 283
883 156
195 9
469 723
625 857
625 617
98 989
98 818
655 351
695 148
544 221
544 824
544 926
678 767
349 947
349 236
359 497
734 203
67 699
212 893
475 439
475 271
366 186
798 44
207 327
396 61
450 633
450 304
890 921
642 527
642 686
642 350
818 427
398 610
866 138
828 354
828 714
271 974
194 556
194 234
434 875
434 527
400 783
543 627
172 687
172 693
266 672
598 610
932 27
792 556
620 169
620 855
807 569
354 590
294 732
294 110
867 632
545 490
545 83
633 892
633 13
106 790
803 54
803 21
928 244
765 331
169 721
527 875
239 637
428 410
428 355
578 533
199 970
526 816
8 668
8 200
453 250
453 123
671 21
478 367
952 206
808 362
808 761
222 557
653 721
549 295
762 909
686 215
686 309
205 440
205 756
995 650
968 945
356 44
802 972
104 553
104 41
616 521
616 846
128 41
564 841
322 539
451 771
200 302
360 378
384 401
756 440
427 774
660 684
935 577
138 504
241 814
241 196
290 388
670 634
179 23
179 728
306 159
871 539
846 521
846 858
824 221
295 956
295 663
72 289
284 368
672 838
677 933
857 379
923 324
923 404
146 275
493 142
979 183
621 759
621 168
406 982
45 124
45 854
556 84
983 819
119 657
191 530
414 49
414 405
438 362
438 778
142 611
810 885
717 185
736 103
465 74
429 125
663 75
316 755
856 709
809 404
811 348
308 152
597 461
735 134
436 134
645 11
791 53
196 814
730 649
827 115
834 607
242 263
604 728
604 405
123 25
112 997
879 409
405 49
911 55
129 358
110 22
755 685
352 13
512 683
666 772
53 933
553 473
347 223
