128 384
128 517
128 692
128 509
563 574
563 911
563 638
563 683
209 532
209 282
209 791
209 771
408 493
408 250
408 712
408 908
253 974
253 930
253 244
253 966
594 96
594 828
594 68
594 948
76 413
76 837
76 953
76 317
107 162
107 816
107 336
107 705
28 481
28 183
28 863
28 130
970 654
970 221
970 519
970 51
158 301
158 239
158 676
158 704
442 577
442 833
442 103
442 976
344 119
344 200
344 479
344 14
861 496
861 180
861 605
861 459
243 538
243 515
243 167
243 989
400 616
400 338
400 805
400 330
370 914
370 317
370 480
370 934
590 217
590 916
590 804
590 262
291 598
291 819
291 671
291 138
971 510
971 598
971 611
971 671
264 996
264 199
264 956
264 545
417 147
417 387
417 757
417 581
967 598
967 669
967 671
967 996
16 586
16 194
16 129
16 290
623 35
623 957
623 89
623 610
251 415
251 883
251 369
251 324
526 220
526 214
526 18
526 446
269 761
269 605
269 255
269 571
394 874
394 74
394 537
394 380
591 39
591 821
591 144
591 944
489 914
489 103
489 464
489 919
812 929
812 798
812 968
812 965
626 752
626 811
626 890
626 435
599 66
599 364
599 597
599 463
943 743
943 120
943 509
943 329
511 657
511 350
511 801
511 362
830 995
830 625
830 457
830 773
383 106
383 644
383 105
383 255
681 125
681 371
681 927
681 210
274 866
274 969
274 702
274 46
774 438
774 825
774 132
774 980
7 368
7 899
7 660
7 280
21 138
21 58
21 666
21 406
62 72
62 464
62 585
62 712
631 283
631 60
631 767
631 124
778 932
778 477
778 892
778 222
950 798
950 362
950 652
950 225
134 677
134 946
134 263
134 227
736 87
736 45
736 659
736 618
0 162
0 336
0 934
0 705
656 683
656 983
656 904
656 856
414 79
414 726
414 503
414 427
790 761
790 289
790 690
790 571
215 924
215 532
215 420
215 229
315 885
315 461
315 334
315 702
608 313
608 670
608 501
608 228
655 463
655 553
655 117
655 105
321 428
321 438
321 410
321 327
711 629
711 935
711 897
711 767
73 470
73 551
73 328
73 425
460 284
460 772
460 777
460 41
412 180
412 373
412 376
412 664
829 617
829 995
829 106
829 471
358 337
358 423
358 510
358 449
858 347
858 374
858 859
858 174
142 145
142 281
142 129
142 193
596 467
596 752
596 690
596 435
178 232
178 661
178 530
178 9
407 450
407 223
407 919
407 920
750 37
750 23
750 988
750 335
20 920
20 100
20 118
20 450
984 385
984 765
984 848
984 822
160 116
160 432
160 589
160 724
729 799
729 935
729 287
729 718
721 939
721 525
721 838
721 521
802 109
802 938
802 124
802 237
512 820
512 184
512 155
512 306
808 892
808 519
808 147
808 294
272 870
272 742
272 70
272 386
418 840
418 219
418 740
418 98
190 913
190 899
190 612
190 773
528 298
528 416
528 366
528 614
3 799
3 588
3 311
3 139
522 815
522 44
522 270
522 145
235 267
235 676
235 189
235 855
679 636
679 318
679 221
679 648
356 539
356 15
356 931
356 615
789 732
789 283
789 632
789 60
53 708
53 320
53 904
53 210
788 410
788 41
788 100
788 428
156 539
156 213
156 393
156 257
206 458
206 493
206 649
206 179
406 58
406 666
406 138
646 245
646 27
646 467
646 544
637 574
637 95
637 848
637 161
695 602
695 173
695 477
695 615
2 1
2 961
2 486
2 569
678 874
678 74
678 69
678 537
57 166
57 757
57 207
57 387
879 999
879 854
879 848
879 145
575 63
575 374
575 700
575 920
576 24
576 787
576 267
576 63
212 171
212 180
212 533
212 865
673 454
673 309
673 141
673 473
513 452
513 578
513 905
513 381
601 803
601 123
601 225
601 266
32 954
32 86
32 153
32 825
68 948
68 828
68 96
303 616
303 898
303 909
303 807
382 293
382 994
382 459
382 843
94 173
94 913
94 612
94 55
388 327
388 261
388 979
388 780
506 168
506 227
506 436
506 872
722 686
722 99
722 836
722 161
860 195
860 471
860 152
860 702
668 75
668 991
668 562
668 47
889 690
889 81
889 946
889 769
445 312
445 200
445 821
445 450
731 474
731 1
731 760
731 644
208 770
208 380
208 658
208 907
675 749
675 652
675 815
675 44
339 155
339 230
339 660
339 624
395 891
395 811
395 777
395 355
730 786
730 516
730 514
730 346
340 959
340 903
340 83
340 196
794 51
794 29
794 892
794 348
175 342
175 723
175 934
175 694
992 826
992 173
992 314
992 187
424 310
424 188
424 456
424 953
793 304
793 101
793 538
793 51
56 784
56 753
56 699
56 740
397 821
397 70
397 144
397 944
88 696
88 313
88 305
88 464
844 871
844 579
844 617
844 779
818 901
818 465
818 650
818 166
869 660
869 232
869 602
869 9
495 423
495 449
495 393
495 213
853 293
853 436
853 261
853 139
254 505
254 38
254 995
254 567
647 438
647 499
647 500
647 963
440 59
440 767
440 210
440 96
508 480
508 150
508 475
508 64
333 583
333 856
333 755
333 795
97 849
97 378
97 520
97 981
434 768
434 909
434 629
434 897
469 602
469 302
469 910
469 219
800 386
800 552
800 147
800 870
426 27
426 5
426 36
426 820
875 374
875 848
875 804
875 457
192 999
192 741
192 100
192 459
389 363
389 216
389 733
389 91
813 304
813 780
813 827
813 99
4 603
4 567
4 135
4 19
593 12
593 975
593 108
593 843
719 588
719 379
719 276
719 70
947 118
947 345
947 439
947 855
93 639
93 112
93 464
93 715
405 683
405 375
405 261
405 367
940 428
940 856
940 81
940 410
952 106
952 161
952 225
952 562
706 402
706 392
706 163
706 635
785 817
785 419
785 607
785 240
810 549
810 297
810 177
810 887
842 454
842 473
842 480
842 309
565 483
565 372
565 276
565 30
745 304
745 6
745 230
745 624
288 69
288 703
288 931
288 15
882 286
882 958
882 270
882 973
443 688
443 633
443 578
443 279
905 214
905 452
905 578
409 691
409 839
409 768
409 922
534 752
534 880
534 183
534 265
796 560
796 219
796 839
796 773
359 898
359 470
359 438
359 807
942 368
942 503
942 27
942 756
433 930
433 265
433 974
433 966
482 368
482 149
482 900
482 627
518 621
518 817
518 41
518 772
48 893
48 318
48 636
48 648
640 609
640 357
640 851
640 502
354 587
354 540
354 988
354 228
832 911
832 555
832 501
832 542
748 152
748 819
748 907
748 100
759 330
759 311
759 805
759 338
325 222
325 632
325 122
325 552
805 330
805 338
361 975
361 435
361 419
361 769
462 307
462 855
462 525
462 728
165 827
165 937
165 643
165 955
258 927
258 125
258 932
258 371
806 994
806 754
806 762
806 268
849 520
849 570
849 378
42 787
42 201
42 560
42 121
453 343
453 170
453 225
453 667
429 550
429 654
429 876
429 613
862 838
862 270
862 521
862 939
687 910
687 280
687 604
687 546
241 688
241 491
241 255
241 279
927 125
927 371
126 798
126 998
126 580
126 886
61 345
61 404
61 877
61 323
322 316
322 769
322 963
322 319
330 338
157 179
157 357
157 632
157 739
295 352
295 581
295 500
295 701
54 772
54 987
54 741
54 499
548 416
548 480
548 740
548 98
997 663
997 560
997 436
997 14
430 365
430 716
430 67
430 211
543 80
543 672
543 727
543 10
559 772
559 316
559 881
559 319
985 145
985 280
985 840
985 483
102 758
102 585
102 72
102 739
906 835
906 133
906 247
906 633
949 837
949 674
949 933
949 477
22 118
22 201
22 265
22 880
600 401
600 533
600 964
600 619
451 743
451 780
451 284
451 635
634 131
634 29
634 343
634 117
52 835
52 247
52 968
52 840
888 328
888 551
888 425
888 690
421 314
421 628
421 738
421 396
725 649
725 470
725 25
725 544
735 351
735 284
735 439
735 18
763 527
763 90
763 234
763 25
925 69
925 603
925 944
925 196
92 360
92 703
92 653
92 496
478 302
478 114
478 171
478 699
148 111
148 826
148 115
148 661
488 669
488 229
488 368
488 840
484 66
484 652
484 81
484 233
523 592
523 233
523 444
523 379
275 887
275 557
275 197
275 549
529 665
529 120
529 519
529 329
259 334
259 957
259 278
259 179
850 385
850 765
850 822
850 458
181 278
181 302
181 114
181 699
256 170
256 667
256 561
256 989
447 780
447 396
447 473
447 738
492 625
492 911
492 552
492 352
524 899
524 341
524 663
524 894
595 381
595 11
595 204
595 606
26 743
26 471
26 666
26 670
318 636
318 648
31 131
31 384
31 416
31 12
751 347
751 867
751 859
751 572
737 132
737 398
737 223
737 980
824 999
824 150
824 475
824 64
642 278
642 988
642 439
642 37
852 166
852 988
852 525
852 317
628 738
628 396
628 918
917 932
917 80
917 226
917 118
766 171
766 349
766 71
766 831
137 500
137 572
137 660
137 625
945 798
945 38
945 505
945 448
390 311
390 776
390 341
390 163
896 550
896 876
896 613
896 868
497 307
497 819
497 836
497 533
377 965
377 34
377 501
377 320
697 306
697 919
697 12
697 152
350 657
350 362
350 801
680 672
680 727
680 700
680 63
136 238
136 403
136 381
136 285
491 279
491 688
491 584
172 542
172 180
172 270
172 728
902 771
902 791
902 461
902 282
133 835
133 247
133 633
236 38
236 439
236 584
236 602
923 755
923 583
923 795
923 937
472 803
472 826
472 123
472 266
791 282
791 771
391 292
391 351
391 455
391 507
717 998
717 353
717 308
717 198
84 427
84 726
84 584
84 79
566 353
566 786
566 198
566 308
77 25
77 846
77 248
77 873
441 82
441 216
441 890
441 244
185 973
185 560
185 958
185 286
203 226
203 174
203 753
203 784
915 744
915 255
915 312
915 327
113 457
113 240
113 503
113 116
709 605
709 910
709 743
709 714
775 312
775 792
775 191
775 40
828 948
828 96
783 210
783 609
783 570
783 29
50 184
50 155
50 81
50 654
689 582
689 189
689 332
689 525
146 301
146 349
146 293
146 71
127 627
127 222
127 900
127 149
643 955
643 937
643 827
582 189
582 503
582 332
78 332
78 29
78 379
78 562
607 240
607 419
607 817
485 465
485 901
485 80
485 650
674 837
674 669
674 933
622 285
622 375
622 505
622 238
707 305
707 90
707 234
707 527
685 314
685 734
685 776
685 187
399 413
399 312
399 468
399 95
698 140
698 555
698 621
698 914
662 546
662 435
662 604
662 948
928 716
928 649
928 280
928 776
43 739
43 609
43 963
43 669
770 907
770 658
770 670
89 957
89 610
89 35
437 293
437 221
437 90
437 106
764 972
764 326
764 278
764 456
912 46
912 969
912 866
912 728
531 470
531 317
531 458
531 444
710 82
710 969
710 890
710 473
809 823
809 246
809 305
809 977
834 611
834 918
834 509
834 490
781 380
781 547
781 620
781 734
682 554
682 504
682 756
682 59
878 169
878 121
878 122
878 415
941 237
941 502
941 109
941 938
262 804
262 916
262 217
292 351
292 507
292 455
182 975
182 864
182 242
182 49
857 281
857 446
857 218
857 193
13 458
13 179
13 507
13 584
231 201
231 305
231 217
231 919
630 47
630 343
630 131
630 75
239 301
239 676
239 704
573 35
573 5
573 659
573 918
884 83
884 959
884 903
884 703
693 659
693 139
693 588
693 833
651 618
651 87
651 510
651 45
331 854
331 214
331 762
331 728
921 625
921 313
921 633
921 652
847 342
847 936
847 723
847 694
610 35
610 957
867 572
867 347
867 859
677 263
677 227
677 946
838 939
838 521
684 306
684 8
684 411
684 797
895 972
895 124
895 990
895 326
6 304
6 624
6 230
986 85
986 854
986 981
986 348
490 918
490 611
490 205
541 373
541 376
541 621
541 664
765 385
765 822
154 411
154 520
154 797
154 8
592 233
592 444
592 379
536 249
536 168
536 872
536 196
657 801
657 362
431 219
431 313
431 773
431 995
720 363
720 311
720 69
720 932
110 298
110 614
110 934
110 366
176 865
176 202
176 568
176 39
653 171
653 360
653 496
211 365
211 716
211 67
982 101
982 296
982 17
982 535
831 349
831 187
831 71
300 782
300 746
300 500
300 65
277 40
277 792
277 191
277 999
289 761
289 855
289 571
589 724
589 432
589 116
641 868
641 487
641 466
641 983
141 454
141 309
141 787
514 346
514 786
514 516
310 953
310 188
310 456
960 981
960 196
960 436
960 348
151 159
151 260
151 893
151 448
558 816
558 951
558 143
558 164
83 959
83 903
425 328
425 551
556 205
556 34
556 564
556 978
404 323
404 345
404 877
465 901
465 650
202 568
202 39
202 865
645 961
645 963
645 486
645 569
427 726
427 79
494 846
494 873
494 481
494 248
115 659
115 111
115 661
613 550
613 876
207 757
207 166
207 387
845 49
845 223
845 242
845 864
119 200
119 14
119 479
732 267
732 632
732 60
159 448
159 260
159 893
17 296
17 101
17 535
197 174
197 549
197 557
422 516
422 639
422 715
422 112
342 694
342 723
926 419
926 547
926 574
926 620
962 814
962 224
962 252
962 744
742 877
742 386
742 870
245 544
245 467
245 27
993 606
993 11
993 561
993 204
841 290
841 604
841 70
841 546
392 635
392 402
392 163
11 606
11 204
268 754
268 994
268 762
991 562
991 75
991 47
403 381
403 285
403 238
792 40
792 191
104 65
104 746
104 782
104 539
990 972
990 124
990 326
33 51
33 527
33 38
33 776
747 246
747 823
747 501
747 977
271 611
271 535
271 105
271 956
758 72
758 585
758 739
150 64
150 475
468 459
468 95
468 413
85 348
85 854
85 981
976 833
976 103
976 577
249 749
249 872
249 168
540 228
540 587
540 570
273 843
273 883
273 369
273 324
803 266
803 123
186 86
186 964
186 401
186 619
498 696
498 476
498 936
498 713
177 297
177 887
177 299
686 836
686 99
686 161
108 12
108 975
108 843
188 456
188 953
24 267
24 787
24 654
364 66
364 769
364 597
164 951
164 143
164 816
487 983
487 466
487 868
360 496
360 703
718 935
718 799
718 287
220 446
220 649
220 18
553 463
553 284
553 117
713 696
713 476
713 201
814 252
814 224
814 744
36 820
36 580
36 5
194 586
194 290
194 129
195 152
195 702
195 471
367 375
367 299
367 724
530 9
530 232
530 25
411 797
411 8
894 663
894 341
894 899
324 369
324 883
597 224
597 66
335 542
335 23
335 37
755 795
755 583
701 581
701 221
701 352
111 826
111 661
385 822
692 866
692 517
692 384
237 938
237 109
714 910
714 605
714 936
665 120
665 519
665 329
55 612
55 173
55 913
557 174
557 549
658 907
658 670
708 904
708 801
708 320
973 286
973 958
257 213
257 539
257 393
283 767
283 60
299 297
299 375
954 86
954 825
954 153
881 316
881 319
881 856
901 650
586 129
586 290
65 782
65 746
378 520
378 570
886 580
886 998
886 41
979 327
979 261
979 457
82 555
82 890
547 620
547 734
248 873
248 846
44 815
44 749
700 63
700 374
140 914
140 621
140 555
23 542
23 37
619 964
619 401
900 149
900 627
476 696
476 936
479 14
479 200
184 155
184 306
307 533
307 819
169 415
169 122
169 121
218 193
218 105
218 281
10 727
10 80
10 672
871 572
871 579
871 779
114 699
114 302
885 334
885 505
885 461
452 214
452 578
880 265
880 752
415 122
998 580
282 771
734 620
420 924
420 532
420 229
933 477
933 837
851 502
851 609
851 357
143 951
143 244
234 527
234 90
779 579
779 617
287 935
287 799
705 336
705 162
795 583
846 873
30 276
30 483
30 372
863 183
863 481
863 130
294 892
294 244
294 147
564 205
564 34
564 978
961 569
961 486
517 384
517 509
987 499
987 741
987 380
323 345
323 877
627 149
638 574
638 911
638 683
639 112
639 715
226 784
226 753
587 67
587 228
98 416
98 740
144 821
144 944
741 499
238 285
296 535
296 101
199 996
199 545
199 956
246 977
246 823
474 760
474 1
474 644
537 74
537 874
45 87
45 618
515 167
515 538
515 989
75 47
213 393
883 369
761 571
807 898
807 616
112 715
398 223
398 132
398 980
577 833
577 103
757 387
19 603
19 135
19 567
615 15
615 931
929 965
929 968
929 121
187 314
428 410
341 663
486 569
58 138
58 666
504 756
504 59
504 554
629 897
629 909
167 538
167 989
864 242
864 49
444 233
263 946
263 227
688 279
977 823
135 567
135 603
502 357
974 930
974 966
544 467
966 930
872 168
337 510
337 423
337 449
130 481
130 183
545 996
545 956
581 352
727 672
252 744
252 224
554 756
554 59
588 139
346 786
346 516
373 376
373 664
193 281
749 815
46 969
46 866
365 67
365 716
162 336
691 922
691 839
691 768
733 91
733 363
733 216
616 898
968 965
334 461
349 71
624 230
521 939
816 951
132 980
667 170
667 561
870 386
463 117
466 983
466 868
260 893
260 448
366 614
366 298
170 561
738 396
552 222
817 240
978 205
978 34
99 836
297 887
326 972
454 309
916 217
916 804
455 507
455 351
664 376
754 994
754 762
79 726
9 232
568 39
568 865
617 579
402 163
402 635
191 40
401 964
908 712
908 250
908 493
604 546
859 347
723 694
671 598
131 343
316 319
931 15
920 450
242 49
72 585
120 329
320 904
938 109
87 618
123 266
704 676
704 301
371 125
909 897
308 198
308 353
423 449
446 18
835 247
95 413
250 712
250 493
922 839
922 768
432 724
432 116
612 913
955 937
955 827
8 797
551 328
760 644
760 1
924 532
924 229
475 64
204 606
874 74
189 332
5 820
355 777
355 891
355 811
153 86
153 825
91 216
91 363
891 777
891 811
876 550
372 483
372 276
286 958
614 298
784 753
959 903
636 648
746 782
353 198
