464 892
464 13
464 657
464 316
778 581
778 40
778 158
778 367
55 510
55 640
55 788
55 65
722 992
722 882
722 981
722 677
23 291
23 680
23 824
23 222
361 461
361 59
361 446
361 467
306 990
306 751
306 391
306 614
978 92
978 190
978 161
978 427
393 321
393 368
393 545
393 274
983 272
983 330
983 51
983 863
173 908
173 372
173 643
173 545
714 675
714 255
714 115
714 548
137 913
137 42
137 440
137 153
648 327
648 699
648 805
648 504
472 763
472 398
472 586
472 303
638 584
638 267
638 735
638 702
110 671
110 210
110 344
110 562
514 49
514 782
514 125
514 206
139 672
139 867
139 166
139 516
837 634
837 616
837 153
837 904
3 313
3 849
3 711
3 793
159 711
159 934
159 849
159 583
594 89
594 315
594 466
594 341
972 221
972 510
972 155
972 955
474 993
474 285
474 499
474 301
827 852
827 102
827 420
827 295
281 745
281 507
281 596
281 499
512 955
512 454
512 224
512 409
97 497
97 866
97 132
97 694
840 45
840 812
840 434
840 92
448 634
448 372
448 533
448 799
509 302
509 614
509 506
509 680
244 786
244 903
244 587
244 41
630 358
630 150
630 76
630 523
186 651
186 414
186 241
186 621
280 935
280 73
280 545
280 94
253 728
253 148
253 184
253 634
715 569
715 207
715 815
715 34
251 308
251 497
251 160
251 20
791 831
791 190
791 896
791 161
314 563
314 911
314 207
314 807
810 552
810 45
810 196
810 900
219 90
219 482
219 343
219 695
987 825
987 808
987 575
987 870
362 735
362 847
362 608
362 639
478 211
478 68
478 109
478 469
135 559
135 676
135 76
135 802
170 695
170 879
170 942
170 660
334 945
334 926
334 741
334 444
910 785
910 250
910 706
910 2
502 556
502 804
502 299
502 439
637 834
637 470
637 764
637 265
348 576
348 414
348 337
348 533
579 954
579 154
579 747
579 337
529 20
529 123
529 870
529 657
740 215
740 907
740 111
740 347
340 409
340 455
340 737
340 319
575 870
575 808
575 825
923 550
923 952
923 873
923 776
610 260
610 507
610 967
610 708
930 422
930 535
930 136
930 530
218 916
218 98
218 288
218 175
963 368
963 885
963 948
963 380
142 549
142 86
142 554
142 733
187 19
187 232
187 766
187 313
71 201
71 761
71 625
71 833
163 649
163 700
163 235
163 861
663 238
663 558
663 570
663 309
941 879
941 942
941 335
941 728
604 822
604 147
604 228
604 9
626 900
626 611
626 590
626 565
113 689
113 875
113 447
113 128
425 914
425 48
425 358
425 83
515 77
515 522
515 571
515 560
697 330
697 863
697 234
697 505
202 738
202 423
202 660
202 400
237 192
237 100
237 438
237 401
445 490
445 150
445 935
445 197
489 977
489 299
489 27
489 414
66 703
66 183
66 511
66 405
191 416
191 924
191 835
191 329
838 588
838 471
838 484
838 932
424 577
424 887
424 492
424 8
551 442
551 582
551 454
551 800
276 858
276 387
276 160
276 263
573 693
573 957
573 949
573 399
771 275
771 813
771 316
771 242
780 324
780 0
780 920
780 238
546 91
546 456
546 799
546 243
927 102
927 256
927 724
927 727
665 500
665 315
665 503
665 305
878 933
878 562
878 915
878 952
698 824
698 222
698 967
698 291
912 420
912 134
912 295
912 852
752 591
752 642
752 164
752 899
803 720
803 35
803 606
803 16
320 949
320 220
320 374
320 533
880 716
880 933
880 99
880 979
64 844
64 651
64 103
64 694
774 584
774 702
774 130
774 708
902 433
902 561
902 520
902 376
53 224
53 27
53 914
53 14
127 484
127 471
127 932
127 924
217 114
217 453
217 247
217 353
989 606
989 720
989 629
989 16
406 0
406 48
406 829
406 422
888 675
888 901
888 820
888 806
508 439
508 157
508 607
508 612
527 149
527 516
527 45
527 914
95 29
95 49
95 949
95 812
245 496
245 860
245 510
245 123
67 857
67 269
67 116
67 796
412 149
412 486
412 65
412 623
156 979
156 104
156 77
156 27
185 103
185 184
185 148
185 672
547 814
547 938
547 400
547 123
528 891
528 122
528 337
528 443
886 316
886 344
886 45
886 574
628 574
628 952
628 745
628 768
973 129
973 851
973 520
973 259
338 639
338 48
338 17
338 847
991 481
991 915
991 933
991 316
240 371
240 812
240 719
240 195
339 115
339 742
339 318
339 701
138 968
138 884
138 889
138 26
328 750
328 534
328 997
328 919
188 809
188 876
188 238
188 600
823 427
823 510
823 344
823 664
883 505
883 585
883 165
883 916
970 69
970 596
970 732
970 305
124 557
124 854
124 254
124 468
279 566
279 962
279 18
279 130
303 763
303 398
303 586
225 223
225 233
225 433
225 585
332 426
332 869
332 672
332 667
397 841
397 937
397 944
397 704
524 102
524 89
524 349
524 69
421 83
421 623
421 867
421 166
881 15
881 125
881 165
881 523
58 438
58 807
58 820
58 782
75 862
75 86
75 721
75 553
404 943
404 895
404 88
404 140
419 657
419 805
419 699
419 504
56 829
56 955
56 538
56 754
230 122
230 226
230 385
230 331
317 231
317 678
317 958
317 641
84 104
84 73
84 887
84 431
743 337
743 956
743 379
743 408
352 27
352 54
352 5
352 918
493 549
493 31
493 554
493 701
351 359
351 907
351 640
351 96
525 49
525 491
525 183
525 891
450 92
450 770
450 212
450 651
656 232
656 812
656 19
656 766
396 104
396 865
396 147
396 931
685 695
685 267
685 887
685 488
325 165
325 523
325 977
325 701
79 175
79 768
79 745
79 820
749 798
749 517
749 981
749 864
458 523
458 94
458 874
458 717
925 640
925 736
925 964
925 313
101 355
101 964
101 4
101 592
767 416
767 329
767 835
767 804
81 65
81 899
81 642
81 164
709 956
709 346
709 860
709 136
284 844
284 578
284 957
284 693
480 696
480 1
480 236
480 52
47 5
47 54
47 123
47 918
567 821
567 650
567 613
567 194
441 742
441 871
441 654
441 357
872 234
872 534
872 431
872 807
21 671
21 521
21 623
21 921
286 112
286 650
286 475
286 119
216 324
216 88
216 953
216 145
345 193
345 119
345 475
345 893
526 829
526 755
526 459
526 542
687 336
687 556
687 34
687 299
283 247
283 919
283 904
283 378
929 57
929 688
929 300
929 28
389 30
389 470
389 911
389 465
947 318
947 350
947 891
947 893
304 718
304 807
304 429
304 830
494 17
494 668
494 120
494 684
180 359
180 859
180 652
180 378
544 349
544 769
544 580
544 635
50 651
50 649
50 150
50 680
843 779
843 757
843 144
843 272
213 390
213 210
213 690
213 465
986 149
986 92
986 853
986 117
976 595
976 911
976 327
976 486
428 862
428 553
428 721
428 858
645 437
645 172
645 311
645 572
842 552
842 727
842 162
842 256
928 499
928 581
928 72
928 73
537 671
537 521
537 402
537 373
817 576
817 707
817 770
817 877
63 732
63 14
63 694
63 264
946 855
946 473
946 595
946 204
985 517
985 798
985 864
985 414
850 398
850 147
850 183
850 330
868 857
868 125
868 796
868 269
209 782
209 453
209 353
209 491
463 616
463 937
463 680
463 869
460 275
460 776
460 40
460 550
984 761
984 833
984 201
984 455
293 742
293 678
293 426
293 224
541 193
541 234
541 931
541 104
152 451
152 634
152 299
152 442
602 980
602 503
602 500
602 495
765 736
765 381
765 552
765 839
945 741
945 444
945 926
569 34
569 815
569 207
890 777
890 498
890 182
890 664
748 119
748 434
748 427
748 126
176 754
176 356
176 571
176 538
407 619
407 863
407 601
407 854
174 288
174 686
174 625
174 141
939 52
939 20
939 69
939 521
312 783
312 692
312 758
312 403
712 203
712 600
712 950
712 612
290 302
290 688
290 44
290 826
922 488
922 831
922 623
922 891
307 259
307 388
307 129
307 851
909 913
909 560
909 619
909 42
382 684
382 386
382 710
382 816
632 874
632 459
632 755
632 717
775 627
775 264
775 401
775 723
273 511
273 703
273 405
273 134
725 384
725 373
725 563
725 760
93 483
93 832
93 326
93 763
294 726
294 308
294 171
294 560
519 372
519 90
519 343
519 482
410 758
410 271
410 403
410 692
959 576
959 571
959 619
959 14
60 795
60 966
60 787
60 506
846 576
846 429
846 732
846 830
436 408
436 990
436 212
436 257
658 718
658 536
658 696
658 24
917 936
917 112
917 644
917 481
189 543
189 756
189 37
189 241
618 2
618 231
618 250
618 785
78 966
78 795
78 214
78 787
730 616
730 311
730 498
730 506
633 783
633 51
633 221
633 214
33 467
33 65
33 22
33 86
227 505
227 587
227 402
227 116
259 851
259 129
539 107
539 668
539 592
539 120
960 804
960 801
960 36
960 811
995 996
995 839
995 374
995 220
476 268
476 760
476 38
476 931
653 845
653 168
653 370
653 603
555 532
555 706
555 819
555 601
501 924
501 99
501 196
501 134
975 596
975 757
975 333
975 144
418 999
418 32
418 578
418 309
568 613
568 875
568 194
568 35
631 149
631 451
631 689
631 619
661 487
661 13
661 368
661 892
790 506
790 992
790 882
790 522
635 580
635 349
635 769
682 491
682 0
682 608
682 858
82 950
82 729
82 323
82 394
681 640
681 196
681 275
681 242
798 517
798 864
46 435
46 788
46 40
46 14
287 908
287 305
287 643
287 87
531 707
531 591
531 490
531 762
270 327
270 96
270 37
270 247
669 30
669 533
669 133
669 789
655 943
655 140
655 895
655 153
61 379
61 177
61 836
61 588
266 274
266 321
266 911
266 155
106 944
106 915
106 545
106 83
417 705
417 108
417 614
417 535
215 907
215 111
215 347
998 969
998 151
998 6
998 98
310 854
310 627
310 760
310 522
741 926
741 444
599 443
599 800
599 107
599 206
615 968
615 435
615 580
615 224
43 437
43 172
43 442
43 572
759 887
759 813
759 903
759 435
982 446
982 667
982 869
982 426
518 968
518 770
518 391
518 926
85 143
85 742
85 477
85 598
620 968
620 736
620 381
620 865
674 336
674 921
674 296
674 298
386 684
386 402
386 710
12 350
12 48
12 318
12 38
940 154
940 747
940 327
940 954
342 39
342 988
342 162
342 252
815 207
815 34
363 865
363 35
363 779
363 695
609 331
609 694
609 605
609 181
734 574
734 171
734 718
734 844
532 819
532 706
532 601
646 617
646 793
646 853
646 117
593 203
593 74
593 29
593 662
662 74
662 29
662 203
430 585
430 311
430 904
430 893
19 766
19 232
835 416
835 329
262 877
262 605
262 624
262 364
597 377
597 678
597 413
597 906
246 496
246 375
246 772
246 175
179 806
179 431
179 901
179 277
415 446
415 583
415 904
415 394
485 387
485 49
485 861
485 442
836 177
836 379
836 588
731 782
731 733
731 574
731 39
282 696
282 178
282 536
282 24
828 108
828 705
828 672
828 435
199 871
199 654
199 728
199 357
249 934
249 733
249 641
249 958
278 490
278 657
278 358
278 467
542 829
542 755
542 459
169 977
169 937
169 444
169 15
864 517
269 796
269 857
292 595
292 830
292 429
292 125
297 716
297 718
297 650
297 556
683 735
683 865
683 15
683 732
856 488
856 313
856 116
856 935
636 513
636 797
636 354
636 165
744 935
744 951
744 552
744 647
961 739
961 333
961 86
961 331
462 629
462 285
462 301
462 993
479 233
479 223
479 746
479 816
784 521
784 184
784 130
784 356
894 845
894 168
894 370
894 788
794 570
794 965
794 558
794 595
690 390
690 210
690 465
622 136
622 779
622 530
622 422
818 457
818 102
818 264
818 559
876 238
876 809
876 600
729 950
729 323
729 394
679 905
679 131
679 229
679 52
239 556
239 905
239 131
239 229
936 112
936 481
936 644
7 898
7 25
7 205
7 388
141 625
141 288
141 686
289 571
289 69
289 914
289 505
384 563
384 373
384 760
360 358
360 557
360 468
360 254
673 938
673 814
673 540
673 496
74 29
74 203
87 908
87 305
87 643
369 608
369 9
369 228
369 822
146 797
146 354
146 211
146 513
192 100
192 401
192 438
738 660
738 423
738 400
737 409
737 455
737 319
589 443
589 735
589 811
589 801
208 236
208 704
208 52
208 1
432 116
432 151
432 18
432 962
198 831
198 473
198 204
198 855
440 42
440 916
440 913
557 468
557 254
994 981
994 611
994 764
994 793
154 747
154 954
726 560
726 171
726 308
346 860
346 854
346 956
896 190
896 831
896 161
781 80
781 395
781 62
781 200
824 222
824 291
11 57
11 300
11 621
11 28
268 451
268 38
268 931
792 971
792 10
792 585
792 70
6 969
6 151
6 98
753 377
753 311
753 906
753 413
322 647
322 951
322 670
322 486
383 859
383 652
383 583
383 608
405 703
405 511
511 703
201 761
201 833
285 301
285 993
258 118
258 83
258 461
258 59
769 580
769 349
971 181
971 70
971 10
261 889
261 884
261 26
261 503
564 788
564 326
564 483
564 153
105 181
105 73
105 70
105 955
582 147
582 454
582 800
132 491
132 497
132 866
452 813
452 111
452 8
452 77
540 814
540 938
540 443
449 598
449 477
449 143
449 206
670 951
670 486
670 647
848 916
848 603
848 22
848 666
437 572
437 172
747 954
167 944
167 621
167 841
167 562
413 377
413 906
248 671
248 434
248 469
248 272
114 453
114 247
114 353
666 603
666 22
666 866
31 549
31 554
31 701
897 365
897 200
897 562
897 271
364 605
364 877
364 624
777 498
777 664
777 182
624 877
624 605
773 121
773 583
773 659
773 457
158 581
158 367
158 40
974 378
974 467
974 596
974 38
885 380
885 977
885 948
399 693
399 949
399 957
118 461
118 59
118 948
492 678
492 8
492 577
392 214
392 25
392 808
392 206
197 150
197 490
197 344
785 250
785 2
370 845
370 168
713 719
713 371
713 195
713 234
126 427
126 434
126 20
761 833
385 226
385 122
385 629
692 758
692 403
36 804
36 811
36 801
724 727
724 77
724 256
411 62
411 80
411 924
411 395
750 997
750 534
750 919
228 822
228 9
164 642
164 899
235 700
235 861
235 649
41 587
41 903
41 786
659 121
659 457
659 96
723 264
723 522
723 627
873 776
873 952
873 550
200 271
200 365
832 326
832 483
832 627
691 15
691 378
691 368
691 616
920 402
920 0
920 214
263 160
263 387
263 858
447 875
447 128
447 689
825 870
825 808
495 980
495 500
495 503
157 607
157 612
157 439
561 520
561 376
561 433
205 898
205 25
205 388
739 331
739 487
739 446
756 543
756 241
756 37
762 707
762 431
762 591
178 24
178 536
178 696
376 577
376 433
390 465
390 210
72 242
72 499
72 193
129 851
366 813
366 35
366 770
366 520
841 937
841 944
721 553
721 862
677 981
677 992
677 882
999 309
999 578
999 32
335 942
335 879
335 621
853 617
853 117
375 496
375 175
375 772
257 408
257 488
257 212
296 298
296 921
296 336
131 229
131 905
565 611
565 590
565 900
705 108
705 535
260 708
260 507
260 967
566 962
566 18
566 456
103 844
103 181
768 745
768 820
355 4
355 964
355 592
277 89
277 901
277 806
475 119
475 193
980 500
980 272
16 720
16 606
965 558
965 451
965 570
543 241
543 37
746 233
746 223
746 816
121 96
121 457
758 403
676 802
676 76
676 559
751 614
751 391
751 990
195 719
195 371
298 336
298 921
821 194
821 650
821 613
226 122
226 629
350 318
350 893
617 117
617 793
254 468
1 236
1 704
128 875
128 689
420 852
420 295
194 613
884 26
884 889
319 455
319 409
341 315
341 183
341 466
905 229
996 374
996 220
996 839
716 979
716 99
148 728
148 184
44 688
44 302
44 826
667 869
667 426
220 374
484 932
484 471
693 957
17 847
17 639
144 757
144 333
466 315
466 89
380 948
380 372
267 702
267 584
802 76
802 559
256 727
107 120
107 668
584 702
300 57
300 28
570 558
789 133
789 30
789 772
497 866
855 473
855 204
10 70
10 779
13 892
13 487
232 766
700 649
700 861
133 30
133 772
847 639
2 250
274 155
274 321
367 581
367 733
554 549
607 612
607 439
603 22
711 934
711 849
819 601
819 706
365 271
365 809
934 849
755 459
862 553
381 839
381 736
535 108
826 688
826 302
134 196
754 538
754 356
359 652
359 859
898 25
898 388
243 456
243 91
243 799
231 641
231 958
4 964
4 592
908 643
429 830
710 684
710 816
166 516
166 867
997 534
997 919
550 776
879 942
168 845
548 115
548 675
548 255
704 236
487 892
530 422
530 136
347 111
347 907
24 536
717 94
717 874
992 882
51 783
51 221
377 906
5 918
5 54
32 309
32 578
481 644
513 354
513 797
933 915
275 242
387 160
371 719
453 353
483 326
423 660
423 400
895 140
895 943
577 8
301 993
171 308
590 900
590 611
504 699
504 805
408 212
130 708
800 454
295 852
867 516
223 233
805 699
90 343
90 482
323 394
323 950
953 88
953 145
953 324
990 391
786 587
786 903
59 461
668 120
265 834
265 470
265 764
797 354
18 962
969 151
969 98
333 757
222 291
100 401
100 438
109 211
109 68
109 469
586 763
586 398
143 477
143 598
155 321
395 62
395 80
652 859
901 806
860 956
814 938
644 112
654 871
654 357
795 787
795 966
801 811
563 373
686 288
686 625
913 42
943 140
979 99
68 469
68 211
647 951
9 822
863 330
507 967
538 356
641 958
91 799
91 456
988 162
988 39
988 252
787 966
572 172
889 26
834 470
834 764
720 606
145 88
145 324
477 598
416 329
600 809
161 190
28 57
182 498
182 664
591 707
177 379
177 588
473 204
642 899
80 62
252 39
252 162
255 115
255 675
871 357
874 94
482 343
783 221
796 857
471 932
918 54
