69 941
69 8
69 422
69 643
657 518
657 806
657 294
657 200
317 484
317 951
317 705
317 608
579 826
579 653
579 842
579 635
157 613
157 537
157 443
157 147
361 59
361 873
361 197
361 324
191 541
191 910
191 428
191 802
848 974
848 348
848 422
848 611
48 58
48 38
48 720
48 46
719 241
719 183
719 222
719 701
259 270
259 559
259 457
259 758
265 915
265 509
265 679
265 385
638 286
638 531
638 77
638 784
670 272
670 837
670 538
670 274
40 336
40 937
40 396
40 798
306 936
306 950
306 637
306 621
86 772
86 956
86 561
86 839
193 249
193 536
193 0
193 92
678 334
678 82
678 222
678 750
971 527
971 303
971 387
971 606
146 673
146 374
146 845
146 715
998 12
998 959
998 628
998 488
785 993
785 47
785 476
785 240
954 96
954 686
954 815
954 566
662 578
662 532
662 740
662 282
883 993
883 156
883 411
883 896
251 364
251 897
251 607
251 981
791 648
791 534
791 239
791 766
148 992
148 795
148 107
148 314
927 966
927 915
927 314
927 983
349 947
349 477
349 364
349 238
688 415
688 487
688 74
688 869
256 365
256 928
256 8
256 781
460 819
460 303
460 208
460 308
223 397
223 45
223 386
223 884
283 53
283 595
283 88
283 566
521 100
521 515
521 409
521 332
880 548
880 499
880 988
880 131
103 391
103 289
103 298
103 808
138 94
138 860
138 648
138 535
23 151
23 660
23 354
23 916
783 136
783 661
783 354
783 645
587 663
587 950
587 68
587 134
596 430
596 753
596 994
596 882
786 958
786 321
786 452
786 209
805 445
805 73
805 685
805 970
113 185
113 736
113 846
113 610
942 937
942 593
942 74
942 740
288 559
288 673
288 393
288 129
794 808
794 857
794 636
794 495
938 243
938 343
938 835
938 825
939 104
939 89
939 675
939 731
21 716
21 746
21 240
21 410
450 683
450 860
450 827
450 960
220 239
220 631
220 912
220 326
659 176
659 62
659 169
659 947
22 943
22 558
22 56
22 409
149 383
149 631
149 739
149 510
948 254
948 307
948 396
948 728
989 759
989 929
989 275
989 904
171 59
171 601
171 549
171 66
394 973
394 546
394 336
394 996
2 921
2 758
2 944
2 656
436 284
436 866
436 721
436 466
235 593
235 726
235 236
235 277
787 144
787 196
787 18
787 94
650 514
650 818
650 691
650 655
886 242
886 410
886 918
886 484
456 645
456 675
456 81
456 928
755 426
755 965
755 343
755 75
168 976
168 766
168 649
168 878
468 264
468 802
468 391
468 355
406 904
406 681
406 975
406 592
934 442
934 613
934 692
934 410
140 475
140 616
140 620
140 752
166 320
166 34
166 951
166 257
544 580
544 319
544 747
544 757
553 432
553 418
553 360
553 320
953 75
953 380
953 401
953 684
893 70
893 499
893 80
893 416
909 838
909 162
909 615
909 672
715 776
715 594
715 357
722 189
722 30
722 969
722 641
36 88
36 682
36 425
36 765
699 865
699 751
699 12
699 905
6 434
6 334
6 762
6 120
182 906
182 966
182 52
182 819
26 675
26 423
26 143
26 449
914 224
914 567
914 353
914 705
158 652
158 355
158 426
158 52
167 773
167 814
167 183
167 582
677 902
677 697
677 888
677 115
732 559
732 812
732 737
732 643
602 541
602 991
602 438
602 823
967 552
967 550
967 586
967 713
696 108
696 762
696 66
696 984
745 388
745 634
745 413
745 104
454 505
454 739
454 340
454 122
803 423
803 107
803 877
803 444
481 573
481 231
481 110
481 676
820 155
820 313
820 822
820 620
752 475
752 407
752 616
344 763
344 284
344 945
344 856
851 713
851 793
851 388
851 426
263 545
263 443
263 598
263 174
863 282
863 210
863 428
863 515
777 633
777 432
777 45
777 551
855 828
855 60
855 440
855 381
262 629
262 29
262 427
262 352
489 750
489 407
489 222
489 529
187 92
187 881
187 458
187 96
724 74
724 84
724 430
724 5
666 922
666 581
666 813
666 82
987 910
987 946
987 660
987 156
280 147
280 322
280 838
280 660
543 358
543 443
543 527
543 66
4 878
4 796
4 314
4 32
230 155
230 313
230 520
230 704
472 742
472 39
472 512
472 499
203 420
203 847
203 290
203 840
439 457
439 633
439 209
439 53
181 875
181 568
181 112
181 307
829 603
829 774
829 362
829 892
213 960
213 836
213 292
213 977
898 889
898 331
898 246
898 958
400 326
400 64
400 228
400 844
807 630
807 771
807 14
807 690
962 583
962 49
962 734
962 781
192 429
192 318
192 172
192 532
695 705
695 415
695 976
695 692
93 415
93 269
93 600
93 811
981 776
981 217
981 364
335 115
335 976
335 575
335 846
743 267
743 990
743 467
743 155
627 564
627 765
627 872
627 397
888 713
888 697
888 902
453 127
453 906
453 160
453 591
735 64
735 530
735 903
735 940
371 376
371 476
371 267
371 233
782 605
782 810
782 705
782 110
137 844
137 321
137 269
137 488
615 238
615 56
615 227
161 179
161 532
161 68
161 388
972 60
972 273
972 466
972 554
491 303
491 457
491 945
491 606
618 177
618 384
618 478
618 405
523 884
523 455
523 169
523 266
27 323
27 389
27 854
27 123
483 704
483 775
483 809
483 995
131 548
131 988
131 345
949 339
949 882
949 916
949 303
359 603
359 464
359 458
359 59
435 859
435 175
435 547
435 738
498 517
498 59
498 286
498 339
742 550
742 499
742 39
297 409
297 264
297 784
297 178
609 118
609 690
609 647
609 49
589 959
589 45
589 687
589 811
717 172
717 578
717 875
717 509
667 257
667 671
667 974
667 382
816 264
816 746
816 273
816 334
761 214
761 858
761 231
761 818
768 375
768 727
768 334
768 474
868 507
868 487
868 506
868 594
441 434
441 403
441 665
441 347
473 770
473 651
473 94
473 614
19 895
19 279
19 469
19 527
106 112
106 449
106 683
106 121
229 973
229 723
229 336
229 814
590 110
590 343
590 663
590 640
216 793
216 467
216 96
216 323
620 616
620 475
7 751
7 817
7 905
7 13
626 328
626 250
626 112
626 299
461 111
461 899
461 651
461 387
567 353
567 224
567 197
247 208
247 462
247 510
247 706
644 810
644 692
644 273
644 836
1 509
1 872
1 211
1 324
57 91
57 331
57 517
57 513
31 541
31 832
31 373
31 802
574 18
574 60
574 764
574 411
525 940
525 992
525 526
525 530
588 301
588 495
588 535
588 261
83 556
83 375
83 878
83 665
392 601
392 178
392 593
392 845
9 778
9 372
9 661
9 295
708 44
708 272
708 697
708 396
431 720
431 419
431 753
431 327
809 621
809 704
809 188
980 215
980 737
980 350
980 767
988 345
988 548
266 369
266 636
266 512
333 911
333 254
333 76
333 124
248 965
248 870
248 913
248 354
575 846
575 533
575 44
710 849
710 839
710 250
710 147
135 347
135 560
135 655
135 871
258 689
258 116
258 378
258 769
85 362
85 798
85 536
85 950
237 897
237 698
237 690
237 607
571 796
571 606
571 731
571 128
5 634
5 430
5 778
822 900
822 648
822 966
226 889
226 643
226 686
226 492
922 700
922 274
922 852
780 452
780 78
780 427
780 867
219 516
219 513
219 985
219 658
293 13
293 706
293 760
293 734
43 236
43 766
43 956
43 564
296 32
296 412
296 994
296 433
876 369
876 444
876 313
876 503
126 447
126 789
126 329
126 316
968 986
968 727
968 815
968 632
304 951
304 983
304 916
304 557
337 277
337 285
337 395
337 253
150 789
150 614
150 367
150 760
834 338
834 252
834 907
834 17
119 703
119 707
119 437
119 612
291 911
291 524
291 866
291 973
152 404
152 800
152 500
152 398
689 946
689 116
689 769
709 707
709 408
709 417
709 402
202 986
202 311
202 243
202 828
325 546
325 872
325 913
325 996
504 28
504 315
504 374
504 881
892 127
892 393
892 184
184 393
184 853
184 600
393 636
635 826
635 903
635 653
576 346
576 542
576 105
576 114
917 797
917 311
917 765
917 485
179 255
179 516
179 339
723 712
723 3
723 814
41 532
41 290
41 508
41 102
493 490
493 206
493 236
493 408
433 416
433 904
433 906
494 631
494 414
494 738
494 912
698 163
698 607
698 897
10 733
10 770
10 718
10 957
555 249
555 901
555 299
555 175
714 598
714 918
714 242
714 963
772 956
772 201
772 760
537 55
537 821
537 65
925 908
925 381
925 974
925 200
199 419
199 484
199 142
199 727
292 977
292 427
292 672
42 308
42 452
42 25
42 549
345 548
345 598
63 278
63 852
63 356
63 687
139 197
139 796
139 763
139 797
451 611
451 557
451 476
451 655
513 764
513 58
198 578
198 646
198 64
198 847
412 90
412 32
412 779
275 759
275 492
275 929
961 599
961 734
961 910
961 332
384 405
384 478
384 177
459 858
459 993
459 404
459 811
97 341
97 133
97 144
97 833
774 859
774 409
774 362
338 78
338 17
338 252
837 424
837 758
837 902
3 244
3 15
3 746
767 744
767 737
767 350
894 551
894 194
894 127
894 570
975 592
975 681
975 534
11 416
11 645
11 999
11 307
363 162
363 480
363 857
363 210
930 825
930 570
930 867
930 115
562 864
562 804
562 301
562 572
730 669
730 486
730 79
730 867
378 108
378 769
378 116
754 81
754 557
754 124
754 367
99 826
99 919
99 813
99 653
174 598
174 56
174 944
132 377
132 426
132 84
132 913
49 838
49 52
446 118
446 870
446 830
446 465
72 0
72 845
72 318
72 89
463 379
463 861
463 748
463 285
729 310
729 455
729 98
729 884
919 563
919 824
919 632
467 204
467 399
879 276
879 486
879 986
879 218
16 502
16 301
16 997
16 610
943 39
943 440
943 558
124 81
124 557
625 465
625 683
625 680
625 815
170 952
170 411
170 64
170 240
592 860
592 681
864 572
864 804
864 377
421 71
421 221
421 756
421 656
619 74
619 50
619 54
619 992
234 355
234 380
234 997
234 979
429 102
429 519
429 508
207 370
207 801
207 190
207 682
924 583
924 779
924 781
924 111
305 515
305 676
305 790
305 66
479 339
479 369
479 603
479 931
253 506
253 255
253 899
482 713
482 923
482 209
482 915
270 90
270 390
270 545
117 228
117 583
117 76
117 75
887 550
887 175
887 903
887 423
330 775
330 239
330 201
330 733
622 260
622 749
622 614
622 107
289 326
289 808
289 298
584 343
584 20
584 672
584 173
383 739
383 210
383 109
448 470
448 694
448 885
448 674
249 299
249 901
368 668
368 447
368 278
368 568
366 25
366 565
366 101
366 946
741 39
741 46
741 519
741 825
830 529
830 268
830 0
432 407
432 418
271 685
271 210
271 286
271 332
801 594
801 183
801 582
260 107
260 190
260 564
642 356
642 952
642 585
642 874
595 53
595 163
595 570
632 563
632 824
195 959
195 315
195 573
195 92
896 568
896 110
896 683
932 982
932 540
932 647
932 749
983 916
983 403
522 866
522 891
522 282
522 287
684 569
684 254
684 711
539 890
539 810
539 591
539 141
389 123
389 874
389 854
77 175
77 996
77 929
153 180
153 346
153 514
153 671
50 920
50 935
50 54
136 841
136 599
136 661
841 145
841 931
841 599
165 105
165 122
165 640
165 756
382 978
382 457
382 946
485 835
485 877
485 700
850 604
850 520
850 565
850 387
979 276
979 847
979 559
287 680
287 734
287 601
351 402
351 449
351 990
351 613
923 647
923 341
923 125
24 639
24 322
24 403
24 536
528 311
528 784
528 243
528 937
398 500
398 800
398 586
290 840
290 420
951 367
890 163
890 706
890 462
15 244
15 933
15 159
70 418
70 857
70 424
0 978
646 328
646 578
646 726
470 694
470 674
470 503
377 284
377 84
507 910
507 487
507 693
547 76
547 381
547 125
955 617
955 964
955 862
955 130
907 793
907 444
907 586
445 685
445 970
445 73
35 693
35 813
35 936
35 621
514 818
514 691
142 419
142 484
142 549
497 364
497 173
497 637
497 196
372 295
372 554
372 778
873 33
873 56
873 240
356 560
356 585
915 395
978 633
978 849
71 656
71 756
71 221
702 957
702 687
702 870
702 151
505 340
505 173
505 750
814 172
604 28
604 520
604 488
936 693
936 621
405 177
405 357
154 792
154 212
154 302
154 799
327 205
327 856
327 564
20 173
20 691
20 605
556 214
556 156
556 665
279 895
279 469
279 238
623 51
623 438
623 531
623 261
204 658
204 771
204 885
858 410
858 214
73 685
73 970
109 510
109 121
109 545
490 236
490 408
490 206
806 294
806 324
806 145
387 606
67 18
67 597
67 342
67 624
480 160
480 854
480 162
399 312
399 37
399 217
172 46
496 608
496 379
496 129
496 164
123 416
123 854
869 577
869 637
869 415
538 682
538 374
538 390
963 918
963 242
963 593
608 474
608 65
654 726
654 815
654 390
654 91
827 89
827 690
827 960
55 605
55 947
55 853
999 711
999 947
999 645
813 331
985 516
985 658
985 385
186 376
186 430
186 821
186 874
701 771
701 241
701 115
365 928
365 790
365 273
316 789
316 143
316 329
871 824
871 542
871 114
900 476
900 671
900 341
33 728
33 506
33 965
315 227
315 881
788 795
788 877
788 318
788 374
189 969
189 641
189 30
982 725
982 540
982 749
511 346
511 554
511 215
511 804
617 130
617 828
617 862
865 215
865 503
865 447
227 881
227 269
530 540
530 940
212 792
212 302
212 799
61 79
61 218
61 276
61 300
534 95
534 843
221 756
221 656
901 565
901 299
130 862
130 964
225 861
225 238
225 80
225 188
566 367
566 310
30 655
30 969
546 419
546 913
597 342
597 414
597 624
779 875
779 727
569 90
569 711
569 465
680 563
680 533
874 118
380 401
380 355
348 422
348 611
348 994
977 233
977 232
87 524
87 518
87 891
87 246
793 639
281 668
281 926
281 790
281 360
44 533
44 679
831 402
831 88
831 449
831 12
712 424
712 307
712 309
792 527
792 302
856 721
856 417
895 403
895 469
413 298
413 274
413 964
508 102
508 519
706 462
188 80
188 164
512 46
512 891
442 661
442 835
442 823
552 313
552 529
552 278
832 628
832 357
832 162
13 561
13 760
211 81
211 908
211 509
679 385
679 354
789 329
54 935
54 920
328 185
328 675
47 370
47 314
47 501
347 926
347 104
501 147
501 274
501 994
185 535
185 931
402 408
294 25
294 324
629 630
629 352
629 29
944 285
944 322
68 663
68 134
542 105
542 114
676 573
676 958
861 360
861 551
950 134
558 908
558 370
800 404
800 500
62 169
62 143
62 176
862 964
395 407
395 277
17 252
17 840
8 643
8 941
991 823
991 866
991 438
889 784
889 686
218 276
218 995
471 474
471 309
471 577
471 300
169 176
844 104
844 321
658 516
101 765
101 565
101 941
560 585
560 417
990 375
990 775
607 897
217 312
217 776
857 600
245 478
245 911
245 639
245 232
839 849
839 652
272 828
272 254
420 840
420 847
462 269
757 747
757 96
757 319
246 518
246 945
920 935
920 721
669 928
669 352
669 486
232 381
232 331
231 842
231 379
531 224
531 798
252 466
164 386
164 720
51 386
51 261
51 214
78 464
78 452
554 200
268 731
268 209
268 278
37 799
37 282
37 129
144 18
144 196
891 373
536 82
821 376
821 838
524 264
524 200
905 751
905 817
98 736
98 455
98 310
388 937
362 859
434 120
434 762
233 197
233 634
469 125
100 151
100 477
100 716
205 740
205 849
205 997
665 878
764 736
764 417
859 738
812 464
812 976
812 89
594 776
350 737
350 941
141 810
141 652
141 397
736 899
127 591
423 550
773 502
773 267
773 151
38 58
38 580
38 80
882 440
882 753
357 641
885 53
885 733
610 425
610 502
624 414
624 342
931 369
649 112
649 128
649 694
257 320
257 34
725 60
725 322
725 300
908 986
518 795
155 520
401 390
401 872
933 159
933 244
933 250
341 133
118 647
241 911
241 771
577 208
577 300
600 797
215 833
284 639
875 867
34 373
34 320
358 682
358 744
358 14
159 921
159 244
134 663
970 440
90 465
630 29
630 14
648 94
352 29
744 286
744 206
526 992
526 353
526 95
250 842
628 795
628 993
478 177
108 477
108 984
425 194
425 88
145 614
145 194
52 966
160 591
160 206
819 308
819 995
906 974
495 551
495 178
580 319
580 747
228 386
228 75
201 58
201 956
836 332
836 960
529 28
255 726
255 506
455 129
664 309
664 111
664 404
664 76
912 312
912 32
984 464
984 95
458 721
458 267
572 804
572 561
703 738
703 437
703 612
84 637
843 14
843 692
843 486
323 79
323 122
671 180
582 183
582 120
492 759
492 686
573 958
190 370
190 748
716 208
716 477
652 121
397 884
902 697
775 633
853 385
853 375
568 935
640 411
640 180
125 329
973 336
798 396
414 342
438 823
128 796
128 731
718 957
718 143
718 770
641 969
583 781
693 487
877 178
613 586
748 285
748 903
733 673
541 668
133 833
133 447
545 443
502 194
517 965
517 91
95 510
585 952
373 561
921 651
921 277
319 747
601 515
681 904
261 295
707 612
707 437
540 749
243 311
918 242
700 835
700 852
995 704
833 673
318 845
674 694
674 176
45 811
926 790
926 360
196 376
326 631
603 651
672 466
929 759
753 720
778 295
428 25
428 321
427 121
301 163
581 817
581 952
581 82
940 346
799 302
824 563
728 308
728 111
310 711
945 668
634 340
817 751
65 474
65 91
763 797
763 92
616 475
519 102
535 860
156 660
826 653
599 959
750 500
79 122
808 298
549 28
852 758
503 996
340 739
309 222
740 746
570 825
769 116
444 312
766 239
846 533
762 120
418 424
224 353
105 114
687 870
605 180
422 611
379 842
691 818
957 770
391 997
391 802
12 488
899 636
612 437
