185 52
185 377
185 620
185 837
194 385
194 459
194 725
194 686
364 813
364 133
364 942
364 786
919 357
919 893
919 482
919 191
91 241
91 75
91 120
91 523
681 587
681 576
681 267
681 113
538 30
538 258
538 656
538 23
992 767
992 141
992 523
992 114
352 154
352 606
352 561
352 337
536 454
536 299
536 354
536 244
160 74
160 470
160 179
160 161
631 103
631 623
631 761
631 938
67 510
67 292
67 221
67 297
589 673
589 898
589 741
589 606
680 262
680 312
680 192
680 229
932 63
932 948
932 110
932 275
613 321
613 27
613 120
613 232
842 123
842 897
842 551
842 188
458 491
458 506
458 526
458 462
739 216
739 484
739 693
739 785
253 35
253 846
253 996
253 746
715 229
715 459
715 523
715 95
144 616
144 100
144 628
144 773
808 123
808 897
808 85
808 146
335 173
335 701
335 700
335 709
488 499
488 137
488 554
488 718
735 836
735 798
735 738
735 330
989 419
989 431
989 120
989 949
197 425
197 41
197 276
197 391
819 806
819 854
819 125
819 916
533 34
533 803
533 118
533 717
625 296
625 999
625 349
625 348
213 791
213 203
213 422
213 90
355 471
355 762
355 977
355 746
465 17
465 429
465 395
465 389
719 141
719 639
719 86
719 665
450 334
450 663
450 761
450 495
856 535
856 255
856 679
856 520
778 806
778 442
778 382
778 689
950 829
950 313
950 805
950 460
562 588
562 326
562 171
562 673
917 321
917 201
917 368
917 503
489 874
489 705
489 55
489 162
704 783
704 740
704 493
704 596
789 875
789 319
789 609
789 738
816 199
816 830
816 609
816 128
12 767
12 441
12 713
12 384
221 292
221 510
221 297
53 706
53 918
53 700
53 413
896 577
896 666
896 32
896 125
257 999
257 949
257 656
257 26
811 426
811 138
811 433
811 882
29 95
29 114
29 675
29 312
575 66
575 692
575 685
575 363
78 899
78 25
78 273
78 526
696 847
696 644
696 587
696 64
438 687
438 783
438 845
438 109
859 514
859 883
859 520
859 636
518 116
518 245
518 145
518 530
5 359
5 777
5 131
5 135
217 50
217 885
217 948
217 906
270 42
270 598
270 997
270 161
866 373
866 677
866 552
866 645
757 990
757 484
757 201
757 999
984 301
984 317
984 692
984 108
61 572
61 333
61 165
61 923
872 173
872 836
872 990
872 474
181 683
181 487
181 572
181 982
937 277
937 850
937 313
937 810
222 466
222 623
222 600
222 209
560 817
560 573
560 136
560 643
608 331
608 641
608 826
608 768
632 891
632 411
632 384
632 525
82 914
82 92
82 618
82 993
931 205
931 747
931 167
931 956
152 585
152 649
152 851
152 529
501 444
501 678
501 442
501 131
43 51
43 767
43 97
43 862
594 907
594 926
594 140
594 69
153 522
153 944
153 38
153 580
991 159
991 482
991 522
991 714
219 858
219 325
219 321
219 647
411 384
411 891
411 525
269 550
269 813
269 942
269 109
528 282
528 621
528 308
528 998
107 143
107 914
107 993
107 287
615 304
615 620
615 334
615 68
175 198
175 188
175 358
175 974
341 658
341 416
341 130
341 171
428 168
428 517
428 302
428 3
521 132
521 902
521 313
521 496
332 307
332 554
332 755
332 650
733 230
733 368
733 128
733 610
534 740
534 946
534 363
534 611
347 444
347 711
347 466
347 230
453 541
453 402
453 491
453 460
390 551
390 276
390 303
390 233
674 888
674 543
674 232
674 716
592 193
592 934
592 417
592 617
629 387
629 952
629 820
629 251
39 102
39 326
39 618
39 310
745 227
745 140
745 463
745 563
494 997
494 490
494 915
494 258
731 146
731 746
731 334
731 916
378 424
378 737
378 805
378 829
965 28
965 886
965 294
965 935
962 550
962 612
962 252
962 868
985 482
985 452
985 554
985 775
83 570
83 729
83 863
83 654
788 348
788 296
788 736
788 349
70 499
70 718
70 137
70 241
440 65
440 905
440 11
440 192
223 607
223 374
223 327
223 913
682 894
682 436
682 120
682 225
339 370
339 726
339 180
339 771
448 414
448 18
448 796
448 568
473 520
473 68
473 786
473 801
361 243
361 205
361 343
361 247
881 949
881 895
881 659
881 387
47 998
47 826
47 460
47 948
456 603
456 867
456 225
456 916
89 801
89 478
89 618
89 424
947 240
947 14
947 653
947 576
748 810
748 132
748 277
748 850
769 586
769 442
769 678
769 216
286 871
286 117
286 125
286 231
558 59
558 353
558 689
558 382
250 650
250 307
250 768
250 755
263 290
263 79
263 333
263 750
300 624
300 73
300 697
300 365
758 68
758 737
758 786
758 746
106 754
106 647
106 245
106 405
627 360
627 338
627 306
627 743
809 292
809 685
809 235
809 2
864 11
864 65
864 179
864 303
242 677
242 496
242 373
242 930
408 434
408 239
408 504
408 13
614 976
614 583
614 128
614 900
954 309
954 205
954 220
954 485
574 822
574 619
574 928
574 479
9 694
9 278
9 187
9 45
960 136
960 817
960 573
960 326
119 402
119 910
119 472
119 580
566 112
566 869
566 236
566 124
256 948
256 610
256 510
256 60
980 963
980 955
980 900
980 673
911 397
911 415
911 736
911 878
515 11
515 444
515 109
515 323
831 409
831 736
831 392
831 60
218 243
218 212
218 247
218 207
953 610
953 444
953 190
953 241
99 583
99 577
99 36
99 32
215 882
215 111
215 426
215 616
84 145
84 686
84 530
84 641
730 158
730 435
730 204
730 94
670 467
670 174
670 855
670 399
970 240
970 568
970 441
970 554
383 199
383 73
383 603
383 472
648 836
648 711
648 550
648 310
742 475
742 826
742 652
742 640
995 142
995 957
995 895
995 834
305 27
305 868
305 610
305 252
814 568
814 737
814 294
814 165
280 460
280 76
280 752
280 441
412 406
412 830
412 356
412 386
186 195
186 708
186 483
186 787
633 923
633 936
633 281
633 930
0 798
0 609
0 16
0 233
214 322
214 184
214 379
214 727
371 834
371 721
371 135
371 182
346 33
346 949
346 241
346 128
887 976
887 294
887 828
887 150
833 821
833 969
833 15
833 878
20 455
20 605
20 182
20 274
457 157
457 102
457 329
457 139
513 971
513 206
513 433
513 138
4 340
4 583
4 659
4 806
449 756
449 539
449 844
449 902
744 926
744 907
744 75
744 69
151 462
151 675
151 644
151 504
876 87
876 100
876 59
876 325
660 721
660 634
660 24
660 621
790 121
790 338
790 763
790 423
986 467
986 621
986 229
986 310
420 702
420 545
420 776
420 861
957 142
957 895
957 834
80 265
80 964
80 657
80 209
599 468
599 666
599 188
599 540
509 798
509 751
509 502
509 849
314 840
314 571
314 541
314 57
646 472
646 720
646 284
646 622
668 961
668 752
668 95
668 927
393 24
393 634
393 17
393 395
567 791
567 417
567 203
567 90
170 415
170 397
170 664
170 938
638 847
638 951
638 64
638 251
920 172
920 662
920 331
920 542
37 497
37 304
37 504
37 523
639 141
639 665
639 86
691 127
691 254
691 266
691 101
754 647
754 405
754 245
557 858
557 798
557 976
557 504
903 793
903 741
903 636
903 883
760 904
760 216
760 654
760 46
437 546
437 860
437 233
437 72
843 308
843 940
843 282
843 961
295 583
295 303
295 57
295 561
381 526
381 959
381 941
381 208
22 278
22 187
22 714
22 694
464 289
464 832
464 710
464 344
169 747
169 184
169 114
169 998
799 165
799 188
799 805
799 829
237 275
237 63
237 110
237 665
525 384
525 891
163 924
163 25
163 156
163 58
480 964
480 709
480 721
480 210
548 48
548 699
548 447
548 7
430 581
430 892
430 71
430 649
532 470
532 782
532 516
532 92
823 961
823 762
823 394
823 461
672 167
672 18
672 796
672 414
983 236
983 251
983 112
983 124
418 404
418 477
418 66
418 981
987 693
987 340
987 841
987 785
228 95
228 828
228 26
228 212
597 495
597 939
597 551
597 581
446 130
446 998
446 915
446 299
676 692
676 323
676 783
676 259
336 590
336 784
336 104
336 224
804 150
804 452
804 643
804 775
324 258
324 216
324 979
324 869
421 588
421 603
421 327
421 990
797 659
797 591
797 24
797 333
279 423
279 212
279 121
279 763
764 861
764 545
764 702
764 466
524 891
524 582
524 358
524 741
407 752
407 637
407 264
407 547
879 470
879 618
879 27
879 210
908 73
908 862
908 51
908 97
958 16
958 559
958 500
958 707
972 486
972 514
972 698
972 939
291 404
291 477
291 837
291 981
774 600
774 239
774 13
774 434
21 127
21 101
21 266
21 146
770 461
770 394
770 320
770 596
772 595
772 812
772 288
772 794
818 319
818 651
818 531
818 875
604 338
604 171
604 609
604 299
825 387
825 803
825 34
825 867
320 394
320 461
320 596
657 209
657 964
657 265
10 329
10 621
10 157
10 326
260 315
260 726
260 703
260 595
642 751
642 340
642 849
642 502
122 28
122 118
122 886
122 935
183 619
183 479
183 274
183 928
683 572
683 487
683 982
655 543
655 869
655 590
655 462
766 690
766 451
766 569
766 516
779 45
779 585
779 36
779 593
890 679
890 939
890 535
890 255
374 327
374 607
374 913
749 66
749 235
749 685
749 2
469 851
469 337
469 848
469 529
149 606
149 590
149 600
149 651
667 206
667 982
667 717
667 520
362 711
362 179
362 867
362 58
439 727
439 379
439 26
439 322
506 496
506 441
506 462
342 317
342 946
342 974
342 780
56 117
56 854
56 620
56 871
802 640
802 225
802 652
802 475
712 380
712 49
712 148
712 549
62 109
62 976
62 687
62 776
375 999
375 923
375 756
375 678
396 806
396 98
396 512
396 81
400 410
400 979
400 927
400 556
1 180
1 945
1 40
1 403
728 664
728 366
728 795
728 508
873 474
873 238
873 634
873 184
316 695
316 898
316 126
316 915
933 273
933 827
933 644
933 909
925 832
925 344
925 478
925 710
929 762
929 471
929 48
929 776
115 413
115 706
115 36
115 918
293 415
293 2
293 397
293 19
423 763
423 121
502 849
502 751
353 687
353 689
353 382
968 963
968 498
968 542
968 628
166 894
166 899
166 889
166 93
367 162
367 705
367 586
367 313
565 870
565 853
565 177
565 717
967 490
967 484
967 205
967 422
86 665
86 141
479 928
479 619
555 174
555 721
555 399
555 855
351 474
351 46
351 376
351 904
635 709
635 752
635 836
635 330
189 158
189 675
189 238
189 858
307 650
307 755
807 519
807 206
807 337
807 707
994 724
994 246
994 582
994 77
200 780
200 661
200 753
200 978
688 659
688 787
688 321
688 387
401 906
401 782
401 92
401 50
492 345
492 975
492 429
492 289
544 491
544 294
544 312
544 586
800 776
800 238
800 74
800 114
511 512
511 81
511 570
511 98
852 306
852 743
852 664
852 360
476 451
476 690
476 687
476 569
832 710
832 344
248 828
248 771
248 54
248 202
249 79
249 497
249 290
249 75
556 979
556 410
556 927
261 571
261 192
261 304
261 76
862 97
862 51
605 274
605 182
605 455
909 827
909 273
909 41
481 311
481 271
481 845
481 129
865 74
865 35
865 996
865 846
8 76
8 132
8 356
8 467
44 496
44 549
44 561
44 675
372 768
372 167
372 956
372 717
815 561
815 402
815 491
815 952
369 934
369 588
369 467
369 617
645 677
645 156
645 373
973 202
973 66
973 156
973 386
285 459
285 784
285 104
285 229
14 910
14 653
14 240
203 90
203 791
88 910
88 724
88 150
88 417
912 664
912 644
912 165
912 422
505 941
505 495
505 208
505 959
706 413
706 918
630 939
630 102
630 858
630 323
966 19
966 154
966 6
966 230
658 848
658 416
658 130
884 588
884 753
884 794
884 812
602 251
602 547
602 637
602 264
234 537
234 553
234 824
234 33
593 36
593 45
593 585
409 392
409 60
409 783
445 283
445 498
445 936
445 531
211 435
211 971
211 952
211 910
838 422
838 207
838 493
838 31
178 568
178 7
178 699
178 447
432 795
432 150
432 508
432 366
578 105
578 725
578 905
578 168
777 359
777 135
777 131
877 641
877 686
877 459
877 143
262 312
262 192
262 330
601 31
601 310
601 526
601 490
880 737
880 945
880 40
880 403
425 41
425 276
425 391
839 540
839 781
839 527
839 54
159 522
159 482
159 714
311 129
311 271
311 845
661 753
661 978
661 780
443 990
443 828
443 622
443 720
564 254
564 388
564 246
564 792
988 191
988 330
988 357
988 893
535 679
535 255
318 952
318 541
318 76
318 202
284 720
284 622
284 472
427 370
427 356
427 402
427 73
96 827
96 370
96 212
96 468
376 904
376 474
376 46
7 699
7 447
298 199
298 628
298 490
298 603
239 13
239 434
684 468
684 199
684 207
684 740
196 233
196 354
196 244
196 454
579 468
579 271
579 826
579 179
38 580
38 944
38 854
142 834
142 895
695 898
695 333
695 126
155 226
155 922
155 507
155 190
547 637
547 264
195 708
195 787
195 483
354 454
354 244
90 791
759 419
759 916
759 431
759 55
841 693
841 340
841 785
436 867
436 747
436 225
921 55
921 31
921 977
921 52
176 723
176 268
176 503
176 822
377 620
377 837
377 52
301 854
301 108
301 317
637 264
399 855
399 174
943 552
943 350
943 164
943 820
77 821
77 582
77 724
892 581
892 71
892 649
612 868
612 252
612 550
907 69
907 926
281 936
281 923
281 930
569 690
569 451
945 40
945 403
732 177
732 210
732 870
732 853
103 623
103 938
103 761
392 736
392 60
198 974
198 358
198 606
889 899
889 894
889 93
15 821
15 969
15 878
268 822
268 723
268 503
201 368
201 503
406 386
406 356
406 830
793 883
793 636
793 741
955 900
955 673
955 963
224 784
224 104
224 590
389 395
389 17
389 977
817 136
817 573
244 454
360 743
360 306
398 860
398 869
398 72
398 546
584 671
584 626
584 765
584 484
888 716
888 232
888 543
111 882
111 426
111 616
874 27
874 162
874 705
30 651
30 656
30 23
379 727
379 322
698 514
698 824
698 486
924 156
924 58
924 25
288 812
288 794
288 711
940 961
940 282
940 308
72 860
72 546
116 145
116 530
116 210
204 94
204 158
204 435
272 626
272 671
272 765
272 299
944 580
944 207
94 158
94 435
416 130
416 171
266 127
266 101
512 98
512 81
796 414
796 18
857 431
857 419
857 470
857 132
6 19
6 230
6 154
701 700
701 173
701 709
71 649
71 581
28 886
28 935
345 975
345 429
345 289
35 846
35 996
844 539
844 756
844 902
139 157
139 102
139 329
499 137
499 718
835 259
835 365
835 624
835 697
147 722
147 591
147 734
147 385
267 587
267 576
267 113
840 57
840 541
840 571
433 971
433 138
18 414
343 247
343 243
343 380
853 870
853 177
134 901
134 368
134 180
134 713
765 671
765 626
105 143
105 905
105 725
259 692
259 323
486 563
486 514
901 651
901 180
901 713
164 552
164 820
164 350
850 277
850 810
85 123
85 146
85 897
328 226
328 338
328 26
328 48
519 337
519 653
519 206
669 723
669 485
669 309
669 220
722 734
722 591
722 385
885 50
885 906
885 586
121 763
516 551
516 782
87 325
87 59
87 100
497 304
497 75
287 993
287 914
287 143
319 738
319 875
193 934
193 617
193 417
275 63
275 110
750 79
750 290
750 747
803 34
803 118
227 563
227 463
227 140
626 671
773 100
773 628
773 616
697 624
697 365
23 656
23 258
65 11
65 303
517 168
517 302
517 3
922 190
922 507
922 226
951 64
951 847
951 238
93 899
93 894
309 220
309 485
493 31
493 596
545 702
545 861
663 761
663 495
663 334
634 24
126 915
126 898
751 849
507 190
507 226
708 607
708 483
42 598
42 161
42 997
231 871
231 125
231 117
136 573
801 424
801 478
703 726
703 595
703 315
848 529
848 851
92 782
386 830
405 245
405 647
553 33
553 537
553 824
611 946
611 363
611 740
235 685
235 2
471 762
471 48
498 531
498 283
363 946
847 64
996 846
713 767
934 617
51 97
771 370
771 202
500 559
500 707
500 16
133 813
133 942
133 184
624 365
173 700
431 419
452 643
452 775
537 33
537 824
812 794
247 243
900 963
123 897
686 641
302 168
302 3
666 577
666 32
810 277
956 167
956 768
640 475
640 652
124 112
124 236
785 693
936 930
461 394
546 860
3 74
315 726
315 595
871 117
975 289
975 429
508 366
508 795
723 822
875 738
463 140
463 563
786 68
391 41
391 276
366 795
112 236
290 79
154 19
781 54
781 527
781 540
926 69
784 104
148 49
148 380
148 549
886 935
55 977
172 542
172 662
172 331
914 993
283 108
283 531
539 756
539 902
716 543
716 232
529 851
478 424
329 157
415 397
138 971
755 650
373 677
252 868
426 882
743 306
813 942
530 145
636 883
727 322
278 187
278 694
829 805
653 240
118 34
282 308
724 582
483 787
187 694
729 863
729 654
729 570
382 689
792 388
792 254
792 246
906 50
17 395
904 46
129 271
129 845
863 570
863 654
600 466
442 678
49 549
49 380
52 837
359 135
359 131
623 938
358 974
388 254
388 246
25 58
725 905
941 959
941 208
220 485
718 137
297 510
297 292
775 643
487 982
487 572
108 317
662 542
662 331
357 893
357 191
455 274
455 182
265 209
265 964
350 552
350 820
191 893
959 208
32 577
710 344
57 571
63 110
978 780
978 753
527 540
527 54
705 162
969 821
969 878
113 587
113 576
714 522
45 585
59 325
410 927
410 979
622 720
679 255
127 101
928 619
13 434
652 475
702 861
477 404
477 981
348 349
348 296
827 273
447 699
296 349
177 870
559 16
559 707
913 327
913 607
734 591
734 385
403 40
413 918
81 98
598 161
598 997
174 855
451 690
981 404
