370 173
370 18
370 531
370 853
734 101
734 932
734 724
734 114
401 152
401 40
401 960
401 358
987 226
987 321
987 96
987 415
217 811
217 345
217 647
217 359
757 455
757 147
757 611
757 161
324 736
324 988
324 573
324 243
474 126
474 844
474 927
474 909
112 823
112 54
112 664
112 831
740 323
740 378
740 116
740 45
787 174
787 836
787 119
787 476
878 991
878 279
878 29
878 932
33 141
33 909
33 15
33 842
38 409
38 957
38 519
38 146
110 612
110 450
110 330
110 233
550 674
550 235
550 186
550 885
158 690
158 149
158 504
158 404
972 558
972 503
972 776
972 674
437 179
437 281
437 234
437 641
801 986
801 390
801 839
801 917
271 409
271 751
271 438
271 717
360 168
360 306
360 241
360 996
24 956
24 471
24 25
24 213
74 489
74 867
74 675
74 512
231 108
231 456
231 118
231 14
287 902
287 677
287 351
287 937
447 942
447 280
447 585
447 548
931 738
931 117
931 779
931 502
153 533
153 716
153 731
153 300
713 611
713 800
713 374
713 614
567 170
567 313
567 664
567 803
996 168
996 241
996 306
45 948
45 346
45 764
542 18
542 461
542 506
542 107
813 636
813 900
813 880
813 619
908 712
908 847
908 818
908 785
412 139
412 582
412 499
412 591
564 867
564 535
564 301
564 898
113 366
113 75
113 546
113 90
942 549
942 280
942 150
449 988
449 192
449 865
449 334
482 36
482 376
482 794
482 531
7 635
7 595
7 39
7 353
551 834
551 181
551 614
551 179
594 572
594 8
594 467
594 706
985 182
985 669
985 648
985 535
338 300
338 792
338 926
338 172
916 667
916 762
916 405
916 467
668 500
668 664
668 296
668 402
791 77
791 292
791 459
791 913
189 389
189 870
189 684
189 882
936 298
936 128
936 539
936 569
687 244
687 939
687 633
687 31
804 770
804 6
804 653
804 323
42 950
42 587
42 858
42 378
774 796
774 355
774 51
774 130
41 956
41 465
41 859
41 600
958 274
958 102
958 930
958 944
77 239
77 292
77 693
615 656
615 251
615 427
615 440
343 382
343 264
343 678
343 20
851 390
851 198
851 728
851 362
131 683
131 634
131 205
131 310
177 332
177 688
177 709
177 130
221 105
221 305
221 520
221 923
745 792
745 648
745 735
745 16
319 416
319 296
319 307
319 968
902 969
902 677
902 633
955 523
955 694
955 453
955 864
969 157
969 831
969 64
518 463
518 19
518 809
518 172
968 209
968 407
968 445
290 25
290 444
290 896
290 522
844 288
844 1
844 620
3 630
3 717
3 396
3 492
522 414
522 625
522 53
685 699
685 313
685 868
685 296
736 856
736 254
736 243
15 927
15 693
15 540
496 103
496 957
496 361
496 700
95 608
95 362
95 743
95 164
376 27
376 444
376 877
328 454
328 375
328 680
328 983
727 756
727 256
727 711
727 335
267 906
267 562
267 192
267 56
339 919
339 520
339 105
339 824
103 250
103 597
103 100
874 367
874 552
874 111
874 416
806 807
806 448
806 402
806 251
882 451
882 952
882 666
80 635
80 784
80 135
80 848
741 398
741 511
741 653
741 885
424 284
424 403
424 561
424 662
470 242
470 618
470 973
470 109
667 286
667 385
667 109
468 11
468 913
468 780
468 682
621 593
621 843
621 973
621 395
836 909
836 809
836 885
379 789
379 431
379 406
379 242
665 995
665 421
665 418
665 249
460 939
460 725
460 879
460 108
510 587
510 78
510 628
510 516
291 819
291 246
291 918
291 893
552 31
552 111
552 258
905 8
905 625
905 815
905 46
771 674
771 864
771 701
771 420
780 314
780 940
780 829
733 928
733 222
733 497
733 115
933 399
933 941
933 122
933 822
28 308
28 396
28 248
28 222
443 161
443 362
443 188
443 210
232 273
232 527
232 896
232 269
358 726
358 279
358 93
486 238
486 947
486 265
486 285
503 410
503 642
503 160
603 280
603 240
603 653
603 528
759 260
759 708
759 937
759 628
718 17
718 303
718 580
718 681
746 695
746 499
746 237
746 161
817 179
817 487
817 640
817 490
213 732
213 994
213 377
754 833
754 498
754 303
754 195
848 237
848 135
848 652
114 51
114 637
114 967
225 233
225 178
225 624
225 237
355 19
355 493
355 782
97 8
97 764
97 433
97 560
398 832
398 732
398 553
644 505
644 547
644 250
644 427
796 979
796 210
796 646
590 513
590 828
590 839
590 349
825 691
825 835
825 122
825 302
556 575
556 830
556 617
556 116
720 5
720 952
720 303
720 852
751 332
751 920
751 800
779 545
779 900
779 60
354 46
354 336
354 154
354 837
373 79
373 120
373 653
373 90
747 683
747 904
747 850
747 10
650 778
650 279
650 44
650 60
179 487
40 108
40 383
40 152
129 94
129 485
129 649
129 83
64 826
64 304
64 472
257 396
257 782
257 413
257 953
274 11
274 810
274 930
200 70
200 127
200 253
200 242
941 574
941 833
941 422
397 773
397 435
397 367
397 479
403 896
403 86
403 43
196 583
196 742
196 207
196 381
907 93
907 69
907 532
907 215
384 922
384 876
384 243
384 261
380 454
380 821
380 68
380 797
499 580
499 624
966 539
966 698
966 434
966 980
659 919
659 320
659 671
659 855
391 557
391 508
391 487
391 462
508 946
508 224
508 462
202 692
202 935
202 820
202 327
312 366
312 618
312 714
312 414
321 945
321 536
321 565
678 299
678 208
678 197
84 815
84 180
84 363
84 658
532 387
532 821
532 51
712 847
712 229
712 962
186 965
186 333
186 409
224 920
224 462
224 946
582 591
582 50
582 139
283 137
283 203
283 658
283 169
422 833
422 657
422 481
929 816
929 375
929 625
929 272
388 595
388 822
388 602
388 963
475 832
475 505
475 899
475 676
702 147
702 961
702 32
702 949
900 219
900 619
259 703
259 998
259 162
259 184
739 121
739 12
739 692
739 935
214 430
214 197
214 526
214 722
322 297
322 979
322 982
322 394
78 286
78 819
78 715
136 246
136 507
136 578
136 327
897 337
897 782
897 82
897 764
229 962
229 705
229 938
249 152
249 700
249 268
545 714
545 700
545 167
697 910
697 584
697 710
697 411
821 226
821 797
473 29
473 860
473 502
473 190
927 305
927 126
191 169
191 775
191 156
191 205
949 147
949 215
949 93
88 99
88 176
88 926
88 850
219 276
219 23
219 425
703 371
703 856
703 597
59 743
59 166
59 472
59 795
686 682
686 790
686 584
686 776
984 392
984 853
984 553
984 890
999 863
999 227
999 2
999 142
568 48
568 662
568 865
568 690
792 135
792 802
71 509
71 766
71 519
71 573
660 585
660 693
660 824
660 183
336 840
336 572
336 721
814 9
814 721
814 654
814 258
959 853
959 383
959 898
959 786
334 598
334 152
334 901
890 553
890 838
890 392
91 646
91 934
91 544
91 342
903 598
903 421
903 537
903 178
352 945
352 563
352 596
352 263
758 364
758 770
758 142
758 166
163 586
163 921
163 536
163 636
599 901
599 744
599 415
599 337
9 654
9 528
9 643
541 332
541 123
541 417
541 705
211 2
211 826
211 910
211 610
410 307
410 428
410 411
982 58
982 133
982 404
31 228
31 351
34 428
34 880
34 101
34 276
270 477
270 434
270 195
270 895
316 768
316 777
316 642
316 256
265 990
265 947
265 684
875 625
875 243
875 894
875 889
795 130
795 577
795 743
394 784
394 5
394 466
531 69
531 192
118 432
118 558
118 377
611 932
611 583
453 66
453 920
453 523
160 642
160 977
160 715
938 21
938 962
938 705
251 497
251 850
44 807
44 560
44 393
763 29
763 533
763 948
763 607
481 737
481 173
481 86
764 516
767 311
767 857
767 275
767 808
978 793
978 998
978 49
978 717
36 683
36 688
36 431
679 51
679 944
679 178
679 708
488 176
488 451
488 892
488 772
194 92
194 752
194 181
194 716
707 143
707 809
707 185
707 411
294 613
294 11
294 277
294 6
565 912
565 111
565 66
154 849
154 123
154 107
262 655
262 143
262 155
262 953
308 350
308 732
308 90
994 898
994 433
994 484
13 273
13 146
13 145
13 847
143 285
143 666
598 824
598 735
235 369
235 458
235 943
744 408
744 606
744 711
268 923
268 463
268 976
512 675
512 489
512 877
309 335
309 427
309 855
309 820
85 737
85 662
85 466
85 133
656 876
656 165
656 320
46 244
46 579
585 595
585 266
47 789
47 730
47 768
47 983
135 769
173 441
173 236
465 939
465 600
465 956
797 784
797 348
457 593
457 557
457 951
457 605
793 175
793 562
793 688
960 128
960 911
960 377
171 862
171 86
171 560
171 523
207 381
207 0
207 742
101 357
101 418
371 218
371 10
371 816
56 99
56 646
56 928
894 17
894 502
894 859
581 372
581 807
581 698
581 879
865 492
865 48
630 492
630 483
630 893
986 708
986 418
986 808
810 904
810 867
810 504
953 123
953 846
506 18
506 639
506 104
950 640
950 157
950 655
149 880
149 827
149 318
569 298
569 106
569 841
904 170
904 699
128 298
128 395
366 755
366 75
381 636
381 742
546 755
546 854
546 571
43 137
43 798
43 178
407 572
407 881
407 576
134 172
134 116
134 975
134 963
513 167
513 826
513 109
967 82
967 803
967 917
193 579
193 534
193 750
193 883
760 61
760 119
760 438
760 347
145 515
145 629
145 638
106 242
106 841
106 855
463 772
463 19
588 341
588 898
588 349
588 500
881 333
881 557
881 893
218 10
218 404
218 672
23 425
23 963
23 472
285 73
285 666
571 965
571 534
571 854
648 289
648 361
495 748
495 616
495 282
495 247
918 350
918 439
918 144
185 819
185 411
185 100
612 560
612 330
612 610
52 402
52 852
52 818
52 385
348 58
348 749
348 199
289 828
289 663
289 631
669 762
669 365
669 788
723 315
723 652
723 505
723 272
818 671
818 943
63 119
63 32
63 340
63 799
888 704
888 68
888 861
888 608
382 81
382 20
382 264
647 770
647 359
647 345
805 304
805 37
805 773
805 295
626 65
626 954
626 255
626 613
885 504
886 395
886 572
886 673
886 421
924 57
924 840
924 417
924 783
247 307
247 616
247 282
974 537
974 278
974 623
974 645
516 30
516 223
604 245
604 891
604 993
604 277
515 148
515 989
515 314
788 365
788 762
788 803
540 188
540 693
540 439
876 843
876 261
69 634
69 781
558 124
558 61
525 258
525 586
525 357
525 782
861 776
861 167
861 680
765 681
765 529
765 198
765 216
852 633
852 385
432 89
432 995
432 298
320 694
320 725
526 869
526 73
526 554
930 378
930 873
304 102
304 451
438 528
438 895
165 622
165 673
165 981
997 860
997 459
997 651
997 511
374 566
374 614
374 212
762 365
975 521
975 815
975 696
435 980
435 799
435 409
592 317
592 342
592 489
592 691
675 155
675 877
839 828
839 574
641 234
641 281
641 329
258 111
816 587
816 253
138 583
138 344
138 613
138 750
671 184
671 201
491 444
491 490
491 35
491 332
783 275
783 364
783 450
609 159
609 477
609 977
609 912
555 264
555 618
555 706
555 230
802 151
802 790
802 777
223 631
223 944
223 838
719 240
719 187
719 866
719 915
917 536
917 390
132 573
132 887
132 529
132 575
977 315
977 992
501 790
501 826
501 689
501 104
749 209
749 445
749 22
529 493
529 386
533 230
533 300
216 198
216 681
216 524
976 206
976 676
976 162
203 419
203 628
203 273
628 629
840 115
840 947
151 182
151 54
151 144
846 140
846 62
846 992
0 717
0 76
0 467
799 884
799 980
181 729
181 534
176 682
176 451
387 872
387 456
387 755
100 459
100 250
657 892
657 561
657 766
640 655
640 48
750 698
750 66
318 333
318 738
318 827
89 995
89 884
89 442
620 610
620 866
620 446
711 812
711 256
753 688
753 794
753 756
753 1
701 208
701 426
701 674
199 156
199 607
199 6
864 694
864 420
198 39
261 315
261 5
430 934
430 124
430 722
238 911
238 834
238 868
483 704
483 957
483 331
484 299
484 622
484 433
624 494
624 441
480 607
480 993
480 509
480 272
770 378
79 90
79 94
79 246
575 471
575 573
250 547
691 858
691 995
964 772
964 538
964 991
964 326
445 209
445 22
632 769
632 790
632 961
632 517
562 906
562 970
442 417
442 576
442 167
591 139
591 623
606 266
606 478
606 619
359 345
359 561
455 699
455 288
455 327
682 11
236 364
236 752
236 913
494 248
494 441
494 627
295 341
295 663
295 448
580 168
580 35
35 121
35 658
201 617
201 92
201 709
393 389
393 554
393 76
206 831
206 652
206 485
183 60
183 940
183 808
524 716
524 125
524 681
121 692
121 935
549 330
549 706
549 577
122 636
122 98
922 724
922 367
922 349
651 440
651 459
651 862
220 921
220 293
220 190
220 811
527 538
527 914
527 696
534 248
847 32
83 326
83 871
83 429
823 346
823 831
823 364
452 934
452 637
452 57
452 507
769 901
769 676
70 535
70 425
70 127
704 822
704 887
537 260
537 991
993 498
993 543
990 4
990 684
990 301
104 65
104 627
208 127
208 62
815 282
892 96
892 859
230 706
230 566
469 544
469 951
469 530
469 766
326 680
326 772
724 528
724 180
940 75
940 60
871 873
871 17
871 429
346 307
346 120
190 293
190 988
926 946
926 415
725 914
725 879
37 645
37 870
37 695
275 857
275 311
184 239
184 952
390 728
721 108
721 497
282 616
514 399
514 923
514 368
514 490
65 954
65 255
880 276
174 263
174 548
174 27
538 86
538 989
607 156
661 164
661 954
661 440
661 150
461 362
461 107
461 164
133 72
133 544
778 21
778 616
778 622
423 67
423 413
423 811
423 466
431 493
431 357
553 392
140 992
140 899
140 664
673 901
673 456
623 446
623 991
98 12
98 670
98 252
676 505
180 363
180 297
337 426
337 696
857 311
857 55
705 962
356 478
356 872
356 928
356 781
197 254
197 731
389 870
389 72
50 139
50 172
50 785
227 2
227 863
227 559
577 476
577 117
610 910
716 81
869 150
869 812
869 554
107 148
595 237
386 400
386 860
386 841
935 692
25 896
25 351
255 954
255 988
631 429
631 498
872 923
872 310
404 239
696 521
479 462
479 530
479 367
596 263
596 945
596 563
637 450
637 507
559 684
559 92
559 919
755 854
116 963
375 284
375 286
137 62
137 798
812 670
812 476
164 670
212 363
212 597
212 67
547 899
547 862
96 883
96 849
485 66
485 911
768 156
768 586
870 245
365 710
323 509
323 383
748 643
748 979
748 509
730 789
730 416
730 983
843 170
843 830
57 417
57 566
448 635
448 858
142 166
142 222
317 579
317 292
317 311
561 241
828 441
777 500
777 253
820 776
820 915
614 800
866 187
866 240
980 126
951 593
951 605
254 62
254 471
827 601
827 313
639 842
639 27
639 18
244 807
244 939
288 124
288 14
943 737
943 858
278 141
278 842
278 16
10 850
530 340
530 689
548 280
548 125
82 946
82 464
406 383
406 87
406 124
253 521
276 425
272 752
574 690
574 925
368 396
368 399
368 726
269 458
269 887
269 492
159 477
159 912
159 4
87 920
87 728
87 680
12 305
12 155
26 400
26 617
26 638
26 849
860 204
794 798
794 756
842 141
347 798
347 119
347 61
4 889
4 301
520 105
520 141
29 785
228 351
228 456
228 372
478 925
478 27
331 554
331 884
331 155
570 500
570 260
570 600
570 450
566 439
605 593
605 497
17 873
645 302
645 353
832 539
832 361
81 887
81 263
400 775
400 182
157 589
157 76
252 863
252 845
252 785
971 471
971 834
971 399
971 925
256 756
55 426
55 314
55 148
714 493
714 700
879 372
773 413
773 68
602 822
602 689
602 891
39 889
39 649
789 983
819 49
73 517
73 690
144 617
144 722
245 277
245 891
521 655
446 970
446 729
511 543
511 504
535 627
93 215
899 992
372 419
867 313
743 715
76 589
281 234
281 329
222 115
125 205
125 169
297 979
297 408
385 856
652 454
182 369
168 306
803 405
838 2
838 944
863 649
117 30
117 729
349 809
454 299
464 914
464 811
464 517
458 638
458 369
677 710
677 663
638 699
22 209
22 981
187 240
187 102
709 92
709 466
414 618
414 53
695 915
695 67
325 342
325 175
325 837
325 672
849 883
576 853
576 906
877 737
498 543
476 834
127 889
148 989
434 195
434 895
408 273
408 973
341 629
341 601
444 20
350 932
350 19
49 948
49 738
284 204
284 981
622 433
123 672
204 998
204 428
973 99
830 893
830 303
854 965
405 726
405 735
663 601
130 775
126 8
845 226
845 689
845 426
188 439
188 54
340 436
340 619
761 835
761 666
761 633
761 260
873 361
855 305
919 300
914 314
786 523
786 30
786 708
369 75
683 868
970 472
970 731
150 72
578 489
578 327
578 246
911 781
53 335
53 859
1 266
1 539
490 913
301 948
392 829
906 800
589 915
589 419
16 353
16 735
415 775
248 147
436 54
436 519
436 563
957 146
557 487
672 315
981 947
234 329
715 429
419 329
728 67
413 102
654 643
654 752
105 824
670 58
310 634
310 175
61 72
48 829
99 536
357 883
58 837
895 195
115 306
710 584
726 215
729 30
302 835
302 868
835 21
862 166
286 507
646 934
32 299
952 293
519 766
241 579
402 296
928 94
428 998
543 266
731 586
345 587
627 502
742 170
961 833
961 937
467 14
333 420
120 738
120 921
344 642
344 377
344 613
597 363
544 342
68 829
335 427
146 856
192 722
837 6
989 608
277 891
608 21
420 161
912 477
945 563
643 583
694 937
395 421
292 239
732 808
517 658
226 210
210 162
781 634
279 698
841 662
94 649
925 14
921 293
884 416
584 910
205 784
629 601
600 956
109 965
162 909
418 233
635 353
5 440
175 169
264 20
330 233
