330 409
330 489
330 633
330 855
698 840
698 455
698 175
698 300
213 942
213 113
213 192
213 841
787 892
787 378
787 250
787 228
801 736
801 619
801 829
801 398
957 514
957 657
957 922
957 697
654 924
654 134
654 822
654 853
758 189
758 664
758 240
758 57
72 297
72 648
72 963
72 291
402 642
402 644
402 482
402 961
179 646
179 845
179 940
179 25
236 114
236 255
236 360
236 729
967 563
967 676
967 734
967 298
989 556
989 99
989 491
989 663
511 106
511 831
511 180
511 933
709 166
709 451
709 292
709 149
128 840
128 303
128 861
128 229
190 454
190 552
190 421
190 428
647 983
647 191
647 441
647 981
755 144
755 146
755 14
755 919
461 263
461 769
461 321
461 888
973 283
973 377
973 694
973 255
20 194
20 540
20 842
20 867
742 198
742 636
742 8
742 956
107 888
107 697
107 777
107 527
481 427
481 603
481 222
481 829
423 229
423 694
423 517
423 24
717 883
717 828
717 456
717 856
237 785
237 966
237 16
237 854
447 564
447 873
447 599
447 587
410 497
410 284
410 4
410 238
518 665
518 317
518 592
518 319
656 714
656 244
656 913
656 206
696 508
696 584
696 292
696 34
234 81
234 621
234 259
234 105
558 504
558 64
558 942
558 52
473 617
473 341
473 542
473 660
574 297
574 317
574 880
574 208
724 333
724 619
724 95
724 248
830 127
830 295
830 75
830 513
342 771
342 893
342 13
342 948
914 98
914 628
914 146
914 389
200 242
200 702
200 882
200 428
782 347
782 974
782 45
782 174
920 418
920 258
920 294
920 784
335 733
335 12
335 268
335 122
380 587
380 59
380 564
380 173
82 33
82 414
82 22
82 834
316 723
316 85
316 673
316 815
70 400
70 108
70 562
70 538
162 15
162 462
162 275
162 394
329 594
329 232
329 301
329 675
422 286
422 839
422 490
422 969
768 499
768 15
768 748
768 443
878 659
878 660
878 136
878 344
9 890
9 347
9 829
9 977
826 638
826 87
826 702
826 496
391 788
391 0
391 220
391 637
662 151
662 746
662 928
662 211
74 814
74 828
74 476
74 369
955 964
955 483
955 802
955 353
69 10
69 401
69 727
69 465
611 693
611 743
611 143
611 904
629 101
629 328
629 183
629 169
799 411
799 861
799 187
799 320
131 46
131 532
131 678
131 703
851 601
851 453
851 711
851 748
119 265
119 354
119 145
119 881
468 835
468 686
468 719
468 103
91 59
91 858
91 919
91 835
635 767
635 747
635 226
635 554
325 909
325 566
325 32
325 715
573 916
573 943
573 560
573 419
477 0
477 3
477 21
477 722
850 247
850 901
850 966
850 952
549 246
549 825
549 602
549 869
243 569
243 774
243 639
243 653
354 881
354 164
354 265
487 496
487 61
487 524
487 933
751 1
751 579
751 64
751 252
412 937
412 794
412 728
412 336
986 690
986 873
986 649
986 941
109 258
109 1
109 246
109 604
894 716
894 120
894 912
894 557
995 992
995 405
995 581
995 977
5 416
5 796
5 33
5 476
73 421
73 833
73 279
73 295
6 374
6 420
6 592
6 561
38 208
38 338
38 403
38 317
357 848
357 840
357 122
357 21
906 388
906 311
906 800
906 705
27 274
27 832
27 205
27 593
97 703
97 668
97 658
97 436
373 273
373 261
373 283
373 813
505 365
505 776
505 732
505 552
318 458
318 553
318 445
318 355
426 283
426 51
426 152
426 757
137 273
137 907
137 992
137 880
988 823
988 713
988 50
988 285
364 88
364 972
364 207
364 458
392 158
392 771
392 497
392 889
395 233
395 50
395 488
395 597
874 520
874 553
874 353
874 964
133 603
133 537
133 935
133 202
645 240
645 577
645 471
645 21
195 389
195 208
195 972
195 278
440 675
440 8
440 301
440 507
478 694
478 100
478 859
478 588
908 749
908 384
908 590
908 88
196 824
196 783
196 905
196 691
930 835
930 784
930 627
930 590
337 86
337 813
337 738
337 295
789 309
789 837
789 737
789 888
92 24
92 731
92 670
92 740
729 360
729 114
729 604
168 14
168 750
168 695
168 144
193 110
193 609
193 416
193 218
486 258
486 871
486 730
486 921
326 652
326 846
326 129
326 26
217 40
217 122
217 80
217 512
351 165
351 216
351 76
351 288
570 877
570 355
570 251
570 726
618 890
618 825
618 744
618 780
167 421
167 332
167 366
167 637
917 670
917 321
917 552
917 769
150 688
150 282
150 661
150 556
181 982
181 224
181 922
181 308
341 660
341 617
341 542
386 704
386 903
386 138
386 677
176 345
176 11
176 999
176 120
993 754
993 623
993 697
993 862
182 371
182 631
182 460
182 289
887 250
887 684
887 530
887 904
492 551
492 737
492 252
492 343
555 833
555 550
555 561
555 420
56 296
56 651
56 115
56 901
253 772
253 374
253 788
253 222
544 503
544 550
544 333
544 248
565 403
565 15
565 663
565 700
199 928
199 60
199 151
199 746
976 854
976 683
976 8
976 459
29 209
29 498
29 695
29 278
156 102
156 693
156 828
156 98
699 116
699 725
699 284
699 450
280 663
280 242
280 905
280 794
641 310
641 757
641 848
641 71
260 520
260 984
260 734
260 403
397 522
397 685
397 673
397 279
93 843
93 818
93 194
93 778
140 272
140 121
140 85
140 745
163 689
163 959
163 160
163 925
501 419
501 535
501 445
501 863
256 990
256 261
256 445
256 602
692 797
692 59
692 658
692 434
576 482
576 735
576 796
576 701
819 971
819 927
819 210
819 723
147 710
147 434
147 886
147 366
376 953
376 609
376 871
376 138
368 915
368 331
368 843
368 169
381 808
381 108
381 562
381 607
516 416
516 608
516 480
516 612
270 383
270 653
270 739
270 620
712 626
712 489
712 541
712 78
304 745
304 8
304 239
304 103
625 14
625 616
625 943
625 560
475 691
475 471
475 240
475 919
852 273
852 451
852 499
852 215
271 141
271 761
271 563
271 998
448 136
448 264
448 507
448 254
340 539
340 932
340 268
340 814
807 804
807 584
807 358
807 585
23 377
23 287
23 208
23 90
197 399
197 153
197 446
197 19
159 118
159 17
159 454
159 547
881 145
881 265
433 152
433 500
433 734
433 935
855 489
855 633
855 409
417 800
417 211
417 144
417 293
142 120
142 945
142 206
142 177
154 149
154 708
154 55
154 784
39 143
39 120
39 909
39 434
470 80
470 841
470 40
470 726
334 55
334 173
334 552
334 700
89 479
89 836
89 278
89 207
407 525
407 738
407 513
407 942
161 218
161 419
161 85
161 870
432 278
432 883
432 523
432 138
68 314
68 14
68 899
68 110
204 315
204 870
204 980
204 298
281 788
281 773
281 209
281 35
348 683
348 592
348 424
348 344
277 765
277 899
277 643
277 868
872 962
872 388
872 705
872 311
387 911
387 414
387 818
387 778
515 844
515 571
515 203
515 483
655 588
655 286
655 839
655 859
63 105
63 314
63 810
63 900
302 880
302 885
302 441
302 743
965 32
965 886
965 566
965 667
891 485
891 238
891 771
891 734
951 870
951 427
951 836
951 479
521 428
521 436
521 834
521 370
860 384
860 2
860 592
860 621
595 298
595 539
595 252
595 716
809 803
809 464
809 343
809 170
359 33
359 790
359 233
359 0
798 899
798 594
798 945
798 218
404 591
404 984
404 586
404 135
949 28
949 579
949 626
949 710
36 824
36 61
36 627
36 733
931 173
931 659
931 146
931 451
267 64
267 603
267 24
267 532
306 991
306 628
306 714
306 90
350 67
350 883
350 921
350 856
978 495
978 633
978 599
978 244
186 785
186 375
186 882
186 767
610 390
610 759
610 439
610 52
312 401
312 953
312 424
312 586
457 599
457 427
457 293
457 686
235 982
235 308
235 224
235 990
502 338
502 512
502 513
502 399
155 175
155 400
155 455
155 300
924 853
924 822
924 134
266 61
266 374
266 476
266 211
346 540
346 572
346 987
346 875
811 815
811 725
811 956
811 405
963 648
963 297
963 291
43 425
43 820
43 944
43 735
939 837
939 741
939 557
939 309
969 286
969 839
969 897
41 314
41 83
41 553
41 452
264 507
264 136
264 254
991 90
991 628
991 700
958 497
958 18
958 596
958 970
183 101
183 64
183 328
469 144
469 905
469 785
469 520
7 996
7 972
7 938
7 170
472 203
472 844
472 571
472 21
775 224
775 937
775 954
775 607
838 229
838 374
838 496
838 772
567 719
567 884
567 536
567 212
580 667
580 750
580 624
580 550
437 627
437 802
437 578
437 191
879 659
879 510
879 495
879 99
26 129
26 846
26 628
979 30
979 666
979 910
979 912
509 343
509 52
509 577
509 664
575 697
575 90
575 754
575 996
613 262
613 104
613 466
613 180
812 589
812 740
812 184
812 616
230 582
230 793
230 760
230 718
372 972
372 694
372 288
372 499
606 714
606 46
606 870
606 503
231 363
231 362
231 545
231 3
630 124
630 219
630 921
630 245
79 245
79 124
79 510
79 219
124 219
124 245
857 873
857 111
857 247
857 653
241 682
241 458
241 733
241 134
531 533
531 731
531 934
531 439
435 307
435 898
435 636
435 510
438 718
438 239
438 460
438 111
816 561
816 336
816 54
816 609
950 239
950 84
950 508
950 389
706 824
706 980
706 886
706 710
571 203
571 844
671 900
671 960
671 634
671 665
393 752
393 375
393 86
393 418
762 246
762 892
762 686
762 885
876 242
876 54
876 962
876 361
484 242
484 229
484 600
484 118
523 730
523 37
523 138
62 61
62 42
62 494
62 276
214 608
214 612
214 139
214 480
548 820
548 65
548 504
548 867
687 895
687 449
687 554
687 691
66 295
66 336
66 831
66 303
535 828
535 772
535 445
58 192
58 113
58 220
58 788
680 177
680 139
680 396
680 458
640 741
640 732
640 365
640 776
770 382
770 577
770 678
770 790
756 223
756 948
756 250
756 67
781 895
781 624
781 529
781 866
546 885
546 78
546 148
546 541
763 804
763 534
763 997
763 786
225 821
225 944
225 425
225 820
299 212
299 106
299 105
299 911
761 806
761 868
761 643
916 560
916 187
916 943
379 218
379 815
379 305
379 750
622 290
622 127
622 553
622 474
216 288
216 165
216 76
744 780
744 890
744 825
997 786
997 534
997 703
902 614
902 127
902 415
902 954
125 519
125 361
125 672
125 319
971 210
971 927
971 723
31 634
31 731
31 871
31 513
927 210
927 532
172 194
172 451
172 258
172 250
408 35
408 171
408 117
408 430
322 869
322 642
322 602
322 892
847 187
847 345
847 11
847 999
44 294
44 817
44 938
44 821
753 554
753 343
753 400
753 569
568 272
568 977
568 460
568 919
759 594
759 390
759 624
442 398
442 926
442 849
442 994
132 411
132 691
132 495
132 105
722 111
722 327
722 3
49 259
49 227
49 977
49 539
130 598
130 369
130 959
130 646
559 674
559 537
559 783
559 378
795 889
795 390
795 658
795 96
385 737
385 60
385 619
385 998
493 953
493 904
493 563
493 550
2 670
2 684
2 178
612 480
612 608
53 940
53 25
53 450
53 88
429 743
429 998
429 16
429 353
865 4
865 424
865 945
865 146
126 85
126 24
126 861
126 55
827 4
827 178
827 771
827 60
12 520
12 733
12 984
525 803
525 539
525 464
918 980
918 517
918 747
918 510
406 907
406 452
406 135
406 526
430 35
430 307
430 117
71 310
71 757
71 848
227 992
227 863
227 624
313 551
313 605
313 730
313 715
123 792
123 215
123 749
123 188
650 532
650 75
650 527
650 777
254 136
254 507
169 328
169 101
766 37
766 47
766 779
766 491
638 87
638 907
638 702
836 479
836 207
864 882
864 460
864 526
864 540
269 720
269 202
269 583
269 349
644 961
644 482
644 642
257 593
257 221
257 620
257 739
506 106
506 443
506 735
506 772
615 915
615 673
615 331
615 283
968 396
968 153
968 590
968 303
358 804
358 584
358 585
877 98
877 355
877 251
974 45
974 347
974 174
708 784
708 666
708 30
19 446
19 880
19 153
305 528
305 315
305 75
320 861
320 411
320 187
382 678
382 338
382 577
51 499
51 495
51 252
810 962
810 682
810 900
323 716
323 65
323 862
323 623
536 67
536 212
536 336
48 84
48 33
48 22
48 897
721 356
721 383
721 975
721 474
189 899
189 664
189 57
981 191
981 983
981 441
581 854
581 992
581 405
688 661
688 556
688 282
324 866
324 529
324 896
324 290
617 542
617 171
530 459
530 835
530 998
370 436
370 604
370 834
504 946
504 65
141 563
141 171
141 449
681 496
681 135
681 960
681 726
198 956
198 636
198 75
657 262
657 922
657 514
100 588
100 1
100 859
500 935
500 526
500 152
184 589
184 616
184 740
77 157
77 936
77 707
77 449
287 800
287 377
287 255
94 367
94 83
94 686
94 314
456 18
456 596
456 970
528 315
528 921
528 452
797 897
797 953
797 434
923 676
923 538
923 714
923 60
339 863
339 805
339 701
339 985
490 707
490 936
490 471
488 737
488 233
488 597
514 178
514 922
791 47
791 603
791 421
791 503
165 76
165 288
228 738
228 86
228 378
543 685
543 221
543 578
543 933
674 537
674 783
674 378
566 909
566 32
736 915
736 332
736 777
282 632
282 661
898 296
898 307
898 783
498 695
498 209
498 773
522 673
522 677
522 685
145 526
145 265
929 238
929 485
929 587
929 564
367 634
367 45
367 81
713 823
713 285
713 50
112 685
112 600
112 356
112 631
752 418
752 796
752 375
96 390
96 889
96 384
893 13
893 524
893 948
175 300
175 455
808 108
808 607
808 562
221 578
221 813
598 959
598 646
598 369
99 491
99 428
669 274
669 832
669 52
669 205
413 895
413 824
413 840
413 83
394 462
394 858
394 275
586 308
586 424
285 823
285 50
679 667
679 572
679 508
679 987
593 620
593 739
652 945
652 129
652 846
249 990
249 384
249 600
249 856
842 540
842 389
842 885
903 704
903 933
903 677
605 551
605 720
605 715
30 666
30 910
164 534
164 212
164 853
867 65
867 194
431 127
431 279
431 143
431 414
589 616
589 740
444 711
444 601
444 239
444 453
232 301
232 594
232 675
185 754
185 944
185 449
185 871
148 76
148 541
148 78
157 707
157 222
157 936
290 862
290 474
363 545
363 362
363 467
985 416
985 701
985 805
937 607
937 728
166 517
166 292
166 222
158 497
158 889
158 785
961 482
961 642
275 462
275 833
463 135
463 116
463 990
463 843
365 732
365 776
765 868
765 459
765 643
715 551
912 59
912 716
201 494
201 369
201 276
201 42
779 37
779 47
779 491
409 489
409 633
579 626
579 28
226 803
226 747
226 767
693 143
693 102
832 205
832 274
223 67
223 748
223 845
946 106
946 28
946 678
983 191
983 441
22 84
22 895
547 17
547 454
547 118
896 529
896 485
896 866
170 996
170 938
32 909
597 233
597 512
34 667
34 292
34 875
149 55
149 796
596 970
596 18
938 996
639 774
639 569
639 728
668 754
668 892
668 658
975 279
975 805
975 415
81 621
81 259
345 999
345 11
954 415
954 614
10 465
10 727
10 401
321 769
321 263
291 648
291 727
420 561
420 833
450 116
450 725
822 665
822 134
80 40
80 841
360 604
360 114
519 672
519 361
519 319
999 11
293 873
293 211
465 727
465 401
309 837
309 557
177 396
177 139
116 725
764 623
764 925
764 160
764 689
934 439
934 533
934 773
731 634
849 994
849 398
849 926
383 815
383 474
660 542
480 608
690 649
690 941
690 632
960 726
960 900
780 890
780 825
117 35
117 452
113 192
113 220
263 888
263 769
121 831
121 745
121 272
251 355
251 651
884 719
884 122
884 952
947 16
947 653
947 718
947 966
192 220
805 701
841 40
940 25
940 88
964 869
964 353
485 238
649 941
649 632
557 837
817 294
817 307
817 821
578 802
174 45
174 347
527 806
527 777
821 294
863 419
467 362
467 904
467 545
151 928
151 746
464 803
464 942
344 683
344 659
533 773
533 439
538 676
538 400
925 689
925 160
115 651
115 405
115 296
564 587
682 962
682 670
284 4
284 984
636 956
240 471
858 462
858 806
767 747
774 261
774 569
18 970
104 466
104 262
104 180
296 651
792 749
792 215
792 188
102 854
102 750
371 427
371 631
371 289
153 446
453 601
453 711
466 262
466 180
913 338
913 206
913 244
591 98
591 614
591 743
95 248
95 508
95 333
332 366
332 637
152 935
562 108
886 710
274 205
54 46
54 476
982 829
982 224
289 327
289 631
583 349
583 202
583 720
818 778
818 911
327 111
327 3
875 987
875 572
794 308
794 905
286 839
160 689
331 843
331 915
436 834
987 572
268 932
268 814
910 666
910 315
845 748
845 25
57 664
57 719
601 711
352 760
352 806
352 582
352 793
760 582
760 793
425 820
425 944
84 897
356 600
356 171
16 966
517 980
869 602
663 994
310 757
310 848
512 590
411 414
672 361
672 319
730 1
738 86
28 626
110 609
110 800
459 683
349 720
349 202
853 537
78 541
46 790
443 735
443 15
831 303
684 718
684 665
959 646
300 455
704 677
704 676
247 901
247 952
399 446
399 728
786 534
786 703
272 745
907 87
859 588
219 245
707 936
932 814
932 627
741 599
741 813
311 388
311 705
643 868
675 301
941 632
911 778
398 926
746 928
297 648
702 87
882 246
804 585
255 377
952 901
47 37
524 103
524 13
415 614
866 529
366 637
790 0
623 862
244 206
584 585
695 209
560 943
948 13
556 661
178 823
101 328
317 403
261 273
188 215
188 749
883 856
129 846
483 802
483 554
103 503
139 396
479 207
17 118
17 454
994 926
248 333
700 173
418 375
732 776
619 298
42 276
42 494
620 739
582 793
259 621
844 203
494 276
388 705
114 83
723 210
362 545
