397 856
397 106
397 153
397 536
953 146
953 840
953 908
953 985
200 690
200 747
200 413
200 362
853 584
853 98
853 956
853 66
53 111
53 669
53 5
53 615
654 376
654 364
654 14
654 29
312 211
312 378
312 919
312 144
765 589
765 829
765 782
765 724
386 985
386 446
386 955
386 373
714 571
714 766
714 845
714 515
567 533
567 527
567 584
567 177
875 774
875 64
875 573
875 154
38 438
38 926
38 610
38 538
382 780
382 759
382 668
382 586
391 351
391 285
391 800
391 12
420 601
420 461
420 913
420 849
90 94
90 44
90 753
90 258
163 906
163 222
163 167
163 849
185 935
185 995
185 504
185 997
809 387
809 373
809 425
809 339
46 309
46 770
46 960
46 601
242 552
242 298
242 115
242 373
117 815
117 615
117 539
117 913
531 995
531 751
531 760
531 850
275 570
275 805
275 368
275 670
330 265
330 870
330 247
330 663
205 843
205 919
205 837
205 138
226 947
226 813
226 620
226 951
474 852
474 573
474 682
474 542
241 536
241 598
241 418
241 989
862 404
862 969
862 389
862 747
277 510
277 919
277 168
277 93
519 632
519 838
519 898
519 297
144 156
144 517
144 456
255 426
255 390
255 923
255 734
208 7
208 522
208 384
208 889
685 522
685 84
685 604
685 539
361 119
361 851
361 603
361 537
927 194
927 549
927 781
927 675
253 60
253 181
253 994
253 249
836 20
836 758
836 980
836 99
323 414
323 349
323 392
323 317
635 890
635 747
635 153
635 931
49 10
49 381
49 513
49 520
777 738
777 767
777 621
777 316
432 133
432 877
432 425
432 703
807 232
807 828
807 174
807 211
42 72
42 711
42 335
42 475
509 403
509 32
509 655
509 869
264 803
264 929
264 406
264 630
585 603
585 300
585 33
585 306
952 414
952 20
952 415
952 560
959 120
959 424
959 530
959 8
451 497
451 190
451 204
451 948
677 265
677 694
677 355
677 859
417 21
417 705
417 304
417 523
535 896
535 818
535 215
535 369
741 487
741 773
741 119
741 590
775 679
775 974
775 372
775 524
19 254
19 933
19 537
19 52
116 544
116 982
116 86
116 441
244 700
244 100
244 587
244 355
463 256
463 175
463 415
463 183
82 190
82 400
82 494
82 48
172 287
172 120
172 237
172 938
239 401
239 285
239 967
239 34
793 0
793 646
793 164
793 860
434 900
434 187
434 68
434 26
480 89
480 718
480 359
480 188
672 607
672 70
672 422
672 108
797 831
797 209
797 727
797 9
1 139
1 488
1 637
1 279
332 966
332 697
332 165
332 848
235 61
235 230
235 131
235 742
270 825
270 891
270 568
270 77
51 803
51 738
51 460
51 320
827 772
827 974
827 988
827 504
957 906
957 883
957 878
957 716
79 357
79 709
79 488
79 36
288 934
288 754
288 170
288 609
103 64
103 913
103 748
103 840
645 398
645 872
645 983
645 541
904 516
904 445
904 575
904 97
13 802
13 914
13 684
13 58
608 177
608 48
608 440
608 378
224 689
224 540
224 63
224 764
871 110
871 744
871 732
871 365
374 393
374 980
374 444
374 177
550 894
550 562
550 171
550 915
43 542
43 979
43 464
43 145
859 34
859 757
859 739
141 165
141 250
141 11
141 619
348 752
348 223
348 713
348 362
918 459
918 157
918 67
918 529
565 340
565 671
565 497
565 528
791 975
791 960
791 466
791 678
816 188
816 214
816 884
816 718
296 214
296 376
296 651
296 799
523 21
523 705
523 445
135 266
135 345
135 778
135 155
160 763
160 426
160 171
160 182
50 214
50 869
50 903
50 975
876 955
876 214
876 870
876 123
375 819
375 466
375 45
375 514
407 930
407 689
407 999
407 525
227 503
227 660
227 260
227 283
243 976
243 457
243 751
243 228
471 398
471 247
471 576
471 59
640 631
640 739
640 385
640 548
437 752
437 316
437 652
437 128
647 78
647 902
647 856
647 587
832 327
832 168
832 88
832 149
299 967
299 787
299 254
299 599
942 817
942 237
942 183
942 542
238 150
238 925
238 9
238 403
932 636
932 54
932 164
932 848
961 86
961 384
961 347
961 140
998 801
998 561
998 207
998 393
31 443
31 294
31 745
31 96
453 917
453 61
453 658
453 209
121 975
121 124
121 694
121 860
792 462
792 700
792 488
792 715
149 982
149 236
149 327
216 826
216 625
216 132
216 379
329 551
329 768
329 140
329 383
412 553
412 402
412 380
412 229
37 560
37 586
37 138
37 102
649 858
649 201
649 844
649 454
39 799
39 318
39 385
39 543
313 747
313 861
313 543
313 444
582 847
582 246
582 303
582 287
857 173
857 841
857 484
857 83
583 883
583 899
583 307
583 987
822 899
822 622
822 826
822 949
549 186
549 970
549 630
680 206
680 80
680 467
680 776
4 830
4 907
4 419
4 750
737 740
737 466
737 568
737 810
15 570
15 186
15 161
15 182
221 948
221 898
221 607
221 268
501 614
501 855
501 928
501 897
789 450
789 78
789 730
789 887
60 790
60 249
60 181
143 393
143 47
143 472
143 729
126 196
126 404
126 381
126 821
991 772
991 194
991 817
991 47
248 112
248 18
248 855
248 732
688 982
688 804
688 151
688 618
864 223
864 576
864 766
864 666
662 190
662 139
662 833
662 706
971 584
971 148
971 433
971 691
260 660
260 503
260 283
267 120
267 561
267 520
267 84
706 691
706 113
706 744
785 481
785 301
785 786
785 67
358 269
358 810
358 818
358 415
596 833
596 162
596 674
596 780
396 207
396 433
396 369
396 45
708 341
708 405
708 132
708 731
314 715
314 997
314 732
314 701
489 231
489 626
489 508
489 586
661 213
661 938
661 343
661 379
166 711
166 395
166 999
166 316
511 428
511 939
511 902
511 261
101 818
101 990
101 291
101 507
790 601
790 766
790 521
446 483
446 529
446 955
370 922
370 354
370 85
370 536
835 490
835 678
835 422
835 322
202 510
202 395
202 893
202 119
842 730
842 495
842 637
842 851
784 279
784 674
784 139
784 571
969 404
969 485
969 311
367 385
367 517
367 119
367 622
946 758
946 920
946 757
946 77
2 624
2 219
2 554
2 120
30 344
30 893
30 801
30 699
192 880
192 249
192 879
192 93
914 802
914 97
914 684
92 563
92 165
92 786
92 886
189 800
189 123
189 624
189 482
617 293
617 602
617 191
617 327
977 280
977 322
977 648
977 891
81 305
81 572
81 168
81 34
588 628
588 147
588 986
588 325
213 851
213 890
213 71
973 295
973 524
973 964
973 943
517 840
517 176
710 540
710 972
710 625
710 100
107 247
107 852
107 146
107 595
726 429
726 687
726 593
726 156
496 114
496 966
496 353
496 184
916 157
916 577
916 652
916 88
16 36
16 990
16 722
16 613
233 600
233 85
233 782
233 559
722 954
722 201
722 702
137 963
137 234
137 656
137 339
834 521
834 465
834 334
834 679
841 612
841 111
841 681
366 59
366 964
366 630
366 781
577 557
577 652
577 240
230 903
230 721
230 440
424 165
424 8
424 530
220 341
220 587
220 720
220 823
868 664
868 97
868 438
868 850
86 384
86 539
788 146
788 738
788 715
788 993
278 487
278 592
278 324
278 625
729 558
729 804
729 41
416 356
416 865
416 978
416 636
779 459
779 175
779 349
779 110
462 284
462 700
462 559
666 247
666 460
666 907
427 637
427 536
427 448
427 506
937 794
937 62
937 639
937 769
594 641
594 490
594 381
594 421
479 383
479 225
479 465
479 551
984 905
984 293
984 346
984 460
290 681
290 363
290 263
290 12
968 983
968 232
968 559
968 343
178 739
178 657
178 885
178 12
498 271
498 231
498 602
498 546
986 628
986 325
986 272
55 555
55 430
55 406
55 917
656 891
656 234
656 409
429 687
429 156
429 593
754 580
754 157
754 343
261 902
261 428
261 520
761 516
761 104
761 176
761 798
689 972
689 562
830 750
830 907
830 419
203 721
203 389
203 578
203 839
262 847
262 251
262 112
262 505
962 527
962 848
962 701
962 644
988 527
988 158
988 508
532 887
532 920
532 641
532 505
846 148
846 867
846 592
846 286
644 692
644 145
644 544
128 752
128 727
128 813
512 620
512 948
512 52
512 377
873 639
873 696
873 771
873 169
197 173
197 228
197 976
197 63
632 912
632 25
632 838
578 695
578 721
578 142
589 724
589 57
589 782
271 602
271 749
271 231
438 683
438 538
476 122
476 804
476 936
476 514
452 484
452 162
452 379
452 133
858 274
858 869
858 32
613 990
613 36
613 939
812 725
812 127
812 814
812 963
491 425
491 355
491 719
491 599
935 564
935 879
935 431
469 606
469 76
469 91
469 68
806 712
806 494
806 655
806 409
983 297
983 872
190 464
478 395
478 711
478 749
478 44
623 693
623 987
623 148
623 274
618 32
618 813
618 159
783 796
783 72
783 159
783 908
455 755
455 825
455 699
455 546
905 731
905 610
905 744
925 320
925 150
925 874
470 663
470 421
470 944
470 740
768 670
768 118
768 993
11 619
11 250
11 153
828 423
828 762
828 597
499 468
499 543
499 829
499 321
911 23
911 320
911 717
911 799
413 691
413 690
413 307
845 515
845 818
845 191
910 477
910 920
910 733
910 650
351 428
351 225
351 697
524 943
524 964
604 866
604 339
604 127
704 302
704 460
704 996
704 787
280 401
280 648
280 322
909 528
909 0
909 671
909 340
634 131
634 763
634 384
634 803
992 142
992 75
992 360
992 534
129 881
129 74
129 222
129 770
331 897
331 736
331 631
331 71
616 908
616 134
616 756
616 468
187 659
187 347
187 610
272 458
272 736
272 179
281 539
281 245
281 336
281 643
318 430
318 54
318 201
612 940
612 215
612 302
36 990
368 670
368 805
368 570
87 259
87 811
87 75
87 408
483 510
483 308
483 198
944 824
944 652
944 663
824 713
824 22
824 717
342 901
342 256
342 494
342 24
152 73
152 795
152 712
152 626
844 315
844 362
844 508
566 854
566 25
566 112
566 912
978 636
978 356
978 865
251 920
251 505
251 847
823 720
823 140
823 341
311 773
311 44
311 620
837 138
837 843
837 464
35 879
35 485
35 767
35 821
295 459
295 376
295 820
125 900
125 848
125 132
125 826
863 938
863 84
863 838
863 349
294 745
294 665
294 443
240 225
240 557
240 0
813 57
6 273
6 319
6 667
6 336
646 164
646 204
646 890
29 14
29 364
29 624
895 958
895 250
895 569
895 96
885 716
885 798
885 493
811 408
811 259
811 17
930 525
930 999
930 207
439 28
439 690
439 915
439 591
915 575
915 320
473 544
473 979
473 760
473 631
907 419
369 557
369 763
553 436
553 229
553 380
756 650
756 300
756 441
210 334
210 657
210 810
210 723
533 527
533 409
533 993
516 798
516 104
725 880
725 814
725 866
481 301
481 326
481 67
996 717
996 974
996 781
308 794
308 5
308 731
696 497
696 529
696 639
389 234
389 196
541 643
541 872
541 949
115 552
115 298
115 373
56 892
56 400
56 274
56 52
10 923
10 734
10 442
928 493
928 614
928 855
921 188
921 377
921 629
921 591
118 88
118 363
118 127
162 833
162 847
518 880
518 222
518 475
518 878
627 65
627 212
627 40
627 93
215 940
215 302
653 730
653 282
653 759
653 945
77 757
77 758
130 414
130 315
130 147
130 89
9 209
9 651
112 304
305 411
305 572
305 133
534 360
534 142
534 893
665 136
665 355
665 745
825 546
825 770
74 450
74 881
74 545
96 569
96 958
674 146
674 279
3 771
3 448
3 542
3 169
217 310
217 820
217 676
217 403
673 651
673 447
673 456
673 698
193 309
193 292
193 7
193 497
606 76
606 950
606 91
408 259
408 17
579 27
579 289
579 592
579 269
65 709
65 300
65 344
951 195
951 183
951 191
229 380
229 347
236 176
236 894
236 372
631 365
418 503
418 54
418 621
181 249
181 377
753 26
753 94
753 258
150 91
150 621
357 712
357 99
357 709
164 903
929 687
929 257
929 630
940 611
940 365
212 898
212 599
212 234
597 423
597 686
597 762
371 682
371 218
371 799
371 558
441 28
441 591
435 941
435 762
435 14
435 947
605 307
605 769
605 719
605 735
679 400
679 815
199 45
199 196
199 657
199 703
743 772
743 304
743 697
743 61
815 105
815 972
328 994
328 492
328 642
328 941
664 409
664 945
664 924
465 383
465 551
525 207
525 999
245 336
245 643
245 691
486 513
486 979
486 123
486 237
114 353
114 184
114 833
820 310
820 676
629 324
629 936
629 698
256 24
256 901
495 637
495 669
495 390
62 80
62 893
62 113
27 581
27 289
27 58
263 458
263 681
263 363
405 436
405 61
405 444
740 168
740 23
760 913
760 850
931 22
931 326
931 882
886 563
886 581
886 892
882 338
882 638
882 564
593 68
593 687
796 159
796 72
796 445
345 778
345 266
345 155
545 881
545 744
545 450
896 378
896 301
896 347
560 763
560 102
619 315
619 250
282 831
282 945
282 17
169 448
169 771
468 321
468 908
554 624
554 838
554 874
804 95
151 447
151 574
151 176
442 872
442 923
442 734
599 787
454 201
454 571
454 684
573 774
573 154
482 658
482 105
482 615
555 75
555 749
555 750
110 840
110 175
683 8
683 173
683 538
287 268
287 153
609 246
609 934
609 170
276 337
276 949
276 955
276 502
638 695
638 410
638 399
309 520
309 576
500 406
500 458
500 372
500 598
581 289
581 839
510 198
537 933
537 917
728 611
728 887
728 447
728 558
337 870
337 58
337 819
703 877
703 650
301 67
866 286
866 633
966 353
966 697
122 198
122 884
122 626
394 746
394 755
394 707
394 595
419 750
764 557
764 995
764 540
892 563
892 902
388 69
388 457
388 954
388 989
641 694
641 490
401 936
401 514
981 817
981 814
981 445
981 639
22 421
22 431
174 211
174 232
174 508
346 292
346 219
346 293
854 136
854 912
854 25
218 730
218 752
218 658
723 461
723 547
723 78
131 456
131 225
575 922
575 607
335 475
335 477
335 196
899 849
899 45
912 25
106 410
106 883
106 888
109 472
109 569
109 642
109 504
273 319
273 924
273 667
286 333
286 161
633 611
633 372
633 350
678 466
678 713
17 259
66 211
66 59
66 776
976 751
976 228
195 900
195 546
195 867
861 965
861 492
861 303
843 464
843 76
933 506
933 947
108 422
108 70
108 607
795 626
795 521
795 350
856 676
856 41
352 600
352 206
352 655
352 584
695 410
695 399
736 897
736 71
392 829
392 414
392 184
184 353
303 134
303 334
924 667
924 319
759 668
759 780
739 34
563 939
591 28
139 279
393 590
528 340
528 671
802 625
802 684
111 548
111 5
40 390
40 63
40 324
406 105
360 142
360 362
941 994
941 702
223 766
223 403
298 502
298 552
268 733
268 266
449 556
449 54
449 73
449 252
950 23
950 89
950 877
472 602
472 158
104 798
104 620
692 894
692 562
692 284
592 180
698 7
698 431
340 671
819 198
819 436
733 490
733 52
167 574
167 985
167 456
668 660
668 780
574 179
574 41
906 878
906 548
356 860
356 865
580 157
580 20
580 354
922 85
922 48
78 544
675 781
675 194
675 901
32 655
70 883
70 422
0 888
383 551
821 659
821 987
23 222
888 994
888 701
894 562
343 938
839 721
839 317
94 26
94 258
590 75
590 773
598 867
598 989
204 338
204 95
648 83
648 548
138 269
700 967
171 447
171 182
771 448
880 475
667 319
939 411
206 467
206 600
693 642
693 274
693 669
595 746
595 707
540 995
686 898
686 411
686 564
772 507
188 718
681 363
440 903
440 773
487 324
487 530
529 860
601 770
587 100
504 974
731 610
411 88
161 493
161 186
699 344
699 801
603 33
603 306
265 663
265 890
506 561
506 377
24 901
24 682
707 746
707 755
325 628
325 147
398 576
398 83
530 8
538 926
254 967
254 158
458 430
571 158
628 147
26 258
724 782
724 887
33 615
33 306
749 44
701 47
852 808
852 402
855 614
98 831
98 956
98 433
334 134
58 870
5 485
958 89
958 569
878 124
133 572
326 874
326 378
742 177
742 354
742 829
702 786
702 979
402 808
402 322
716 63
716 787
421 431
800 682
800 877
148 209
657 810
289 568
321 547
321 461
180 889
180 947
180 315
95 954
95 970
547 461
547 572
72 159
99 980
99 712
956 433
956 291
425 387
134 492
774 154
774 64
865 636
83 12
317 349
317 786
891 568
379 484
252 556
252 515
252 73
48 102
622 949
622 926
477 650
477 302
344 801
132 826
492 228
359 59
359 327
359 917
69 651
69 457
69 284
97 850
105 659
410 399
113 867
113 515
428 404
923 734
76 91
614 191
257 124
257 767
257 57
735 719
735 505
735 769
123 948
364 376
364 14
526 975
526 426
526 997
526 232
502 552
502 291
805 670
805 570
21 705
21 100
291 507
778 817
778 155
284 559
494 400
426 136
173 140
884 507
884 522
57 124
64 154
965 889
965 658
965 556
316 145
879 485
333 285
333 727
333 484
808 350
808 380
175 459
20 732
194 47
543 443
719 769
757 758
985 997
936 514
444 561
285 390
960 136
960 748
450 354
642 669
85 292
183 18
874 600
145 68
970 7
970 430
269 415
231 705
18 558
18 720
746 755
423 980
423 762
73 556
831 727
748 794
748 869
745 443
310 676
310 851
989 954
963 127
963 814
387 182
387 339
179 41
179 621
338 564
338 849
803 738
350 945
84 522
715 156
28 399
283 660
283 503
292 521
934 170
934 246
341 720
713 717
900 767
246 170
943 964
943 297
897 71
365 611
436 889
659 987
690 307
266 155
513 794
513 381
300 306
102 586
237 219
776 467
776 80
982 694
457 751
881 297
926 993
972 718
709 488
93 919
219 293
385 304
493 186
643 336
395 711
467 80
