530 615
530 80
530 235
530 50
723 549
723 350
723 288
723 757
598 153
598 3
598 620
598 51
741 605
741 600
741 92
741 748
362 236
362 206
362 537
362 377
730 177
730 126
730 656
730 513
588 536
588 342
588 167
588 51
813 140
813 7
813 261
813 49
121 677
121 543
121 345
121 443
295 402
295 823
295 690
295 600
363 849
363 488
363 275
363 734
960 203
960 54
960 56
960 777
516 591
516 162
516 468
516 273
824 449
824 79
824 838
824 736
195 57
195 721
195 125
195 596
738 142
738 683
738 895
738 647
59 984
59 412
59 237
59 515
585 672
585 197
585 464
585 155
123 386
123 722
123 146
123 519
978 56
978 602
978 162
978 103
11 244
11 69
11 159
11 559
508 644
508 351
508 752
508 663
120 599
120 335
120 54
120 827
680 322
680 160
680 13
680 660
161 705
161 24
161 607
161 160
452 449
452 445
452 477
452 457
567 196
567 785
567 464
567 885
911 518
911 141
911 713
911 42
525 745
525 215
525 692
525 261
994 203
994 772
994 956
994 72
117 847
117 473
117 533
117 55
940 298
940 989
940 14
940 377
327 804
327 737
327 333
327 847
484 424
484 325
484 118
484 201
611 466
611 491
611 891
611 821
917 523
917 44
917 386
917 880
403 519
403 948
403 371
403 602
659 995
659 587
659 823
659 201
91 580
91 199
91 971
91 986
658 583
658 340
658 202
658 494
926 615
926 343
926 860
926 757
965 447
965 458
965 855
965 334
632 225
632 551
632 944
632 260
832 215
832 972
832 28
832 26
116 523
116 53
116 830
116 297
687 451
687 488
687 275
687 734
41 522
41 954
41 80
41 100
922 301
922 322
922 694
922 728
698 138
698 193
698 181
698 451
814 463
814 364
814 624
814 492
247 73
247 942
247 431
247 292
798 884
798 691
798 356
798 262
617 60
617 15
617 487
617 938
709 660
709 726
709 790
709 455
233 146
233 292
233 402
233 71
863 126
863 253
863 63
863 258
929 635
929 673
929 737
929 352
975 338
975 189
975 758
975 309
170 296
170 191
170 894
170 906
923 69
923 311
923 748
923 507
48 858
48 776
48 966
48 251
817 257
817 341
817 815
817 152
29 840
29 538
29 175
29 480
575 186
575 449
575 713
575 470
168 521
168 769
168 398
168 684
324 606
324 843
324 847
324 460
420 175
420 103
420 216
420 746
725 964
725 988
725 550
725 989
104 259
104 684
104 160
104 212
834 491
834 250
834 871
834 364
75 763
75 383
75 97
75 888
807 618
807 531
807 964
807 989
4 996
4 671
4 548
4 881
109 445
109 857
109 724
109 438
476 836
476 395
476 760
476 101
742 221
742 932
742 453
742 181
384 16
384 655
384 276
384 1
479 679
479 706
479 686
479 25
33 186
33 857
33 24
33 569
401 583
401 340
401 203
401 202
122 674
122 919
122 788
122 626
213 732
213 329
213 928
213 422
113 447
113 67
113 326
113 318
281 454
281 919
281 415
281 381
592 921
592 628
592 710
592 797
773 874
773 584
773 782
773 30
249 566
249 184
249 416
249 481
699 248
699 984
699 802
699 312
32 797
32 522
32 518
32 546
176 154
176 862
176 872
176 162
502 173
502 304
502 457
502 754
879 769
879 667
879 398
879 521
529 304
529 144
529 372
529 886
982 892
982 61
982 579
982 553
185 133
185 667
185 475
185 649
943 382
943 891
943 225
943 872
207 894
207 319
207 211
207 451
702 831
702 788
702 520
702 307
300 664
300 570
300 729
300 831
366 279
366 82
366 903
366 372
875 144
875 431
875 125
875 596
645 175
645 330
645 159
645 771
784 21
784 630
784 678
784 908
851 969
851 570
851 830
851 880
889 61
889 932
889 138
889 855
190 294
190 483
190 477
190 495
240 473
240 576
240 333
240 717
2 257
2 0
2 38
2 172
40 271
40 991
40 886
40 196
45 150
45 897
45 183
45 765
267 434
267 188
267 648
267 652
222 53
222 855
222 297
222 796
308 424
308 518
308 809
308 118
252 111
252 560
252 878
252 902
974 46
974 314
974 440
974 609
223 325
223 535
223 700
223 421
947 642
947 513
947 794
947 139
459 336
459 599
459 197
459 273
666 831
666 988
666 790
666 574
426 464
426 416
426 790
426 299
718 547
718 107
718 973
718 169
108 986
108 134
108 105
108 962
604 897
604 968
604 369
604 565
904 650
904 664
904 499
904 21
619 843
619 606
619 258
619 460
767 217
767 237
767 951
767 774
232 57
232 394
232 491
232 246
623 31
623 157
623 505
623 442
229 823
229 620
229 987
229 541
554 356
554 416
554 262
554 884
124 238
124 304
124 177
124 918
272 228
272 217
272 983
272 681
437 346
437 852
437 439
437 305
503 5
503 677
503 678
503 46
374 150
374 818
374 705
374 431
563 127
563 966
563 343
563 100
163 757
163 79
163 186
163 838
874 30
874 584
874 782
254 587
254 17
254 453
254 550
912 259
912 480
912 79
912 518
94 844
94 226
94 505
94 314
365 819
365 494
365 992
365 397
400 869
400 595
400 159
400 891
557 279
557 667
557 945
557 580
349 977
349 675
349 519
349 747
920 685
920 661
920 650
920 758
129 931
129 345
129 475
129 138
556 406
556 174
556 451
556 392
651 22
651 309
651 655
651 916
151 668
151 726
151 531
151 111
526 387
526 753
526 408
526 914
654 629
654 256
654 635
654 948
411 22
411 574
411 791
411 147
980 379
980 227
980 977
980 747
639 150
639 203
639 815
639 954
695 656
695 564
695 427
695 909
689 201
689 477
689 916
689 266
357 486
357 643
357 158
357 410
187 487
187 543
187 934
187 81
714 934
714 528
714 921
714 62
539 754
539 613
539 425
539 392
873 435
873 711
873 368
873 238
474 370
474 483
474 746
474 867
627 436
627 205
627 39
627 347
593 375
593 445
593 866
593 467
764 995
764 212
764 467
764 953
490 364
490 932
490 853
490 292
751 549
751 22
751 916
751 818
432 719
432 440
432 523
432 842
450 533
450 110
450 728
450 534
800 953
800 245
800 14
800 47
610 194
610 445
610 686
610 867
789 250
789 986
789 686
789 660
89 772
89 5
89 615
89 678
263 888
263 992
263 739
263 255
810 52
810 808
810 277
810 453
963 415
963 968
963 641
963 664
43 946
43 545
43 149
43 752
970 641
970 956
970 425
970 625
936 790
936 871
936 541
936 655
959 670
959 429
959 527
959 487
367 706
367 205
367 643
367 436
393 160
393 311
393 507
393 12
497 792
497 549
497 776
497 858
997 569
997 499
997 260
997 840
27 919
27 986
27 379
27 3
882 691
882 212
882 352
882 821
409 501
409 935
409 614
409 870
884 262
884 356
98 188
98 862
98 154
98 489
268 801
268 90
268 180
268 779
95 20
95 285
95 156
95 812
608 931
608 890
608 199
608 971
220 759
220 153
220 204
220 246
868 976
868 193
868 541
868 626
727 404
727 788
727 436
727 204
242 221
242 480
242 590
242 378
708 778
708 761
708 165
708 638
471 899
471 178
471 425
471 828
715 489
715 918
715 522
715 265
355 854
355 218
355 216
355 626
949 461
949 571
949 637
949 381
315 756
315 485
315 475
315 688
876 155
876 671
876 703
876 38
234 816
234 248
234 378
234 394
716 277
716 871
716 52
716 808
811 466
811 201
811 231
811 412
65 312
65 885
65 415
65 551
850 358
850 19
850 51
850 781
143 350
143 264
143 288
143 906
769 521
769 398
612 643
612 227
612 894
612 719
839 969
839 846
839 310
839 298
269 165
269 512
269 613
269 210
616 371
616 724
616 830
616 671
52 277
52 808
93 175
93 73
93 77
93 823
540 77
540 293
540 73
540 804
388 569
388 840
388 591
388 245
102 992
102 867
102 981
102 809
359 890
359 886
359 954
359 995
594 690
594 56
594 640
594 72
361 386
361 552
361 334
361 849
848 628
848 663
848 885
848 644
337 119
337 991
337 514
337 712
396 736
396 69
396 328
396 733
577 194
577 712
577 752
577 937
145 735
145 456
145 72
145 993
586 754
586 945
586 280
586 574
793 665
793 930
793 84
793 478
887 97
887 35
887 383
887 763
472 370
472 462
472 749
472 25
572 643
572 951
572 774
572 890
418 506
418 6
418 200
418 504
601 455
601 336
601 271
601 115
676 770
676 550
676 812
676 602
896 958
896 549
896 3
896 310
99 68
99 216
99 819
99 345
555 528
555 332
555 542
555 331
603 256
603 250
603 696
603 629
762 404
762 138
762 818
762 816
132 152
132 428
132 743
132 664
768 456
768 370
768 993
768 735
208 385
208 341
208 898
208 780
498 519
498 101
498 992
498 181
179 246
179 966
179 495
179 956
700 421
700 535
700 325
568 674
568 293
568 135
568 339
661 650
661 628
661 685
321 333
321 717
321 584
321 981
524 46
524 347
524 12
524 379
36 130
36 944
36 870
36 382
8 155
8 783
8 405
8 291
967 198
967 595
967 952
967 961
128 740
128 609
128 558
128 313
883 330
883 648
883 467
883 684
74 92
74 402
74 701
74 641
87 581
87 280
87 192
87 115
901 358
901 781
901 19
901 968
955 372
955 846
955 969
955 92
399 218
399 305
399 397
399 517
766 391
766 732
766 513
766 443
910 404
910 259
910 164
910 283
441 196
441 20
441 255
441 154
368 435
368 711
368 238
376 642
376 845
376 225
376 330
822 945
822 690
822 457
822 304
927 454
927 636
927 231
927 589
979 905
979 928
979 842
979 573
114 640
114 499
114 621
114 559
166 171
166 440
166 675
166 86
10 869
10 243
10 307
10 966
289 638
289 761
289 778
289 188
692 261
692 215
692 745
274 82
274 475
274 871
274 682
829 753
829 184
829 375
829 135
801 90
801 214
801 180
961 198
961 595
961 952
417 135
417 857
417 574
417 312
469 729
469 570
469 310
469 14
286 314
286 941
286 414
286 706
803 302
803 251
803 620
803 820
506 200
506 6
506 504
806 219
806 390
806 805
806 597
148 421
148 198
148 189
148 147
344 551
344 438
344 141
344 42
720 546
720 845
720 486
720 682
915 905
915 613
915 573
915 96
500 550
500 892
500 343
500 352
270 354
270 330
270 302
270 194
306 587
306 758
306 802
306 672
9 430
9 380
9 13
9 770
158 134
158 105
158 962
510 279
510 110
510 237
510 200
58 449
58 214
58 236
58 188
423 819
423 219
423 564
423 473
893 67
893 517
893 988
893 566
950 141
950 110
950 534
950 662
571 461
571 381
571 637
230 775
230 266
230 389
230 538
482 739
482 956
482 657
482 494
460 843
460 606
493 214
493 133
493 649
493 391
446 283
446 204
446 934
446 565
653 783
653 816
653 20
653 853
323 458
323 408
323 56
323 173
582 298
582 455
582 466
582 439
224 818
224 51
224 835
224 255
636 454
636 589
636 231
898 341
898 385
898 780
419 103
419 880
419 334
419 416
900 144
900 802
900 489
900 602
76 5
76 442
76 973
76 212
826 60
826 924
826 228
826 20
136 981
136 760
136 866
136 809
877 290
877 320
877 646
877 543
465 103
465 640
465 371
465 847
787 443
787 691
787 804
787 551
88 918
88 140
88 7
88 49
837 372
837 82
837 713
837 932
856 948
856 775
856 853
856 389
562 294
562 719
562 984
562 690
985 672
985 541
985 853
985 1
241 14
241 458
241 520
241 260
750 193
750 26
750 972
750 28
444 566
444 888
444 733
444 703
34 861
34 137
34 78
34 379
243 307
243 869
243 872
301 322
301 694
301 728
106 317
106 448
106 55
106 591
561 860
561 841
561 438
561 859
23 298
23 587
23 225
23 733
792 671
792 776
792 858
544 866
544 660
544 397
544 538
799 925
799 933
799 226
799 825
933 925
933 72
933 825
157 31
157 442
157 505
383 97
383 763
70 701
70 987
70 865
70 668
86 675
86 171
86 440
693 885
693 153
693 466
693 828
511 413
511 782
511 576
511 354
731 317
731 833
731 352
731 630
282 538
282 995
282 370
282 92
908 21
908 678
908 630
673 635
673 737
673 196
622 838
622 149
622 545
622 946
864 319
864 211
864 771
864 765
276 1
276 655
276 16
64 754
64 652
64 625
64 434
456 993
456 735
607 477
607 705
607 24
704 935
704 410
704 976
704 722
428 152
428 948
428 743
998 872
998 130
998 382
998 944
605 748
605 683
605 600
780 385
780 341
284 753
284 520
284 292
284 842
316 147
316 681
316 805
316 522
44 880
44 523
44 386
972 28
972 26
183 765
183 897
183 150
413 354
413 576
413 895
303 542
303 672
303 332
303 331
329 928
329 732
329 422
85 57
85 112
85 414
85 941
744 624
744 463
744 726
744 182
633 435
633 988
633 385
633 942
878 560
878 111
878 902
131 833
131 462
131 749
131 746
631 795
631 287
631 394
631 665
707 890
707 194
707 62
707 528
796 53
796 855
796 297
15 938
15 415
15 60
37 774
37 353
37 703
37 951
66 930
66 146
66 84
66 478
827 335
827 54
827 599
865 987
865 668
865 701
285 785
285 156
285 812
545 149
545 946
993 735
509 777
509 146
509 118
509 637
209 536
209 342
209 815
209 167
937 756
937 688
937 485
791 147
791 684
791 250
192 581
192 280
192 115
210 165
210 512
210 613
83 646
83 320
83 290
83 749
496 534
496 670
496 429
496 527
621 757
621 640
621 499
18 679
18 25
18 565
18 219
338 758
338 309
338 189
938 60
938 412
373 662
373 533
373 844
373 537
779 90
779 677
779 180
81 0
81 816
81 934
786 283
786 686
786 193
786 296
542 331
542 332
278 219
278 255
278 701
278 314
398 521
669 407
669 719
669 999
669 939
957 443
957 919
957 218
957 558
348 137
348 861
348 78
348 802
578 35
578 657
578 425
578 907
360 634
360 697
360 433
360 239
552 981
552 849
552 334
287 795
287 394
287 665
339 375
339 771
339 293
119 62
119 514
119 712
346 305
346 852
346 439
990 364
990 455
990 886
990 260
47 902
47 953
47 245
958 375
958 746
958 310
841 438
841 859
841 860
861 78
861 137
740 558
740 609
740 313
318 447
318 67
318 326
448 239
448 55
448 317
597 777
597 390
597 805
169 973
169 547
169 107
468 162
468 273
468 696
462 833
462 749
721 596
721 566
721 125
634 591
634 433
634 697
913 17
913 532
913 835
913 771
380 13
380 770
380 430
688 485
688 756
112 336
112 414
112 941
172 0
172 257
172 38
244 559
244 159
244 512
470 842
470 186
470 713
405 71
405 783
405 291
881 299
881 996
881 548
264 641
264 288
264 350
553 892
553 61
553 579
369 968
369 453
369 533
614 935
614 870
614 501
697 239
697 433
745 215
745 261
854 626
854 218
854 216
618 964
618 531
618 177
717 333
717 473
914 135
914 408
914 387
387 408
387 753
483 495
483 294
492 504
492 760
492 144
78 137
852 439
852 305
532 736
532 835
532 17
253 258
253 126
253 63
679 706
679 25
178 181
178 828
178 899
226 925
226 825
320 646
320 290
96 905
96 573
96 487
68 819
68 345
68 371
514 712
514 991
342 536
342 167
903 279
903 866
903 82
328 733
328 862
328 736
739 494
739 888
127 100
127 343
127 565
191 296
191 906
191 894
351 752
351 663
351 644
759 204
759 153
759 246
173 457
173 184
353 703
353 867
353 845
406 392
406 174
406 785
694 728
694 322
358 19
358 781
729 831
729 570
206 377
206 907
206 236
331 332
39 347
39 436
39 205
517 691
517 397
335 54
335 599
755 999
755 833
755 407
755 939
515 237
515 984
515 412
580 667
580 945
90 180
924 772
924 46
924 228
265 918
265 257
265 489
547 973
547 107
836 101
836 395
836 760
171 214
171 675
164 259
164 464
164 283
235 50
235 80
235 648
262 356
743 845
743 152
26 28
795 665
795 404
663 644
84 930
84 478
248 312
248 395
424 118
424 809
808 277
952 198
952 595
662 537
662 844
197 481
197 336
389 775
389 266
461 637
461 381
844 537
724 830
724 857
977 747
977 227
182 463
182 624
182 726
256 696
256 629
560 902
560 111
983 217
983 228
983 681
174 57
174 392
527 670
527 429
899 273
899 828
647 895
647 683
647 142
976 410
976 722
548 299
548 996
139 480
139 642
139 794
685 628
685 650
962 105
962 134
987 668
486 682
486 546
794 642
794 513
142 895
142 683
696 629
38 0
495 294
390 777
390 805
797 921
797 710
590 520
590 378
590 221
971 931
971 199
42 155
42 141
236 377
649 133
649 391
481 319
481 184
630 21
635 737
657 35
657 907
130 944
130 382
434 625
434 652
154 862
199 931
942 559
942 431
535 421
535 325
748 600
951 774
546 682
677 543
407 999
407 939
299 996
391 133
31 505
31 442
311 12
311 507
16 467
16 1
433 239
12 507
69 804
313 609
313 558
820 620
820 251
820 302
674 293
674 788
579 61
579 892
710 3
710 921
999 939
435 711
925 825
954 815
615 5
776 858
846 458
846 969
271 107
271 991
859 860
859 211
50 80
50 648
711 238
205 347
63 258
63 126
501 870
501 935
156 785
156 812
463 624
101 395
835 17
378 221
512 165
319 211
77 73
77 100
849 772
354 576
589 231
589 454
296 906
821 891
821 491
422 732
422 928
596 125
302 251
414 941
22 916
625 652
7 140
7 49
838 79
430 13
430 770
427 909
427 564
427 656
245 953
410 722
573 905
53 297
761 638
761 778
6 504
6 200
747 227
778 638
105 134
288 350
531 177
581 280
581 115
35 907
317 55
528 62
71 291
71 402
97 763
488 275
488 734
534 110
989 964
681 217
30 782
30 584
705 24
49 140
189 309
670 429
930 478
897 765
326 67
326 447
775 266
290 646
756 485
19 781
909 656
909 564
840 569
946 149
307 869
843 606
167 536
783 291
340 202
340 583
275 734
202 583
