66 385
66 421
66 570
66 839
588 35
588 325
588 361
588 910
459 560
459 613
459 28
459 219
928 893
928 957
928 286
928 227
376 186
376 905
376 435
376 274
930 633
930 167
930 86
930 393
37 658
37 982
37 68
37 890
152 104
152 662
152 784
152 403
309 506
309 299
309 173
309 535
760 971
760 285
760 503
760 219
321 646
321 923
321 70
321 256
734 851
734 860
734 568
734 486
6 756
6 638
6 227
6 530
313 966
313 425
313 125
313 925
679 495
679 384
679 88
679 673
787 445
787 69
787 285
787 655
731 529
731 57
731 105
731 355
834 909
834 929
834 751
834 382
75 776
75 288
75 357
75 389
300 210
300 455
300 273
300 385
55 33
55 771
55 158
55 970
434 426
434 831
434 51
434 580
190 430
190 387
190 447
190 801
250 575
250 900
250 232
250 648
192 620
192 772
192 569
192 691
705 241
705 470
705 960
705 552
308 435
308 437
308 512
308 904
916 442
916 102
916 297
916 894
31 168
31 110
31 474
31 639
113 453
113 961
113 838
113 979
231 281
231 273
231 306
231 298
287 746
287 706
287 552
287 847
160 650
160 569
160 982
160 340
343 418
343 757
343 510
343 474
245 394
245 354
245 125
245 454
716 899
716 715
716 909
716 525
150 175
150 641
150 976
150 649
744 79
744 368
744 534
744 417
483 974
483 34
483 116
483 151
624 368
624 417
624 769
624 489
848 156
848 349
848 626
848 579
902 274
902 672
902 115
902 409
507 191
507 97
507 279
507 548
572 211
572 974
572 524
572 623
591 921
591 294
591 333
591 521
980 43
980 793
980 558
980 933
126 446
126 836
126 786
126 24
880 271
880 528
880 401
880 695
25 578
25 836
25 991
25 891
685 26
685 655
685 362
685 383
254 620
254 905
254 901
254 796
657 433
657 395
657 397
657 139
660 968
660 557
660 333
660 957
390 116
390 919
390 151
390 34
926 123
926 599
926 130
926 904
59 425
59 249
59 426
59 782
189 397
189 328
189 341
189 587
431 670
431 586
431 464
431 597
698 986
698 622
698 847
698 156
353 516
353 567
353 285
353 620
370 943
370 1
370 468
370 977
724 442
724 542
724 263
724 735
951 57
951 529
951 105
951 281
82 796
82 402
82 230
82 340
172 687
172 184
172 326
172 363
96 455
96 101
96 763
96 833
750 635
750 35
750 421
750 904
398 90
398 409
398 893
398 541
176 919
176 229
176 835
176 711
221 58
221 4
221 689
221 47
0 867
0 442
0 382
0 609
224 478
224 45
224 251
224 383
654 872
654 94
654 630
654 756
748 925
748 350
748 691
748 125
743 674
743 208
743 355
743 365
379 504
379 407
379 124
379 789
400 279
400 303
400 910
400 735
463 594
463 99
463 811
463 551
808 849
808 995
808 536
808 804
857 167
857 20
857 469
857 14
927 226
927 258
927 65
927 28
98 464
98 659
98 597
98 586
795 585
795 872
795 756
795 779
372 742
372 94
372 862
372 668
460 381
460 807
460 528
460 61
739 525
739 623
739 288
739 899
117 794
117 793
117 77
117 838
665 895
665 524
665 619
665 889
973 50
973 897
973 457
973 736
995 536
995 849
995 804
611 986
611 810
611 471
611 336
642 885
642 201
642 17
642 573
193 890
193 715
193 576
193 790
803 641
803 76
803 687
803 180
5 144
5 691
5 655
5 594
603 712
603 788
603 270
603 187
198 546
198 707
198 952
198 921
589 957
589 110
589 639
589 168
72 940
72 982
72 251
72 548
513 9
513 975
513 470
513 81
71 33
71 786
71 726
71 458
405 766
405 647
405 738
405 807
356 384
356 13
356 990
356 32
946 503
946 986
946 722
946 272
56 51
56 659
56 286
56 54
505 968
505 421
505 667
505 169
134 796
134 819
134 964
134 952
461 290
461 729
461 441
461 276
16 247
16 585
16 497
16 381
963 617
963 742
963 180
963 474
266 65
266 446
266 790
266 967
500 945
500 396
500 696
500 404
311 120
311 610
311 817
311 631
651 414
651 422
651 239
651 504
282 20
282 14
282 664
282 386
853 896
853 171
853 571
853 626
590 556
590 757
590 510
590 418
740 101
740 187
740 502
740 503
328 587
328 341
328 632
46 330
46 83
46 296
46 666
762 278
762 616
762 285
762 40
322 89
322 362
322 622
322 414
517 141
517 39
517 822
517 264
23 76
23 241
23 19
23 908
858 97
858 77
858 203
858 794
496 2
496 766
496 298
496 164
553 650
553 83
553 625
553 74
165 667
165 74
165 294
165 521
533 681
533 68
533 324
533 564
800 727
800 380
800 451
800 778
815 280
815 155
815 100
815 352
166 996
166 251
166 177
166 188
269 481
269 40
269 998
269 733
562 222
562 684
562 369
562 699
770 663
770 534
770 567
770 956
312 218
312 183
312 292
312 436
323 947
323 981
323 866
323 293
153 846
153 585
153 552
153 211
595 881
595 24
595 512
595 908
825 893
825 227
825 155
825 952
439 26
439 211
439 779
439 876
958 619
958 88
958 847
958 877
147 375
147 676
147 753
147 491
255 540
255 138
255 622
255 623
600 310
600 469
600 729
600 697
875 161
875 469
875 621
875 972
371 232
371 24
371 647
371 186
674 355
674 208
674 33
243 307
243 771
243 630
243 219
717 358
717 640
717 201
717 442
236 678
236 181
236 122
236 527
449 759
449 39
449 846
449 258
792 749
792 48
792 21
792 755
816 878
816 395
816 433
816 139
91 574
91 492
91 307
91 886
131 90
131 583
131 844
131 364
447 387
447 833
447 801
669 286
669 878
669 108
669 929
233 279
233 246
233 844
233 482
709 389
709 581
709 955
709 28
913 499
913 671
913 610
913 84
962 257
962 191
962 548
962 812
259 120
259 109
259 668
259 830
883 194
883 673
883 3
883 88
466 414
466 901
466 771
466 944
767 84
767 358
767 671
767 769
367 694
367 936
367 415
367 859
416 747
416 879
416 867
416 755
840 568
840 181
840 635
840 486
865 924
865 931
865 284
865 391
686 97
686 609
686 286
686 581
730 988
730 778
730 10
730 746
335 881
335 437
335 32
335 934
841 450
841 850
841 829
841 101
128 608
128 583
128 559
128 676
399 41
399 929
399 419
399 681
440 387
440 941
440 775
440 350
401 271
401 528
401 695
823 61
823 319
823 856
823 195
467 968
467 22
467 281
467 556
768 40
768 36
768 680
768 148
137 365
137 661
137 33
137 889
713 758
713 949
713 519
713 22
95 264
95 921
95 707
95 755
487 712
487 297
487 133
487 69
475 122
475 354
475 620
475 939
708 531
708 777
708 779
708 711
200 8
200 829
200 599
200 542
918 745
918 310
918 728
918 856
92 149
92 207
92 531
92 877
598 195
598 908
598 450
598 125
480 10
480 640
480 829
480 218
566 28
566 990
566 333
566 140
473 297
473 279
473 183
473 146
783 867
783 359
783 968
783 299
514 706
514 453
514 670
514 319
821 225
821 878
821 516
821 187
220 445
220 719
220 158
220 27
374 942
374 605
374 485
374 964
182 807
182 920
182 574
182 652
985 482
985 79
985 497
985 929
30 361
30 325
30 446
30 817
213 314
213 24
213 237
213 701
289 443
289 136
289 753
289 63
702 629
702 319
702 64
702 892
174 114
174 784
174 932
174 278
267 932
267 437
267 44
267 842
107 889
107 664
107 895
107 619
582 423
582 217
582 843
582 12
814 722
814 556
814 272
814 965
969 894
969 135
969 11
969 609
704 971
704 207
704 365
704 327
837 910
837 508
837 706
837 684
145 559
145 659
145 833
145 303
959 952
959 346
959 720
959 870
305 859
305 944
305 874
305 320
948 666
948 76
948 330
948 296
366 677
366 960
366 894
366 326
347 38
347 465
347 81
347 351
456 949
456 668
456 786
456 180
488 570
488 845
488 667
488 839
672 274
672 409
672 115
741 435
741 278
741 424
741 955
283 563
283 363
283 118
283 199
700 680
700 148
700 302
700 36
604 67
604 218
604 678
604 897
606 388
606 683
606 397
606 402
522 503
522 779
522 185
522 714
802 232
802 971
802 425
802 133
121 549
121 879
121 983
121 85
903 648
903 897
903 270
903 11
935 889
935 112
935 838
935 784
206 830
206 109
206 678
206 915
452 944
452 627
452 994
452 637
154 539
154 656
154 874
154 861
262 384
262 728
262 140
262 225
509 410
509 58
509 982
509 241
984 763
984 54
984 805
984 29
80 577
80 490
80 197
80 524
721 454
721 530
721 638
721 329
209 120
209 519
209 999
209 420
863 920
863 636
863 359
863 354
987 251
987 385
987 19
987 520
119 846
119 849
119 65
119 871
798 484
798 870
798 492
798 539
178 878
178 640
178 621
178 256
884 609
884 630
884 976
884 260
392 635
392 415
392 693
392 516
993 776
993 180
993 260
993 310
127 382
127 468
127 101
127 599
244 545
244 940
244 725
244 565
291 268
291 799
291 911
291 542
761 560
761 476
761 643
761 438
360 8
360 278
360 78
360 997
860 659
860 486
860 568
781 784
781 658
781 909
781 32
18 103
18 327
18 334
18 41
612 170
612 726
612 230
612 616
852 971
852 444
852 571
852 171
129 472
129 565
129 138
129 664
339 234
339 955
339 937
339 114
922 104
922 40
922 735
922 97
780 715
780 201
780 135
780 614
205 763
205 508
205 910
205 104
413 336
413 810
413 615
413 471
499 258
499 671
499 84
411 184
411 782
411 851
411 45
718 491
718 862
718 375
718 759
536 804
536 849
978 855
978 538
978 896
978 162
906 425
906 540
906 422
906 239
477 3
477 584
477 502
477 146
663 567
663 956
663 534
49 833
49 899
49 964
49 983
73 365
73 693
73 169
73 801
331 923
331 493
331 905
331 901
954 947
954 437
954 169
954 541
143 710
143 836
143 11
143 380
494 678
494 556
494 547
494 194
377 997
377 581
377 217
377 167
432 701
432 661
432 314
432 237
737 524
737 981
737 218
737 319
824 594
824 613
824 706
824 947
888 881
888 511
888 675
888 953
785 564
785 637
785 627
785 994
222 699
222 369
222 684
692 535
692 864
692 216
692 315
938 258
938 13
938 943
938 108
103 327
103 334
103 41
314 701
314 237
828 696
828 697
828 130
828 123
866 981
866 947
866 293
818 647
818 777
818 302
818 186
688 430
688 304
688 618
688 32
653 735
653 543
653 179
653 410
682 843
682 423
682 12
682 382
157 158
157 94
157 186
157 917
204 635
204 61
204 623
204 525
338 531
338 891
338 869
338 599
868 38
868 39
868 917
868 554
912 729
912 804
912 276
912 290
7 257
7 340
7 812
7 249
992 909
992 361
992 778
992 325
52 964
52 640
52 658
52 317
60 974
60 727
60 142
60 219
196 63
196 754
196 758
196 281
898 306
898 78
898 850
898 140
515 104
515 512
515 862
515 185
873 882
873 85
873 632
873 791
408 295
408 273
408 238
408 546
518 842
518 44
518 746
518 829
498 656
498 270
498 729
498 861
820 647
820 900
820 670
820 256
813 225
813 874
813 569
813 772
832 754
832 249
832 138
832 614
545 940
545 565
545 725
752 547
752 64
752 448
752 348
248 941
248 345
248 755
248 775
645 578
645 710
645 45
645 135
12 423
12 843
106 132
106 628
106 727
106 765
561 293
561 455
561 791
561 882
261 967
261 474
261 27
261 719
584 3
584 146
584 502
501 869
501 391
501 786
501 520
602 17
602 573
602 388
602 908
579 156
579 349
579 626
173 506
173 535
173 299
242 457
242 736
242 687
242 50
111 83
111 61
111 210
111 35
4 47
4 689
4 58
141 39
141 264
141 822
797 747
797 847
797 644
797 316
159 751
159 407
159 769
159 897
429 481
429 733
429 617
429 664
994 627
994 637
526 210
526 316
526 695
526 380
631 817
631 495
631 610
811 934
811 99
811 551
214 892
214 869
214 629
214 263
773 188
773 288
773 560
773 676
215 932
215 479
215 646
215 70
907 519
907 751
907 766
907 842
806 879
806 751
806 317
806 661
950 458
950 397
950 508
950 870
544 465
544 342
544 351
544 306
764 867
764 763
764 662
764 340
575 525
575 232
575 648
788 270
788 454
788 997
537 490
537 967
537 197
537 577
36 680
36 148
479 70
479 317
479 646
161 621
161 972
161 469
163 288
163 350
163 538
163 162
809 953
809 683
809 508
809 675
253 260
253 257
253 812
253 689
593 613
593 661
593 307
593 472
175 649
175 641
175 976
265 925
265 966
265 790
265 885
275 195
275 406
275 495
275 79
352 280
352 155
352 100
139 395
139 433
342 194
342 351
342 465
608 676
608 559
608 583
596 549
596 13
596 846
596 108
703 523
703 93
703 539
703 738
320 890
320 944
320 188
170 230
170 616
170 726
451 380
451 727
451 778
395 433
252 850
252 146
252 585
252 19
550 497
550 29
550 869
550 899
592 923
592 67
592 690
592 301
202 552
202 687
202 710
202 83
403 988
403 520
403 662
329 638
329 850
329 530
444 571
444 171
444 542
965 419
965 272
965 722
149 207
149 877
149 531
223 558
223 358
223 43
223 933
871 861
871 304
871 249
341 587
341 632
332 263
332 605
332 485
332 942
634 793
634 316
634 247
634 381
378 648
378 497
378 310
378 527
601 268
601 911
601 194
601 799
373 167
373 765
373 132
373 628
87 493
87 939
87 484
87 212
89 230
89 414
89 495
318 294
318 874
318 668
318 662
240 412
240 996
240 177
240 983
636 438
636 476
636 643
235 406
235 574
235 747
235 932
292 273
292 183
292 436
827 359
827 435
827 302
827 246
228 295
228 238
228 26
228 658
164 766
164 298
164 2
956 567
956 534
428 179
428 211
428 543
428 386
723 19
723 333
723 350
723 886
277 303
277 887
277 15
277 42
819 870
819 796
819 822
217 581
217 630
625 560
625 74
625 650
271 528
271 695
745 856
745 728
745 419
142 974
142 208
142 406
337 317
337 886
337 458
337 714
690 301
690 67
690 931
234 11
234 937
234 114
714 185
714 904
62 555
62 424
62 346
62 720
774 652
774 226
774 8
774 920
102 879
102 297
102 187
93 738
93 523
93 541
100 155
100 280
532 68
532 989
532 420
532 999
324 681
324 564
324 949
607 482
607 594
607 404
607 303
979 453
979 838
979 961
555 720
555 346
555 424
805 406
805 54
805 29
732 10
732 450
732 76
732 855
637 627
961 453
961 135
970 185
970 771
970 306
521 294
521 120
854 656
854 393
854 633
854 86
826 216
826 315
826 79
826 864
975 470
975 81
975 9
268 799
268 911
296 330
296 666
666 330
394 210
394 199
394 454
972 574
972 621
529 57
529 105
345 775
345 941
345 892
558 43
558 933
144 691
144 655
144 419
388 402
388 683
677 326
677 960
677 894
540 422
540 239
882 791
882 85
50 457
50 736
614 754
614 201
237 701
472 138
472 613
489 769
489 417
489 368
693 169
693 516
462 862
462 241
462 915
462 424
855 450
855 10
576 890
576 667
576 715
697 130
697 123
357 776
357 455
357 389
246 482
246 358
412 280
412 996
412 177
445 27
445 719
436 183
436 191
349 626
349 156
44 845
44 842
53 749
53 48
53 617
53 21
777 302
777 990
54 29
364 557
364 90
364 844
895 619
895 710
563 118
563 199
563 363
77 794
77 203
876 26
876 484
876 747
966 790
966 925
554 998
554 917
554 38
915 830
915 109
396 404
396 696
396 945
478 383
478 362
478 45
348 448
348 547
348 64
203 794
203 520
9 470
9 81
441 446
441 290
441 276
831 426
831 51
831 580
523 541
523 738
21 749
21 48
573 17
573 885
276 290
683 402
1 943
1 977
1 468
481 733
481 998
557 188
557 957
527 122
527 181
673 384
673 88
652 226
652 920
772 225
772 569
886 195
78 997
78 8
671 84
15 42
15 887
15 615
284 931
284 391
284 924
649 641
649 976
580 426
580 51
801 387
22 949
22 65
229 919
229 711
229 835
549 35
549 983
410 179
410 543
618 304
618 260
618 430
491 375
491 759
427 112
427 644
427 344
427 914
707 458
707 921
511 953
511 675
511 316
742 2
742 617
570 845
570 839
872 756
872 94
758 754
758 519
843 423
937 114
937 955
578 991
578 891
386 14
386 20
791 85
917 38
212 939
212 622
212 493
675 953
69 133
69 712
629 263
629 892
924 931
924 391
996 177
108 13
301 923
301 67
725 565
725 940
122 181
457 736
47 58
47 689
239 422
893 227
86 393
86 633
162 538
162 896
99 551
99 934
295 238
295 546
354 359
247 793
247 381
610 817
699 369
699 684
999 420
999 989
109 830
905 901
885 17
991 891
991 836
615 887
615 42
856 728
158 369
757 418
757 510
492 484
492 539
822 264
334 41
334 327
385 807
812 257
256 900
694 859
694 936
694 415
551 934
733 998
851 184
851 782
989 420
989 68
430 304
438 643
438 476
361 325
105 57
418 510
583 559
945 696
945 404
564 681
48 749
643 476
988 746
988 307
207 877
577 490
577 197
986 226
722 272
782 184
485 942
485 605
616 726
530 638
568 486
650 74
548 191
130 123
835 711
835 919
298 2
465 351
344 112
344 644
344 914
633 393
900 670
383 362
896 538
208 355
493 939
448 547
448 64
712 133
179 543
967 421
389 776
810 336
810 471
720 346
881 512
238 546
914 112
914 644
861 656
118 199
118 363
789 504
789 407
789 124
417 368
70 646
960 326
197 490
628 765
628 132
845 839
936 859
936 415
116 151
116 34
990 140
293 981
775 941
443 63
443 753
443 136
132 765
933 43
315 216
315 864
115 409
115 274
759 375
632 587
605 942
844 90
887 42
571 171
506 535
506 299
124 407
124 504
3 502
14 20
136 63
136 753
168 639
168 110
719 27
799 911
977 943
977 468
639 110
464 597
464 586
597 586
151 34
864 216
471 336
148 680
