557 245
557 605
557 304
557 553
969 366
969 715
969 117
969 934
162 795
162 28
162 213
162 630
561 756
561 341
561 575
561 7
720 482
720 23
720 809
720 874
968 547
968 923
968 715
968 396
320 99
320 340
320 430
320 891
360 313
360 999
360 229
360 522
55 214
55 128
55 703
55 499
843 924
843 420
843 539
843 164
138 425
138 518
138 448
138 502
469 44
469 477
469 841
469 749
263 57
263 948
263 188
263 121
500 942
500 627
500 158
500 465
428 739
428 973
428 332
428 737
796 785
796 867
796 802
796 3
387 386
387 916
387 515
387 792
944 572
944 609
944 571
944 979
225 793
225 663
225 932
225 483
882 893
882 282
882 182
882 530
16 569
16 24
16 585
16 433
888 15
888 826
888 836
888 245
807 628
807 193
807 100
807 124
972 466
972 327
972 674
972 686
586 109
586 51
586 227
586 584
744 853
744 754
744 590
744 868
248 946
248 522
248 989
248 570
865 431
865 51
865 685
865 475
717 783
717 112
717 244
717 14
935 779
935 649
935 587
935 834
251 406
251 676
251 177
251 264
382 876
382 760
382 445
382 599
468 73
468 35
468 734
468 909
725 696
725 709
725 444
725 326
641 929
641 571
641 168
641 404
701 283
701 112
701 625
701 27
847 682
847 182
847 25
847 163
259 992
259 315
259 446
259 622
880 434
880 697
880 72
880 943
314 435
314 243
314 179
314 605
401 981
401 811
401 859
401 92
38 341
38 86
38 584
38 191
274 636
274 415
274 907
274 418
104 513
104 994
104 185
104 465
219 158
219 912
219 35
219 775
69 386
69 622
69 5
69 197
490 289
490 958
490 374
490 47
333 552
333 275
333 876
333 65
945 323
945 990
945 340
945 697
126 716
126 521
126 906
126 205
615 317
615 392
615 222
615 329
107 17
107 591
107 137
107 389
373 877
373 921
373 860
373 385
228 221
228 812
228 386
228 140
254 545
254 278
254 938
254 554
9 539
9 335
9 483
9 83
741 478
741 778
741 677
741 241
512 88
512 241
512 221
512 354
687 127
687 216
687 595
687 960
870 229
870 612
870 524
870 149
889 133
889 782
889 802
889 308
76 823
76 384
76 785
76 183
650 801
650 812
650 879
650 323
383 180
383 341
383 715
383 508
658 492
658 565
658 369
658 140
30 538
30 170
30 851
30 250
125 492
125 826
125 518
125 583
255 442
255 767
255 867
255 928
738 149
738 916
738 648
738 391
281 408
281 927
281 950
281 439
610 439
610 377
610 928
610 829
370 316
370 155
370 756
370 498
459 734
459 774
459 637
459 68
111 515
111 169
111 349
111 977
873 68
873 645
873 349
873 774
181 722
181 418
181 52
181 227
672 163
672 273
672 998
672 43
207 983
207 874
207 875
207 757
581 1
581 257
581 802
581 6
640 167
640 397
640 644
640 799
957 745
957 206
957 43
957 978
378 708
378 647
378 299
378 124
808 158
808 613
808 110
808 609
223 905
223 670
223 765
223 963
525 353
525 856
525 2
525 712
363 230
363 330
363 548
363 375
456 152
456 148
456 836
456 445
45 651
45 887
45 402
45 526
784 136
784 733
784 344
784 361
309 821
309 842
309 710
309 113
485 756
485 134
485 440
485 269
287 677
287 518
287 526
287 868
546 922
546 642
546 946
546 975
143 872
143 439
143 158
143 82
681 391
681 934
681 28
681 872
652 446
652 697
652 547
652 321
824 694
824 144
824 643
824 295
70 560
70 220
70 603
70 686
319 394
319 2
319 354
319 995
908 256
908 273
908 87
908 315
96 100
96 871
96 203
96 536
606 343
606 767
606 177
606 857
718 754
718 886
718 740
718 44
769 977
769 587
769 649
769 322
447 549
447 764
447 859
447 970
800 542
800 264
800 194
800 66
120 262
120 749
120 91
120 15
405 663
405 538
405 433
405 483
607 786
607 394
607 10
607 995
559 241
559 507
559 165
559 470
632 306
632 226
632 719
632 887
317 329
317 78
317 677
690 209
690 157
690 385
690 113
616 802
616 983
616 256
616 567
986 902
986 192
986 510
986 440
577 74
577 402
577 237
577 47
218 928
218 547
218 112
218 506
200 620
200 780
200 773
200 407
699 799
699 732
699 137
699 790
878 810
878 940
878 298
878 845
318 822
318 431
318 152
318 439
691 18
691 788
691 417
691 119
12 492
12 217
12 747
12 467
90 879
90 573
90 410
90 828
261 997
261 603
261 835
261 448
794 195
794 42
794 252
794 398
232 192
232 786
232 454
232 903
996 362
996 821
996 153
996 568
293 135
293 962
293 13
293 573
597 877
597 461
597 947
597 419
766 48
766 985
766 951
766 185
966 202
966 763
966 933
966 46
604 630
604 515
604 6
604 310
904 53
904 352
904 344
904 890
770 624
770 49
770 937
770 338
936 555
936 366
936 10
936 142
235 860
235 520
235 926
235 506
67 768
67 836
67 845
67 732
556 389
556 446
556 564
556 776
141 283
141 418
141 122
141 927
505 978
505 117
505 80
505 642
364 284
364 365
364 535
364 520
742 579
742 933
742 441
742 636
395 118
395 804
395 598
395 970
995 354
995 394
376 22
376 624
376 174
376 745
753 976
753 747
753 301
753 856
657 562
657 170
657 647
657 609
915 221
915 425
915 82
915 932
411 523
411 533
411 79
411 933
594 166
594 60
594 898
594 410
403 838
403 896
403 628
403 388
101 506
101 151
101 260
101 137
139 450
139 130
139 981
139 183
32 198
32 930
32 79
32 732
683 430
683 199
683 206
683 114
249 114
249 127
249 883
249 960
797 58
797 822
797 503
797 708
399 488
399 863
399 450
399 526
476 599
476 799
476 954
476 183
204 768
204 700
204 271
204 552
417 18
417 380
417 375
443 17
443 471
443 544
443 193
519 780
519 20
519 502
519 778
580 278
580 431
580 775
580 705
611 384
611 494
611 914
611 780
920 574
920 110
920 3
920 544
272 892
272 68
272 682
272 190
408 601
408 80
408 673
87 486
87 544
87 761
771 659
771 629
771 696
771 35
759 709
759 36
759 151
759 667
311 77
311 21
311 396
311 614
316 731
316 703
316 813
743 432
743 358
743 925
743 599
925 351
925 322
925 480
85 529
85 213
85 569
85 257
34 425
34 679
34 1
34 818
356 109
356 410
356 891
356 73
171 898
171 804
171 872
171 515
563 850
563 845
563 735
563 345
965 566
965 146
965 156
965 567
97 750
97 486
97 123
97 786
409 482
409 533
409 809
409 846
498 666
498 355
498 579
159 308
159 877
159 648
159 343
881 312
881 688
881 433
881 186
676 406
676 177
676 22
762 392
762 278
762 651
762 42
265 47
265 751
265 346
265 194
633 353
633 472
633 357
633 837
63 13
63 53
63 955
63 375
169 977
169 961
169 349
436 749
436 651
436 872
436 391
145 205
145 149
145 671
145 905
982 174
982 697
982 203
982 326
460 883
460 478
460 990
460 334
994 785
994 374
994 603
397 91
397 644
397 167
400 154
400 71
400 689
400 273
491 938
491 688
491 731
491 92
981 450
981 659
105 863
105 330
105 886
105 258
537 239
537 429
537 260
537 150
106 569
106 150
106 388
106 133
761 570
761 544
761 789
381 867
381 351
381 480
381 765
862 89
862 814
862 474
862 820
144 295
144 643
144 694
462 608
462 29
462 114
462 199
810 974
810 592
810 829
276 733
276 817
276 25
276 750
540 710
540 939
540 77
540 852
729 931
729 361
729 170
729 671
735 850
735 345
735 926
825 175
825 357
825 947
825 527
885 434
885 777
885 695
885 789
328 58
328 659
328 359
328 890
815 705
815 20
815 336
815 541
479 912
479 675
479 942
479 306
984 585
984 389
984 805
984 622
205 83
205 291
452 492
452 834
452 803
452 33
393 372
393 93
393 74
393 798
917 61
917 136
917 959
917 299
412 668
412 150
412 892
412 414
930 654
930 198
930 711
441 547
441 528
441 636
993 26
993 952
993 857
993 480
758 172
758 306
758 600
758 475
39 5
39 488
39 201
39 197
833 816
833 253
833 811
833 844
8 715
8 246
8 846
8 956
208 372
208 233
208 923
208 837
894 155
894 646
894 163
894 270
975 642
975 946
975 655
646 222
646 270
646 155
724 352
724 578
724 851
724 484
325 560
325 453
325 367
325 432
638 277
638 733
638 212
638 329
6 663
6 257
18 380
18 728
504 955
504 95
504 781
504 693
541 0
541 20
541 151
50 801
50 673
50 352
50 988
555 142
555 392
555 10
390 811
390 121
390 703
390 416
474 595
474 608
474 688
95 781
95 955
95 693
477 44
477 841
477 464
305 746
305 668
305 560
305 161
961 685
961 349
961 304
359 666
359 135
359 747
523 290
523 680
523 819
453 980
453 560
453 702
679 3
679 818
679 813
116 823
116 709
116 848
116 840
536 186
536 835
536 626
684 707
684 583
684 839
684 257
728 216
728 367
728 424
303 118
303 291
303 238
303 75
362 608
362 507
362 636
56 98
56 645
56 589
56 831
750 486
750 123
501 949
501 176
501 730
501 818
612 757
612 678
612 524
830 618
830 911
830 588
830 237
669 113
669 335
669 445
669 350
285 714
285 449
285 322
285 152
987 189
987 422
987 702
987 215
189 422
189 964
189 215
706 321
706 13
706 875
706 358
539 83
539 335
840 848
840 284
840 282
201 195
201 350
201 210
472 396
472 922
472 550
81 99
81 956
81 206
81 891
290 791
290 700
290 998
919 165
919 134
919 665
919 598
511 774
511 623
511 823
511 941
777 943
777 434
777 933
102 458
102 414
102 531
102 918
578 19
578 484
578 851
188 121
188 57
188 948
767 343
767 574
602 912
602 451
602 339
602 550
901 269
901 884
901 427
901 31
280 654
280 60
280 648
280 423
621 875
621 863
621 543
621 258
296 967
296 108
296 292
296 58
974 347
974 962
974 167
115 731
115 78
115 694
115 773
404 929
404 571
404 168
385 444
385 209
902 118
902 237
902 323
634 91
634 838
634 596
634 590
211 934
211 932
211 11
211 157
871 507
871 173
871 168
371 877
371 765
371 299
371 227
860 506
860 267
339 943
339 180
339 817
562 282
562 689
562 103
89 814
89 230
89 820
816 661
816 253
816 844
516 59
516 795
516 268
516 916
869 344
869 380
869 730
869 909
913 420
913 164
913 924
913 990
247 517
247 827
247 64
247 653
421 593
421 623
421 357
421 368
832 239
832 627
832 534
832 54
475 600
475 172
953 72
953 238
953 696
953 812
307 886
307 268
307 662
307 220
960 883
960 127
631 545
631 711
631 465
631 68
712 858
712 2
712 353
698 746
698 568
698 572
698 853
967 117
967 108
967 292
196 906
196 980
196 543
196 776
496 890
496 78
496 4
496 374
752 244
752 14
752 172
752 922
463 776
463 884
463 951
463 449
575 180
575 7
575 680
576 112
576 564
576 481
576 148
897 922
897 755
897 62
897 416
532 756
532 649
532 864
532 134
790 297
790 137
790 419
613 861
613 609
613 110
635 175
635 493
635 190
635 231
664 793
664 754
664 242
664 959
348 617
348 626
348 704
348 457
551 294
551 952
551 0
551 989
660 837
660 591
660 365
660 279
442 300
442 549
442 173
868 760
868 749
755 522
755 84
755 838
62 41
62 304
62 213
123 486
123 786
217 983
217 78
217 848
900 19
900 7
900 289
900 548
827 653
827 517
827 100
61 136
61 848
61 887
337 275
337 998
337 558
337 791
736 654
736 751
736 942
736 828
37 299
37 893
37 976
37 410
295 643
295 210
40 497
40 835
40 416
40 711
858 71
858 464
858 173
161 705
161 746
161 668
739 332
739 804
739 973
11 617
11 157
11 297
831 4
831 589
831 98
262 15
262 522
262 583
413 212
413 351
413 751
413 103
147 454
147 534
147 315
147 895
346 619
346 198
346 267
426 132
426 88
426 489
426 713
521 906
521 238
521 716
849 454
849 792
849 227
849 748
514 622
514 153
514 988
514 366
899 670
899 29
899 178
899 949
574 478
574 781
973 826
973 332
726 367
726 154
726 689
726 407
818 1
51 427
51 685
234 284
234 22
234 286
234 304
187 451
187 324
187 550
187 543
628 388
628 896
582 853
582 509
582 595
582 804
197 488
197 5
553 668
553 605
553 243
531 918
531 414
531 458
844 253
844 661
64 517
64 653
64 548
963 670
963 905
963 528
481 148
481 564
481 369
86 341
86 584
86 191
722 866
722 983
722 451
313 783
313 136
313 229
210 524
210 294
379 645
379 614
379 21
379 570
659 890
122 283
122 921
122 782
415 448
415 342
415 269
748 723
748 907
748 454
814 788
814 820
264 66
264 542
764 549
764 799
764 859
692 707
692 803
692 93
692 291
74 93
74 798
958 48
958 985
958 246
723 803
723 109
723 467
331 344
331 497
331 487
331 466
146 566
146 156
146 554
336 779
336 23
336 776
647 310
647 801
852 332
852 910
852 77
907 893
907 662
324 550
324 377
324 543
342 75
342 938
342 768
79 310
79 874
435 166
435 898
435 329
438 466
438 806
438 845
438 595
27 176
27 545
27 184
384 470
384 914
713 132
713 489
713 88
864 13
864 785
864 730
783 58
783 667
892 682
892 190
455 838
455 41
455 823
455 686
675 246
675 954
675 648
721 140
721 230
721 569
721 627
727 534
727 129
727 778
727 130
997 503
997 256
997 77
667 36
667 151
142 10
142 392
513 458
513 465
513 172
924 164
924 420
33 702
33 874
33 591
565 41
565 369
565 813
233 533
233 923
233 662
59 795
59 629
59 416
345 926
345 850
75 768
75 132
884 805
884 31
240 398
240 437
240 186
240 529
914 780
914 470
842 246
842 710
842 821
156 567
156 566
429 260
429 588
429 150
82 425
82 931
184 572
184 202
184 545
275 552
275 558
499 674
499 128
499 214
54 950
54 671
54 714
351 480
155 270
174 203
174 326
929 168
929 571
471 964
471 17
471 193
639 25
639 931
639 673
639 583
530 113
530 893
530 182
792 282
792 916
368 623
368 494
368 179
256 645
979 572
979 730
979 782
21 614
21 826
704 457
704 617
704 626
185 48
185 985
955 693
829 928
829 592
508 396
508 554
508 497
286 977
286 445
286 524
449 352
449 277
629 180
629 377
73 601
73 980
36 94
36 787
194 542
194 66
192 954
192 440
707 839
707 119
600 306
600 740
910 939
910 279
910 700
493 231
493 175
493 579
568 820
568 959
971 937
971 160
971 737
971 991
656 921
656 23
656 302
656 895
601 855
601 250
618 911
618 294
618 588
268 527
268 951
292 108
292 334
94 154
94 367
94 212
487 31
487 213
487 391
861 99
861 596
861 110
80 927
80 212
357 108
437 0
437 53
437 787
625 283
625 620
625 895
693 781
593 131
593 558
593 430
619 134
619 288
619 267
573 962
573 135
911 588
911 294
149 418
338 130
338 624
338 49
365 520
365 535
805 31
805 464
153 988
153 91
518 23
358 746
358 432
806 278
806 934
806 478
114 199
43 179
43 855
548 375
700 279
671 361
921 782
617 457
989 0
989 570
763 46
763 28
763 202
811 703
117 366
788 119
788 327
655 529
655 377
655 47
637 959
637 186
637 775
939 596
939 828
674 128
674 214
661 253
661 876
673 510
301 839
301 976
301 856
846 482
846 533
473 879
473 157
473 289
473 970
952 26
952 866
165 497
165 507
740 216
740 402
423 24
423 956
423 60
951 237
133 258
133 308
215 964
215 422
954 252
626 457
520 535
488 5
528 719
528 226
587 239
587 649
315 992
685 431
813 41
148 564
608 334
787 226
787 711
178 949
178 29
178 92
896 131
896 388
127 883
334 990
992 837
992 424
791 44
791 998
590 596
590 853
312 630
312 887
312 688
236 239
236 467
236 828
236 72
549 859
160 737
160 991
160 937
166 57
166 898
46 202
46 28
665 406
665 855
665 84
991 937
991 737
678 209
678 300
678 912
214 128
566 567
297 705
297 98
866 857
866 26
119 327
2 353
422 964
386 503
88 489
84 321
84 795
434 943
98 589
103 757
103 3
950 927
950 714
298 772
298 940
298 65
734 909
734 503
347 20
347 585
347 250
60 956
209 834
271 552
271 288
271 424
24 719
24 124
461 947
461 245
461 419
976 856
42 398
42 252
589 4
598 361
598 118
65 940
65 772
380 279
962 135
124 100
627 931
266 558
266 510
266 270
266 327
302 355
302 19
302 779
879 970
716 592
716 906
495 52
495 224
495 374
495 291
170 538
389 591
903 527
903 355
903 220
494 330
494 176
335 432
666 895
666 948
222 433
222 835
231 35
231 175
340 538
340 323
584 191
182 535
696 444
654 819
863 258
355 527
923 662
745 22
745 978
121 57
980 839
350 288
350 195
394 354
695 789
695 484
695 854
855 230
798 93
798 372
978 206
330 245
177 406
322 714
4 224
836 15
49 300
49 624
932 221
851 876
510 793
918 458
918 414
288 424
321 751
775 585
427 25
427 942
819 446
819 680
999 772
999 529
999 760
224 909
224 680
941 774
941 7
941 509
614 53
760 183
83 440
822 708
822 152
402 216
129 267
129 534
129 731
300 173
948 250
801 52
14 244
14 599
483 663
17 193
778 502
310 630
773 620
773 407
926 850
71 702
71 464
220 886
821 710
793 242
52 579
198 732
191 677
985 48
605 243
834 651
757 623
854 466
854 789
854 484
99 891
277 733
277 451
176 686
372 289
19 779
509 817
509 470
765 867
241 1
542 66
841 131
841 260
419 947
644 195
644 167
226 719
949 29
592 708
242 229
242 754
857 26
164 420
554 938
131 430
809 199
809 482
308 343
940 772
154 689
132 489
946 642
244 284
252 398
517 653
140 369
92 988
273 163
682 190
620 407
326 203
817 709
670 905
130 72
526 450
109 803
694 643
243 179
502 875
747 467
238 812
603 444
448 269
