25 110
25 536
25 826
25 260
587 550
587 602
587 512
587 987
268 787
268 851
268 8
268 573
457 965
457 764
457 47
457 994
61 950
61 69
61 282
61 198
244 579
244 309
244 254
244 880
335 992
335 813
335 81
335 308
367 986
367 683
367 265
367 306
384 434
384 201
384 910
384 101
934 898
934 98
934 6
934 845
146 665
146 897
146 764
146 286
733 228
733 178
733 11
733 390
689 993
689 533
689 373
689 17
752 773
752 942
752 696
752 358
291 88
291 695
291 790
291 289
971 757
971 608
971 872
971 14
91 160
91 41
91 170
91 473
537 318
537 154
537 361
537 560
412 484
412 374
412 95
412 386
443 413
443 204
443 489
443 37
153 52
153 350
153 230
153 599
448 398
448 994
448 593
448 318
126 149
126 619
126 520
126 783
494 93
494 665
494 918
494 527
159 562
159 919
159 984
159 953
528 961
528 50
528 862
528 647
255 605
255 604
255 655
255 781
761 778
761 941
761 1
761 212
341 60
341 694
341 92
341 693
684 569
684 568
684 598
684 324
426 724
426 900
426 80
426 2
908 712
908 345
908 553
908 149
381 555
381 201
381 721
381 272
491 838
491 601
491 189
491 86
78 256
78 589
78 736
78 996
719 205
719 241
719 419
719 739
232 677
232 95
232 524
232 169
777 899
777 317
777 497
777 147
959 5
959 708
959 527
959 703
962 616
962 214
962 359
962 309
509 429
509 794
509 171
509 40
533 373
533 17
533 993
446 369
446 553
446 502
446 842
742 849
742 294
742 175
742 472
837 350
837 310
837 914
837 696
892 561
892 180
892 678
892 803
850 541
850 234
850 358
850 259
911 754
911 948
911 374
911 939
302 439
302 236
302 150
302 778
697 334
697 259
697 210
697 406
168 294
168 596
168 972
168 843
468 851
468 992
468 170
468 894
106 23
106 893
106 855
106 120
264 897
264 239
264 303
264 547
206 115
206 539
206 417
206 538
351 71
351 994
351 928
351 217
74 87
74 271
74 116
74 203
955 513
955 33
955 117
955 852
575 658
575 967
575 596
575 456
828 274
828 139
828 109
828 54
56 484
56 902
56 333
56 337
937 422
937 818
937 838
937 171
307 870
307 804
307 657
307 703
519 218
519 69
519 340
519 866
737 483
737 744
737 590
737 342
926 904
926 599
926 162
926 589
377 576
377 901
377 899
377 183
583 918
583 928
583 584
583 573
671 833
671 772
671 897
671 44
801 400
801 283
801 883
801 552
21 0
21 54
21 984
21 916
427 95
427 193
427 880
427 308
12 799
12 693
12 525
12 627
607 817
607 161
607 139
607 109
184 230
184 336
184 963
184 205
570 906
570 59
570 379
570 968
276 760
276 345
276 275
276 33
802 151
802 586
802 875
802 187
114 32
114 680
114 571
114 242
654 549
654 273
654 681
654 311
213 436
213 618
213 824
213 474
633 988
633 791
633 821
633 643
728 686
728 304
728 359
728 559
165 599
165 852
165 111
165 299
556 780
556 4
556 7
556 799
459 743
459 951
459 591
459 349
774 218
774 389
774 477
774 964
452 369
452 855
452 842
452 863
649 875
649 348
649 541
649 886
186 732
186 963
186 230
186 409
499 838
499 254
499 14
499 559
113 265
113 964
113 389
113 431
137 64
137 200
137 692
137 621
915 675
915 228
915 845
915 922
130 163
130 723
130 845
130 620
226 928
226 643
226 323
226 397
756 2
756 900
756 236
756 365
917 799
917 877
917 415
917 365
320 675
320 864
320 207
320 578
844 745
844 7
844 611
844 939
470 450
470 361
470 6
470 966
523 93
523 214
523 267
523 251
277 378
277 218
277 720
277 380
882 480
882 561
882 474
882 889
430 323
430 292
430 768
430 861
832 223
832 215
832 635
832 176
94 27
94 924
94 945
94 343
797 615
797 57
797 333
797 730
424 708
424 5
424 199
424 809
672 313
672 540
672 900
672 2
31 269
31 284
31 775
31 548
103 764
103 616
103 198
103 282
96 842
96 600
96 616
96 612
727 625
727 948
727 612
727 600
531 498
531 558
531 267
531 875
655 604
655 781
655 605
108 534
108 813
108 8
108 527
143 222
143 71
143 68
143 501
688 634
688 299
688 272
688 204
867 914
867 3
867 239
867 183
486 966
486 592
486 13
486 275
503 57
503 496
503 976
503 339
725 274
725 304
725 340
725 433
785 972
785 776
785 170
785 219
726 286
726 227
726 706
726 924
750 280
750 387
750 989
750 741
905 592
905 423
905 189
905 679
981 250
981 673
981 564
981 925
836 621
836 580
836 561
836 16
881 624
881 919
881 496
881 350
261 220
261 369
261 13
261 51
421 950
421 514
421 513
421 239
20 983
20 652
20 989
20 869
444 408
444 932
444 225
444 526
626 703
626 514
626 736
626 950
156 496
156 992
156 151
156 954
664 312
664 818
664 898
664 521
811 119
811 339
811 415
811 976
535 590
535 221
535 840
535 735
35 818
35 721
35 760
35 236
194 299
194 894
194 45
194 314
829 685
829 366
829 690
829 66
878 792
878 306
878 386
878 354
195 886
195 10
195 493
195 821
332 57
332 522
332 471
332 6
623 740
623 136
623 557
623 783
858 782
858 687
858 117
858 721
240 525
240 414
240 433
240 686
977 876
977 644
977 978
977 16
85 576
85 316
85 574
85 738
545 345
545 901
545 675
545 948
131 375
131 510
131 210
131 406
432 789
432 70
432 467
432 174
410 514
410 522
410 471
410 413
26 922
26 55
26 431
26 724
495 871
495 536
495 896
495 929
42 796
42 177
42 191
42 247
885 481
885 48
885 574
885 447
229 67
229 170
229 794
229 656
940 258
940 162
940 683
940 188
490 160
490 865
490 473
490 857
895 616
895 54
895 645
895 340
355 149
355 591
355 555
355 496
936 855
936 218
936 102
936 18
185 313
185 62
185 620
185 408
933 749
933 442
933 786
933 76
476 14
476 762
476 634
476 637
588 484
588 621
588 374
588 59
572 549
572 453
572 559
572 313
128 260
128 809
128 736
128 595
399 51
399 760
399 544
399 375
385 292
385 898
385 768
385 861
958 242
958 925
958 422
958 32
646 297
646 63
646 462
646 145
999 48
999 99
999 164
999 644
298 902
298 686
298 65
298 644
810 825
810 843
810 37
810 123
659 13
659 549
659 81
659 175
938 868
938 235
938 315
938 673
391 871
391 360
391 603
391 334
629 205
629 150
629 914
629 439
243 884
243 975
243 769
243 544
465 507
465 594
465 98
465 912
357 275
357 175
357 835
357 180
487 334
487 593
487 398
487 326
542 234
542 450
542 573
542 147
798 36
798 262
798 980
798 221
88 695
88 790
88 289
325 868
325 986
325 540
325 889
949 687
949 134
949 590
949 929
848 987
848 712
848 512
848 851
990 642
990 39
990 627
990 287
157 345
157 481
157 380
157 791
956 135
956 16
956 660
956 907
504 144
504 469
504 825
504 729
771 207
771 561
771 40
771 469
582 450
582 891
582 624
582 692
82 781
82 204
82 754
82 803
404 653
404 364
404 231
404 954
89 541
89 191
89 973
89 492
263 227
263 544
263 736
263 271
173 489
173 916
173 125
173 648
292 768
292 861
628 807
628 38
628 237
628 502
58 754
58 893
58 579
58 606
461 48
461 601
461 973
461 714
392 986
392 923
392 975
392 943
715 37
715 555
715 796
715 177
24 931
24 707
24 297
24 179
319 167
319 205
319 331
319 709
418 852
418 547
418 863
418 873
853 217
853 891
853 38
853 259
631 765
631 663
631 45
631 640
997 422
997 941
997 735
997 529
181 670
181 558
181 144
181 573
960 817
960 453
960 207
960 55
253 775
253 171
253 284
253 326
407 705
407 303
407 866
407 674
464 241
464 680
464 163
464 309
856 217
856 988
856 548
856 923
425 954
425 145
425 488
425 63
748 534
748 76
748 141
748 55
124 327
124 639
124 805
124 279
700 974
700 380
700 18
700 138
952 295
952 65
952 663
952 333
356 80
356 378
356 732
356 776
913 608
913 95
913 922
913 872
192 679
192 317
192 615
192 665
148 677
148 22
148 176
148 520
475 994
475 598
475 906
475 485
328 132
328 863
328 966
328 873
416 669
416 429
416 747
416 68
887 162
887 716
887 591
887 242
208 257
208 501
208 222
208 175
233 19
233 9
233 766
233 238
437 15
437 680
437 530
437 155
879 158
879 216
879 536
879 322
641 287
641 642
641 39
641 183
874 204
874 433
874 712
874 614
352 775
352 234
352 147
352 32
34 635
34 215
34 868
34 132
202 716
202 41
202 0
202 687
288 420
288 127
288 360
288 256
463 508
463 4
463 957
463 706
152 188
152 182
152 278
152 564
831 478
831 402
831 698
831 220
401 327
401 310
401 849
401 821
669 378
669 747
669 68
682 551
682 169
682 265
682 359
800 279
800 408
800 228
800 308
903 779
903 691
903 197
903 614
567 581
567 67
567 951
567 627
701 393
701 525
701 348
701 73
196 104
196 966
196 201
196 414
246 505
246 767
246 360
246 485
466 939
466 29
466 695
466 865
622 413
622 4
622 293
622 256
753 690
753 429
753 939
753 553
140 65
140 493
140 553
140 376
713 985
713 183
713 396
713 479
330 985
330 284
330 373
330 201
133 788
133 481
133 516
133 447
445 200
445 79
445 754
445 64
252 220
252 141
252 18
252 791
248 52
248 405
248 823
248 249
920 584
920 819
920 809
920 565
245 111
245 369
245 954
245 899
506 293
506 371
506 500
506 636
100 539
100 585
100 28
100 337
290 460
290 716
290 546
290 172
428 272
428 691
428 843
428 709
223 862
223 215
223 635
338 827
338 816
338 383
338 617
75 918
75 164
75 902
75 40
211 595
211 49
211 632
211 79
969 394
969 122
969 632
969 3
982 178
982 477
982 851
982 702
566 273
566 817
566 311
566 349
857 160
857 603
857 473
859 478
859 698
859 402
859 834
930 107
930 119
930 321
930 722
759 791
759 339
759 313
759 803
763 780
763 840
763 645
763 408
927 924
927 685
927 286
927 677
746 686
746 281
746 551
746 935
909 141
909 778
909 259
909 439
806 41
806 557
806 980
806 477
795 716
795 972
795 269
795 22
991 209
991 304
991 266
991 270
84 104
84 834
84 155
84 46
301 621
301 162
301 578
301 843
388 640
388 111
388 765
388 41
563 620
563 894
563 7
563 611
451 50
451 647
451 961
451 225
435 929
435 862
435 48
435 730
482 79
482 317
482 894
482 333
755 852
755 283
755 946
755 896
30 864
30 283
30 928
30 172
854 847
854 787
854 732
854 699
395 52
395 693
395 141
395 776
458 47
458 603
458 498
458 8
515 258
515 932
515 212
515 102
666 99
666 565
666 819
666 38
921 826
921 693
921 331
921 871
190 257
190 507
190 784
190 511
77 730
77 193
77 161
77 532
562 919
562 984
562 953
262 221
262 610
262 980
315 673
315 868
315 235
166 364
166 0
166 231
166 653
347 431
347 101
347 910
347 434
707 297
707 931
707 179
814 312
814 604
814 180
814 735
314 847
314 973
314 299
731 27
731 40
731 343
731 317
830 986
830 83
830 72
830 890
353 595
353 289
353 354
353 308
438 564
438 589
438 803
438 396
116 87
116 203
116 571
382 249
382 978
382 354
382 363
285 709
285 782
285 331
285 283
372 76
372 254
372 559
372 721
912 947
912 594
912 98
651 965
651 359
651 254
651 870
90 522
90 471
90 974
90 702
329 595
329 334
329 54
329 597
176 360
176 22
518 361
518 793
518 764
518 865
647 961
647 50
510 406
510 210
510 593
543 441
543 860
543 257
543 349
789 70
789 174
789 467
861 768
387 989
387 741
387 280
454 670
454 361
454 889
454 144
462 145
462 696
462 63
266 209
266 112
266 270
411 555
411 163
411 676
411 121
739 898
739 241
739 419
860 257
860 375
860 349
642 287
642 39
638 824
638 618
638 436
638 16
957 207
957 706
957 508
517 467
517 121
517 809
517 643
667 342
667 127
667 390
667 603
661 823
661 524
661 154
661 560
711 589
711 97
711 323
711 630
839 43
839 164
839 550
839 306
362 526
362 336
362 138
362 788
115 417
115 597
115 538
129 652
129 983
129 552
129 869
720 378
720 769
720 578
28 539
28 585
28 337
656 794
656 67
656 265
718 880
718 821
718 455
718 975
546 36
546 172
546 460
995 398
995 51
995 249
995 472
698 478
698 402
394 524
394 3
394 122
379 968
379 906
379 59
609 751
609 579
609 676
609 296
118 849
118 812
118 47
118 429
11 943
11 390
11 178
49 235
49 122
49 632
370 236
370 354
370 127
370 281
625 600
625 132
625 612
841 409
841 403
841 449
841 704
884 310
884 420
884 769
734 216
734 520
734 322
734 901
758 37
758 630
758 97
758 820
970 169
970 547
970 769
970 864
488 551
488 907
488 935
657 870
657 703
657 804
300 864
300 171
300 946
300 846
53 783
53 36
53 516
53 420
305 743
305 793
305 29
305 440
577 456
577 93
577 86
577 745
44 772
44 897
44 833
167 43
167 550
167 514
142 380
142 816
142 617
142 0
296 676
296 336
296 751
568 569
568 324
568 598
847 787
847 699
247 177
247 796
247 191
532 161
532 714
532 193
346 169
346 15
346 547
346 778
808 606
808 8
808 540
808 757
619 584
619 871
619 149
812 47
812 326
812 849
396 985
396 479
511 507
511 138
511 784
258 932
258 102
278 730
278 188
278 182
784 507
784 306
251 902
251 214
251 267
767 485
767 521
767 505
312 79
312 521
368 610
368 888
368 558
368 344
678 376
678 180
678 745
983 869
983 652
1 212
1 941
1 51
751 676
751 579
824 618
824 436
637 634
637 14
637 762
107 722
107 119
107 321
804 870
804 272
650 838
650 662
650 224
650 710
112 209
112 270
112 375
136 309
136 740
136 557
455 880
455 453
455 975
947 835
947 228
947 584
478 402
773 358
773 599
773 942
705 866
705 674
705 303
83 62
83 890
83 72
597 417
597 538
344 558
344 610
344 888
441 632
441 950
441 280
364 231
364 653
944 943
944 474
944 497
944 294
998 529
998 792
998 717
998 613
538 417
101 434
101 910
158 536
158 322
158 216
961 50
19 238
19 9
19 336
762 602
762 634
846 833
846 772
846 946
371 293
371 636
371 500
23 855
23 893
23 120
134 662
134 224
134 710
729 469
729 825
729 788
80 132
80 732
46 119
46 834
46 104
580 594
580 636
580 472
805 279
805 327
805 639
442 749
442 219
442 786
877 365
877 799
877 415
69 282
69 508
295 383
295 65
295 663
779 691
779 197
779 614
876 896
876 978
876 17
73 123
73 348
73 393
979 36
979 13
979 38
979 842
224 662
224 710
770 822
770 363
770 105
770 397
827 816
827 617
827 520
403 704
403 409
403 449
780 220
780 4
199 326
199 708
199 5
10 493
10 886
10 591
815 250
815 668
815 350
815 925
699 787
699 544
888 275
888 610
967 456
967 596
967 658
99 819
99 164
586 151
586 875
586 187
602 987
602 512
135 907
135 712
135 660
500 636
500 293
526 225
526 788
782 740
782 687
121 163
121 643
630 820
630 97
681 273
681 311
681 549
110 677
110 260
110 826
120 893
120 310
480 449
480 889
480 474
822 363
822 397
822 105
238 9
238 766
571 472
571 813
483 342
483 744
483 590
747 383
747 68
60 904
60 694
60 92
793 865
793 440
139 274
139 109
386 127
386 217
419 241
419 951
237 807
237 502
237 498
318 154
318 560
343 27
343 945
565 123
565 819
39 287
324 569
324 964
86 745
86 645
414 818
414 525
530 155
530 15
530 680
722 321
722 422
968 906
968 59
996 256
996 294
996 972
479 985
479 304
554 980
554 321
554 182
554 965
640 765
640 111
674 866
674 303
601 189
601 973
423 592
423 189
423 679
147 234
835 760
835 225
200 692
200 64
269 946
269 744
270 209
505 485
505 521
45 765
45 663
740 557
92 904
92 694
150 439
150 813
606 540
606 281
374 484
87 271
87 203
389 964
389 477
492 191
492 198
492 931
534 76
534 953
816 617
923 548
923 988
935 281
935 551
198 282
581 627
581 951
581 174
366 685
366 66
366 690
723 620
723 845
723 460
976 227
976 339
668 250
668 611
668 624
160 473
963 230
963 55
790 289
790 695
323 376
71 222
71 501
891 450
891 239
673 235
872 757
872 608
600 612
155 15
890 62
890 72
105 397
105 363
660 942
660 907
714 227
714 578
658 456
658 596
3 122
648 125
648 489
648 916
63 145
605 781
605 604
104 834
823 524
823 405
219 749
219 786
766 383
766 9
929 896
440 29
440 743
585 539
585 337
187 151
187 18
670 965
670 144
988 548
98 594
741 280
741 989
154 560
125 916
125 489
197 691
197 614
863 873
447 481
447 516
772 833
43 550
43 541
702 420
702 974
210 406
516 783
81 992
81 914
953 984
215 635
624 919
62 72
717 792
717 529
717 613
250 925
316 574
316 738
316 576
941 212
497 943
497 883
724 431
724 6
820 97
820 873
918 93
675 922
182 188
840 645
840 735
274 109
400 883
400 552
400 615
683 862
683 948
117 33
117 513
7 611
608 757
436 618
886 493
743 29
738 576
738 574
679 592
978 644
993 373
993 17
365 415
22 221
340 433
501 222
869 652
273 311
825 469
2 900
32 242
390 178
33 513
471 522
348 393
706 508
942 413
502 807
613 529
613 792
883 552
460 172
453 817
901 899
708 5
987 512
231 653
615 57
924 286
598 569
794 67
527 665
27 945
826 260
932 102
593 398
775 284
342 744
974 138
358 696
161 193
692 64
405 249
405 945
807 498
786 749
177 796
662 710
331 709
123 393
203 271
70 174
70 467
179 297
179 931
267 214
776 52
704 449
704 409
66 685
66 690
216 322
694 904
376 564
434 910
639 279
639 327
