153 826
153 431
153 316
153 668
736 940
736 111
736 877
736 424
353 819
353 175
353 433
353 951
681 366
681 53
681 682
681 136
263 792
263 553
263 268
263 47
909 177
909 402
909 522
909 730
110 576
110 678
110 878
110 738
779 933
779 977
779 653
779 255
778 658
778 247
778 513
778 483
829 803
829 314
829 112
829 190
188 170
188 161
188 339
188 672
735 683
735 955
735 256
735 462
588 727
588 986
588 874
588 895
934 849
934 122
934 452
934 764
45 318
45 813
45 225
45 733
686 750
686 171
686 601
686 364
315 347
315 527
315 302
315 994
510 574
510 920
510 905
510 229
141 350
141 186
141 187
141 100
394 410
394 784
394 928
394 285
485 511
485 107
485 488
485 900
958 310
958 655
958 821
958 672
479 246
479 399
479 855
479 366
798 193
798 800
798 574
798 718
338 17
338 262
338 12
338 211
759 543
759 92
759 123
759 482
724 885
724 244
724 520
724 987
974 880
974 918
974 47
974 25
811 311
811 436
811 387
811 808
862 467
862 700
862 679
862 246
524 530
524 299
524 765
524 924
540 996
540 82
540 25
540 339
313 245
313 143
313 699
313 513
622 276
622 535
622 731
622 966
80 643
80 513
80 14
80 650
234 637
234 890
234 751
234 320
4 14
4 319
4 698
4 365
361 873
361 115
361 632
361 467
531 714
531 9
531 729
531 615
701 181
701 541
701 966
701 787
824 328
824 216
824 280
824 786
917 586
917 414
917 59
917 283
369 187
369 976
369 294
369 219
602 942
602 827
602 560
602 75
185 955
185 142
185 683
185 769
930 891
930 406
930 399
930 73
227 93
227 946
227 887
227 455
518 130
518 766
518 904
518 506
184 157
184 530
184 988
184 72
822 9
822 379
822 95
822 576
29 51
29 543
29 692
29 643
948 843
948 640
948 931
948 698
667 44
667 419
667 546
667 462
575 845
575 857
575 998
575 793
972 373
972 83
972 732
972 956
321 564
321 744
321 618
321 651
567 58
567 457
567 508
567 727
70 63
70 891
70 38
70 836
427 470
427 857
427 568
427 620
220 0
220 327
220 195
220 657
780 204
780 436
780 63
780 840
62 255
62 437
62 977
62 528
343 981
343 631
343 748
343 36
903 82
903 144
903 996
903 363
922 542
922 911
922 308
922 61
13 218
13 88
13 50
13 595
487 643
487 399
487 981
487 632
145 737
145 508
145 698
145 873
606 749
606 895
606 230
606 874
3 832
3 551
3 482
3 340
293 833
293 532
293 535
293 925
286 490
286 568
286 348
286 723
990 205
990 944
990 621
990 104
35 276
35 952
35 312
35 918
325 772
325 991
325 121
325 718
306 332
306 92
306 324
306 474
968 120
968 233
968 301
968 611
15 411
15 114
15 994
15 499
496 109
496 714
496 913
496 668
385 481
385 157
385 323
385 933
703 772
703 411
703 446
703 239
217 406
217 382
217 73
217 95
747 305
747 403
747 218
747 740
28 645
28 207
28 882
28 90
960 985
960 563
960 719
960 521
307 453
307 298
307 652
307 165
375 201
375 700
375 742
375 931
708 734
708 670
708 638
708 231
571 771
571 820
571 429
571 865
979 830
979 655
979 192
979 152
644 845
644 342
644 276
644 108
963 992
963 271
963 704
963 897
377 373
377 165
377 143
377 956
848 717
848 953
848 583
848 474
49 576
49 359
49 551
49 259
754 669
754 519
754 461
754 893
32 872
32 215
32 705
32 363
585 935
585 72
585 794
585 605
295 705
295 490
295 215
295 872
666 371
666 655
666 742
666 937
741 92
741 845
741 925
741 122
755 737
755 617
755 182
755 450
916 954
916 178
916 96
916 523
775 654
775 659
775 853
775 51
894 509
894 515
894 952
894 495
21 641
21 697
21 209
21 230
54 535
54 108
54 324
54 568
86 100
86 238
86 702
86 473
412 939
412 310
412 497
412 67
579 871
579 788
579 821
579 192
839 312
839 766
839 904
839 130
464 570
464 123
464 424
464 538
480 495
480 113
480 503
480 616
472 581
472 335
472 875
472 920
978 388
978 827
978 791
978 296
883 138
883 621
883 104
883 944
957 685
957 714
957 792
957 882
501 605
501 615
501 399
501 730
812 193
812 435
812 910
812 476
344 115
344 196
344 506
344 851
828 166
828 607
828 610
828 174
7 891
7 634
7 665
7 105
914 264
914 727
914 493
914 545
673 570
673 787
673 52
673 318
224 652
224 453
224 298
224 925
354 795
354 604
354 912
354 696
248 380
248 441
248 351
248 514
711 371
711 405
711 305
711 507
676 490
676 174
676 302
676 258
929 919
929 692
929 138
929 121
837 41
837 627
837 577
837 603
846 926
846 384
846 866
846 372
330 107
330 171
330 649
330 364
512 246
512 417
512 156
512 198
677 61
677 857
677 402
677 678
191 20
191 756
191 789
191 641
442 789
442 756
442 20
442 378
351 441
351 514
351 380
580 81
580 105
580 634
580 665
440 808
440 682
440 311
440 387
232 785
232 468
232 969
232 201
888 112
888 921
888 14
888 365
66 728
66 363
66 403
66 740
447 728
447 415
447 94
447 237
127 810
127 437
127 959
127 566
277 176
277 63
277 767
277 861
713 39
713 859
713 22
713 816
932 539
932 466
932 439
932 892
565 544
565 827
565 207
565 970
768 85
768 177
768 898
768 525
841 57
841 794
841 407
841 633
693 251
693 900
693 908
693 342
91 608
91 138
91 292
91 391
360 737
360 529
360 906
360 481
56 334
56 155
56 774
56 682
253 767
253 800
253 176
253 861
449 497
449 685
449 650
449 100
593 949
593 265
593 833
593 947
23 635
23 140
23 426
23 943
76 605
76 857
76 564
76 165
395 852
395 792
395 900
395 670
555 218
555 515
555 668
555 348
989 758
989 511
989 342
989 649
146 971
146 786
146 275
146 662
183 871
183 252
183 84
183 577
31 530
31 436
31 123
31 564
345 515
345 252
345 718
345 749
428 940
428 800
428 359
428 299
8 801
8 63
8 825
8 991
856 699
856 155
856 90
856 207
435 910
435 193
435 476
923 378
923 988
923 514
923 913
465 305
465 241
465 320
465 992
722 773
722 628
722 534
722 357
362 67
362 892
362 187
362 297
975 444
975 589
975 492
975 249
582 456
582 699
582 620
582 522
349 832
349 838
349 583
349 801
776 516
776 154
776 986
776 549
454 769
454 252
454 142
454 258
111 877
111 424
111 940
984 288
984 476
984 274
984 800
376 348
376 700
376 838
376 245
995 419
995 772
995 679
995 10
159 577
159 694
159 117
159 537
243 180
243 790
243 16
243 226
336 762
336 919
336 74
336 912
392 87
392 902
392 52
392 446
594 228
594 475
594 843
594 807
477 192
477 793
477 22
477 304
552 30
552 559
552 98
552 709
300 299
300 734
300 123
300 324
814 970
814 761
814 544
814 913
282 337
282 278
282 892
282 291
5 661
5 134
5 597
5 257
413 405
413 532
413 591
413 165
116 550
116 292
116 993
116 771
326 695
326 536
326 500
326 873
356 372
356 738
356 384
356 90
213 557
213 515
213 671
213 561
973 294
973 605
973 219
973 976
630 444
630 195
630 492
630 108
767 176
767 861
770 507
770 209
770 998
770 804
890 320
890 637
890 751
19 460
19 578
19 199
19 674
842 625
842 854
842 507
842 58
135 879
135 997
135 560
135 942
150 796
150 726
150 600
150 92
161 672
161 170
161 339
962 337
962 93
962 946
962 887
64 607
64 692
64 937
64 847
355 618
355 317
355 651
355 744
200 640
200 608
200 698
200 490
331 559
331 239
331 374
331 44
964 71
964 793
964 273
964 548
269 878
269 322
269 777
269 626
760 190
760 697
760 230
760 885
688 631
688 748
688 508
688 36
596 81
596 138
596 723
596 438
746 592
746 11
746 216
746 155
547 599
547 389
547 162
547 881
448 341
448 494
448 228
448 151
502 679
502 419
502 405
502 251
167 374
167 38
167 836
167 203
489 545
489 952
489 493
489 264
33 548
33 328
33 273
33 71
260 719
260 577
260 985
260 807
720 107
720 261
720 551
720 532
781 431
781 265
781 316
781 826
281 534
281 341
281 158
281 319
999 536
999 695
999 738
999 500
60 380
60 402
60 685
60 855
97 933
97 595
97 998
97 337
967 250
967 187
967 732
967 815
133 519
133 421
133 120
133 905
612 998
612 346
612 478
612 691
170 672
170 339
272 522
272 966
272 737
272 641
398 481
398 790
398 663
398 323
556 671
556 971
556 654
556 662
831 168
831 936
831 858
831 488
65 900
65 679
65 50
65 595
68 169
68 835
68 128
68 163
716 772
716 450
716 175
716 404
6 546
6 558
6 401
6 274
656 164
656 784
656 653
656 463
459 750
459 58
459 535
459 467
898 525
898 177
898 85
864 749
864 113
864 809
864 879
77 818
77 143
77 366
77 168
945 880
945 793
945 317
945 918
119 740
119 403
119 538
119 661
533 52
533 451
533 251
533 202
102 495
102 50
102 457
102 419
889 2
889 710
889 221
889 649
290 342
290 238
290 702
290 473
680 366
680 866
680 891
680 513
27 443
27 222
27 303
27 241
715 870
715 927
715 678
715 423
850 383
850 291
850 924
850 390
868 827
868 284
868 844
868 84
40 597
40 12
40 765
40 365
505 818
505 543
505 44
505 668
368 931
368 312
368 273
368 522
636 149
636 863
636 67
636 613
254 854
254 629
254 332
254 625
614 252
614 750
614 247
614 483
210 617
210 757
210 347
210 838
687 404
687 450
687 416
687 608
386 624
386 684
386 79
386 462
504 455
504 843
504 700
504 84
805 288
805 913
805 84
805 174
982 231
982 499
982 114
982 915
89 445
89 202
89 451
89 503
397 927
397 423
397 994
397 870
333 723
333 757
333 109
333 739
173 936
173 94
173 0
173 858
396 149
396 157
396 863
396 613
358 245
358 670
358 108
358 620
707 154
707 655
707 881
707 697
823 371
823 591
823 762
823 750
491 174
491 190
491 608
491 317
562 809
562 370
562 240
562 876
461 669
461 893
461 519
799 278
799 186
799 350
799 534
242 543
242 538
242 181
242 509
352 225
352 470
352 67
352 733
172 561
172 557
172 650
172 332
516 549
516 986
516 154
834 205
834 852
834 484
834 517
901 341
901 158
901 319
901 576
257 597
257 134
257 661
660 455
660 402
660 378
660 189
48 803
48 591
48 587
48 314
486 645
486 690
486 75
486 259
367 938
367 757
367 182
367 226
648 725
648 168
648 1
648 931
657 195
657 327
657 0
139 249
139 284
139 844
139 239
869 578
869 421
869 785
869 109
55 401
55 304
55 840
55 782
381 765
381 508
381 401
381 236
160 820
160 121
160 865
160 429
434 874
434 467
434 919
434 262
222 241
222 303
222 443
229 905
229 920
229 574
78 42
78 131
78 835
78 721
706 284
706 155
706 278
706 437
24 100
24 876
24 678
24 497
430 371
430 190
430 586
430 267
329 359
329 251
329 632
329 71
886 777
886 79
886 902
886 446
423 870
423 927
664 236
664 245
664 731
664 212
400 271
400 749
400 497
400 438
584 520
584 879
584 379
584 235
432 1
432 79
432 81
432 209
34 182
34 570
34 758
34 663
745 98
745 709
745 981
745 568
409 18
409 206
409 261
409 95
851 115
851 506
851 196
961 627
961 738
961 41
961 603
393 899
393 208
393 421
393 712
763 334
763 684
763 166
763 641
179 988
179 730
179 470
179 598
425 235
425 873
425 640
425 379
541 966
541 181
541 787
223 162
223 436
223 389
223 620
647 659
647 685
647 610
647 617
301 611
301 120
301 233
147 950
147 559
147 10
147 280
621 944
621 104
498 559
498 893
498 925
498 564
264 545
264 493
797 246
797 529
797 939
797 906
176 861
950 10
950 280
950 821
484 517
484 852
484 205
623 53
623 650
623 806
623 136
101 509
101 233
101 645
101 121
590 899
590 208
590 712
590 168
598 730
598 72
598 988
642 494
642 951
642 151
642 178
211 17
211 262
211 12
907 25
907 347
907 527
907 511
639 818
639 600
639 1
639 726
619 274
619 994
619 844
619 348
103 521
103 815
103 250
103 752
144 996
144 363
144 82
853 25
853 51
853 659
611 233
611 120
46 126
46 302
46 882
46 610
287 88
287 26
287 935
287 884
704 992
704 897
704 271
96 954
96 523
96 855
782 304
782 840
782 401
309 569
309 438
309 546
309 783
926 384
926 866
926 372
69 791
69 296
69 388
69 216
270 635
270 318
270 632
270 732
753 478
753 346
753 691
753 525
124 469
124 860
124 743
124 267
471 807
471 654
471 663
471 718
418 965
418 908
418 279
418 456
689 607
689 288
689 276
689 107
867 337
867 859
867 470
867 312
526 72
526 299
526 692
526 131
896 198
896 654
896 156
896 417
987 520
987 885
987 244
283 414
283 586
283 59
500 695
500 536
408 152
408 106
408 830
408 558
194 59
194 682
194 937
194 42
422 566
422 959
422 786
422 810
129 569
129 112
129 324
129 921
589 444
589 249
589 492
694 460
694 537
694 117
865 820
865 429
118 132
118 569
118 817
118 941
669 519
669 893
125 405
125 109
125 537
125 117
137 871
137 310
137 881
137 788
539 466
539 578
539 439
41 603
41 627
980 696
980 604
980 795
980 466
30 723
30 709
30 98
18 261
18 206
18 725
847 607
847 981
847 937
93 946
93 887
761 970
761 855
761 544
458 710
458 2
458 530
458 221
16 226
16 180
16 790
266 742
266 37
266 11
266 592
550 993
550 771
550 292
783 569
783 546
783 438
37 592
37 11
37 742
802 581
802 875
802 335
802 437
106 152
106 558
106 830
407 57
407 697
407 633
204 328
204 840
204 866
573 845
573 523
573 288
573 538
696 604
696 795
599 389
599 881
599 162
208 899
208 712
949 947
949 265
949 833
244 520
244 885
383 291
383 390
383 924
572 952
572 725
572 328
572 920
817 132
817 391
817 941
433 819
433 951
433 175
658 483
658 247
658 304
197 249
197 192
197 624
197 532
710 221
710 2
256 683
256 955
256 462
616 350
616 503
616 113
938 182
938 649
938 757
646 303
646 469
646 421
646 849
74 912
74 762
74 919
43 297
43 739
43 554
43 289
99 58
99 714
99 643
99 228
675 943
675 357
675 773
675 628
721 835
721 278
721 131
214 157
214 410
214 285
214 928
475 228
475 617
475 807
717 953
717 583
717 474
553 374
553 268
553 47
340 551
340 832
340 482
587 803
587 591
587 314
674 460
674 199
674 578
126 882
126 610
126 302
808 387
808 311
212 734
212 731
212 236
816 39
816 859
816 22
156 198
156 417
915 42
915 114
915 499
601 171
601 364
601 558
628 357
628 773
431 826
431 316
445 202
445 451
445 624
473 238
473 702
729 231
729 9
729 615
813 318
813 733
813 225
690 259
690 75
690 645
705 872
705 215
275 971
275 662
275 509
463 653
463 784
463 164
921 879
921 112
983 359
983 163
983 169
983 128
478 346
478 691
764 122
764 849
764 452
626 777
626 878
626 322
806 53
806 1
806 136
825 801
825 42
825 991
83 373
83 956
83 732
149 613
149 863
563 521
563 985
563 719
997 560
997 637
997 942
323 933
323 481
804 843
804 507
804 209
180 226
180 790
203 836
203 374
203 38
744 651
744 618
87 902
87 52
87 411
240 809
240 370
240 876
178 151
178 494
927 870
752 815
752 250
752 521
796 821
796 726
796 600
965 908
965 279
965 456
788 871
788 310
810 959
810 566
289 739
289 297
289 554
382 73
382 95
382 406
105 634
105 665
186 534
186 350
164 653
164 784
134 661
134 597
443 241
443 303
327 0
327 195
872 215
884 935
884 26
884 88
561 671
561 557
528 255
528 977
528 274
633 57
633 794
128 169
128 163
928 410
928 285
189 838
189 455
189 378
529 939
529 906
895 874
895 230
285 410
911 542
911 61
911 308
936 488
936 858
954 81
954 523
880 918
880 317
629 854
629 625
629 332
819 951
819 175
429 820
897 271
897 992
791 296
791 388
206 261
206 725
235 379
235 640
537 117
441 514
441 380
166 334
166 684
294 219
294 976
420 148
420 416
420 609
420 774
439 892
439 466
158 341
158 319
169 163
308 765
308 542
384 372
638 670
638 231
638 734
758 570
758 663
136 53
536 695
322 777
322 878
942 560
671 557
483 247
488 858
731 236
268 47
268 792
956 373
57 794
364 171
39 859
39 22
50 595
370 809
370 876
415 237
415 728
415 94
298 453
298 652
835 131
600 726
877 424
877 940
404 527
404 450
61 542
411 239
452 849
452 122
152 830
457 495
457 727
98 709
202 451
199 511
199 460
836 38
860 267
860 743
860 469
9 615
939 906
26 935
26 88
991 801
388 296
971 662
390 924
390 291
787 181
225 733
311 387
652 453
634 665
554 297
554 739
751 320
751 637
44 818
548 273
548 71
769 142
769 258
941 391
941 132
444 492
786 216
993 771
993 292
11 592
142 258
624 79
389 162
815 250
912 762
609 416
609 774
609 148
469 743
365 14
977 255
259 75
844 284
503 113
947 265
947 833
17 12
17 262
910 193
910 476
148 416
148 774
218 305
482 832
684 334
280 10
996 82
114 499
651 618
85 525
85 177
527 347
719 985
73 406
953 474
953 583
391 132
803 314
237 94
237 728
517 205
517 852
207 90
494 151
446 902
51 659
493 545
625 854
403 740
748 631
748 36
970 544
905 574
414 59
414 586
976 219
196 115
196 506
279 456
279 908
969 468
969 785
969 201
863 613
699 143
316 826
417 198
773 357
712 899
683 955
691 346
549 986
549 154
335 581
335 875
104 944
603 627
130 766
130 904
36 631
766 904
875 581
140 635
140 426
140 943
604 795
221 2
426 943
426 635
566 959
20 789
20 756
267 743
468 785
468 201
887 946
702 238
789 756
