192 425
192 931
192 891
192 846
192 64
192 122
993 861
993 787
993 28
993 849
993 862
993 520
502 683
502 491
502 421
502 974
502 979
502 951
624 20
624 705
624 839
624 749
624 15
624 643
796 651
796 323
796 787
796 726
796 524
796 644
842 245
842 138
842 296
842 504
842 246
842 959
300 829
300 287
300 877
300 918
300 86
300 677
526 798
526 352
526 995
526 828
526 307
526 280
158 339
158 284
158 390
158 944
158 598
158 322
442 707
442 708
442 747
442 895
442 674
442 990
860 35
860 602
860 972
860 269
860 267
860 868
863 792
863 103
863 801
863 885
863 510
863 886
29 362
29 838
29 650
29 181
29 426
29 102
706 394
706 323
706 588
706 173
706 438
706 730
250 17
250 529
250 514
250 42
250 552
250 229
525 785
525 280
525 854
525 1
525 654
525 985
262 59
262 56
262 989
262 902
262 304
262 492
270 987
270 340
270 907
270 924
270 493
270 603
386 697
386 17
386 717
386 876
386 357
386 957
943 500
943 561
943 339
943 718
943 556
943 403
601 111
601 872
601 543
601 573
601 768
601 813
639 292
639 668
639 406
639 856
639 443
639 358
209 349
209 317
209 261
209 637
209 527
209 3
938 140
938 309
938 544
938 228
938 884
938 189
610 159
610 478
610 459
610 235
610 468
610 545
953 201
953 495
953 70
953 619
953 609
953 781
355 22
355 223
355 994
355 227
355 542
355 145
992 305
992 479
992 401
992 156
992 195
992 142
872 61
872 111
872 573
872 813
872 768
873 954
873 116
873 98
873 330
873 662
873 632
68 33
68 142
68 46
68 326
68 22
68 816
633 727
633 213
633 428
633 600
633 18
633 125
333 636
333 519
333 163
333 620
333 373
333 745
415 537
415 404
415 469
415 125
415 546
415 499
279 310
279 167
279 542
279 942
279 822
279 149
444 590
444 265
444 151
444 313
444 689
444 621
669 470
669 531
669 69
669 811
669 819
669 775
144 955
144 74
144 920
144 115
144 264
144 543
399 907
399 178
399 666
399 413
399 81
399 765
375 859
375 778
375 648
375 649
375 147
375 905
826 503
826 819
826 477
826 382
826 735
826 531
391 862
391 833
391 205
391 739
391 7
391 517
481 75
481 298
481 668
481 482
481 630
481 528
807 305
807 827
807 238
807 703
807 756
807 797
259 627
259 524
259 344
259 936
259 612
259 879
880 574
880 417
880 238
880 593
880 640
880 655
90 469
90 137
90 495
90 338
90 71
90 660
922 573
922 199
922 213
922 991
922 531
922 819
178 765
178 553
178 266
178 874
178 369
806 343
806 933
806 780
806 150
806 836
806 912
89 373
89 429
89 920
89 930
89 988
89 197
728 864
728 499
728 427
728 837
728 249
728 945
687 893
687 584
687 875
687 892
687 83
687 566
912 721
912 980
912 372
912 348
912 414
310 35
310 269
310 972
310 602
310 774
696 957
696 663
696 282
696 653
696 477
696 460
295 519
295 387
295 692
295 397
295 3
295 145
833 885
833 586
833 23
833 884
833 576
457 662
457 870
457 688
457 541
457 275
457 777
715 590
715 564
715 146
715 341
715 293
715 527
744 867
744 968
744 239
744 479
744 201
744 468
808 197
808 712
808 940
808 858
808 410
808 384
41 573
41 769
41 255
41 724
41 225
41 220
657 369
657 79
657 370
657 801
657 160
657 136
405 963
405 640
405 476
405 395
405 825
405 658
970 433
970 126
970 847
970 398
970 791
970 486
233 742
233 766
233 971
233 952
233 123
233 431
598 857
598 436
598 401
598 540
598 304
446 289
446 683
446 754
446 291
446 934
446 276
742 519
742 689
742 303
742 541
742 258
44 368
44 193
44 88
44 1
44 926
44 36
433 398
433 486
433 791
433 847
433 99
303 541
303 618
303 960
303 91
303 979
315 999
315 600
315 583
315 330
315 678
315 954
896 878
896 171
896 695
896 865
896 779
896 104
422 516
422 494
422 650
422 797
422 874
422 224
879 45
879 371
879 24
879 701
879 901
79 984
79 824
79 501
79 662
79 176
805 959
805 172
805 767
805 365
805 348
805 463
174 215
174 830
174 736
174 11
174 458
174 697
548 926
548 1
548 748
548 277
548 581
548 36
607 155
607 544
607 163
607 94
607 461
607 756
695 171
695 167
695 9
695 104
695 878
107 560
107 448
107 549
107 78
107 982
107 210
229 42
229 94
229 17
229 529
229 438
516 443
516 503
516 856
516 334
516 507
243 244
243 571
243 663
243 116
243 10
243 83
498 445
498 646
498 53
498 931
498 284
498 927
534 337
534 64
534 95
534 655
534 499
534 854
976 148
976 366
976 24
976 483
976 875
976 722
432 124
432 167
432 429
432 362
432 541
432 932
699 987
699 238
699 155
699 324
699 77
699 855
62 496
62 673
62 660
62 223
62 581
62 27
608 709
608 83
608 814
608 945
608 625
608 157
622 151
622 611
622 160
622 159
622 686
622 459
55 487
55 275
55 227
55 902
55 397
55 537
199 998
199 605
199 49
199 531
199 820
244 955
244 724
244 441
244 485
244 971
240 332
240 966
240 515
240 866
240 260
240 907
614 388
614 206
614 579
614 969
614 264
614 467
48 849
48 832
48 329
48 201
48 70
48 578
795 929
795 273
795 258
795 82
795 474
795 898
54 46
54 216
54 302
54 447
54 774
54 674
869 94
869 986
869 56
869 667
869 861
869 780
571 810
571 400
571 517
571 14
571 116
750 128
750 914
750 646
750 679
750 101
750 769
752 779
752 547
752 393
752 589
752 302
752 937
911 659
911 940
911 163
911 28
911 604
911 738
263 711
263 517
263 730
263 676
263 8
263 900
454 954
454 272
454 648
454 979
454 653
454 771
470 789
470 69
470 567
470 393
470 147
667 492
667 30
667 366
667 949
667 276
206 579
206 435
206 86
206 264
206 969
737 978
737 117
737 167
737 52
737 570
737 762
39 143
39 468
39 400
39 815
39 855
39 962
480 179
480 694
480 175
480 603
480 340
480 372
132 159
132 881
132 870
132 772
132 874
132 383
379 870
379 641
379 859
379 958
379 297
379 508
31 83
31 556
31 127
31 403
31 561
31 718
476 658
476 963
476 825
476 370
476 395
95 324
95 357
95 867
95 655
95 272
906 151
906 787
906 854
906 751
906 57
906 352
101 809
101 821
101 917
101 28
101 147
800 871
800 524
800 830
800 707
800 325
800 679
170 565
170 72
170 740
170 254
170 154
170 834
671 972
671 589
671 458
671 940
671 100
671 193
409 47
409 248
409 347
409 80
409 327
409 392
91 763
91 960
91 552
91 437
91 929
118 416
118 563
118 456
118 788
118 367
118 359
580 294
580 383
580 859
580 103
580 545
580 587
691 385
691 539
691 346
691 40
691 776
691 188
465 109
465 389
465 653
465 685
465 293
465 143
853 489
853 797
853 301
853 87
853 763
853 423
410 919
410 217
410 93
410 743
410 212
917 122
917 195
917 76
917 904
917 177
311 297
311 136
311 928
311 26
311 290
311 797
364 102
364 925
364 145
364 363
364 855
364 741
621 945
621 741
621 609
621 143
621 651
483 447
483 366
483 994
483 844
483 148
758 963
758 849
758 96
758 558
758 88
758 690
146 475
146 345
146 727
146 688
146 293
844 134
844 857
844 594
844 910
844 756
336 216
336 491
336 254
336 726
336 890
336 591
559 577
559 581
559 845
559 412
559 436
559 396
656 231
656 357
656 341
656 749
656 59
656 226
686 755
686 183
686 306
686 634
686 647
434 312
434 283
434 629
434 138
434 237
434 908
493 893
493 818
493 208
493 589
493 626
551 592
551 816
551 26
551 786
551 94
551 895
347 208
347 904
347 664
347 570
347 235
574 413
574 631
574 690
574 451
574 417
284 345
284 390
284 183
284 850
331 230
331 916
331 973
331 626
331 34
331 701
974 238
974 164
974 301
974 241
974 967
426 967
426 362
426 775
426 43
426 453
754 683
754 681
754 289
754 291
754 934
466 886
466 380
466 335
466 9
466 99
466 345
790 615
790 913
790 514
790 217
790 597
790 709
567 57
567 714
567 555
567 523
567 281
588 530
588 717
588 904
588 613
588 928
636 388
636 350
636 286
636 745
636 163
134 438
134 889
134 954
134 334
134 130
991 586
991 421
991 102
991 915
991 831
746 517
746 459
746 4
746 739
746 133
746 985
572 635
572 508
572 484
572 12
572 182
572 923
957 883
957 397
957 282
957 293
58 165
58 153
58 523
58 668
58 537
58 858
327 88
327 784
327 956
327 899
327 46
126 924
126 851
126 249
126 450
126 653
870 383
870 883
870 275
296 245
296 504
296 959
296 761
296 145
909 294
909 320
909 997
909 392
909 871
909 979
964 141
964 222
964 435
964 223
964 377
964 557
129 765
129 57
129 753
129 729
129 928
129 837
652 445
652 431
652 793
652 562
652 184
652 155
883 108
883 562
883 397
883 282
934 249
934 289
934 683
934 291
16 177
16 701
16 136
16 437
16 215
16 11
37 9
37 11
37 461
37 829
37 398
37 733
212 878
212 196
212 661
212 119
212 958
915 278
915 5
915 421
915 961
915 599
207 440
207 975
207 751
207 773
207 841
207 22
130 252
130 816
130 569
130 289
130 357
962 803
962 203
962 18
962 932
962 619
13 888
13 822
13 536
13 823
13 802
13 971
297 859
297 360
297 611
297 710
339 392
339 775
339 886
339 6
196 851
196 977
196 252
196 891
196 733
678 952
678 60
678 45
678 123
678 835
72 949
72 565
72 834
72 154
72 740
117 631
117 784
117 978
117 350
117 225
472 19
472 393
472 112
472 337
472 983
472 213
582 731
582 370
582 249
582 85
582 703
582 787
216 30
216 447
216 675
216 253
356 717
356 981
356 316
356 852
356 887
356 419
550 515
550 322
550 0
550 221
550 935
550 606
227 168
227 76
227 903
227 984
485 453
485 97
485 103
485 782
485 15
521 361
521 593
521 662
521 670
521 47
521 65
703 606
703 322
703 594
703 756
734 932
734 973
734 672
734 230
734 592
734 846
847 398
847 791
847 287
847 486
73 768
73 371
73 928
73 782
73 882
73 179
198 452
198 302
198 944
198 520
198 242
198 154
948 766
948 431
948 319
948 160
948 220
948 611
956 6
956 88
956 506
956 784
956 884
20 839
20 705
20 749
20 843
20 643
30 961
30 40
30 668
30 971
162 293
162 411
162 177
162 213
162 927
162 220
950 648
950 0
950 232
950 490
950 487
950 166
512 232
512 418
512 402
512 764
512 538
512 277
654 402
654 735
654 899
654 846
654 854
228 189
228 615
228 309
228 140
228 599
895 990
895 149
895 674
895 747
308 324
308 21
308 135
308 916
308 649
308 640
595 713
595 576
595 888
595 584
595 868
595 876
723 887
723 166
723 939
723 0
723 176
723 490
93 555
93 390
93 341
93 78
93 722
441 823
441 802
441 69
441 971
441 381
568 475
568 344
568 789
568 727
568 479
568 613
26 908
26 546
26 786
26 371
122 931
122 64
122 425
122 891
320 589
320 650
320 211
320 997
320 893
340 694
340 372
340 179
340 603
921 692
921 920
921 939
921 787
921 682
921 274
416 456
416 563
416 359
416 195
416 788
802 226
802 823
802 69
802 540
121 772
121 586
121 882
121 537
121 246
121 283
625 725
625 223
625 705
625 837
625 102
92 902
92 267
92 710
92 994
92 698
92 604
827 558
827 616
827 710
827 642
827 253
547 302
547 709
547 779
547 848
547 903
733 194
733 7
733 461
733 420
533 50
533 353
533 436
533 519
533 219
533 765
569 538
569 63
569 247
569 397
569 289
67 599
67 274
67 503
67 620
67 717
67 942
919 309
919 680
919 387
919 799
919 407
231 830
231 341
231 302
231 186
231 439
267 541
267 257
267 980
267 110
53 510
53 815
53 78
53 226
53 374
755 650
755 634
755 183
755 647
755 306
34 701
34 135
34 575
34 128
34 123
513 759
513 605
513 169
513 325
513 60
513 670
467 579
467 557
467 330
467 969
467 65
889 631
889 554
889 414
889 871
889 663
373 985
373 764
373 920
373 930
845 396
845 471
845 412
845 218
845 507
697 449
697 736
697 365
697 579
401 511
401 23
401 596
401 246
535 56
535 246
535 704
535 720
535 820
535 6
794 832
794 838
794 945
794 587
794 173
794 503
731 722
731 370
731 523
731 17
731 665
935 532
935 376
935 367
935 368
935 542
637 527
637 3
637 317
637 349
637 930
897 344
897 224
897 172
897 612
897 627
897 936
967 649
967 180
967 810
967 100
995 828
995 33
995 352
995 307
995 424
84 772
84 760
84 590
84 420
84 176
84 592
190 367
190 418
190 169
190 616
190 718
190 680
585 661
585 698
585 109
585 82
585 994
585 518
214 187
214 186
214 365
214 290
214 536
214 236
299 38
299 242
299 977
299 785
299 638
299 361
273 929
273 474
273 82
273 898
273 225
385 913
385 351
385 188
385 837
385 294
679 769
679 646
679 128
679 914
792 664
792 74
792 407
792 978
792 886
455 313
455 272
455 353
455 241
455 577
455 475
106 305
106 648
106 323
106 892
106 447
106 850
882 24
882 305
882 387
882 886
509 461
509 545
509 147
509 681
509 770
509 59
700 566
700 24
700 799
700 714
700 781
700 528
952 645
952 875
952 668
952 381
152 743
152 161
152 511
152 762
152 63
152 449
360 139
360 452
360 990
360 692
360 329
288 684
288 594
288 623
288 979
288 530
288 497
384 712
384 821
384 203
384 477
384 640
603 694
603 354
603 372
156 690
156 377
156 142
156 859
156 874
443 358
443 292
443 856
443 406
363 51
363 223
363 392
363 241
363 890
400 814
400 850
400 821
400 615
61 368
61 506
61 358
61 408
61 496
760 772
760 592
760 14
760 191
760 999
940 712
940 858
940 105
43 6
43 191
43 831
43 142
43 973
538 345
538 334
538 910
538 783
98 708
98 662
98 211
98 10
98 839
245 19
245 504
245 22
245 693
248 390
248 508
248 552
248 998
248 960
0 232
0 939
0 402
613 522
613 445
613 727
613 200
369 258
369 411
369 864
369 131
828 798
828 352
828 424
828 307
821 738
821 266
821 83
985 843
985 484
985 738
193 36
193 926
193 100
193 1
482 75
482 204
482 630
482 184
482 298
732 623
732 74
732 793
732 578
732 188
732 684
876 576
876 488
876 713
876 888
18 854
18 213
18 650
18 378
651 445
651 397
651 528
651 197
659 981
659 618
659 318
659 500
659 645
488 777
488 888
488 204
488 713
488 576
781 799
781 954
781 714
781 24
40 539
40 776
40 346
40 389
276 135
276 492
276 590
276 430
328 285
328 600
328 716
328 271
328 996
328 999
563 359
563 456
563 788
563 403
326 219
326 620
326 552
326 33
326 773
719 753
719 894
719 748
719 411
719 855
719 109
474 898
474 149
474 418
474 82
617 450
617 532
617 342
617 756
617 851
617 593
185 931
185 172
185 799
185 810
185 96
185 749
514 191
514 555
514 302
514 978
318 838
318 241
318 714
318 473
318 500
635 234
635 12
635 634
635 923
635 632
435 721
435 256
435 312
435 949
268 10
268 224
268 494
268 236
268 420
268 840
777 793
777 903
777 275
777 266
408 182
408 362
408 592
408 223
408 6
937 200
937 272
937 771
937 881
937 501
449 743
449 816
449 522
449 63
560 616
560 448
560 982
560 549
560 210
783 49
783 45
783 371
783 905
783 110
814 85
814 112
814 709
814 505
451 862
451 903
451 778
451 181
451 675
490 280
490 166
490 350
490 487
382 25
382 815
382 735
382 553
382 421
390 42
390 998
157 709
157 765
157 739
157 553
157 710
946 186
946 793
946 453
946 818
946 378
946 447
184 155
184 813
184 298
184 630
253 114
253 182
253 642
253 584
505 725
505 251
505 314
505 19
505 998
97 545
97 220
97 50
97 961
97 536
666 665
666 646
666 910
666 682
666 901
332 866
332 260
332 100
332 966
332 955
798 70
798 478
798 120
798 721
618 412
618 321
618 641
618 265
864 324
864 45
864 477
864 417
924 438
924 124
924 417
924 913
959 172
959 469
959 693
56 59
56 246
56 329
76 168
76 503
76 131
76 944
323 778
323 804
323 850
80 570
80 901
80 392
80 555
80 789
463 99
463 348
463 429
463 407
463 767
500 981
500 645
500 714
404 125
404 428
404 546
404 606
404 511
358 406
358 292
358 856
972 269
972 602
972 35
148 366
148 180
148 77
148 989
982 78
982 448
982 549
982 210
817 226
817 330
817 546
817 161
817 7
817 195
848 86
848 111
848 682
848 779
848 280
729 255
729 899
729 65
729 71
729 775
843 705
843 839
843 643
843 714
986 113
986 38
986 242
986 638
986 139
88 661
88 784
824 378
824 803
824 316
824 727
824 427
368 108
368 287
368 774
878 104
878 171
878 9
797 770
797 437
875 286
875 722
875 663
987 74
987 294
987 725
987 741
8 711
8 517
8 676
8 730
8 900
980 113
980 812
980 774
980 257
823 540
823 536
823 69
309 599
309 189
309 140
419 905
419 717
419 189
419 94
419 532
606 673
606 941
606 965
642 616
642 14
642 313
642 374
27 581
27 450
27 496
27 660
27 673
440 773
440 975
440 841
440 254
440 751
486 628
486 954
486 398
725 473
725 753
725 941
226 59
226 330
506 884
506 784
506 910
506 334
47 540
47 307
47 558
47 575
763 489
763 301
763 257
763 87
222 141
222 357
222 205
222 557
222 377
615 913
615 348
615 597
383 894
383 491
383 859
283 430
283 312
283 629
283 237
402 232
402 503
402 854
932 124
932 429
932 139
629 312
629 778
629 430
629 237
680 22
680 868
680 492
680 169
141 377
141 557
141 197
141 354
251 704
251 605
251 998
251 507
251 374
471 371
471 832
471 544
471 218
471 378
947 113
947 852
947 835
947 202
947 23
947 395
412 396
412 822
412 747
632 484
632 12
632 234
632 923
665 508
665 958
665 523
665 387
812 321
812 113
812 720
812 257
812 137
305 186
305 447
804 431
804 96
804 597
804 701
804 191
462 765
462 672
462 748
462 211
462 342
462 820
898 670
898 929
898 82
677 217
677 810
677 829
677 287
677 877
351 15
351 740
351 597
351 278
351 496
21 135
21 640
21 782
21 893
21 278
109 11
109 266
109 143
786 247
786 975
786 849
786 688
958 354
958 818
958 717
593 711
593 342
593 66
829 630
829 877
829 287
430 902
430 237
430 492
951 555
951 94
951 218
951 252
951 816
704 852
704 689
704 219
704 767
925 554
925 99
925 357
925 479
925 741
428 119
428 759
428 546
428 125
841 975
841 74
841 751
841 773
115 264
115 543
115 136
115 955
115 949
381 265
381 321
381 153
381 522
319 736
319 965
319 743
319 204
319 160
705 643
705 839
494 224
494 874
494 628
494 23
557 377
557 811
648 194
648 583
287 877
411 837
411 420
411 753
306 183
306 647
306 650
306 634
518 577
518 511
518 770
518 849
518 464
771 317
771 150
771 780
771 933
1 926
1 36
773 22
773 594
108 277
108 685
108 282
108 984
418 365
418 616
418 764
424 761
424 955
424 42
424 307
271 285
271 662
271 105
271 187
271 716
77 612
77 989
77 745
77 238
539 776
539 346
539 188
539 676
439 186
439 133
439 475
439 830
439 123
111 813
111 768
111 350
123 782
123 631
495 137
495 71
495 619
495 338
904 881
904 365
904 59
133 81
133 354
133 468
133 536
965 739
965 24
965 204
965 103
292 406
292 941
292 856
510 997
510 631
510 266
510 884
543 14
543 955
543 724
12 923
12 484
12 234
675 748
675 349
675 685
675 918
247 330
247 110
247 590
247 927
578 530
578 623
578 684
578 497
159 770
159 738
159 810
694 372
694 661
694 175
204 257
204 846
616 681
169 460
169 707
169 281
887 566
887 852
887 631
887 604
757 815
757 942
757 110
757 788
757 57
757 437
908 818
908 626
908 224
908 142
298 479
298 630
298 75
605 689
605 374
605 867
780 343
780 933
780 150
762 570
762 554
762 52
762 335
241 246
241 445
354 252
354 941
52 414
52 119
52 570
52 427
338 583
338 71
338 137
338 988
894 885
894 753
894 57
894 801
182 693
182 587
182 584
942 710
942 208
942 707
977 329
977 275
977 138
977 753
203 32
203 766
203 803
203 587
507 218
507 868
507 396
590 114
916 724
916 60
916 928
916 324
552 64
552 528
325 638
325 524
325 820
325 120
353 361
353 219
353 619
353 321
376 532
376 641
376 542
376 721
376 367
664 722
664 235
664 335
664 867
256 14
256 473
256 661
256 688
256 314
166 280
166 487
166 583
809 464
809 811
809 527
809 165
809 180
811 475
811 851
811 464
407 194
407 767
407 429
759 591
759 100
759 60
759 286
124 75
124 257
124 46
628 103
628 205
628 427
628 468
36 738
36 926
143 741
143 815
591 726
591 491
591 890
591 575
530 684
530 623
530 497
489 423
489 87
489 163
489 301
726 371
726 890
726 491
85 819
85 542
85 322
85 5
565 154
565 834
565 254
565 945
944 865
944 137
944 131
672 981
672 2
672 230
672 748
698 994
698 661
698 388
698 604
546 125
275 793
653 835
653 232
425 281
425 891
425 931
425 64
561 718
561 556
561 403
561 850
261 803
261 3
261 181
261 32
261 903
983 112
983 51
983 359
983 213
983 840
395 825
395 658
395 963
394 822
394 335
394 389
394 690
394 939
609 865
609 458
609 225
609 685
885 774
885 329
885 994
194 96
194 33
194 583
255 832
255 220
255 708
255 365
265 641
265 321
265 324
724 838
724 220
701 374
5 918
5 720
5 764
5 743
913 294
913 597
436 540
436 558
436 396
161 63
161 581
161 341
161 290
343 544
343 150
343 933
343 836
200 727
200 562
200 522
200 337
600 83
600 655
600 702
596 685
596 160
596 761
596 45
596 599
459 522
459 81
459 335
711 676
711 900
711 135
587 202
587 173
685 389
389 380
389 125
881 131
881 787
881 501
785 242
785 693
785 38
785 638
907 866
907 515
907 119
999 57
999 282
999 224
105 996
105 285
105 187
105 716
713 775
713 888
713 576
423 452
423 427
423 301
423 87
344 612
344 936
344 627
188 346
188 776
747 149
747 260
747 674
50 499
50 168
50 720
50 131
139 681
139 730
139 38
427 949
562 477
562 692
562 929
930 920
930 988
930 421
791 846
791 918
791 398
51 120
51 392
51 235
51 693
201 70
201 832
201 316
28 862
28 520
28 861
236 278
236 420
236 10
236 840
175 372
175 520
175 960
175 822
968 239
968 96
968 110
968 138
968 127
221 761
221 721
221 554
221 2
221 380
396 127
153 523
153 464
153 458
153 865
990 149
990 707
990 674
285 187
285 716
285 996
473 838
473 314
473 147
851 891
851 756
413 81
413 417
413 210
413 414
69 453
789 180
789 116
789 66
120 239
120 70
120 721
278 165
278 778
532 367
532 114
892 4
892 766
892 286
892 334
920 670
155 852
155 708
2 846
2 277
2 380
2 291
448 78
448 549
448 210
529 314
529 627
529 42
529 17
114 772
114 989
114 501
918 877
918 7
858 712
858 197
858 165
927 644
927 136
927 164
150 933
150 836
730 676
730 900
996 374
996 716
996 187
4 186
4 469
4 708
4 749
242 38
242 638
960 232
960 453
549 210
549 78
702 738
702 102
702 337
702 461
702 838
205 803
205 910
205 644
520 861
520 49
452 978
452 191
452 281
769 914
769 128
769 329
14 362
611 378
611 160
611 437
564 749
564 96
564 341
564 764
564 230
867 479
867 722
137 71
931 891
973 145
973 230
973 60
497 86
497 623
497 684
623 684
10 138
10 147
164 217
164 136
164 584
164 195
888 576
511 504
511 770
903 181
594 406
594 179
566 179
566 553
566 528
266 32
38 638
793 370
274 620
274 682
274 541
274 905
475 478
237 830
237 312
202 644
202 388
202 735
202 25
901 692
901 215
901 690
314 172
314 313
537 218
537 487
252 816
252 801
556 969
556 403
556 718
840 835
840 420
840 801
32 803
32 801
32 643
113 835
113 23
71 619
682 86
682 112
478 626
478 464
478 64
230 720
855 748
855 239
712 602
712 197
761 208
761 554
19 15
19 393
19 211
900 676
900 235
112 366
112 304
239 127
239 997
272 312
272 238
9 104
9 171
334 438
167 429
167 508
348 377
348 767
119 25
119 337
208 766
208 102
179 380
768 573
768 813
778 181
172 469
477 380
3 317
3 349
554 499
663 555
663 905
42 17
515 866
515 966
515 260
981 850
981 645
630 75
116 180
116 99
437 177
835 45
345 998
345 688
82 929
984 277
984 176
984 282
716 187
774 528
378 949
558 65
558 961
523 281
352 33
352 307
914 646
914 128
914 362
35 602
35 868
35 269
75 492
49 110
49 626
49 831
504 450
504 350
431 766
431 15
966 866
966 260
966 645
902 649
902 304
830 11
7 388
7 739
772 171
890 138
890 491
655 468
655 417
151 575
151 127
151 767
100 589
460 393
460 235
460 531
460 779
291 277
291 683
660 496
660 581
660 673
131 168
784 884
304 857
304 649
142 668
70 832
852 316
215 11
215 181
215 619
342 820
342 165
342 745
450 978
450 604
862 739
862 861
177 104
177 217
751 975
751 74
234 923
234 484
234 163
484 923
583 487
127 690
836 933
836 218
836 886
522 63
544 189
544 140
217 584
735 25
735 819
740 644
740 597
740 834
905 782
406 856
788 359
788 456
337 25
458 736
458 865
191 764
290 322
290 971
290 709
23 874
219 545
219 620
599 961
99 33
66 140
66 173
66 577
66 658
849 641
710 553
249 837
249 640
501 176
501 989
301 87
393 779
825 963
825 857
825 658
335 173
589 997
997 871
388 370
359 456
945 692
620 367
673 899
673 496
681 545
681 461
674 149
63 743
899 65
899 293
649 361
857 770
857 103
189 140
180 286
871 939
871 707
25 736
87 645
499 168
839 643
321 641
988 586
988 831
988 211
689 313
689 519
822 81
612 936
612 627
173 577
736 361
670 350
670 258
366 464
647 634
647 183
647 575
524 553
524 135
975 961
531 819
604 941
316 693
316 453
361 65
168 720
322 540
775 60
941 926
861 145
519 745
15 782
602 269
211 831
469 708
989 176
969 264
969 579
81 46
741 644
456 745
810 294
195 517
575 592
527 349
527 317
868 269
225 776
225 508
893 281
893 818
6 258
939 936
658 963
634 183
718 403
128 646
928 414
165 286
387 877
387 799
86 280
831 586
626 818
46 346
289 683
536 445
254 834
254 154
171 104
936 627
421 586
349 317
834 154
815 688
346 776
438 799
542 820
573 813
264 579
866 260
570 910
313 577
865 979
258 414
