185 549
185 215
185 915
185 801
185 511
185 980
423 168
423 45
423 983
423 439
423 147
423 257
234 562
234 316
234 997
234 844
234 408
234 667
990 274
990 438
990 100
990 486
990 784
990 149
83 355
83 210
83 256
83 296
83 745
83 203
412 74
412 96
412 370
412 900
412 555
412 527
326 164
326 416
326 718
326 146
326 95
326 547
664 338
664 783
664 456
664 773
664 76
664 778
447 621
447 217
447 805
447 999
447 61
447 631
545 614
545 55
545 868
545 508
545 16
545 60
368 947
368 46
368 511
368 591
368 183
368 533
401 419
401 812
401 145
401 9
401 220
401 917
526 998
526 904
526 877
526 649
526 80
526 399
609 688
609 560
609 157
609 388
609 573
609 910
537 770
537 876
537 946
537 439
537 424
537 273
618 980
618 986
618 392
618 907
618 683
618 443
309 894
309 809
309 807
309 361
309 749
309 183
760 186
760 996
760 402
760 346
760 624
760 268
155 889
155 49
155 600
155 776
155 528
155 630
702 247
702 651
702 837
702 819
702 57
702 860
294 212
294 202
294 162
294 772
294 467
294 946
860 130
860 354
860 464
860 707
860 964
429 536
429 356
429 622
429 246
429 540
429 648
676 821
676 357
676 705
676 832
676 398
676 983
461 122
461 213
461 2
461 803
461 852
461 204
708 620
708 33
708 26
708 978
708 903
708 973
689 20
689 939
689 36
689 290
689 236
689 127
752 52
752 497
752 695
752 935
752 286
752 796
249 903
249 404
249 531
249 443
249 77
249 929
300 607
300 817
300 252
300 762
300 66
300 465
254 513
254 756
254 253
254 208
254 595
254 400
415 741
415 4
415 255
415 849
415 48
415 40
230 873
230 746
230 917
230 431
230 501
230 475
961 987
961 285
961 776
961 267
961 954
961 542
732 484
732 833
732 381
732 597
732 306
732 921
942 11
942 318
942 733
942 932
942 52
942 228
268 6
268 782
268 886
268 186
268 183
987 882
987 102
987 285
987 267
987 147
201 477
201 49
201 647
201 416
201 718
201 589
934 425
934 286
934 226
934 881
934 615
934 379
390 194
390 44
390 731
390 657
390 947
390 952
684 196
684 643
684 298
684 178
684 225
684 320
54 371
54 184
54 541
54 902
54 939
54 770
735 608
735 571
735 257
735 798
735 646
735 907
150 523
150 360
150 194
150 820
150 724
150 663
214 786
214 148
214 15
214 822
214 73
214 476
119 77
119 127
119 315
119 591
119 902
119 424
864 914
864 569
864 550
864 673
864 936
864 115
295 454
295 350
295 721
295 984
295 636
295 627
303 922
303 181
303 210
303 812
303 714
303 613
176 457
176 617
176 321
176 848
176 164
176 403
352 143
352 186
352 624
352 385
352 958
352 118
661 248
661 438
661 805
661 275
661 788
661 717
918 203
918 662
918 500
918 233
918 623
918 581
734 126
734 896
734 493
734 65
734 487
734 741
759 225
759 417
759 407
759 383
759 34
759 948
579 199
579 550
579 810
579 396
579 272
579 85
885 125
885 329
885 231
885 892
885 369
885 220
209 437
209 418
209 646
209 137
209 330
209 737
794 786
794 374
794 342
794 711
794 490
794 685
289 620
289 452
289 789
289 531
289 626
289 349
637 428
637 575
637 476
637 186
637 90
637 994
818 575
818 908
818 807
818 399
818 283
818 878
937 517
937 688
937 43
937 925
937 138
937 400
938 827
938 485
938 383
938 114
938 500
938 233
13 768
13 717
13 348
13 719
13 761
13 225
739 576
739 669
739 125
739 317
739 901
739 212
380 74
380 89
380 556
380 440
380 597
380 800
941 499
941 783
941 562
941 854
941 867
941 235
84 518
84 687
84 20
84 80
84 580
84 17
799 186
799 110
799 217
799 45
799 118
799 183
171 621
171 405
171 156
171 475
171 231
171 169
538 574
538 911
538 984
538 389
538 247
538 9
163 384
163 344
163 697
163 431
163 655
163 690
763 667
763 30
763 282
763 354
763 801
763 112
395 691
395 558
395 115
395 451
395 787
395 880
920 615
920 69
920 367
920 701
920 709
920 59
425 182
425 128
425 195
425 33
425 246
235 284
235 196
235 499
235 562
235 446
293 552
293 347
293 651
293 271
293 94
293 170
292 220
292 801
292 424
292 225
292 784
292 809
913 288
913 709
913 519
913 115
913 312
913 512
826 969
826 931
826 863
826 391
826 587
826 991
963 333
963 680
963 482
963 280
963 144
963 56
21 834
21 255
21 56
21 748
21 379
21 807
944 371
944 566
944 400
944 854
944 943
944 706
86 52
86 761
86 817
86 474
86 896
86 130
170 194
170 101
170 989
170 296
170 108
88 536
88 87
88 564
88 875
88 450
88 393
625 23
625 427
625 950
625 454
625 329
625 984
442 348
442 613
442 118
442 713
442 634
442 338
15 867
15 638
15 369
15 132
15 489
375 870
375 750
375 47
375 766
375 901
375 595
120 791
120 361
120 742
120 397
120 358
120 485
428 493
428 347
428 345
428 594
428 681
219 148
219 912
219 503
219 79
219 714
219 556
699 929
699 359
699 498
699 839
699 862
699 238
540 272
540 470
540 440
540 962
540 314
605 19
605 727
605 152
605 85
605 669
605 144
829 357
829 456
829 953
829 42
829 621
829 266
879 535
879 629
879 578
879 286
879 836
879 314
974 806
974 877
974 549
974 308
974 951
974 967
694 92
694 115
694 342
694 250
694 394
694 206
35 143
35 593
35 957
35 97
35 576
35 187
469 886
469 986
469 746
469 281
469 756
469 970
200 883
200 805
200 236
200 237
200 725
200 677
951 743
951 139
951 408
951 989
951 502
151 223
151 558
151 179
151 619
151 662
151 99
909 474
909 311
909 870
909 435
909 156
909 533
596 554
596 862
596 830
596 975
596 40
596 557
622 846
622 407
622 208
622 356
622 426
48 486
48 861
48 660
48 417
48 915
179 223
179 631
179 582
179 852
179 251
140 819
140 929
140 539
140 320
140 29
140 65
262 602
262 79
262 870
262 78
262 166
262 527
981 435
981 888
981 71
981 811
981 189
981 801
712 823
712 686
712 577
712 132
712 640
712 703
833 407
833 382
833 792
833 729
833 228
364 308
364 85
364 379
364 510
364 737
364 964
644 571
644 816
644 930
644 600
644 446
644 813
325 382
325 555
325 499
325 631
325 69
325 600
573 98
573 301
573 616
573 642
573 310
136 800
136 182
136 899
136 797
136 464
136 683
557 716
557 398
557 192
557 830
557 443
94 652
94 167
94 82
94 889
94 559
411 548
411 105
411 92
411 482
411 406
411 680
509 856
509 703
509 437
509 263
509 688
509 436
510 751
510 807
510 594
510 614
510 68
32 675
32 617
32 590
32 866
32 330
32 815
585 135
585 645
585 884
585 577
585 18
585 24
124 728
124 145
124 1
124 610
124 713
124 673
668 298
668 480
668 407
668 336
668 566
668 999
208 253
208 400
208 213
208 197
927 627
927 599
927 973
927 682
927 224
927 971
940 317
940 338
940 222
940 39
940 221
940 12
962 76
962 272
962 639
962 518
962 146
371 369
371 623
371 828
371 542
302 47
302 57
302 111
302 189
302 414
302 926
854 740
854 400
854 334
854 385
81 902
81 236
81 755
81 241
81 481
81 521
706 169
706 196
706 710
706 282
706 231
775 571
775 107
775 121
775 525
775 231
775 602
106 496
106 23
106 376
106 632
106 836
106 740
650 747
650 91
650 905
650 838
650 287
650 672
843 663
843 925
843 791
843 957
843 954
843 703
153 108
153 898
153 16
153 427
153 561
153 372
582 787
582 385
582 129
582 137
582 900
589 464
589 393
589 288
589 508
589 512
191 835
191 211
191 657
191 904
191 152
191 726
430 283
430 306
430 322
430 971
430 613
430 232
976 785
976 516
976 389
976 142
976 306
976 868
525 851
525 602
525 121
525 107
525 576
719 135
719 348
719 628
719 768
719 470
156 164
156 210
156 900
156 157
507 633
507 204
507 882
507 166
507 936
507 783
693 258
693 597
693 851
693 46
693 47
693 1
10 242
10 769
10 53
10 906
10 777
10 756
273 222
273 105
273 997
273 113
273 679
180 893
180 969
180 710
180 475
180 639
180 192
950 426
950 222
950 104
950 28
950 355
866 849
866 723
866 908
866 38
866 914
67 187
67 92
67 797
67 906
67 933
67 25
722 871
722 612
722 594
722 581
722 378
722 444
559 432
559 72
559 889
559 659
559 457
897 880
897 995
897 472
897 764
897 558
897 402
123 362
123 8
123 520
123 484
123 251
123 181
0 143
0 617
0 14
0 572
0 194
0 848
116 56
116 23
116 907
116 674
116 345
116 590
258 851
258 597
258 848
258 47
258 406
640 167
640 312
640 198
640 76
640 649
705 842
705 240
705 133
705 51
705 497
279 565
279 948
279 626
279 994
279 265
279 362
434 475
434 977
434 255
434 832
434 162
434 173
202 114
202 946
202 212
202 453
202 329
888 78
888 131
888 707
888 804
888 324
923 678
923 594
923 290
923 954
923 968
923 824
105 855
105 482
105 222
105 658
547 823
547 718
547 416
547 95
547 875
332 281
332 441
332 659
332 207
332 576
332 534
592 328
592 468
592 158
592 696
592 274
592 63
665 6
665 803
665 947
665 531
665 227
665 954
852 528
852 805
852 41
852 583
970 534
970 242
970 409
970 422
970 986
766 871
766 901
766 223
766 652
766 381
930 527
930 126
930 600
930 504
930 639
403 121
403 535
403 750
403 164
403 313
307 874
307 276
307 789
307 610
307 873
307 69
532 769
532 646
532 245
532 758
532 355
532 134
481 905
481 241
481 947
481 741
481 755
568 101
568 782
568 872
568 935
568 205
568 2
394 182
394 494
394 572
394 859
394 357
645 964
645 440
645 336
645 115
645 18
636 139
636 627
636 721
636 837
636 454
58 387
58 991
58 921
58 75
58 459
58 410
62 353
62 5
62 745
62 612
62 515
62 744
682 971
682 266
682 698
682 564
682 641
823 143
823 643
823 297
823 396
349 849
349 728
349 178
349 745
349 118
534 172
534 207
534 308
534 278
340 366
340 363
340 906
340 528
340 572
340 812
565 297
565 427
565 459
565 626
565 420
419 548
419 809
419 604
419 505
419 700
858 324
858 641
858 467
858 281
858 835
858 386
432 824
432 995
432 720
432 633
432 311
797 677
797 729
797 471
797 675
672 660
672 50
672 861
672 34
672 978
895 809
895 571
895 243
895 237
895 968
895 544
269 383
269 903
269 494
269 169
269 213
269 457
770 358
770 11
770 18
770 939
563 932
563 696
563 158
563 898
563 63
563 328
988 405
988 529
988 555
988 321
988 1
988 748
193 654
193 378
193 771
193 492
193 919
193 581
286 629
286 47
286 535
26 978
26 478
26 543
26 859
26 810
109 221
109 910
109 882
109 152
109 160
109 856
374 931
374 290
374 333
374 894
374 473
42 828
42 811
42 243
42 341
42 801
993 830
993 742
993 765
993 215
993 989
993 859
198 679
198 444
198 868
198 519
198 53
337 956
337 542
337 218
337 917
337 772
337 730
848 457
848 617
848 905
604 505
604 820
604 804
604 452
604 620
502 38
502 376
502 169
502 541
502 522
748 491
748 633
748 965
748 529
796 495
796 92
796 4
796 792
796 821
966 685
966 65
966 868
966 405
966 788
966 160
753 217
753 728
753 384
753 134
753 73
753 643
476 188
476 701
476 994
476 90
696 63
696 912
696 328
696 158
173 550
173 977
173 118
173 570
173 670
658 781
658 514
658 92
658 78
658 264
466 479
466 853
466 321
466 366
466 841
466 59
911 74
911 377
911 445
911 53
911 805
660 731
660 861
660 50
660 915
242 884
242 479
242 6
242 135
653 560
653 31
653 524
653 495
653 921
653 972
539 76
539 29
539 290
539 819
539 383
367 894
367 857
367 998
367 354
367 709
61 999
61 876
61 601
61 776
61 978
224 853
224 995
224 704
224 916
224 678
27 659
27 210
27 471
27 11
27 195
27 343
460 253
460 979
460 714
460 285
460 157
460 53
25 857
25 421
25 687
25 338
25 651
387 765
387 265
387 632
387 459
387 410
655 948
655 638
655 869
655 260
655 177
703 436
703 437
703 263
445 5
445 122
445 55
445 779
445 319
744 522
744 247
744 376
744 402
744 783
75 192
75 701
75 561
75 859
75 359
282 726
282 624
282 181
282 646
260 868
260 491
260 160
260 406
260 407
570 528
570 523
570 553
570 529
570 79
595 192
595 486
595 999
595 513
910 514
910 422
910 588
910 856
102 737
102 285
102 745
102 267
102 882
261 802
261 790
261 251
261 530
261 441
261 867
149 553
149 953
149 784
149 757
149 907
433 28
433 959
433 192
433 251
433 310
433 583
855 482
855 256
855 832
855 137
855 333
313 142
313 422
313 203
313 130
313 679
710 982
710 808
710 521
710 318
587 998
587 840
587 287
587 391
587 863
205 446
205 782
205 376
205 872
205 2
619 638
619 392
619 122
619 552
619 569
438 227
438 256
438 459
438 994
187 360
187 272
187 892
187 945
305 174
305 820
305 11
305 724
305 649
305 841
264 681
264 444
264 626
264 78
264 781
817 55
817 893
817 111
817 736
842 255
842 250
842 900
842 397
842 569
362 8
362 240
362 520
362 584
831 421
831 365
831 113
831 802
831 290
831 819
516 195
516 959
516 905
516 611
516 723
889 312
889 635
889 904
59 462
59 366
59 564
59 701
203 322
203 256
203 361
161 583
161 726
161 968
161 749
161 458
161 256
697 145
697 654
697 328
697 690
697 125
785 316
785 535
785 427
785 827
785 659
790 52
790 324
790 350
790 441
790 377
850 7
850 33
850 543
850 975
850 503
850 612
298 865
298 196
298 523
298 692
931 363
931 473
931 65
931 898
323 883
323 642
323 70
323 737
323 551
323 740
350 674
350 721
350 211
350 229
178 181
178 631
178 148
178 135
606 506
606 355
606 952
606 624
606 992
606 758
472 608
472 836
472 456
472 721
472 239
824 373
824 711
824 553
824 825
225 111
225 980
657 304
657 786
657 455
657 731
869 318
869 611
869 343
869 586
869 245
241 755
241 142
241 238
241 624
662 524
662 800
662 99
662 103
11 841
11 994
465 66
465 252
465 762
465 607
465 422
345 146
345 453
345 535
345 641
490 786
490 373
490 807
490 738
490 969
206 700
206 283
206 733
206 629
206 834
112 594
112 874
112 89
112 881
112 928
288 312
288 386
288 115
288 709
365 811
365 574
365 96
365 742
365 849
468 506
468 257
468 244
468 212
468 448
304 544
304 12
304 736
304 386
304 199
458 522
458 126
458 695
458 839
458 133
406 160
406 190
406 237
522 822
522 353
522 742
811 887
811 243
811 96
782 627
782 263
782 922
7 33
7 483
7 870
7 599
7 543
351 204
351 667
351 134
351 220
351 634
351 593
396 443
396 810
396 40
396 643
986 386
986 24
986 945
690 104
690 17
690 985
690 731
455 786
455 244
455 315
455 779
455 489
330 137
330 675
330 134
330 37
847 321
847 299
847 318
847 780
847 837
847 747
451 431
451 408
451 22
451 558
451 880
513 36
513 747
513 674
513 776
24 577
24 385
24 500
24 686
31 278
31 890
31 489
31 846
31 933
388 450
388 363
388 420
388 810
388 50
342 515
342 631
342 711
342 259
486 871
486 71
486 686
707 955
707 439
707 598
707 541
98 776
98 977
98 497
98 39
98 422
245 586
245 646
245 611
245 343
229 483
229 546
229 599
229 709
229 404
436 384
436 263
436 437
436 167
717 777
717 581
717 925
717 816
274 554
274 358
274 420
274 711
816 421
816 887
816 925
816 453
17 939
17 723
17 580
17 227
28 642
28 928
28 692
28 231
613 68
613 971
613 670
956 772
956 917
956 666
956 344
956 608
635 958
635 804
635 727
635 405
635 157
391 615
391 933
391 162
391 287
992 758
992 64
992 355
992 952
992 506
512 626
512 271
512 312
512 851
873 769
873 935
873 932
873 957
238 359
238 677
238 725
238 932
670 103
670 591
670 359
670 550
108 704
108 372
108 143
108 808
642 301
642 740
642 70
248 414
248 253
248 1
248 788
248 685
612 743
612 975
612 762
996 704
996 322
996 487
996 142
996 774
8 584
8 621
8 520
8 418
967 877
967 385
967 549
967 806
967 228
103 4
103 727
103 505
103 207
250 327
250 321
250 444
250 725
580 452
580 991
580 809
580 746
958 933
958 296
958 542
958 314
995 874
995 188
995 954
36 89
36 14
36 148
36 838
311 73
311 308
311 720
311 914
550 673
550 802
125 463
125 515
125 370
356 648
356 480
356 541
356 322
141 478
141 687
141 960
141 611
141 628
141 685
184 44
184 639
184 652
184 773
184 196
632 496
632 700
632 723
632 629
681 529
681 586
681 716
681 804
504 979
504 784
504 101
504 527
504 948
761 648
761 474
761 338
761 765
929 82
929 37
929 887
154 678
154 898
154 892
154 771
154 578
154 310
648 485
648 919
648 700
287 501
287 720
287 172
503 556
503 317
503 714
503 912
133 240
133 51
133 792
133 497
216 49
216 383
216 616
216 647
216 836
216 413
891 410
891 91
891 393
891 291
891 348
891 499
265 498
265 514
265 297
265 378
335 190
335 174
335 43
335 138
335 80
335 40
244 593
244 815
244 410
244 291
312 339
603 862
603 741
603 945
603 985
603 320
603 322
549 806
549 228
549 877
768 835
768 767
768 104
768 324
798 884
798 60
798 398
798 370
798 757
835 373
835 767
835 135
64 210
64 928
64 506
64 553
64 310
839 695
839 554
839 523
839 840
715 936
715 167
715 70
715 227
715 546
715 783
339 922
339 939
339 924
339 551
339 89
552 347
552 795
552 805
552 651
922 574
922 723
922 329
498 901
498 409
498 327
498 152
769 935
769 299
769 23
355 758
530 489
530 459
530 844
530 331
530 803
3 239
3 379
3 334
3 643
3 729
3 896
865 145
865 341
865 378
865 608
865 399
441 598
441 630
441 576
453 204
453 218
453 114
377 443
377 914
377 52
377 56
926 414
926 57
926 519
926 189
926 893
746 795
746 408
746 446
280 144
280 299
280 878
280 747
280 588
16 598
16 440
16 620
16 55
426 470
426 851
426 71
426 104
757 324
757 953
757 903
757 271
252 607
252 479
252 66
252 762
257 983
257 168
257 147
175 985
175 284
175 14
175 884
175 683
175 158
190 574
190 687
190 53
190 560
22 912
22 329
22 267
22 740
22 482
60 471
60 546
60 614
60 449
720 172
720 501
720 728
360 581
360 38
360 413
360 113
464 899
464 354
464 277
55 272
55 211
733 980
733 420
733 716
733 671
975 341
975 979
975 543
945 320
945 862
945 892
758 952
758 506
919 533
919 716
919 871
919 859
953 621
953 271
953 813
978 601
978 296
139 726
139 146
139 76
139 743
767 614
767 82
767 291
767 275
878 5
878 266
878 626
878 908
673 317
673 511
673 515
960 870
960 695
960 536
960 333
960 527
633 299
633 965
633 867
544 199
544 736
544 12
544 384
666 397
666 435
666 773
666 82
666 863
778 348
778 551
778 675
778 793
778 20
982 536
982 101
982 599
982 932
982 418
669 38
669 743
669 656
669 128
846 890
846 409
846 278
846 188
449 578
449 275
449 270
449 471
449 614
226 496
226 793
226 680
226 991
226 331
771 331
771 404
771 474
771 678
52 93
819 414
819 29
907 692
907 296
284 277
284 462
284 680
284 488
780 159
780 985
780 77
780 369
780 196
20 301
20 965
20 857
736 199
736 138
736 12
872 575
872 2
872 473
872 346
117 275
117 822
117 485
117 959
117 195
117 207
630 656
630 353
630 523
630 348
711 656
711 803
598 223
598 527
598 110
144 883
144 19
144 886
588 808
588 508
588 266
588 566
319 742
319 142
319 921
319 159
319 30
440 779
440 698
166 979
166 647
166 177
166 870
347 528
347 795
347 727
533 467
533 511
533 463
724 820
724 174
724 841
724 742
983 41
983 168
983 147
152 409
152 828
183 456
183 373
93 147
93 211
93 132
93 917
93 168
97 243
97 435
97 814
97 680
97 521
104 597
104 728
372 561
372 65
372 553
372 363
928 334
928 479
928 795
315 237
315 779
315 127
315 808
999 977
999 199
95 416
95 654
95 875
95 718
677 90
677 571
677 725
584 263
584 904
584 520
584 853
716 420
716 620
87 802
87 450
87 341
87 814
87 957
813 131
813 989
813 641
813 91
569 972
569 157
569 499
389 590
389 674
389 275
389 50
233 542
233 479
233 111
233 256
787 691
787 812
787 327
787 359
393 450
393 564
393 484
776 39
475 884
475 779
63 912
63 328
63 158
721 454
721 627
815 73
815 327
815 845
815 493
969 346
969 488
969 409
610 290
610 789
610 578
610 448
890 135
890 361
890 489
890 278
477 548
477 692
477 726
477 66
477 898
738 786
738 807
738 101
738 71
738 6
57 189
57 414
57 837
165 45
165 128
165 473
165 840
165 188
165 686
997 157
997 998
997 514
997 336
79 253
79 4
79 523
72 243
72 491
72 754
72 457
72 19
246 886
246 900
246 227
246 955
652 381
652 44
652 795
892 213
892 346
692 593
692 641
965 623
965 421
965 301
521 973
521 755
521 899
520 82
520 107
781 78
781 984
781 814
781 902
182 446
182 494
182 887
713 291
713 118
713 338
713 162
14 129
14 881
14 495
217 73
217 908
217 384
936 546
936 793
936 964
616 567
616 215
616 955
616 492
291 593
291 487
575 857
575 2
575 399
886 827
886 19
820 841
820 174
825 495
825 832
825 30
825 259
825 973
267 285
267 882
649 80
649 998
649 624
473 2
473 128
727 281
727 726
899 382
899 43
899 90
51 240
51 497
51 353
51 270
499 562
725 232
725 359
37 743
37 134
37 646
37 247
946 457
946 505
946 111
145 812
145 608
808 828
808 806
506 952
750 271
750 688
750 164
750 564
66 100
66 607
492 508
492 266
492 6
492 38
314 578
314 470
314 939
845 933
845 924
845 802
845 972
845 223
107 121
107 602
107 114
517 402
517 43
517 259
517 138
517 39
536 450
536 971
574 382
574 9
561 373
561 597
561 215
320 615
320 971
386 880
386 643
685 511
685 788
765 830
765 404
765 454
718 416
718 875
791 431
791 68
791 957
791 663
700 834
700 949
576 70
686 577
686 840
838 222
838 905
838 959
838 172
556 912
556 47
556 714
126 493
126 562
126 896
174 129
174 841
318 837
318 954
450 564
747 659
747 299
454 627
5 310
5 30
5 788
373 431
792 600
792 729
792 358
306 131
306 977
306 638
671 127
671 239
671 607
671 754
671 45
232 283
232 980
232 344
232 968
789 634
789 914
789 754
755 479
755 29
830 764
830 989
856 239
856 346
856 793
882 285
30 480
30 334
639 893
639 44
96 370
96 555
96 74
276 874
276 859
276 628
276 514
276 772
572 691
572 828
572 363
73 19
399 296
399 857
413 49
413 647
413 836
413 515
955 470
955 567
955 494
683 985
683 814
683 236
316 501
316 427
316 827
316 68
331 803
331 814
331 701
623 554
623 439
623 695
204 122
204 620
439 463
439 698
137 410
137 129
275 614
728 207
743 247
874 628
874 480
100 784
100 358
100 297
100 524
78 354
400 197
417 407
417 34
417 515
417 861
704 916
704 774
704 127
917 344
590 23
590 674
590 857
404 924
404 881
984 237
984 675
317 99
317 583
496 827
496 773
496 875
853 578
853 591
853 566
74 370
74 555
77 902
77 369
77 935
46 745
46 212
46 408
46 1
863 343
863 210
863 583
949 159
949 543
949 601
949 548
949 617
221 979
221 357
221 483
221 212
361 894
361 749
414 308
437 263
437 357
369 541
478 608
478 687
478 467
478 132
199 12
524 385
524 800
524 921
543 159
764 308
764 968
764 424
764 197
809 979
99 800
99 714
99 172
901 409
901 270
862 213
862 741
600 474
89 594
89 881
181 484
181 270
397 973
397 435
397 871
18 336
18 553
18 991
560 519
560 259
560 915
972 420
972 528
972 849
142 844
346 418
228 806
228 877
301 130
301 92
505 698
505 834
663 101
663 871
663 80
849 222
207 278
91 131
91 177
91 494
366 518
366 421
366 41
518 383
518 836
518 925
947 837
947 194
884 779
299 358
172 71
615 621
615 132
599 443
599 483
491 243
491 800
491 754
656 751
656 336
656 277
773 751
773 456
34 629
34 121
34 379
381 749
381 751
381 130
821 730
821 495
821 774
821 832
607 762
651 511
651 501
277 462
277 628
277 488
329 259
239 334
239 887
749 894
749 968
698 482
698 463
162 129
162 723
729 471
729 488
601 876
601 50
601 236
943 634
943 376
943 566
943 131
943 448
688 85
688 164
935 501
667 448
667 71
667 634
674 333
774 487
774 730
774 916
114 218
114 167
327 867
327 493
647 255
647 49
834 283
834 398
146 227
146 76
270 310
270 546
39 628
39 788
558 880
558 691
925 421
43 138
43 80
177 220
177 641
177 167
679 902
679 500
679 868
567 977
567 113
567 487
567 810
378 581
378 514
128 731
128 33
933 802
998 44
751 68
751 456
812 602
489 278
69 85
69 82
69 631
701 803
462 687
462 488
462 571
777 730
777 197
777 444
777 211
551 793
551 883
551 924
844 548
844 562
844 29
272 908
251 867
251 483
344 772
344 431
33 916
900 405
542 730
548 617
591 297
591 480
638 160
638 188
9 772
9 382
9 756
924 223
924 654
410 459
38 887
197 85
197 730
583 148
188 566
964 12
964 354
896 247
896 56
131 804
90 994
90 41
989 215
754 634
754 19
709 398
110 463
110 822
110 271
110 45
980 876
336 991
914 485
44 832
876 40
876 519
353 405
353 654
827 427
903 531
903 452
132 731
483 546
237 23
41 324
41 480
894 333
418 215
418 130
508 948
508 266
283 586
877 806
493 218
213 253
218 904
218 189
382 756
435 29
240 334
240 497
6 741
384 529
495 921
577 281
577 675
467 195
467 392
111 893
281 541
691 880
691 828
470 494
122 898
122 392
40 4
883 189
883 70
379 255
297 500
810 422
343 586
343 611
500 463
695 554
678 737
678 916
985 159
56 680
392 629
392 801
916 127
487 113
211 168
840 143
840 906
519 259
488 783
861 376
861 484
192 893
416 875
65 363
322 804
531 762
531 452
932 160
654 159
659 444
398 357
50 915
602 121
321 851
231 169
535 484
529 822
341 402
341 957
1 424
822 485
70 740
134 138
554 904
906 53
906 737
908 448
194 795
195 959
784 424
168 147
129 881
959 905
814 915
593 756
328 158
4 169
370 555
471 452
220 973
793 474
49 402
611 586
446 236
148 948
745 408
952 113
68 448
45 186
