424 242
424 588
424 592
424 282
424 466
424 629
705 303
705 430
705 711
705 21
705 893
705 564
455 709
455 232
455 276
455 795
455 100
455 179
958 941
958 697
958 337
958 35
958 72
958 775
397 139
397 970
397 835
397 478
397 182
397 914
459 935
459 472
459 273
459 715
459 433
459 842
801 916
801 444
801 889
801 309
801 63
801 46
957 75
957 318
957 56
957 839
957 825
957 788
766 833
766 811
766 412
766 914
766 548
766 555
999 457
999 467
999 117
999 141
999 183
999 103
285 20
285 699
285 160
285 159
285 62
285 479
546 165
546 798
546 103
546 460
546 545
546 794
930 511
930 689
930 32
930 387
930 418
930 579
254 797
254 499
254 907
254 929
254 964
254 857
824 106
824 400
824 171
824 995
824 512
824 735
823 882
823 837
823 441
823 810
823 7
823 463
981 711
981 739
981 22
981 644
981 845
981 796
48 548
48 932
48 274
48 437
48 466
48 456
310 589
310 673
310 745
310 776
310 955
310 316
138 463
138 717
138 395
138 786
138 18
138 659
878 535
878 350
878 915
878 992
878 573
878 418
294 247
294 928
294 231
294 446
294 555
294 462
451 816
451 594
451 141
451 391
451 188
451 118
91 168
91 506
91 330
91 899
91 163
91 11
537 921
537 250
537 95
537 325
537 884
537 239
838 582
838 47
838 182
838 798
838 788
838 492
960 614
960 102
960 905
960 717
960 384
960 298
383 462
383 804
383 44
383 60
383 99
383 736
645 756
645 127
645 296
645 941
645 652
645 201
34 991
34 500
34 755
34 684
34 413
34 243
677 346
677 756
677 519
677 447
677 171
677 661
269 656
269 133
269 781
269 577
269 933
269 914
394 657
394 783
394 600
394 213
394 169
394 601
293 623
293 729
293 998
293 926
293 58
293 689
751 846
751 40
751 604
751 601
751 902
751 363
702 540
702 580
702 874
702 792
702 26
702 6
956 671
956 195
956 231
956 74
956 934
956 675
380 199
380 841
380 875
380 950
380 541
380 496
676 764
676 871
676 163
676 692
676 20
676 64
211 679
211 805
211 598
211 521
211 404
211 470
718 531
718 299
718 321
718 678
718 636
718 578
505 236
505 709
505 966
505 305
505 109
505 501
936 368
936 423
936 980
936 686
936 629
936 528
118 738
118 925
118 13
118 728
118 599
490 488
490 134
490 388
490 99
490 364
490 522
410 917
410 342
410 741
410 152
410 812
410 407
927 697
927 284
927 127
927 725
927 814
927 881
85 747
85 248
85 608
85 223
85 342
85 586
313 282
313 746
313 312
313 273
313 640
313 45
620 699
620 202
620 845
620 291
620 335
620 304
737 836
737 815
737 566
737 900
737 230
737 789
94 441
94 506
94 176
94 530
94 323
94 360
807 426
807 89
807 769
807 275
807 14
807 78
449 820
449 283
449 315
449 417
449 177
449 217
626 364
626 453
626 837
626 550
626 133
626 593
468 369
468 788
468 491
468 850
468 738
468 555
725 713
725 160
725 2
725 191
725 96
65 997
65 262
65 411
65 214
65 771
65 281
749 399
749 603
749 177
749 140
749 951
749 963
432 218
432 886
432 497
432 103
432 143
432 709
951 898
951 603
951 502
951 152
951 335
119 206
119 764
119 834
119 581
119 114
119 932
491 179
491 595
491 885
491 747
491 859
123 377
123 202
123 578
123 1
123 402
123 827
461 577
461 991
461 351
461 15
461 242
461 144
447 192
447 333
447 550
447 316
447 667
967 181
967 616
967 92
967 376
967 561
967 923
328 272
328 668
328 661
328 847
328 550
328 49
750 485
750 200
750 63
750 812
750 347
750 985
301 536
301 203
301 811
301 286
301 421
301 319
733 361
733 166
733 953
733 355
733 130
733 797
71 734
71 109
71 835
71 303
71 775
71 448
945 165
945 612
945 169
945 776
945 964
945 440
219 87
219 552
219 114
219 208
219 275
219 234
843 932
843 385
843 303
843 210
843 67
843 729
148 35
148 614
148 567
148 298
148 817
148 114
374 423
374 837
374 738
374 803
374 982
374 569
172 830
172 62
172 289
172 833
172 149
172 12
353 358
353 272
353 835
353 861
353 969
353 152
860 494
860 438
860 580
860 778
860 496
860 428
876 378
876 50
876 591
876 870
876 977
876 263
226 425
226 479
226 564
226 415
226 249
226 315
330 168
330 436
330 97
330 592
330 11
439 669
439 861
439 329
439 184
439 333
439 61
474 602
474 990
474 385
474 856
474 529
474 393
116 297
116 715
116 367
116 191
116 302
116 161
458 93
458 25
458 686
458 279
458 794
458 168
630 236
630 518
630 597
630 892
630 890
630 396
908 787
908 538
908 796
908 198
908 715
908 974
343 96
343 189
343 170
343 993
343 59
343 489
586 503
586 452
586 239
586 524
586 261
43 720
43 478
43 386
43 917
43 952
43 706
208 888
208 545
208 571
208 358
208 716
390 82
390 611
390 826
390 128
390 473
390 337
124 400
124 670
124 178
124 593
124 160
124 482
282 679
282 914
282 595
282 483
664 78
664 970
664 724
664 819
664 912
664 181
821 892
821 829
821 196
821 467
821 22
821 848
968 767
968 938
968 212
968 920
968 185
968 833
189 772
189 420
189 813
189 170
189 825
559 604
559 268
559 841
559 356
559 712
559 280
884 95
884 696
884 832
884 127
884 805
212 53
212 672
212 153
212 894
212 920
431 690
431 133
431 656
431 221
431 349
431 530
744 385
744 933
744 442
744 334
744 388
744 623
929 8
929 288
929 977
929 698
929 502
563 787
563 962
563 497
563 147
563 550
563 583
854 665
854 834
854 278
854 415
854 83
854 716
207 954
207 684
207 986
207 513
207 271
207 900
990 525
990 570
990 549
990 632
990 398
31 56
31 376
31 790
31 742
31 532
31 710
90 498
90 779
90 830
90 654
90 976
90 229
542 816
542 204
542 483
542 889
542 568
542 598
831 568
831 944
831 792
831 53
831 623
831 539
375 649
375 284
375 454
375 867
375 2
375 759
803 576
803 569
803 73
803 594
803 319
906 17
906 902
906 937
906 128
906 544
906 861
187 401
187 337
187 291
187 442
187 692
187 372
603 335
603 865
603 140
603 321
186 438
186 253
186 833
186 502
186 30
186 54
787 550
787 420
787 639
787 974
500 971
500 20
500 464
500 421
500 700
834 214
834 873
834 701
834 61
175 925
175 660
175 948
175 216
175 942
175 703
894 727
894 404
894 55
894 893
894 81
4 47
4 675
4 325
4 132
4 545
4 223
338 655
338 288
338 978
338 574
338 569
338 324
373 605
373 975
373 997
373 244
373 359
373 368
384 988
384 767
384 742
384 346
384 553
722 417
722 507
722 388
722 52
722 755
722 865
883 541
883 598
883 759
883 959
883 79
883 159
621 926
621 567
621 393
621 877
621 573
621 395
980 51
980 907
980 136
980 629
980 98
627 469
627 995
627 356
627 872
627 681
627 727
911 715
911 379
911 594
911 248
911 829
911 581
856 966
856 471
856 759
856 671
856 166
121 806
121 222
121 792
121 703
121 40
121 691
508 683
508 457
508 975
508 829
508 919
508 249
694 597
694 55
694 296
694 633
694 436
694 771
426 538
426 427
426 548
426 493
426 139
741 524
741 407
741 812
741 659
741 959
525 754
525 608
525 624
525 887
525 436
863 887
863 985
863 95
863 471
863 194
863 820
539 623
539 52
539 698
539 691
539 53
72 178
72 748
72 276
72 570
72 261
392 966
392 209
392 476
392 224
392 804
392 658
486 497
486 657
486 87
486 931
486 456
486 696
526 921
526 53
526 103
526 467
526 8
526 881
475 628
475 345
475 67
475 391
475 761
475 450
862 859
862 437
862 877
862 103
862 115
862 665
535 888
535 95
535 230
535 405
535 238
913 763
913 895
913 113
913 527
913 223
913 674
240 435
240 709
240 74
240 784
240 954
240 156
879 246
879 231
879 703
879 710
879 522
879 637
102 386
102 837
102 321
102 232
102 793
271 986
271 954
271 513
271 281
271 684
14 364
14 87
14 769
14 182
14 881
387 368
387 408
387 352
387 133
387 857
267 21
267 775
267 13
267 758
267 26
267 790
604 624
604 918
604 284
604 739
289 307
289 898
289 972
289 833
289 62
734 579
734 127
734 120
734 815
734 940
319 700
319 532
319 0
319 157
385 602
385 510
385 896
919 228
919 941
919 813
919 666
919 564
952 199
952 471
952 262
952 888
952 24
972 77
972 971
972 222
972 286
972 918
309 910
309 440
309 656
309 428
309 565
606 897
606 262
606 56
606 869
606 393
606 100
642 811
642 501
642 988
642 403
642 245
642 89
895 62
895 808
895 852
895 239
895 191
25 861
25 341
25 685
25 917
25 667
518 662
518 939
518 736
518 973
518 893
131 660
131 248
131 933
131 178
131 776
131 502
828 784
828 816
828 70
828 283
828 10
828 840
306 480
306 122
306 601
306 652
306 657
306 23
680 553
680 454
680 544
680 617
680 835
680 256
485 646
485 765
485 255
485 347
485 993
948 889
948 979
948 848
948 753
948 61
98 125
98 568
98 324
98 42
98 400
422 715
422 469
422 675
422 92
422 703
422 687
558 988
558 571
558 601
558 164
558 382
558 886
752 631
752 16
752 315
752 529
752 106
752 200
33 352
33 478
33 231
33 651
33 813
33 608
225 427
225 662
225 418
225 938
225 369
225 96
728 738
728 521
728 24
728 871
728 45
647 366
647 15
647 456
647 472
647 169
647 567
866 165
866 134
866 202
866 351
866 582
866 599
183 949
183 841
183 275
183 597
183 570
731 49
731 865
731 661
731 973
731 635
731 216
865 769
865 266
865 348
287 233
287 516
287 755
287 125
287 370
287 273
437 361
437 274
437 905
437 569
264 572
264 900
264 23
264 886
264 76
264 986
708 753
708 164
708 653
708 896
708 443
708 756
961 632
961 648
961 875
961 77
961 668
961 789
613 136
613 514
613 37
613 109
613 416
613 877
989 988
989 851
989 277
989 152
989 13
989 670
8 901
8 228
8 726
8 543
241 401
241 861
241 180
241 117
241 372
241 691
104 743
104 348
104 943
104 598
104 450
104 56
703 614
703 58
607 84
607 735
607 698
607 516
607 954
607 151
649 355
649 761
649 488
649 994
649 371
523 349
523 489
523 891
523 246
523 560
523 536
59 411
59 441
59 888
59 554
59 143
143 864
143 473
143 382
143 661
12 56
12 280
12 815
12 51
12 530
885 696
885 258
885 789
885 935
885 344
227 682
227 480
227 259
227 713
227 781
227 368
773 896
773 794
773 617
773 503
773 336
773 132
615 577
615 536
615 565
615 938
615 580
615 195
998 314
998 867
998 252
998 779
998 365
377 488
377 216
377 324
377 808
377 215
452 871
452 926
452 819
452 855
452 818
409 982
409 155
409 598
409 381
409 890
409 640
521 549
521 416
521 450
521 386
609 286
609 584
609 682
609 357
609 107
609 196
695 899
695 610
695 922
695 298
695 369
695 39
345 73
345 153
345 904
345 636
345 648
765 421
765 732
765 299
765 80
765 389
210 110
210 816
210 560
210 213
210 184
720 774
720 302
720 6
720 509
720 9
880 220
880 28
880 203
880 246
880 201
880 233
616 29
616 209
616 400
616 154
616 190
290 638
290 234
290 552
290 376
290 869
290 868
340 305
340 75
340 158
340 944
340 482
340 926
3 596
3 489
3 893
3 580
3 634
3 561
18 430
18 166
18 292
18 634
18 696
307 792
307 625
307 279
307 746
307 804
509 463
509 470
509 557
509 214
509 585
524 173
524 583
524 292
524 82
772 577
772 641
772 533
772 714
772 105
66 58
66 37
66 588
66 484
66 635
66 434
568 743
568 758
568 112
1 446
1 169
1 22
1 548
1 291
322 763
322 753
322 356
322 714
322 79
322 538
359 678
359 810
359 10
359 797
359 101
460 360
460 742
460 161
460 256
460 706
873 465
873 614
873 904
873 636
873 405
196 588
196 429
196 35
196 357
943 295
943 11
943 93
943 706
943 663
425 974
425 899
425 147
425 231
425 910
915 349
915 17
915 931
915 561
915 786
332 594
332 419
332 467
332 583
332 256
332 274
687 191
687 365
687 601
687 60
687 805
520 619
520 92
520 45
520 304
520 835
520 947
366 560
366 24
366 706
366 198
366 480
600 179
600 513
600 742
600 555
600 661
129 247
129 61
129 305
129 199
129 453
129 608
308 233
308 327
308 251
308 316
308 804
308 96
595 304
595 809
595 57
595 188
300 940
300 275
300 589
300 193
300 897
300 954
362 692
362 47
362 633
362 57
362 798
362 666
674 249
674 412
674 402
674 414
674 713
190 348
190 841
190 156
190 333
190 154
162 996
162 291
162 38
162 446
162 560
162 274
126 704
126 719
126 493
126 401
126 755
126 35
260 805
260 105
260 946
260 732
260 292
260 820
554 646
554 379
554 82
554 411
554 589
719 133
719 482
719 730
719 993
719 755
839 318
839 494
839 346
839 56
839 288
194 203
194 173
194 464
194 443
194 761
874 346
874 953
874 465
874 101
874 497
517 853
517 925
517 311
517 760
517 243
517 257
710 147
710 314
710 533
710 376
481 128
481 21
481 321
481 495
481 230
481 717
16 222
16 631
16 347
16 566
16 762
50 771
50 344
50 794
50 252
50 164
348 560
348 673
348 768
9 501
9 179
9 983
9 987
9 388
11 333
11 36
11 899
57 515
57 350
57 100
57 250
337 275
337 473
337 935
779 170
779 506
779 44
779 653
21 965
21 622
21 739
659 188
659 812
659 407
659 532
438 467
438 494
438 176
438 781
453 396
453 608
453 593
453 169
800 477
800 529
800 644
800 556
800 977
800 370
923 933
923 826
923 625
923 663
923 407
716 279
716 778
716 811
716 483
326 774
326 729
326 224
326 405
326 527
326 905
477 135
477 566
477 871
477 997
477 611
235 682
235 30
235 265
235 88
235 672
235 909
996 496
996 555
996 105
996 38
996 291
60 907
60 643
60 191
60 553
108 464
108 305
108 167
108 700
108 891
108 753
663 575
663 193
663 527
663 283
583 738
583 571
583 868
304 849
304 896
304 221
312 516
312 45
312 69
312 953
312 796
987 641
987 49
987 675
987 700
987 819
215 157
215 822
215 754
215 851
215 924
643 907
643 713
643 836
643 361
643 263
827 748
827 464
827 776
827 974
827 275
80 355
80 272
80 844
80 763
80 299
335 42
335 587
335 341
617 311
617 470
617 331
617 770
689 652
689 142
689 890
689 82
534 920
534 364
534 507
534 259
534 473
534 115
691 623
691 806
691 499
757 671
757 229
757 352
757 27
757 246
757 785
928 184
928 372
928 872
928 87
928 435
296 662
296 955
296 573
296 531
176 654
176 88
176 158
176 582
574 360
574 51
574 27
574 430
574 402
79 852
79 790
79 714
79 892
870 144
870 266
870 941
870 950
870 145
23 669
23 76
23 100
23 740
969 762
969 977
969 404
969 898
969 835
30 360
30 228
30 602
30 137
599 165
599 346
599 816
599 114
5 270
5 984
5 567
5 280
5 556
5 396
320 707
320 545
320 552
320 376
320 501
320 850
434 206
434 28
434 847
434 976
434 601
636 442
636 262
636 376
472 354
472 74
472 785
472 853
206 2
206 822
206 578
206 378
193 58
193 493
193 283
193 836
891 428
891 246
891 406
891 533
167 565
167 242
167 418
167 185
167 261
610 278
610 298
610 151
610 130
610 868
146 297
146 324
146 454
146 288
146 149
146 578
258 768
258 628
258 789
258 36
258 67
68 587
68 964
68 213
68 107
68 77
68 732
747 704
747 198
747 756
747 641
358 141
358 107
358 585
358 272
815 761
815 576
815 806
191 924
504 612
504 484
504 178
504 683
504 77
504 145
640 795
640 120
640 867
640 273
544 553
544 440
544 441
544 256
274 706
274 255
852 917
852 279
852 638
852 944
683 224
683 844
683 917
683 40
648 396
648 982
648 582
648 155
515 942
515 350
515 55
515 774
515 214
798 909
798 985
798 721
547 37
547 325
547 507
547 756
547 512
547 181
693 922
693 624
693 38
693 549
693 858
693 849
921 157
921 406
921 631
921 512
218 261
218 436
218 503
218 531
218 872
325 721
325 395
325 339
903 0
903 853
903 237
903 149
903 462
903 810
247 262
247 365
247 611
247 588
346 797
764 552
764 633
764 634
764 238
27 110
27 379
27 692
27 352
349 536
349 789
349 808
837 466
837 579
934 400
934 995
934 675
934 942
934 257
113 557
113 548
113 763
113 770
113 111
611 780
611 49
611 15
498 971
498 276
498 813
498 229
498 652
200 985
200 315
200 590
200 82
270 783
270 234
270 408
270 39
270 565
339 841
339 991
339 277
339 846
339 314
428 402
428 793
428 743
584 949
584 286
584 42
584 976
584 682
487 314
487 993
487 86
487 236
487 730
487 802
937 111
937 655
937 651
937 788
937 26
849 977
849 221
849 591
849 92
944 978
944 717
944 46
298 717
298 844
361 140
361 902
361 51
619 669
619 88
619 785
619 44
619 265
976 229
976 901
976 842
531 70
531 905
531 142
900 406
900 679
900 248
145 763
145 925
145 918
145 266
419 946
419 111
419 791
419 707
419 331
37 204
37 984
37 732
209 382
209 381
209 712
209 817
440 413
440 984
440 949
909 940
909 329
909 947
909 171
931 701
931 962
931 786
931 174
382 739
382 528
382 363
511 963
511 602
511 666
511 483
511 820
850 381
850 316
850 470
850 28
519 64
519 420
519 389
519 540
519 711
745 946
745 562
745 768
745 135
745 955
195 536
195 901
195 881
195 17
950 496
950 646
950 478
950 280
237 201
237 618
237 887
237 746
237 942
538 818
538 492
538 64
551 811
551 370
551 902
551 279
551 495
551 371
585 922
585 463
585 323
585 780
15 429
15 443
15 405
86 182
86 729
86 137
86 507
86 224
634 378
634 686
634 489
848 469
848 889
848 61
848 892
336 29
336 784
336 41
336 456
336 978
516 778
516 920
516 29
965 782
965 245
965 979
965 279
965 768
122 370
122 239
122 781
122 979
122 727
327 882
327 405
327 341
327 77
327 55
342 774
342 756
342 259
342 465
596 251
596 130
596 20
596 844
596 150
170 69
170 10
170 688
978 347
978 470
978 740
711 144
711 89
711 842
243 413
243 396
243 329
243 847
553 221
553 904
303 788
303 736
303 775
125 732
125 671
125 436
125 185
83 665
83 983
83 753
83 412
83 875
192 777
192 135
192 810
192 185
192 197
49 157
49 273
246 701
185 783
185 234
877 136
877 416
877 580
367 564
367 650
367 276
367 6
367 139
238 318
238 625
238 164
238 905
889 61
889 791
259 368
259 514
259 398
402 713
402 149
991 435
991 846
991 35
351 653
351 581
351 263
351 589
317 445
317 799
317 278
317 391
317 802
317 106
395 632
395 448
395 557
959 393
959 994
959 739
959 457
334 946
334 166
334 670
334 701
334 955
672 644
672 855
672 727
672 587
652 221
652 184
591 283
591 97
591 141
591 578
783 942
783 690
783 435
44 573
44 88
44 217
730 791
730 158
730 993
730 236
414 528
414 825
414 858
414 541
414 295
678 405
678 510
678 100
678 473
74 888
74 758
74 795
398 52
398 635
398 857
398 38
495 22
495 541
495 321
495 276
253 51
253 36
253 417
253 248
253 578
760 690
760 454
760 668
760 917
760 864
13 17
13 988
13 887
168 159
168 442
168 790
350 357
350 35
350 864
549 632
549 19
549 378
463 214
463 982
101 797
101 497
101 618
101 54
482 575
482 137
482 644
556 280
556 277
556 160
556 557
654 514
654 229
654 830
654 602
480 557
480 769
480 882
924 575
924 302
924 740
924 435
413 657
413 605
413 244
754 869
754 588
754 29
754 777
354 169
354 171
354 679
354 785
354 457
250 632
250 668
250 24
250 819
727 714
727 239
341 623
341 324
341 144
994 806
994 430
994 147
994 355
265 88
265 846
265 669
265 785
204 266
204 314
204 582
204 510
589 984
589 954
63 916
63 847
63 38
63 329
986 281
986 357
986 653
624 229
624 216
624 220
217 746
217 389
217 442
217 347
421 389
421 73
421 572
420 813
420 220
420 789
469 662
469 762
469 365
161 465
161 706
161 753
161 386
70 249
70 318
70 20
70 231
543 995
543 925
543 512
543 24
543 625
576 914
576 92
576 288
576 872
305 295
305 107
784 572
784 41
784 179
799 809
799 109
799 389
799 288
799 902
910 153
910 403
910 656
910 281
69 493
69 0
69 681
69 688
656 897
656 743
457 679
457 46
935 133
935 39
935 777
699 650
699 344
699 159
699 713
52 97
52 2
52 698
832 127
832 42
832 249
832 216
832 251
704 399
704 429
704 188
704 897
758 590
758 47
758 681
476 197
476 512
476 151
476 277
476 658
522 99
522 896
522 496
522 855
135 513
135 922
135 946
372 401
372 692
372 154
6 810
6 668
6 239
64 302
64 802
64 658
806 527
806 635
103 826
971 464
971 700
971 743
489 252
489 560
726 77
726 76
726 774
726 579
726 898
471 506
471 820
471 707
197 666
197 658
197 979
197 949
697 822
697 836
697 907
697 796
214 316
548 949
115 571
115 550
115 364
115 484
220 344
220 198
220 230
946 140
483 39
483 804
771 41
771 252
771 164
433 136
433 528
433 46
433 667
433 561
681 590
681 530
681 19
562 29
562 593
562 925
562 768
562 73
566 106
566 633
566 251
311 527
311 983
311 182
311 494
984 941
984 408
653 868
653 263
684 639
684 513
684 137
55 427
55 882
181 739
181 671
181 132
46 378
46 724
28 829
28 964
28 0
223 88
223 673
223 829
808 110
808 180
808 572
17 796
17 833
888 84
506 232
506 95
767 571
767 845
767 278
767 788
791 369
791 770
791 707
555 597
153 281
153 150
153 802
748 403
748 814
748 816
748 257
618 444
618 54
618 637
618 370
174 777
174 868
174 484
174 822
174 660
462 974
462 893
462 814
180 638
180 814
180 886
180 973
213 818
213 184
213 152
281 73
933 156
933 448
178 920
178 159
155 992
155 962
155 633
155 763
714 790
714 230
503 830
503 444
503 114
637 228
637 912
637 444
637 173
134 110
134 536
134 742
134 54
407 532
407 812
228 154
228 244
781 2
781 456
847 947
847 795
625 371
625 592
782 501
782 942
782 975
782 245
782 970
149 853
149 670
540 985
540 817
540 277
540 76
920 938
868 592
465 644
465 158
875 740
875 62
875 82
147 232
147 962
156 881
156 154
156 331
251 297
251 484
650 205
650 552
650 721
650 142
450 580
450 628
450 569
24 159
302 142
302 297
853 795
853 721
813 575
988 622
177 423
177 429
177 399
177 997
709 105
709 435
445 975
445 840
445 528
445 922
445 724
278 735
278 688
761 205
761 665
130 418
130 953
130 20
158 926
158 75
904 614
904 297
904 164
846 660
846 22
660 494
660 701
851 357
851 255
851 93
851 150
363 938
363 916
363 344
363 690
612 776
612 257
612 67
612 331
715 512
845 492
845 682
845 371
826 224
826 268
826 415
867 355
867 430
867 466
266 690
266 166
729 224
729 527
442 557
295 541
295 858
295 112
32 532
32 415
32 579
32 203
32 173
188 45
188 590
291 446
299 132
299 26
299 388
797 499
817 953
817 859
817 665
514 216
514 966
514 947
590 257
590 441
78 163
78 406
78 830
78 423
114 62
842 963
842 723
842 622
530 166
530 701
202 582
202 110
202 962
912 381
912 76
912 454
912 393
657 740
657 890
478 805
478 565
721 389
721 786
573 655
573 567
314 533
403 631
403 809
403 417
96 492
96 112
955 662
955 778
938 418
762 67
762 667
762 795
87 872
87 45
740 318
201 233
201 887
201 54
416 479
416 136
416 331
572 793
572 443
785 669
809 635
809 588
809 388
670 814
670 160
717 786
107 22
107 356
666 840
666 949
171 245
171 448
890 914
890 203
822 106
822 484
137 268
137 639
163 820
163 899
163 203
886 128
886 323
151 735
151 242
151 10
646 932
646 255
646 36
629 286
629 19
629 7
429 916
429 861
112 427
112 858
112 698
117 855
117 641
117 644
117 916
222 770
222 819
222 796
592 41
592 97
324 199
150 732
150 605
150 73
723 510
723 775
723 893
723 963
723 777
707 545
707 669
869 587
869 899
869 408
575 272
575 819
686 792
686 746
686 794
926 597
106 802
881 182
973 292
973 825
973 40
966 564
966 109
415 979
415 249
597 58
746 792
268 199
268 263
268 41
570 774
570 947
570 836
205 571
205 997
205 970
205 276
896 479
408 441
408 488
864 139
864 399
864 632
132 922
132 423
95 685
700 464
552 19
446 892
446 655
963 513
963 510
979 140
396 939
962 141
622 179
622 810
622 939
667 685
667 939
152 277
532 812
593 638
593 688
992 430
992 964
992 735
992 221
142 198
142 905
673 658
673 859
673 564
109 157
529 736
529 110
529 493
67 323
679 769
236 993
236 198
818 492
818 941
818 982
901 786
901 244
901 658
411 417
411 261
411 381
488 793
488 283
567 99
234 662
234 777
633 364
594 871
594 916
651 997
651 507
651 93
651 26
671 712
417 448
587 141
587 696
668 690
365 995
365 836
157 333
75 793
75 436
75 759
401 995
401 89
54 778
982 887
391 97
391 53
391 712
315 443
315 638
199 39
685 696
685 614
685 939
970 248
970 371
89 245
89 882
639 581
639 974
639 232
939 470
272 872
76 780
355 111
857 412
857 352
857 631
245 501
675 144
565 579
356 58
356 793
499 907
499 840
499 855
688 406
688 0
93 724
93 768
29 242
7 19
7 40
7 635
7 892
165 776
165 545
448 840
628 36
628 329
628 19
139 427
139 280
598 902
99 144
99 120
983 412
983 381
983 494
759 2
759 497
321 10
698 858
631 318
255 256
255 36
898 496
898 502
371 40
712 292
712 829
427 858
738 357
111 331
111 360
400 42
790 292
736 804
736 379
26 533
97 502
444 528
444 778
100 918
605 378
605 918
605 244
257 347
39 360
284 918
284 655
284 81
743 775
770 316
770 897
344 830
263 127
897 399
10 297
454 412
252 0
252 120
692 256
473 661
244 399
932 466
932 154
977 492
794 404
423 369
233 825
233 370
81 404
81 120
81 655
81 940
47 724
47 84
755 780
262 825
724 811
261 333
443 780
682 286
406 533
329 975
561 105
561 871
844 386
844 953
964 404
323 128
323 510
541 242
128 466
379 173
379 742
975 38
105 479
802 581
352 479
230 581
859 665
859 882
841 940
51 92
769 120
173 985
638 814
641 855
641 84
805 42
780 577
940 947
393 602
369 569
467 53
84 735
84 136
507 184
493 160
273 577
840 608
232 386
140 368
456 41
