305 716
305 598
305 343
305 210
305 27
305 397
376 319
376 634
376 812
376 198
376 312
376 366
101 525
101 290
101 13
101 358
101 426
101 357
689 563
689 389
689 323
689 494
689 176
689 172
72 474
72 456
72 344
72 291
72 186
72 93
137 827
137 878
137 599
137 919
137 683
137 406
67 357
67 419
67 766
67 430
67 208
67 309
733 884
733 328
733 813
733 346
733 897
733 156
550 12
550 207
550 765
550 808
550 683
550 882
701 313
701 326
701 801
701 632
701 643
701 436
374 87
374 970
374 321
374 840
374 553
374 117
704 241
704 690
704 775
704 975
704 952
704 128
647 663
647 96
647 163
647 638
647 197
647 253
899 816
899 971
899 481
899 897
899 558
899 842
221 316
221 751
221 790
221 898
221 917
221 243
382 189
382 780
382 296
382 39
382 405
382 715
36 663
36 143
36 116
36 623
36 257
36 427
745 547
745 25
745 591
745 484
745 213
745 688
157 591
157 5
157 877
157 160
157 589
157 443
626 680
626 901
626 353
626 978
626 223
626 249
7 349
7 572
7 264
7 531
7 995
7 769
538 882
538 995
538 787
538 28
538 583
538 912
338 37
338 222
338 758
338 607
338 163
338 259
903 654
903 597
903 776
903 45
903 203
903 34
114 857
114 674
114 620
114 243
114 947
114 877
255 136
255 881
255 443
255 156
255 318
255 849
35 904
35 707
35 606
35 840
35 633
35 471
865 375
865 38
865 488
865 806
865 520
865 469
377 288
377 727
377 60
377 679
377 828
377 280
894 473
894 631
894 603
894 757
894 339
894 885
177 424
177 877
177 158
177 311
177 124
177 167
311 678
311 964
311 741
311 158
311 267
475 80
475 707
475 526
475 956
475 186
475 922
908 522
908 738
908 103
908 27
908 858
908 523
818 282
818 940
818 197
818 867
818 394
818 173
902 857
902 815
902 948
902 775
902 368
902 693
495 769
495 612
495 872
495 846
495 766
495 590
886 386
886 559
886 499
886 767
886 130
886 55
165 978
165 803
165 769
165 609
165 54
165 332
831 607
831 789
831 430
831 254
831 251
831 371
380 747
380 674
380 213
380 575
380 685
380 342
905 106
905 896
905 94
905 573
905 664
905 371
742 642
742 300
742 88
742 488
742 438
742 321
763 196
763 762
763 616
763 1
763 822
763 514
381 357
381 108
381 779
381 476
381 342
381 633
455 400
455 262
455 684
455 131
455 55
455 566
600 123
600 598
600 786
600 39
600 672
600 47
679 8
679 937
679 961
679 526
679 53
933 408
933 719
933 451
933 642
933 505
933 193
968 866
968 439
968 466
968 841
968 25
968 216
21 913
21 549
21 655
21 709
21 61
21 578
823 921
823 164
823 89
823 321
823 245
823 573
89 283
89 458
89 471
89 665
89 335
463 803
463 247
463 764
463 0
463 138
463 730
462 330
462 708
462 324
462 788
462 265
462 964
974 527
974 982
974 717
974 396
974 906
974 593
315 881
315 283
315 37
315 575
315 269
315 321
775 965
775 666
775 561
775 497
569 348
569 896
569 867
569 858
569 387
569 995
920 632
920 64
920 749
920 876
920 871
920 541
333 328
333 263
333 593
333 926
333 960
333 821
680 159
680 176
680 591
680 892
680 969
314 445
314 212
314 819
314 472
314 159
314 747
401 592
401 848
401 954
401 930
401 668
401 947
587 184
587 832
587 804
587 85
587 828
587 389
596 185
596 658
596 557
596 194
596 954
596 134
6 119
6 999
6 363
6 604
6 143
6 90
205 428
205 489
205 700
205 918
205 176
205 437
279 876
279 873
279 216
279 94
279 459
279 827
300 159
300 217
300 584
300 980
300 624
50 985
50 756
50 946
50 460
50 360
50 103
248 479
248 209
248 786
248 254
248 824
248 568
180 545
180 715
180 941
180 630
180 201
180 405
852 288
852 919
852 77
852 145
852 723
852 575
234 658
234 90
234 837
234 620
234 983
234 595
414 738
414 266
414 675
414 482
414 122
414 644
525 405
525 740
525 204
525 517
525 889
499 672
499 173
499 659
499 378
499 982
568 585
568 443
568 229
568 267
568 309
379 191
379 433
379 699
379 796
379 8
379 109
423 996
423 168
423 990
423 544
423 408
423 107
195 922
195 543
195 47
195 730
195 534
195 179
980 52
980 858
980 307
980 293
980 258
58 911
58 152
58 386
58 730
58 910
58 565
337 993
337 922
337 30
337 876
337 422
337 349
318 808
318 367
318 466
318 879
318 78
413 581
413 694
413 792
413 13
413 726
413 610
442 505
442 317
442 682
442 794
442 663
442 29
479 240
479 641
479 8
479 77
479 284
650 472
650 346
650 556
650 808
650 580
650 392
657 615
657 138
657 507
657 993
657 866
657 120
160 830
160 676
160 274
160 428
160 975
464 994
464 826
464 453
464 324
464 113
464 714
139 79
139 473
139 417
139 366
139 321
139 637
441 209
441 172
441 641
441 317
441 328
441 531
476 445
476 52
476 610
476 778
476 121
225 907
225 12
225 164
225 606
225 145
225 406
859 384
859 758
859 297
859 340
859 585
859 492
88 861
88 769
88 138
88 670
88 437
216 25
216 819
216 33
216 399
453 405
453 456
453 342
453 141
453 111
637 995
637 109
637 510
637 372
637 615
272 27
272 655
272 233
272 330
272 959
272 560
562 975
562 739
562 410
562 131
562 102
562 978
509 284
509 645
509 670
509 705
509 213
509 868
883 52
883 523
883 120
883 667
883 862
883 416
183 161
183 40
183 92
183 77
183 296
183 558
224 892
224 22
224 143
224 906
224 695
224 986
686 758
686 108
686 493
686 937
686 294
686 489
695 366
695 787
695 262
695 63
695 570
219 932
219 747
219 501
219 979
219 436
219 961
555 445
555 327
555 81
555 73
555 31
555 424
385 943
385 919
385 505
385 814
385 962
385 429
438 43
438 431
438 807
438 988
438 996
161 906
161 506
161 298
161 435
161 505
959 303
959 522
959 975
959 213
959 984
551 788
551 715
551 41
551 589
551 395
551 196
736 727
736 635
736 365
736 134
736 743
736 494
44 674
44 937
44 948
44 366
44 967
44 168
145 751
145 880
145 13
145 739
28 540
28 456
28 322
28 567
28 293
660 297
660 0
660 716
660 508
660 340
660 918
731 151
731 129
731 630
731 322
731 601
731 436
694 830
694 141
694 387
694 958
694 446
448 481
448 147
448 71
448 303
448 5
448 375
643 821
643 313
643 116
643 274
643 573
789 126
789 124
789 941
789 11
789 121
793 51
793 901
793 926
793 942
793 97
793 759
20 178
20 618
20 841
20 294
20 614
20 744
202 770
202 268
202 779
202 103
202 313
202 614
411 251
411 880
411 78
411 71
411 378
411 805
761 636
761 670
761 105
761 812
761 845
761 634
235 671
235 268
235 842
235 955
235 189
235 616
535 154
535 969
535 681
535 971
535 913
535 447
522 781
522 178
522 986
522 105
714 310
714 302
714 346
714 771
714 808
249 849
249 901
249 666
249 542
249 730
290 571
290 439
290 746
290 100
290 962
427 916
427 70
427 196
427 861
427 724
705 528
705 798
705 252
705 295
705 0
149 121
149 548
149 878
149 111
149 890
149 218
877 940
877 659
877 40
826 81
826 304
826 471
826 841
826 503
976 478
976 787
976 508
976 699
976 175
976 537
584 963
584 392
584 287
584 241
584 402
805 932
805 501
805 426
805 211
805 172
289 206
289 27
289 214
289 802
289 601
289 576
771 66
771 217
771 696
771 175
771 979
702 332
702 259
702 576
702 723
702 237
702 95
946 874
946 502
946 756
946 271
946 465
2 640
2 69
2 79
2 108
2 288
2 961
40 931
40 296
40 45
40 247
52 845
52 867
52 766
540 756
540 326
540 817
540 144
540 278
187 363
187 556
187 845
187 651
187 163
187 204
351 814
351 493
351 872
351 66
351 516
351 855
359 603
359 285
359 367
359 47
359 342
359 299
543 282
543 850
543 335
543 992
543 652
970 325
970 10
970 144
970 559
970 966
110 987
110 563
110 527
110 785
110 709
110 664
625 245
625 799
625 469
625 343
625 407
625 412
784 858
784 532
784 30
784 940
784 5
784 847
835 152
835 598
835 960
835 740
835 710
835 339
370 879
370 649
370 708
370 935
370 570
370 808
472 923
472 556
472 140
472 536
42 517
42 605
42 198
42 734
42 470
42 208
198 746
198 723
198 452
198 208
515 384
515 122
515 113
515 508
515 542
515 488
710 780
710 820
710 548
710 844
710 916
146 112
146 129
146 57
146 400
146 590
146 56
435 669
435 833
435 240
435 749
435 981
847 638
847 571
847 8
847 548
847 307
891 658
891 879
891 10
891 692
891 100
891 313
1 507
1 874
1 822
1 429
1 360
80 648
80 211
80 474
80 870
80 788
347 336
347 350
347 846
347 658
347 107
347 939
574 467
574 996
574 408
574 577
574 113
574 715
544 329
544 250
544 5
544 491
544 465
853 588
853 69
853 757
853 154
853 564
853 394
75 247
75 801
75 950
75 236
75 534
75 286
640 257
640 683
640 199
640 507
640 233
341 897
341 526
341 964
341 962
341 755
341 915
939 732
939 421
939 270
939 153
939 605
99 724
99 593
99 748
99 767
99 390
99 698
997 328
997 631
997 873
997 816
997 395
997 78
449 31
449 59
449 844
449 588
449 729
449 811
320 230
320 917
320 425
320 339
320 904
320 528
965 992
965 306
965 148
965 722
965 791
49 715
49 257
49 743
49 676
49 992
49 489
996 59
996 220
996 107
533 497
533 597
533 17
533 692
533 524
533 478
304 123
304 242
304 335
304 579
304 532
135 218
135 893
135 796
135 4
135 751
135 941
919 547
919 356
919 755
875 738
875 468
875 459
875 911
875 241
875 949
917 751
917 316
917 972
917 898
991 31
991 868
991 251
991 711
991 685
991 352
809 391
809 284
809 496
809 697
809 184
809 723
900 446
900 210
900 419
900 631
900 603
900 889
34 707
34 151
34 486
34 773
34 726
644 794
644 707
644 228
644 819
644 652
502 739
502 185
502 711
502 993
502 168
712 119
712 92
712 595
712 752
712 415
712 958
520 884
520 273
520 791
520 821
520 510
617 470
617 858
617 275
617 18
617 837
617 281
868 54
868 267
868 654
868 64
955 222
955 189
955 942
955 993
955 627
588 890
588 564
588 881
588 43
439 26
439 684
439 387
439 676
549 995
549 60
549 830
549 431
549 402
364 523
364 943
364 546
364 276
364 102
364 559
369 915
369 262
369 619
369 231
369 880
369 148
260 757
260 65
260 803
260 519
260 616
260 352
806 356
806 758
806 830
806 127
806 945
554 984
554 83
554 322
554 624
554 141
554 674
204 451
204 271
204 477
204 285
682 253
682 62
682 79
682 914
682 864
383 573
383 490
383 422
383 677
383 140
383 312
913 577
913 772
913 365
913 39
191 246
191 981
191 729
191 611
191 87
563 654
563 334
563 389
563 854
753 874
753 193
753 292
753 767
753 888
753 43
83 603
83 33
83 624
83 998
83 353
621 546
621 892
621 11
621 452
621 925
621 120
518 511
518 253
518 261
518 262
518 96
518 345
608 24
608 564
608 406
608 634
608 392
608 616
622 607
622 307
622 366
622 286
622 76
622 174
586 623
586 772
586 909
586 109
586 542
586 752
832 192
832 728
832 582
832 424
832 773
367 589
367 560
367 734
367 444
825 801
825 125
825 494
825 677
825 10
825 119
885 477
885 892
885 425
885 140
885 152
898 834
898 156
898 814
898 461
393 634
393 188
393 129
393 282
393 190
393 73
890 325
890 582
890 207
890 184
951 613
951 685
951 987
951 892
951 409
951 983
693 368
693 192
693 471
693 256
693 250
887 744
887 662
887 130
887 158
887 881
887 265
945 711
945 653
945 801
945 152
945 297
498 838
498 851
498 799
498 282
498 848
498 517
755 5
755 910
755 214
755 384
396 834
396 288
396 241
396 988
396 855
973 115
973 227
973 770
973 729
973 301
973 636
284 77
284 62
284 750
503 721
503 791
503 675
503 516
503 229
795 575
795 734
795 125
795 534
795 726
795 930
978 277
978 770
978 884
985 71
985 402
985 141
985 785
985 697
521 661
521 349
521 291
521 132
521 860
521 87
595 782
595 684
595 41
595 601
273 810
273 813
273 326
273 565
273 791
711 192
711 907
711 345
984 150
984 22
984 417
984 558
4 247
4 164
4 116
4 807
4 664
76 856
76 278
76 126
76 281
76 539
323 148
323 321
323 698
323 620
323 494
350 280
350 944
350 82
350 269
350 592
486 664
486 232
486 880
486 25
486 708
192 748
192 627
192 691
541 0
541 725
541 915
541 940
541 151
174 834
174 299
174 150
174 697
174 597
227 601
227 250
227 780
227 340
227 977
480 928
480 169
480 252
480 869
480 969
480 349
944 536
944 231
944 47
944 837
944 609
713 504
713 536
713 173
713 994
713 112
713 142
162 794
162 983
162 746
162 673
162 394
162 754
783 874
783 14
783 65
783 811
783 556
783 782
133 726
133 322
133 792
133 471
133 871
133 838
706 118
706 375
706 147
706 856
706 612
706 873
104 950
104 397
104 223
104 594
104 0
104 860
958 557
958 493
958 994
958 725
856 126
856 148
856 147
856 131
971 698
971 748
971 66
971 531
500 941
500 613
500 895
500 949
500 388
500 820
778 602
778 353
778 952
778 482
778 461
266 989
266 539
266 332
266 353
266 409
611 100
611 107
611 185
611 838
611 400
175 261
175 403
175 508
175 309
838 800
838 56
838 428
324 514
324 618
324 295
324 720
552 123
552 179
552 839
552 567
552 116
552 193
97 433
97 352
97 298
97 201
97 386
244 790
244 86
244 209
244 457
244 681
244 211
927 957
927 71
927 598
927 61
927 688
927 895
513 170
513 217
513 654
513 477
513 37
513 200
833 623
833 38
833 956
833 757
833 173
452 252
452 11
452 48
452 932
966 194
966 604
966 845
966 222
966 641
937 402
937 548
937 451
988 155
988 446
988 283
988 105
172 278
172 671
172 501
274 648
274 938
274 683
274 577
888 740
888 770
888 670
888 880
888 834
362 646
362 773
362 41
362 433
362 430
362 477
700 893
700 774
700 777
700 153
700 785
392 95
392 312
392 403
790 604
790 942
790 836
790 56
232 12
232 836
232 329
232 143
232 597
819 677
819 747
819 560
74 389
74 863
74 869
74 910
74 857
74 585
63 150
63 126
63 348
63 998
63 81
703 425
703 918
703 378
703 871
703 787
703 624
844 956
844 780
844 962
844 992
33 332
33 25
33 119
33 815
849 356
849 708
849 419
849 572
665 599
665 542
665 150
665 23
665 931
92 615
92 335
92 79
92 986
240 566
240 873
240 488
240 768
450 487
450 602
450 605
450 82
450 53
450 953
768 332
768 105
768 797
768 824
768 766
84 18
84 845
84 296
84 841
84 707
84 792
468 201
468 335
468 532
468 673
468 649
398 655
398 53
398 336
398 256
398 746
398 245
478 278
478 155
478 936
478 607
840 391
840 553
840 444
840 897
206 782
206 132
206 194
206 576
206 517
802 791
802 226
802 16
802 901
802 936
118 32
118 473
118 3
118 13
118 109
38 316
38 751
38 553
38 725
437 716
437 229
437 528
437 339
51 591
51 66
51 415
51 882
51 108
519 343
519 804
519 559
519 490
519 233
308 673
308 981
308 573
308 687
308 56
308 415
306 860
306 91
306 131
306 482
306 171
925 158
925 358
925 203
925 545
925 310
776 523
776 354
776 688
776 504
776 127
488 912
488 938
754 796
754 938
754 352
754 394
754 91
792 389
792 726
792 27
134 294
134 942
134 822
134 879
935 537
935 583
935 623
935 457
935 419
85 466
85 201
85 200
85 848
85 603
215 355
215 721
215 947
215 327
215 346
215 41
743 930
743 609
743 91
743 663
523 735
523 824
46 237
46 431
46 387
46 291
46 164
46 365
683 209
683 336
62 77
62 529
62 649
62 720
421 68
421 230
421 384
421 322
421 32
93 422
93 477
93 302
93 291
93 828
681 265
681 592
681 348
681 982
764 465
764 803
764 391
764 936
764 129
169 278
169 929
169 287
169 972
169 529
365 78
365 213
365 299
687 400
687 461
687 609
687 921
687 651
490 566
490 786
490 573
490 804
200 579
200 170
200 252
200 199
529 760
529 956
529 558
529 546
473 230
473 45
473 348
268 237
268 402
268 212
268 652
54 635
54 386
54 399
54 390
420 537
420 465
420 781
420 345
420 934
420 994
659 8
659 412
659 673
659 166
432 911
432 447
432 962
432 239
432 630
432 258
862 295
862 410
862 23
862 863
862 561
111 979
111 684
111 613
111 9
243 620
243 912
243 147
243 989
288 185
288 77
96 730
96 904
96 119
96 116
275 148
275 623
275 777
275 977
275 841
949 194
949 492
949 181
949 259
357 127
357 667
357 45
112 582
112 190
112 69
112 386
628 128
628 677
628 334
628 798
628 824
628 299
861 631
861 176
861 79
861 166
895 457
895 280
895 669
895 841
310 719
310 909
310 814
310 836
108 447
108 566
774 765
774 29
774 537
774 292
774 816
583 824
583 857
583 483
583 692
800 301
800 530
800 953
800 812
800 210
329 759
329 303
329 263
329 661
23 497
23 141
23 941
23 117
141 645
813 987
813 906
813 372
813 117
407 740
407 167
407 372
407 361
407 412
661 531
661 989
661 636
661 236
95 354
95 812
95 910
95 211
166 613
166 909
166 858
166 685
667 692
667 880
667 281
667 942
737 999
737 642
737 770
737 156
737 664
737 358
142 98
142 286
142 434
142 850
142 296
61 581
61 470
61 863
61 957
3 188
3 236
3 797
3 371
3 953
613 309
613 302
879 810
879 629
921 70
921 361
921 459
921 511
230 384
230 397
230 786
512 130
512 827
512 624
512 928
512 547
512 896
189 405
189 24
189 910
474 804
474 788
474 186
474 629
952 159
952 788
952 317
952 483
728 508
728 403
728 113
728 575
728 190
530 559
530 171
530 271
530 258
530 931
624 86
461 609
461 150
461 228
18 173
18 870
18 928
18 363
592 182
592 907
592 787
531 642
531 271
610 73
610 511
610 199
610 874
998 422
998 404
998 666
998 748
292 29
292 762
292 987
292 676
343 967
343 37
343 688
642 451
642 750
697 334
697 901
697 330
870 107
870 566
870 65
870 934
957 585
957 481
957 599
957 992
57 56
57 257
57 409
57 82
57 773
934 692
934 666
934 599
934 578
326 729
326 848
326 276
601 64
601 129
412 756
412 196
412 740
524 303
524 106
524 265
524 445
524 810
623 786
936 388
936 330
936 254
729 332
729 276
954 39
954 580
954 668
954 466
418 627
418 866
418 698
418 782
418 433
418 589
424 228
424 100
424 246
115 582
115 103
115 638
115 636
115 915
237 340
237 796
237 153
725 994
725 125
725 203
669 492
669 553
669 656
669 153
458 914
458 646
458 447
458 815
458 565
171 258
171 390
171 264
171 570
675 454
675 229
675 493
675 536
447 798
447 203
720 618
720 331
720 864
720 750
990 408
990 757
990 256
990 41
990 24
632 404
632 724
632 228
632 715
653 599
653 534
653 14
653 375
653 185
671 672
671 144
671 864
671 124
747 961
747 828
864 345
864 285
864 717
136 293
136 732
136 404
136 170
136 152
648 497
648 223
648 807
648 567
128 470
128 334
128 773
128 278
482 836
482 788
482 708
709 851
709 676
709 264
709 757
589 196
589 106
250 19
250 29
250 79
848 928
848 388
68 846
68 319
68 102
68 14
68 590
691 298
691 960
691 718
691 817
691 281
11 839
11 960
11 48
32 696
32 560
32 718
32 122
100 201
100 217
301 752
301 55
301 45
301 340
670 716
670 363
972 929
972 336
972 758
972 817
820 208
820 567
820 922
820 765
969 956
969 416
969 485
15 904
15 245
15 999
15 179
15 425
15 673
950 65
950 197
950 982
950 82
698 508
698 581
371 821
371 798
371 254
639 630
639 618
639 546
639 86
639 797
639 645
253 967
253 481
253 327
119 553
491 735
491 53
491 208
491 130
491 436
915 151
915 843
373 572
373 307
373 510
373 579
373 270
373 922
514 325
514 446
514 425
514 399
285 302
285 556
285 55
334 545
334 876
9 631
9 294
9 964
9 123
9 911
354 570
354 842
354 353
354 270
345 914
345 404
267 732
267 741
267 666
649 120
649 863
649 467
829 822
829 897
829 843
829 94
829 281
829 796
910 727
30 780
30 516
30 86
30 532
785 193
785 98
785 451
233 113
233 627
233 70
656 24
656 203
656 511
656 986
656 843
155 176
155 497
155 605
155 942
328 767
328 884
752 226
752 830
752 846
812 781
812 618
843 467
843 690
843 186
239 860
239 578
239 485
239 368
239 144
815 282
815 948
815 914
269 619
269 277
269 325
269 739
460 387
460 575
460 722
460 403
460 526
440 938
440 65
440 361
440 851
440 431
440 360
576 335
576 203
576 259
19 932
19 732
19 881
19 26
19 426
403 740
403 799
760 181
760 506
760 12
760 425
760 926
932 872
932 699
143 496
143 352
264 331
264 501
264 855
851 375
851 799
851 59
395 209
395 631
395 358
395 132
724 443
724 13
724 132
443 415
443 106
839 749
839 953
839 193
839 117
212 179
212 827
212 930
212 979
983 330
983 147
983 556
893 779
893 614
893 397
893 262
527 738
527 860
527 582
527 804
560 646
560 960
220 222
220 545
220 571
220 977
220 804
429 428
429 923
429 5
429 884
280 154
280 718
280 121
73 539
73 496
73 593
652 26
652 242
652 66
882 492
882 416
882 207
678 662
678 258
678 822
678 295
678 391
557 845
557 746
557 781
557 741
190 846
190 896
190 113
117 504
117 553
287 445
287 963
287 270
287 353
242 532
242 769
242 821
242 181
259 222
259 277
511 261
511 496
629 469
629 779
629 485
629 690
597 855
597 772
871 916
871 977
871 144
434 749
434 699
434 896
434 506
434 645
924 238
924 817
924 45
924 923
924 781
924 651
545 579
545 892
759 834
759 929
759 140
759 732
258 662
717 982
717 645
717 384
717 981
803 120
803 164
210 716
210 598
210 247
534 231
534 327
102 410
102 14
102 22
270 842
270 735
836 570
836 484
127 750
127 547
127 744
214 158
214 223
214 12
214 906
677 594
677 251
299 727
299 604
528 516
528 325
528 12
70 735
70 916
70 339
487 109
487 13
487 896
487 53
487 492
331 167
331 931
331 246
331 828
65 616
339 565
368 948
368 26
368 485
547 721
547 336
565 126
565 914
578 769
578 837
578 444
765 309
765 26
765 797
81 579
81 842
81 606
633 71
633 98
633 342
633 904
197 684
197 316
197 867
399 431
399 254
399 692
668 735
668 664
668 787
668 580
408 31
408 24
98 483
98 457
98 340
298 962
298 295
298 599
282 173
82 263
82 918
614 779
614 507
614 634
878 446
878 655
878 24
878 294
375 496
707 794
199 814
199 283
199 170
873 317
873 964
824 658
17 245
17 593
17 912
17 286
17 406
181 582
181 926
181 571
252 86
252 798
663 796
663 947
580 748
580 238
580 685
138 741
138 799
138 585
430 749
430 48
430 344
615 722
615 176
615 120
416 147
416 196
416 506
400 609
400 772
251 979
251 297
619 598
619 231
619 433
619 262
779 129
766 286
766 860
651 263
651 106
651 467
431 355
579 572
277 349
277 283
277 497
87 170
87 265
87 645
261 811
261 912
261 125
662 294
662 822
662 22
641 889
641 975
641 517
654 510
654 953
391 723
391 483
718 131
718 122
718 467
794 505
794 309
409 801
409 953
409 634
164 581
151 674
151 773
417 91
417 748
417 153
417 572
188 872
188 719
188 930
188 201
281 732
612 708
612 122
612 869
612 501
433 811
746 606
163 271
163 105
163 907
922 186
466 782
466 591
59 797
59 366
59 810
276 798
276 866
276 344
646 330
646 914
646 213
738 911
738 928
777 635
777 153
777 496
777 238
179 245
179 312
866 43
866 721
94 756
94 406
94 602
750 159
750 593
762 749
762 722
762 293
762 156
570 577
607 730
607 590
132 604
132 782
758 940
446 372
986 454
986 445
716 312
218 454
218 734
218 627
218 909
967 977
967 537
967 992
405 226
217 194
217 358
564 780
564 25
564 989
109 91
254 948
585 481
356 184
356 469
356 539
222 37
874 422
505 29
636 317
636 41
358 410
666 801
816 620
816 696
816 734
293 635
293 256
355 850
355 378
355 504
355 346
696 10
696 394
696 64
837 842
837 231
635 256
635 223
889 154
889 854
889 283
484 236
484 504
484 319
484 168
846 590
22 857
22 993
406 459
909 457
909 105
542 594
542 688
947 567
947 872
55 684
55 561
307 390
307 510
419 241
419 572
981 60
981 246
884 907
348 672
348 867
265 241
426 881
426 493
426 103
699 397
699 124
673 402
336 658
993 854
378 10
378 363
772 855
772 814
817 781
817 238
31 561
31 923
456 655
456 744
456 39
481 47
807 594
807 465
807 930
594 444
594 688
810 850
810 537
226 184
226 869
226 916
483 168
483 719
979 770
316 943
316 751
722 546
722 122
618 415
721 103
721 454
257 912
257 719
672 451
672 43
182 193
182 361
182 107
182 360
182 907
349 207
982 929
821 223
78 296
78 501
786 263
131 494
532 854
325 558
928 211
744 124
744 228
494 386
999 581
999 229
999 850
312 526
140 638
140 477
297 558
297 313
457 69
10 211
327 53
327 39
344 911
344 566
344 739
797 26
152 428
303 397
303 48
238 125
238 923
263 469
539 989
539 926
390 60
390 929
123 741
123 876
29 16
516 313
516 577
590 963
830 360
271 154
14 459
14 948
938 37
938 465
228 602
66 291
493 630
467 536
526 901
561 854
561 388
352 319
876 286
170 322
194 144
91 943
342 897
167 410
167 931
167 372
975 121
178 571
178 867
178 546
178 961
346 727
422 150
410 918
156 90
60 989
60 229
630 923
604 106
507 756
507 655
674 685
43 605
727 994
734 148
548 121
548 506
154 723
510 616
124 941
389 960
459 454
470 231
470 620
931 404
387 246
184 811
855 987
929 811
394 69
719 236
863 591
863 869
186 363
360 361
247 428
606 854
606 943
48 489
48 791
627 956
256 130
536 506
963 126
963 638
963 489
904 471
726 943
735 185
567 207
489 90
605 602
964 16
71 8
86 69
168 739
159 27
444 319
444 16
504 415
850 581
741 302
808 302
906 291
492 388
56 317
208 90
485 571
485 404
940 918
559 16
372 361
209 638
125 828
767 676
767 436
827 916
827 130
90 116
926 872
388 454
799 207
47 16
977 236
987 64
469 690
0 577
869 602
158 857
319 517
436 961
603 690
690 246
64 995
834 295
