50 936
50 839
50 962
50 284
50 360
50 916
235 65
235 712
235 506
235 848
235 834
235 615
52 923
52 272
52 666
52 594
52 966
52 946
833 174
833 625
833 778
833 85
833 730
833 556
363 67
363 685
363 657
363 945
363 409
363 918
466 306
466 974
466 970
466 14
466 58
466 786
141 340
141 123
141 27
141 589
141 213
141 839
502 155
502 942
502 585
502 395
502 379
502 64
44 874
44 316
44 846
44 395
44 373
44 554
191 294
191 303
191 217
191 328
191 521
191 883
318 262
318 834
318 18
318 611
318 961
318 36
580 883
580 934
580 521
580 795
580 252
580 401
288 821
288 779
288 112
288 803
288 133
288 206
817 994
817 745
817 820
817 926
817 897
817 130
129 955
129 142
129 374
129 54
129 10
129 681
564 882
564 986
564 338
564 45
564 87
564 282
85 956
85 728
85 931
85 91
85 990
866 940
866 517
866 916
866 605
866 356
866 540
567 574
567 739
567 378
567 459
567 545
567 891
875 754
875 555
875 57
875 101
875 624
875 189
29 413
29 672
29 405
29 998
29 642
29 463
562 761
562 261
562 204
562 987
562 470
562 710
362 684
362 935
362 697
362 395
362 526
362 93
622 764
622 944
622 685
622 637
622 261
622 226
327 643
327 338
327 601
327 534
327 138
327 588
893 384
893 949
893 76
893 818
893 155
893 136
330 531
330 742
330 135
330 612
330 504
330 516
410 265
410 262
410 638
410 524
410 389
410 292
816 438
816 122
816 20
816 465
816 692
816 313
941 907
941 484
941 864
941 652
941 969
941 329
79 185
79 753
79 809
79 437
79 880
79 765
419 597
419 506
419 2
419 994
419 551
419 610
231 123
231 823
231 645
231 58
231 425
231 323
696 786
696 398
696 226
696 250
696 305
696 270
831 452
831 565
831 914
831 920
831 236
831 676
957 615
957 647
957 32
957 509
957 681
957 72
476 569
476 170
476 395
476 490
476 654
476 891
500 168
500 916
500 446
500 470
500 971
500 139
783 769
783 775
783 263
783 111
783 339
783 369
3 9
3 136
3 800
3 615
3 660
3 841
954 688
954 259
954 880
954 84
954 279
954 55
432 348
432 457
432 959
432 447
432 185
432 592
951 183
951 704
951 273
951 877
951 9
951 926
514 711
514 433
514 156
514 263
514 974
514 220
612 450
612 394
612 700
612 356
612 218
182 490
182 683
182 286
182 592
182 189
182 820
776 561
776 623
776 848
776 239
776 808
776 882
212 722
212 879
212 165
212 201
212 416
212 507
310 913
310 474
310 594
310 837
310 882
310 851
541 892
541 814
541 365
541 371
541 125
541 545
456 262
456 382
456 642
456 222
456 565
456 409
670 429
670 179
670 676
670 639
670 769
670 548
110 861
110 46
110 229
110 558
110 651
110 778
936 178
936 548
936 684
936 232
936 854
512 694
512 667
512 887
512 301
512 345
512 843
687 326
687 496
687 859
687 499
687 703
687 643
154 66
154 585
154 841
154 726
154 286
154 910
570 126
570 858
570 16
570 7
570 919
570 736
24 744
24 962
24 916
24 610
24 208
24 582
869 667
869 959
869 927
869 308
869 826
869 614
902 435
902 942
902 145
902 956
902 498
902 577
958 901
958 650
958 932
958 183
958 43
958 411
499 14
499 6
499 805
499 695
499 971
82 971
82 205
82 359
82 227
82 803
82 554
810 987
810 665
810 857
810 876
810 569
810 421
145 338
145 551
145 123
145 791
145 414
341 131
341 483
341 823
341 489
341 308
341 561
188 984
188 734
188 691
188 597
188 427
188 345
977 67
977 719
977 238
977 304
977 663
977 249
381 271
381 536
381 273
381 813
381 315
381 95
877 718
877 411
877 402
877 173
877 286
590 797
590 881
590 322
590 344
590 417
590 618
871 702
871 339
871 171
871 234
871 537
871 614
591 7
591 579
591 526
591 677
591 547
591 152
836 334
836 929
836 164
836 227
836 134
836 610
737 966
737 847
737 97
737 328
737 412
737 699
890 535
890 102
890 751
890 557
890 654
890 861
851 53
851 997
851 603
851 646
851 766
912 487
912 772
912 286
912 301
912 950
912 889
289 320
289 766
289 113
289 255
289 857
289 742
385 906
385 560
385 138
385 177
385 401
385 923
982 21
982 144
982 428
982 226
982 349
982 491
583 853
583 346
583 597
583 743
583 518
583 208
603 484
603 271
603 167
603 897
603 238
661 702
661 550
661 236
661 775
661 946
661 752
782 684
782 997
782 218
782 648
782 101
782 195
812 531
812 114
812 18
812 928
812 975
812 31
25 313
25 404
25 225
25 306
25 660
25 280
34 423
34 712
34 826
34 932
34 463
34 173
510 663
510 190
510 138
510 813
510 839
510 535
184 247
184 698
184 149
184 765
184 210
184 756
714 259
714 113
714 700
714 887
714 701
714 417
180 196
180 980
180 420
180 998
180 390
180 852
335 767
335 856
335 511
335 735
335 68
335 424
399 408
399 380
399 105
399 393
399 755
399 173
751 393
751 200
751 861
751 760
751 730
175 960
175 420
175 793
175 472
175 964
175 635
894 39
894 282
894 138
894 213
894 607
894 838
176 561
176 366
176 251
176 593
176 65
176 528
859 223
859 531
859 973
859 86
859 232
42 985
42 73
42 428
42 827
42 618
42 755
630 889
630 68
630 947
630 287
630 992
630 609
109 105
109 617
109 980
109 804
109 296
109 924
131 542
131 777
131 596
131 465
131 343
13 649
13 648
13 416
13 829
13 26
13 572
572 746
572 998
572 210
572 794
572 898
331 578
331 192
331 402
331 995
331 838
331 219
732 422
732 682
732 165
732 325
732 787
732 28
906 625
906 621
906 904
906 602
906 306
969 528
969 759
969 97
969 820
969 395
529 421
529 821
529 560
529 599
529 273
529 627
494 127
494 111
494 40
494 708
494 337
494 402
469 104
469 195
469 549
469 405
469 850
469 750
702 772
702 553
702 641
702 107
146 301
146 443
146 97
146 76
146 608
146 764
543 133
543 438
543 497
543 874
543 530
543 931
311 664
311 731
311 508
311 993
311 515
311 382
939 168
939 813
939 112
939 768
939 635
939 964
532 247
532 112
532 614
532 220
532 137
532 815
758 36
758 504
758 526
758 167
758 475
758 372
37 156
37 413
37 558
37 717
37 183
37 451
636 944
636 81
636 422
636 736
636 840
636 811
151 947
151 852
151 744
151 305
151 526
151 425
392 660
392 754
392 540
392 396
392 709
392 602
216 773
216 962
216 53
216 645
216 266
216 290
787 460
787 646
787 296
787 920
787 45
127 717
127 855
127 119
127 53
127 821
938 442
938 95
938 6
938 989
938 242
938 592
372 538
372 651
372 748
372 104
372 759
397 354
397 283
397 909
397 84
397 887
397 521
89 451
89 901
89 496
89 454
89 700
89 282
417 233
417 354
417 321
417 497
103 481
103 785
103 234
103 679
103 173
103 323
995 629
995 236
995 779
995 790
995 420
157 775
157 671
157 867
157 850
157 468
157 90
493 1
493 7
493 400
493 691
493 303
493 336
772 329
772 384
772 218
772 604
364 96
364 234
364 171
364 628
364 569
364 203
292 224
292 458
292 441
292 597
292 705
373 897
373 126
373 587
373 914
373 825
177 825
177 809
177 798
177 811
177 631
386 631
386 704
386 284
386 711
386 375
386 683
556 815
556 699
556 716
556 806
556 445
828 780
828 214
828 345
828 997
828 905
828 234
349 160
349 402
349 569
349 139
349 217
498 229
498 170
498 802
498 852
498 389
627 32
627 326
627 65
627 283
627 128
888 54
888 317
888 462
888 863
888 928
888 717
113 827
113 734
113 585
113 60
258 689
258 230
258 872
258 458
258 479
258 203
153 651
153 165
153 792
153 863
153 152
153 624
294 340
294 337
294 873
294 669
294 913
101 822
101 337
101 196
101 198
400 781
400 721
400 489
400 275
400 213
845 531
845 246
845 760
845 208
845 712
845 290
945 771
945 156
945 61
945 68
945 617
211 418
211 992
211 649
211 734
211 651
211 301
829 841
829 601
829 119
829 81
829 780
125 489
125 694
125 841
125 760
125 639
497 148
497 925
497 104
497 867
431 58
431 49
431 461
431 245
431 754
431 988
832 5
832 618
832 282
832 655
832 703
832 934
19 27
19 686
19 999
19 549
19 774
19 224
250 200
250 624
250 537
250 263
250 501
799 367
799 724
799 5
799 221
799 2
799 987
999 49
999 620
999 357
999 976
999 471
403 587
403 358
403 752
403 621
403 23
403 898
171 501
171 861
171 245
171 166
613 338
613 686
613 114
613 786
613 689
613 51
163 800
163 395
163 882
163 884
163 601
163 978
609 870
609 428
609 436
609 993
609 864
644 733
644 791
644 460
644 835
644 822
644 152
796 380
796 504
796 426
796 442
796 998
796 961
162 605
162 932
162 847
162 308
162 224
162 501
354 949
354 98
354 178
354 873
90 398
90 873
90 189
90 551
90 892
106 9
106 887
106 388
106 67
106 99
106 905
254 457
254 238
254 638
254 632
254 561
254 821
126 123
126 117
126 649
126 731
461 272
461 291
461 437
461 239
461 276
118 755
118 501
118 525
118 30
118 848
118 284
228 992
228 73
228 600
228 122
228 711
228 575
144 321
144 194
144 886
144 678
144 18
366 595
366 470
366 598
366 357
366 691
299 549
299 878
299 26
299 849
299 69
299 846
389 723
389 537
389 569
389 513
43 825
43 615
43 760
43 518
43 841
463 312
463 789
463 678
463 404
278 446
278 336
278 249
278 731
278 850
278 978
595 690
595 72
595 947
595 773
595 120
620 968
620 143
620 206
620 491
620 584
132 805
132 983
132 26
132 333
132 158
132 202
886 857
886 165
886 553
886 862
886 140
161 848
161 479
161 907
161 927
161 441
161 756
455 699
455 100
455 929
455 450
455 83
455 631
674 773
674 742
674 826
674 929
674 840
674 989
940 462
940 484
940 346
940 781
940 970
515 70
515 404
515 255
515 686
515 473
15 0
15 482
15 371
15 839
15 293
15 164
221 440
221 801
221 712
221 950
221 166
370 593
370 853
370 236
370 911
370 83
370 761
444 413
444 698
444 287
444 561
444 677
444 285
663 413
663 554
663 201
663 924
74 504
74 408
74 733
74 929
74 424
74 614
801 962
801 339
801 355
801 264
801 492
147 780
147 573
147 201
147 352
147 789
147 39
785 23
785 271
785 719
785 14
785 445
726 10
726 21
726 846
726 458
726 416
727 955
727 93
727 398
727 588
727 20
727 876
594 135
594 298
594 167
594 662
333 707
333 844
333 59
333 784
333 421
948 707
948 826
948 94
948 244
948 927
948 862
956 881
956 804
956 741
956 285
248 768
248 479
248 905
248 290
248 193
248 934
953 279
953 847
953 617
953 593
953 697
953 876
361 522
361 54
361 439
361 61
361 900
361 635
186 58
186 237
186 553
186 164
186 308
186 998
898 293
898 872
898 528
898 77
478 7
478 611
478 854
478 864
478 166
478 217
777 608
777 546
777 557
777 55
777 259
390 699
390 605
390 876
390 530
390 793
412 505
412 133
412 576
412 406
412 629
423 128
423 582
423 860
423 140
423 360
230 148
230 955
230 928
230 924
230 245
650 667
650 87
650 260
650 749
650 960
889 759
889 243
889 775
889 280
757 874
757 20
757 121
757 677
757 708
757 98
749 27
749 0
749 735
749 408
749 984
446 467
446 990
446 210
446 271
830 68
830 619
830 944
830 262
830 116
830 22
197 878
197 805
197 41
197 539
197 426
197 555
763 795
763 705
763 922
763 202
763 475
763 501
143 930
143 523
143 302
143 706
143 657
792 405
792 566
792 449
792 697
792 856
92 690
92 261
92 952
92 332
92 667
92 287
189 298
189 440
189 518
482 247
482 734
482 735
482 753
482 762
12 81
12 917
12 9
12 100
12 826
12 790
80 944
80 725
80 747
80 130
80 437
80 651
986 229
986 1
986 901
986 655
986 56
102 935
102 753
102 420
102 300
102 701
382 270
382 257
382 972
382 398
660 174
660 930
660 350
353 505
353 60
353 472
353 710
353 196
353 747
867 262
867 217
867 682
867 181
22 128
22 97
22 614
22 820
22 779
93 970
93 309
93 585
93 454
187 467
187 135
187 425
187 130
187 697
187 943
426 857
426 178
426 276
426 645
257 705
257 142
257 7
257 439
257 527
899 1
899 368
899 538
899 86
899 284
899 606
116 560
116 265
116 868
116 741
116 516
17 706
17 820
17 848
17 206
17 770
17 511
283 525
283 707
283 934
283 623
193 268
193 265
193 648
193 825
193 179
505 748
505 148
505 30
505 990
340 352
340 991
340 39
340 322
375 892
375 718
375 134
375 252
375 789
740 615
740 688
740 896
740 545
740 855
740 575
903 992
903 247
903 264
903 809
903 255
903 63
724 668
724 41
724 770
724 272
724 442
895 649
895 576
895 317
895 404
895 887
895 55
342 433
342 91
342 908
342 588
342 835
342 690
979 520
979 440
979 272
979 534
979 223
979 965
256 139
256 818
256 919
256 944
256 99
256 238
561 743
377 678
377 246
377 274
377 170
377 507
377 949
442 460
442 96
442 398
535 708
535 840
535 605
535 332
736 884
736 517
736 774
736 854
8 629
8 503
8 45
8 172
8 198
8 555
316 454
316 901
316 2
316 97
316 947
270 190
270 486
270 296
270 521
581 350
581 251
581 844
581 659
581 237
581 215
31 645
31 988
31 295
31 484
31 745
973 774
973 436
973 550
973 122
973 863
347 81
347 48
347 78
347 544
347 128
347 923
721 548
721 797
721 739
721 383
721 66
788 552
788 671
788 351
788 701
788 961
788 297
738 36
738 243
738 743
738 434
738 536
738 598
266 915
266 312
266 246
266 526
266 336
467 73
467 806
467 238
467 357
49 213
49 0
49 539
49 351
631 204
631 215
631 819
745 975
745 352
745 414
745 974
429 666
429 779
429 577
429 513
429 98
610 81
610 457
610 747
568 884
568 682
568 767
568 26
568 315
568 285
805 972
805 155
805 69
240 64
240 77
240 94
240 477
240 59
240 378
823 641
823 900
823 100
823 78
111 195
111 669
111 733
111 468
51 406
51 115
51 589
51 923
51 6
807 492
807 677
807 490
807 669
807 720
807 654
918 746
918 75
918 926
918 994
918 559
297 305
297 625
297 605
297 920
297 770
985 989
985 10
985 667
985 491
985 326
319 558
319 690
319 820
319 571
319 312
319 483
329 214
329 694
329 520
329 657
291 158
291 539
291 492
291 846
291 972
496 492
496 678
496 398
496 202
121 932
121 525
121 555
121 458
121 268
759 30
759 9
759 285
309 430
309 348
309 729
309 854
309 672
550 237
550 522
550 302
550 917
565 513
565 996
565 728
565 462
285 374
285 236
4 306
4 881
4 244
4 827
4 579
4 243
439 711
439 715
439 312
439 62
606 464
606 0
606 427
606 658
606 601
773 656
773 657
773 865
546 634
546 286
546 996
546 814
546 742
642 914
642 694
642 346
642 16
586 183
586 676
586 910
586 932
586 468
586 539
678 989
678 200
481 600
481 962
481 578
481 574
481 396
324 57
324 99
324 679
324 451
324 705
324 574
794 117
794 300
794 210
794 896
794 271
142 965
142 168
142 276
142 122
194 959
194 120
194 150
194 451
194 698
684 501
684 741
684 301
165 668
165 378
46 705
46 368
46 524
46 23
46 181
706 818
706 679
706 587
706 277
976 671
976 847
976 413
976 445
976 974
509 618
509 800
509 475
509 998
509 744
626 685
626 968
626 10
626 336
626 284
626 112
872 914
872 786
872 359
872 652
98 658
98 33
98 767
487 600
487 445
487 666
487 916
487 735
621 558
621 838
621 545
621 616
168 415
168 483
168 837
369 656
369 427
369 225
369 66
369 901
277 486
277 172
277 241
277 352
277 602
495 174
495 669
495 209
495 164
495 83
495 922
797 298
797 879
797 430
797 617
870 552
870 632
870 640
870 424
870 181
388 115
388 160
388 128
388 245
388 884
671 909
671 681
671 930
253 712
253 460
253 339
253 789
253 11
253 952
835 518
835 544
835 40
835 943
747 923
747 473
747 656
789 27
789 284
545 117
545 834
343 88
343 229
343 517
343 922
343 523
868 488
868 563
868 608
868 824
868 917
536 434
536 729
536 227
536 247
834 931
834 306
834 345
840 420
840 462
840 844
421 205
421 837
421 878
704 148
704 718
704 276
704 795
38 209
38 873
38 39
38 72
38 611
38 950
57 658
57 710
57 464
57 114
681 559
681 643
681 688
252 551
252 454
252 195
252 926
931 904
931 997
931 344
566 538
566 100
566 716
566 227
566 355
978 94
978 365
978 360
978 134
275 233
275 983
275 314
275 739
275 298
506 703
506 933
506 45
506 802
518 693
518 683
464 435
464 652
464 307
464 635
558 220
558 409
891 963
891 659
891 685
891 854
76 73
76 280
76 263
76 623
344 963
344 686
344 219
344 449
376 59
376 358
376 623
376 885
376 183
376 883
703 517
703 921
703 676
803 308
803 371
803 204
803 326
108 786
108 40
108 48
108 352
108 210
108 315
365 582
365 414
365 741
365 112
28 688
28 323
28 971
28 485
28 314
86 708
86 160
86 842
86 167
346 23
346 919
346 207
981 202
981 124
981 682
981 874
981 731
981 201
922 719
922 203
922 813
643 337
643 261
643 32
616 209
616 884
616 58
616 259
616 648
691 434
691 358
691 225
437 584
437 26
437 279
460 269
460 234
527 964
527 307
527 764
527 418
527 619
991 717
991 917
991 368
991 200
991 471
156 304
156 35
156 350
935 307
935 709
935 719
935 272
963 598
963 537
963 723
963 933
774 408
774 207
774 961
465 984
465 966
465 67
465 589
387 472
387 804
387 87
387 241
387 33
387 729
459 800
459 290
459 75
459 548
459 169
798 10
798 925
798 618
798 173
798 793
933 533
933 974
933 380
933 407
934 117
934 771
808 672
808 728
808 819
808 323
808 384
222 857
222 964
222 720
222 775
222 112
209 764
209 244
209 804
983 599
983 607
983 634
983 734
62 920
62 695
62 685
62 334
62 909
784 730
784 32
784 488
784 653
784 220
452 746
452 280
452 664
452 317
452 413
665 824
665 534
665 350
665 996
665 705
668 624
668 786
668 508
668 824
634 450
634 348
634 686
634 427
30 41
30 226
30 860
181 314
181 589
181 244
246 587
246 441
246 528
884 415
673 711
673 137
673 119
673 407
673 56
673 633
937 750
937 325
937 159
937 313
937 237
937 791
332 728
332 210
332 672
332 405
205 649
205 430
205 483
205 14
16 754
16 639
16 599
16 814
524 929
524 633
524 701
524 10
115 905
115 259
115 229
115 841
646 598
646 645
646 765
646 928
242 858
242 730
242 619
242 155
242 664
607 424
607 430
607 302
607 768
486 640
486 688
486 728
486 748
967 198
967 440
967 987
967 762
967 520
967 479
239 639
239 384
239 315
239 521
232 60
232 201
232 584
232 393
511 904
511 490
511 852
511 14
731 251
731 707
843 298
843 913
843 167
843 424
843 677
484 215
484 554
304 0
304 149
304 159
304 337
438 430
438 980
438 766
438 818
328 279
328 474
328 735
328 207
795 214
795 371
795 857
425 357
425 274
425 715
993 662
993 666
993 41
993 638
632 640
632 968
632 858
632 725
133 300
133 282
133 790
542 140
542 450
542 659
542 563
542 483
921 406
921 96
921 900
921 415
921 457
611 574
611 980
611 615
199 996
199 158
199 589
199 755
199 676
199 955
766 378
766 695
766 552
66 925
66 407
66 134
525 6
525 394
525 107
519 107
519 192
519 742
519 59
519 314
519 166
856 658
856 41
856 409
856 528
490 473
490 858
11 308
11 659
11 150
11 637
11 618
531 629
531 994
637 348
637 842
637 83
637 577
848 40
91 215
91 739
91 992
91 593
192 293
192 965
192 356
192 223
992 907
415 18
415 540
415 604
655 950
655 409
655 860
655 139
653 908
653 819
653 601
653 443
653 928
972 623
972 61
972 224
334 173
334 33
334 241
334 683
477 420
477 483
477 95
477 596
477 915
215 352
215 407
746 136
746 943
746 733
77 422
77 827
77 468
77 700
516 974
516 578
516 305
516 534
769 712
769 739
769 713
769 675
428 268
428 475
428 767
710 720
710 33
710 474
876 944
876 729
414 597
414 881
414 800
72 638
72 767
72 765
860 715
860 915
860 588
71 374
71 53
71 733
71 752
71 530
71 453
137 624
137 281
137 596
137 639
274 571
274 317
274 649
274 433
276 537
276 6
450 303
450 445
26 878
713 994
713 975
713 780
713 56
713 551
964 473
964 806
892 739
892 454
892 485
307 267
307 492
307 910
950 190
950 480
604 174
604 200
604 394
604 36
907 422
907 549
907 88
207 822
207 5
207 411
862 873
862 744
862 53
862 160
351 802
351 666
351 608
351 20
913 780
913 743
913 778
159 539
159 838
159 360
159 582
563 69
563 547
563 462
563 692
865 910
865 81
865 174
865 552
865 150
69 821
69 752
69 530
669 911
669 104
67 200
67 652
683 462
683 662
617 411
617 910
623 574
447 966
447 508
447 679
447 416
447 700
557 750
557 313
557 172
557 984
701 928
701 900
36 170
36 138
885 472
885 198
885 55
885 273
885 63
95 932
95 585
95 697
401 155
401 728
401 582
401 904
709 128
709 633
709 448
709 473
742 760
508 150
508 664
508 264
780 554
59 441
59 436
873 744
27 765
27 533
793 47
793 849
793 925
571 233
571 379
571 55
571 359
628 771
628 597
628 458
628 855
628 725
120 988
120 698
120 435
120 138
692 664
692 911
692 6
692 819
325 427
325 690
325 667
325 213
380 930
380 424
380 140
688 203
40 185
40 305
174 185
664 707
220 345
220 130
815 282
815 802
815 592
815 367
503 172
503 355
503 99
503 926
503 303
408 63
408 123
219 587
219 880
219 418
219 544
685 689
771 693
771 204
771 306
179 293
179 946
179 473
179 169
441 575
441 443
997 811
997 234
517 223
517 863
781 929
781 647
781 53
781 443
824 139
824 383
824 858
853 107
853 584
853 838
853 260
453 265
453 548
453 863
453 5
453 750
225 530
225 367
225 64
952 887
952 61
952 908
952 185
971 402
971 167
262 629
166 5
166 574
965 416
965 1
965 63
322 356
322 914
322 489
322 544
962 348
576 966
576 850
576 339
576 806
720 658
720 384
720 436
675 378
675 152
675 657
675 97
675 676
842 822
842 404
842 54
842 551
722 84
722 208
722 114
722 436
722 656
394 84
394 959
394 488
523 170
523 47
523 647
523 927
355 379
355 526
355 666
837 864
837 924
837 555
124 924
124 64
124 839
124 942
124 471
303 716
303 764
539 224
263 435
263 522
152 48
152 849
281 920
281 63
281 313
281 47
281 443
357 662
357 224
107 822
107 540
480 559
480 267
480 718
480 750
480 552
251 504
251 260
251 960
901 715
573 548
573 63
573 148
573 383
573 172
915 878
915 88
915 534
768 474
768 730
768 139
708 960
708 560
379 407
379 633
379 748
849 18
849 698
849 750
190 206
190 434
190 368
396 73
396 883
396 949
396 800
970 61
970 247
970 359
158 422
158 813
158 33
947 18
947 756
825 522
825 847
94 850
94 533
94 317
544 575
544 988
744 356
411 968
411 715
629 491
14 54
682 943
682 847
587 686
457 598
457 975
600 280
600 149
600 136
910 358
980 245
980 819
368 716
368 272
78 639
78 765
78 350
78 451
371 513
371 99
338 214
338 507
65 804
65 204
65 984
522 602
522 748
598 756
640 599
640 762
640 41
579 638
579 699
579 472
579 391
743 994
743 135
279 717
279 436
64 406
64 677
148 88
35 104
35 255
35 83
35 996
35 507
350 23
237 881
237 202
578 741
578 533
578 839
863 105
374 336
374 987
374 584
984 45
791 243
791 752
791 360
402 770
861 229
861 21
260 881
260 718
260 474
553 530
553 575
553 84
243 826
243 241
909 608
909 203
909 960
470 295
470 596
470 695
348 70
320 449
320 265
320 959
320 662
320 596
652 838
652 360
752 47
393 577
393 489
393 218
975 238
975 321
201 448
719 87
719 599
959 287
178 818
178 900
178 367
528 654
269 290
269 135
269 654
269 943
269 204
560 264
560 9
268 846
268 614
268 874
305 45
599 169
961 321
961 930
624 358
5 699
196 641
196 7
196 314
919 942
919 989
919 471
58 244
882 753
882 584
75 312
75 748
75 323
75 925
241 286
241 855
409 968
105 549
105 679
105 821
273 70
273 778
770 170
770 489
185 806
657 633
779 533
779 21
987 809
88 753
88 427
990 852
990 169
990 433
233 680
233 391
233 68
878 540
955 21
955 695
83 577
119 896
119 723
119 117
923 588
641 689
641 547
641 206
255 296
255 711
874 122
321 549
321 249
160 883
160 448
312 208
280 659
56 647
56 68
56 690
520 136
520 440
520 547
295 905
295 735
295 422
295 433
896 577
896 707
896 680
911 846
911 908
911 806
930 625
811 479
811 946
811 315
96 916
96 214
96 226
359 293
359 575
183 802
602 897
602 926
300 718
300 130
300 680
449 754
449 434
449 942
755 730
755 150
844 164
844 471
844 47
625 761
625 198
261 298
261 819
32 858
32 589
1 249
1 20
301 287
440 538
608 761
814 406
814 790
814 651
416 405
430 960
680 468
680 900
680 48
47 917
533 658
226 715
150 920
134 383
134 265
904 879
904 214
149 827
149 855
149 725
48 443
48 21
534 169
33 949
491 114
491 99
693 339
693 756
693 433
693 554
854 949
605 547
879 996
879 198
879 729
729 760
267 313
267 540
267 84
267 762
694 507
694 454
697 60
264 852
264 559
917 767
206 122
418 656
418 635
418 593
927 475
927 384
850 883
217 287
217 434
391 485
391 538
391 656
391 761
585 741
472 778
775 223
123 485
943 813
855 700
698 73
249 764
249 155
492 593
645 488
60 754
60 761
648 924
648 942
383 513
383 679
169 778
507 753
827 195
809 317
809 672
23 20
647 588
647 725
966 559
513 822
802 61
435 504
435 988
552 2
70 635
70 925
70 547
762 223
762 521
259 659
39 818
39 302
723 296
723 87
723 638
356 326
471 619
2 271
2 227
55 479
569 601
717 54
140 488
140 296
451 100
559 367
485 117
485 716
290 448
633 689
756 689
725 100
326 208
654 474
323 946
218 716
218 790
619 596
619 880
672 946
202 914
790 734
488 662
448 302
448 104
172 407
336 404
314 114
405 130
0 458
468 880
135 988
337 195
87 592
378 475
345 445
897 555
897 245
804 227
908 537
908 203
302 293
136 367
236 406
880 213
695 358
582 905
164 592
968 244
538 864
733 989
864 315
