275 39
275 653
275 125
275 822
275 542
275 798
991 775
991 452
991 260
991 328
991 30
991 321
498 566
498 296
498 334
498 698
498 176
498 131
654 725
654 743
654 753
654 5
654 381
654 185
161 391
161 134
161 322
161 995
161 42
161 495
740 458
740 805
740 674
740 79
740 361
740 1
855 841
855 851
855 784
855 124
855 383
855 140
928 419
928 588
928 674
928 286
928 592
928 726
145 902
145 923
145 858
145 114
145 86
145 606
652 391
652 10
652 584
652 118
652 913
652 384
324 744
324 824
324 799
324 975
324 943
324 637
883 2
883 973
883 967
883 495
883 562
883 587
471 320
471 673
471 940
471 9
471 935
471 13
902 114
902 858
902 86
902 266
902 923
30 274
30 459
30 396
30 443
30 672
256 997
256 891
256 0
256 169
256 533
256 337
329 103
329 25
329 167
329 571
329 315
329 645
818 414
818 608
818 228
818 109
818 155
818 243
549 377
549 437
549 539
549 335
549 886
549 32
821 764
821 530
821 680
821 142
821 210
821 175
156 414
156 812
156 326
156 141
156 15
156 977
252 643
252 37
252 541
252 796
252 885
252 795
7 77
7 590
7 19
7 236
7 241
7 294
538 711
538 696
538 462
538 992
538 685
538 494
133 175
133 1
133 984
133 582
133 388
133 986
763 985
763 738
763 189
763 267
763 837
763 525
138 426
138 335
138 709
138 705
138 425
138 769
878 989
878 242
878 406
878 484
878 832
878 198
15 414
15 713
15 977
15 141
15 326
679 68
679 14
679 317
679 89
679 513
679 676
787 565
787 258
787 309
787 583
787 559
787 118
503 757
503 735
503 572
503 634
503 890
503 74
890 735
890 74
890 757
890 634
890 55
48 506
48 534
48 416
48 896
48 307
48 270
575 690
575 507
575 95
575 327
575 627
575 976
650 798
650 665
650 73
650 699
650 921
650 451
909 879
909 221
909 692
909 233
909 576
909 376
850 19
850 177
850 374
850 954
850 591
850 877
934 881
934 906
934 27
934 600
934 968
934 936
226 237
226 824
226 416
226 146
226 668
226 473
847 742
847 241
847 667
847 322
847 666
847 754
364 25
364 190
364 492
364 856
364 38
364 985
811 41
811 609
811 658
811 632
811 617
811 36
390 251
390 265
390 198
390 945
390 760
390 813
949 50
949 169
949 210
949 908
949 483
949 152
232 548
232 613
232 666
232 772
232 170
232 74
512 943
512 182
512 510
512 532
512 304
512 3
29 76
29 990
29 932
29 120
29 995
29 178
418 517
418 526
418 810
418 900
418 180
418 778
669 621
669 609
669 396
669 333
669 649
669 860
778 810
778 900
778 910
778 526
778 730
246 815
246 481
246 393
246 789
246 863
246 973
303 733
303 286
303 136
303 204
303 659
303 301
192 331
192 189
192 688
192 194
192 534
192 282
332 642
332 212
332 77
332 973
332 524
332 907
456 113
456 472
456 834
456 941
456 727
456 961
899 274
899 43
899 678
899 61
899 816
899 990
139 639
139 196
139 365
139 491
139 116
139 157
814 924
814 817
814 288
814 797
814 460
814 851
648 264
648 820
648 873
648 384
648 10
648 984
691 546
691 946
691 227
691 424
691 955
691 825
496 677
496 204
496 849
496 291
496 473
496 217
563 148
563 755
563 466
563 736
563 201
563 993
560 783
560 277
560 135
560 294
560 961
560 173
993 736
993 480
993 833
993 148
993 755
360 742
360 21
360 382
360 927
360 511
360 962
553 689
553 219
553 593
553 631
553 319
553 326
552 516
552 268
552 207
552 289
552 842
552 807
723 31
723 585
723 774
723 639
723 69
723 28
195 452
195 321
195 979
195 775
195 290
195 706
980 42
980 402
980 261
980 722
980 268
980 773
108 134
108 655
108 910
108 243
108 592
108 542
683 631
683 779
683 929
683 150
683 925
683 721
80 978
80 509
80 479
80 83
80 440
80 668
764 720
764 640
764 894
764 994
764 641
6 33
6 962
6 417
6 514
6 230
6 352
964 752
964 710
964 188
964 259
964 206
964 615
983 1
983 100
983 212
983 946
983 896
983 574
3 532
3 841
3 162
3 304
3 510
172 203
172 101
172 611
172 554
172 109
172 18
363 450
363 682
363 986
363 945
363 476
363 842
564 483
564 644
564 431
564 694
564 408
564 671
675 272
675 862
675 516
675 407
675 608
675 26
830 378
830 302
830 255
830 709
830 705
830 689
60 795
60 491
60 65
60 37
60 203
60 396
526 362
526 910
526 900
526 810
702 620
702 92
702 703
702 98
702 583
702 882
933 122
933 211
933 944
933 468
933 864
933 62
243 212
243 71
243 517
243 857
907 824
907 54
907 726
907 725
907 230
200 83
200 706
200 820
200 25
200 299
200 490
457 378
457 621
457 889
457 746
457 504
457 181
786 725
786 283
786 499
786 996
786 191
786 795
926 823
926 155
926 874
926 314
926 676
926 266
163 635
163 117
163 861
163 840
163 589
163 571
655 476
655 17
655 910
655 56
655 158
338 979
338 851
338 930
338 423
338 581
338 554
507 627
507 690
507 95
507 327
507 371
202 762
202 879
202 901
202 686
202 406
202 265
875 146
875 271
875 439
875 687
875 750
875 258
536 44
536 160
536 305
536 629
536 276
536 758
520 1
520 896
520 574
520 121
520 71
520 663
663 574
663 896
663 290
663 210
663 71
349 959
349 197
349 311
349 434
349 518
349 448
521 75
521 598
521 216
521 412
521 762
521 803
87 784
87 984
87 867
87 593
87 748
87 474
372 835
372 310
372 716
372 97
372 714
372 839
486 12
486 88
486 927
486 299
486 806
486 555
755 309
755 480
755 736
755 370
859 89
859 606
859 997
859 72
859 569
859 223
888 588
888 636
888 411
888 698
888 674
888 835
846 162
846 361
846 760
846 251
846 945
846 813
918 344
918 852
918 21
918 768
918 388
918 295
16 794
16 369
16 876
16 874
16 693
16 819
348 601
348 57
348 110
348 212
348 809
348 171
618 827
618 527
618 43
618 186
618 105
618 70
682 287
682 598
682 862
682 666
682 94
429 437
429 646
429 279
429 658
429 90
429 222
666 474
666 448
666 120
118 152
118 715
118 52
118 734
853 98
853 661
853 129
853 540
853 603
853 586
407 516
407 272
407 377
407 26
407 645
727 961
727 834
727 472
727 113
727 941
20 379
20 111
20 950
20 889
20 99
20 64
467 572
467 435
467 607
467 885
467 315
467 777
121 300
121 257
121 481
121 574
121 635
370 680
370 17
370 550
370 205
370 90
126 224
126 502
126 97
126 117
126 217
126 221
219 351
219 125
219 622
219 40
219 793
215 112
215 829
215 236
215 102
215 485
215 747
822 125
822 353
822 292
822 653
822 39
102 534
102 120
102 71
102 277
102 864
765 744
765 175
765 419
765 342
765 238
765 793
342 957
342 351
342 131
342 400
342 166
783 173
783 599
783 135
783 500
783 277
776 262
776 550
776 558
776 157
776 645
776 365
307 468
307 343
307 222
307 416
307 71
502 221
502 217
502 117
502 179
502 572
430 848
430 919
430 229
430 347
430 880
430 911
832 406
832 392
832 447
832 989
832 242
453 525
453 400
453 84
453 222
453 399
453 475
470 527
470 920
470 696
470 144
470 205
470 678
539 320
539 604
539 889
539 529
539 761
50 169
50 152
50 261
50 392
50 701
876 194
876 874
876 794
876 344
876 693
136 733
136 617
136 612
136 513
136 286
799 637
799 513
799 975
799 38
799 744
545 953
545 458
545 281
545 106
545 143
545 380
724 73
724 974
724 309
724 703
724 987
724 782
820 10
820 83
820 264
820 756
189 837
189 267
189 738
189 525
625 442
625 780
625 137
625 247
625 404
625 346
981 301
981 55
981 742
981 79
981 703
981 817
148 736
148 428
148 617
148 833
773 947
773 484
773 870
773 306
773 998
84 812
84 762
84 14
84 132
84 647
380 308
380 143
380 779
380 458
380 106
88 806
88 12
88 974
88 299
88 555
350 537
350 345
350 670
350 107
350 235
350 584
149 952
149 52
149 731
149 915
149 373
149 220
180 83
180 205
180 483
180 290
180 554
694 671
694 119
694 408
694 431
694 557
797 174
797 288
797 851
797 924
797 817
35 269
35 61
35 920
35 403
35 111
35 581
67 98
67 435
67 359
67 95
67 578
67 515
147 579
147 228
147 836
147 688
147 619
147 697
713 326
713 414
713 862
713 977
713 141
255 62
255 409
255 976
255 900
255 446
872 250
872 988
872 748
872 183
872 745
872 887
23 24
23 441
23 237
23 897
23 999
23 681
714 835
714 310
714 716
714 839
714 593
405 162
405 729
405 985
405 737
405 376
405 411
816 678
816 782
816 274
816 914
816 637
819 972
819 419
819 863
819 559
819 85
950 792
950 4
950 273
950 800
950 313
298 122
298 396
298 944
298 361
298 690
298 460
424 955
424 946
424 227
424 825
424 546
451 884
451 537
451 798
451 699
451 73
523 612
523 894
523 592
523 416
523 913
523 572
213 836
213 734
213 531
213 752
213 931
213 248
731 270
731 373
731 952
731 915
731 52
461 214
461 123
461 519
461 422
461 845
461 965
567 478
567 711
567 976
567 279
567 221
567 808
159 438
159 970
159 179
159 389
159 717
159 164
531 688
531 22
531 81
531 420
531 233
280 463
280 788
280 174
280 325
280 606
280 278
641 994
641 609
641 640
641 152
641 175
63 403
63 970
63 435
63 644
63 235
63 752
643 25
643 956
643 182
643 885
643 541
177 954
177 877
177 19
177 153
177 374
399 501
399 222
399 4
399 318
399 313
958 107
958 395
958 588
958 155
958 841
958 46
353 39
353 125
353 55
353 488
353 653
46 282
46 869
46 743
46 401
46 395
739 957
739 534
739 490
739 689
739 730
739 825
193 657
193 620
193 789
193 583
193 234
193 343
672 459
672 680
672 322
672 93
672 225
760 813
760 945
760 251
760 162
766 895
766 54
766 659
766 465
766 447
766 480
915 952
915 52
915 373
915 270
412 510
412 598
412 304
412 699
412 803
796 889
796 362
796 592
796 366
796 891
869 93
869 686
869 808
869 401
869 459
355 450
355 475
355 316
355 642
355 331
355 770
707 218
707 647
707 81
707 884
707 746
707 444
336 153
336 953
336 306
336 305
336 282
336 345
428 266
428 687
428 394
428 967
428 204
127 377
127 442
127 941
127 660
127 917
127 241
434 518
434 197
434 448
434 311
434 170
302 533
302 624
302 378
302 49
302 61
664 366
664 826
664 623
664 267
664 171
664 394
647 81
647 218
647 444
647 443
925 721
925 929
925 732
925 684
925 631
767 233
767 112
767 436
767 828
767 91
767 692
880 919
880 477
880 911
880 347
880 848
31 585
31 829
31 45
31 28
31 153
466 216
466 107
466 37
466 351
466 626
371 581
371 283
371 260
371 151
371 212
651 325
651 746
651 166
651 362
651 951
651 756
144 789
144 205
144 957
144 542
144 685
343 657
343 234
343 32
343 620
47 969
47 948
47 13
47 963
47 358
47 873
410 209
410 720
410 556
410 588
410 530
410 287
635 314
635 269
635 676
635 571
599 892
599 51
599 966
599 187
599 58
53 357
53 922
53 469
53 732
53 610
53 375
490 257
490 375
490 49
490 166
917 263
917 413
917 460
917 96
917 831
253 378
253 636
253 511
253 82
253 109
253 443
515 359
515 784
515 491
515 518
515 578
94 684
94 386
94 922
94 285
94 568
113 472
113 941
113 834
113 961
493 656
493 150
493 547
493 78
493 169
493 543
533 624
533 169
533 581
533 865
868 132
868 114
868 345
868 923
868 154
868 224
89 569
89 696
89 179
89 65
229 196
229 919
229 347
229 898
229 911
423 701
423 608
423 607
423 393
423 815
209 28
209 927
209 120
209 585
209 78
365 157
365 262
365 558
365 550
642 718
642 913
642 190
642 435
741 838
741 382
741 398
741 849
741 790
741 352
774 715
774 756
774 62
774 541
774 93
454 754
454 898
454 167
454 481
454 98
454 639
541 867
541 956
541 885
781 0
781 948
781 537
781 361
781 835
781 753
936 746
936 968
936 600
936 881
936 248
236 112
236 199
236 972
236 91
478 427
478 973
478 674
478 279
478 808
489 337
489 33
489 73
489 557
489 795
489 514
999 681
999 441
999 573
999 24
999 897
712 415
712 920
712 291
712 38
712 62
712 730
921 312
921 903
921 208
921 699
921 756
670 238
670 169
670 0
670 594
670 870
288 927
288 32
288 924
288 817
630 442
630 36
630 473
630 840
630 626
630 179
557 795
557 223
557 106
557 640
638 443
638 879
638 413
638 96
638 285
638 951
114 923
114 86
114 858
477 942
477 354
477 771
477 602
477 982
716 835
716 310
716 839
716 27
508 528
508 368
508 662
508 59
508 844
508 369
782 779
782 366
782 974
782 984
123 339
123 310
123 700
123 487
123 240
310 839
310 835
610 828
610 544
610 357
610 469
610 375
770 944
770 359
770 36
770 9
770 57
254 848
254 230
254 514
254 504
254 33
254 103
2 562
2 628
2 967
2 587
2 495
272 26
272 951
272 516
272 501
211 944
211 476
211 839
211 995
211 986
940 577
940 455
940 9
940 935
940 857
45 153
45 392
45 862
45 717
45 905
499 56
499 996
499 725
499 191
499 283
627 95
627 386
627 258
627 690
785 497
785 701
785 49
785 956
785 977
785 756
566 176
566 698
566 417
566 296
566 334
579 689
579 697
579 619
579 715
579 228
611 101
611 554
611 18
611 109
611 974
730 595
730 291
730 586
190 715
190 82
190 517
190 646
441 998
441 24
441 897
441 681
8 543
8 10
8 482
8 916
8 728
8 726
437 377
437 51
437 614
437 261
247 132
247 319
247 293
247 588
247 346
719 130
719 151
719 898
719 759
719 69
719 415
184 11
184 937
184 791
184 704
184 464
184 116
779 421
779 893
779 150
79 77
79 742
79 965
79 176
497 914
497 843
497 804
497 777
497 239
615 710
615 752
615 259
615 206
615 188
165 849
165 537
165 593
165 733
165 231
165 317
271 439
271 614
271 687
271 750
271 146
27 968
27 600
27 762
27 881
41 511
41 709
41 665
41 323
41 861
185 381
185 5
185 743
185 753
185 98
249 749
249 904
249 522
249 394
249 613
249 623
183 388
183 887
183 482
183 988
183 748
325 788
325 463
325 884
325 174
239 777
239 914
239 804
239 843
239 199
448 474
448 311
448 197
479 978
479 9
479 509
479 440
479 668
93 815
93 459
93 140
251 162
251 945
251 813
604 761
604 320
604 742
604 327
604 529
992 494
992 639
992 462
992 696
992 685
337 140
337 542
337 831
337 33
877 374
877 19
877 954
877 591
861 667
861 829
861 97
861 801
616 867
616 99
616 695
616 168
616 584
616 487
966 51
966 58
966 892
966 187
966 660
207 807
207 912
207 445
207 289
207 751
947 238
947 870
947 306
947 998
947 484
973 449
973 279
319 367
319 929
319 547
319 326
943 617
943 530
943 975
943 634
952 52
952 270
952 373
518 311
518 377
518 197
250 789
250 887
250 988
250 748
250 745
845 965
845 214
845 116
845 519
845 422
112 304
112 199
112 91
157 262
157 550
157 558
750 146
750 684
750 439
750 687
34 387
34 391
34 871
34 865
34 244
34 341
732 279
732 901
732 686
732 667
143 916
143 535
143 458
143 106
373 52
373 244
59 528
59 357
59 368
59 844
59 662
905 970
905 717
905 389
905 164
905 100
710 831
710 188
710 259
710 206
866 621
866 481
866 257
866 628
866 636
866 718
56 43
56 994
56 565
56 501
979 321
979 775
979 452
979 328
341 71
341 387
341 865
341 906
341 244
474 409
474 558
474 258
956 885
956 756
956 25
500 135
500 378
500 173
500 277
500 720
547 367
547 871
547 140
547 383
198 887
198 265
198 85
198 561
425 705
425 769
425 426
425 709
425 695
972 459
972 76
972 898
972 556
122 944
122 864
122 639
122 803
844 662
844 528
844 330
844 368
572 142
572 854
901 686
901 208
901 259
901 312
330 170
330 482
330 223
330 726
330 916
935 455
935 857
935 577
935 930
292 826
292 475
292 570
292 801
292 505
42 402
42 722
42 789
42 924
708 938
708 971
708 75
708 649
708 597
708 860
131 834
131 201
131 721
131 173
504 514
504 746
504 181
504 481
882 908
882 92
882 436
882 828
882 316
158 812
158 706
158 294
158 607
158 129
245 584
245 98
245 400
245 351
245 927
245 676
565 823
565 266
565 327
565 450
914 843
914 777
914 804
308 92
308 711
308 398
308 22
308 17
827 527
827 70
827 431
827 92
827 186
402 843
402 722
402 268
402 805
605 904
605 309
605 261
605 589
605 241
605 749
110 331
110 809
110 171
110 601
110 57
317 367
317 839
317 656
317 142
462 39
462 696
462 494
462 685
885 182
573 607
573 632
573 681
573 24
573 897
540 580
540 603
540 278
540 417
540 432
597 860
597 237
597 649
597 971
597 938
550 558
550 262
628 333
628 971
628 893
628 551
953 862
953 815
953 645
953 65
368 528
368 662
368 13
734 248
734 805
734 913
734 335
427 864
427 487
427 582
427 240
427 700
57 809
57 297
57 601
463 685
463 606
463 788
463 174
530 808
530 720
530 544
912 445
912 751
912 289
912 331
912 807
258 585
258 645
965 214
965 519
965 422
989 242
989 524
989 406
989 747
653 152
653 125
653 39
982 771
982 602
982 939
982 354
982 942
768 852
768 571
768 824
768 295
768 344
969 358
969 873
969 962
969 948
969 963
863 21
863 85
863 117
863 481
941 472
941 460
775 452
775 321
775 328
828 908
828 436
828 608
383 784
383 124
383 140
383 367
978 586
978 509
978 668
978 440
464 937
464 97
464 11
464 791
464 704
823 676
823 483
823 586
823 286
146 614
146 439
922 568
922 455
922 269
922 369
444 81
444 771
444 667
444 218
728 340
728 633
728 703
728 543
728 852
305 733
305 44
305 758
305 160
931 997
931 833
931 624
931 237
931 420
594 916
594 535
594 238
594 892
594 0
932 784
932 548
932 613
932 990
932 204
398 382
398 838
398 352
398 790
548 86
548 224
548 613
548 894
556 584
556 300
556 551
556 488
72 201
72 569
72 362
72 386
72 997
447 392
447 465
447 54
447 659
529 913
529 320
529 761
529 284
96 695
96 582
96 413
96 168
661 449
661 596
661 397
661 772
661 491
657 234
657 32
657 620
657 715
957 522
957 205
957 665
678 646
678 61
678 205
751 445
751 807
751 203
751 289
570 475
570 505
570 551
570 829
570 801
660 187
660 358
660 892
660 58
762 75
762 483
436 908
436 886
436 636
580 417
580 278
580 603
580 359
580 432
754 124
754 409
754 285
754 178
99 297
99 111
99 379
99 64
78 590
78 951
78 105
78 225
203 506
203 396
203 397
759 151
759 69
759 130
759 415
759 577
626 686
626 70
626 179
626 746
862 287
788 780
788 174
788 606
632 76
632 36
632 231
632 942
384 929
384 264
384 64
384 10
698 176
698 296
698 334
738 438
738 837
738 525
738 267
505 829
505 801
505 475
505 335
66 971
66 889
66 886
66 568
66 930
66 891
790 352
790 838
790 578
790 382
5 381
5 743
5 228
5 753
923 86
923 858
977 414
977 141
656 367
656 485
656 990
656 873
717 164
717 100
717 389
836 216
836 248
836 480
836 511
297 511
297 379
297 111
297 64
593 438
593 309
806 299
806 802
806 12
806 555
871 644
871 265
871 220
871 375
930 583
930 524
930 718
535 614
535 199
535 469
535 812
415 151
415 130
415 69
130 585
130 69
130 151
227 946
227 955
227 268
227 825
729 376
729 986
729 411
729 737
729 128
366 619
366 639
366 959
534 864
534 91
591 954
591 233
591 65
591 374
881 600
881 968
881 333
129 124
129 473
129 919
129 223
697 119
697 619
697 228
697 688
273 644
273 220
273 543
273 281
273 12
135 985
135 277
135 173
381 743
381 61
381 753
513 224
513 14
513 613
701 385
701 562
701 607
411 128
411 376
411 737
106 281
106 458
376 128
376 737
929 721
929 631
826 83
826 800
826 132
826 607
54 465
54 895
54 659
649 860
649 237
649 938
891 568
891 622
891 951
388 852
388 295
388 344
674 842
674 276
117 221
117 217
769 709
769 705
769 742
769 426
860 237
860 938
976 711
976 939
976 677
216 527
216 186
216 356
748 988
748 745
975 637
975 744
975 968
703 314
703 225
772 596
772 356
772 449
772 397
125 39
417 432
417 278
475 801
300 673
300 857
300 577
300 455
911 848
911 919
911 347
283 795
283 191
283 996
856 492
856 633
856 711
856 962
856 323
386 906
386 362
386 120
834 472
834 961
284 115
284 301
284 761
284 290
284 328
103 322
103 677
103 438
103 204
358 963
358 68
358 948
137 780
137 346
137 794
137 404
137 442
395 333
395 43
395 397
395 115
62 468
62 446
409 318
409 446
409 65
445 807
445 289
445 40
170 420
170 208
170 908
837 559
837 525
837 267
667 97
667 595
259 188
259 206
277 173
154 194
154 906
154 263
154 584
154 21
749 904
749 394
749 623
749 522
771 602
771 354
771 942
946 825
946 955
589 104
589 38
589 824
589 419
906 263
906 179
333 551
333 115
435 403
435 235
582 984
582 168
582 449
331 199
331 264
808 279
808 884
0 997
0 238
561 745
561 347
561 92
561 269
561 403
843 804
843 777
291 803
291 81
291 586
721 631
721 201
340 132
340 281
340 633
340 473
340 391
695 687
695 115
695 168
817 924
817 851
107 433
107 761
107 624
264 10
264 551
554 101
554 18
990 385
990 542
684 68
684 400
684 673
69 151
646 214
646 316
646 629
234 620
234 32
234 191
426 506
426 569
426 705
109 101
109 18
963 948
963 873
963 68
150 802
150 439
150 220
985 287
985 920
356 443
356 224
356 686
356 595
824 75
11 937
11 791
11 97
11 704
677 204
677 322
677 416
26 501
26 612
26 516
578 910
578 105
578 483
960 595
960 82
960 293
960 546
960 55
960 260
465 392
465 659
465 895
374 954
374 19
994 640
994 894
994 987
440 509
440 833
440 668
939 602
939 210
939 231
939 274
509 668
509 51
598 75
598 803
598 210
201 361
201 609
449 596
449 397
725 315
725 996
718 385
718 636
718 645
488 90
488 744
488 22
488 55
281 576
281 614
393 815
393 210
393 178
393 510
242 406
242 268
242 747
322 294
735 634
735 74
735 757
735 555
596 218
596 397
596 38
128 737
128 587
128 421
974 231
974 316
726 482
726 916
510 304
510 532
896 1
896 574
28 854
28 585
28 568
318 800
318 313
318 4
318 792
546 959
546 367
546 955
517 212
517 293
517 361
637 879
637 744
671 431
671 119
671 408
671 406
595 802
595 293
854 805
854 175
854 568
854 895
636 658
897 681
897 24
327 95
327 690
223 473
223 124
802 602
802 995
802 301
116 704
116 617
116 791
186 83
186 527
186 70
920 17
920 480
160 629
160 758
160 44
160 276
898 864
898 22
296 176
296 335
296 334
495 910
495 562
495 587
382 838
382 352
831 155
831 188
831 692
320 269
320 761
443 938
387 244
387 865
387 263
387 167
537 257
537 469
492 633
492 25
492 699
492 323
590 362
590 867
590 105
590 77
171 601
171 323
171 809
970 164
970 100
970 389
51 187
51 58
181 74
181 120
181 261
181 142
522 904
522 623
522 394
614 134
1 574
995 986
995 900
525 267
623 904
623 394
208 312
208 757
208 903
916 482
85 9
85 848
85 996
793 622
793 419
793 40
793 506
403 235
403 269
315 544
315 285
315 175
633 155
633 583
134 391
134 413
134 339
124 619
693 840
693 794
693 874
693 369
706 433
706 104
706 290
18 101
18 720
75 803
164 100
164 389
230 33
230 514
230 676
400 351
400 222
484 306
484 870
484 998
44 629
44 276
44 758
524 576
524 583
524 747
12 299
12 555
753 743
105 421
105 780
801 829
482 680
220 167
220 644
460 840
460 241
870 998
870 306
469 375
469 357
848 347
260 893
260 581
260 544
217 221
217 91
807 289
248 621
248 692
884 571
884 218
38 104
104 119
104 792
104 433
182 680
182 673
182 90
987 894
987 309
987 640
987 306
90 153
90 680
155 886
592 238
592 798
206 752
206 188
662 528
662 82
450 476
450 519
450 571
422 214
422 270
422 519
606 174
401 82
401 893
401 282
401 459
166 196
166 235
166 49
82 378
544 43
544 501
711 142
516 501
833 391
833 265
346 404
346 442
346 780
420 266
420 392
420 419
681 24
257 908
257 532
101 622
792 800
792 4
792 313
812 294
812 194
452 328
452 321
328 321
339 736
339 240
339 700
339 487
692 233
692 491
879 600
879 959
404 780
404 442
404 485
301 115
301 314
421 737
421 893
421 865
506 569
506 485
576 233
576 167
576 631
988 745
988 887
359 543
359 432
414 141
559 886
559 842
559 21
285 612
285 733
745 887
290 433
838 849
838 352
609 152
609 485
314 240
314 225
491 37
119 408
119 431
581 842
86 858
22 17
22 92
665 73
665 43
665 468
13 673
13 377
13 68
413 528
413 263
49 624
49 61
494 696
494 274
494 685
369 794
369 874
608 354
608 480
375 357
168 757
168 458
21 286
345 224
345 178
345 689
865 244
624 274
959 311
959 197
709 705
311 197
199 903
722 805
722 282
722 841
612 617
612 36
408 235
408 431
218 81
244 951
840 36
840 842
487 700
487 240
962 196
962 747
287 335
287 867
937 262
937 704
937 791
17 476
351 222
476 986
689 621
385 446
385 14
385 194
100 389
815 9
867 984
132 14
621 293
903 312
903 265
903 76
700 240
700 919
967 562
967 587
967 65
73 798
886 613
527 70
895 805
895 659
569 997
299 555
142 849
532 304
532 715
873 948
282 294
889 971
841 295
841 588
241 77
602 942
228 619
91 357
446 14
446 194
468 789
468 944
849 433
620 32
810 900
810 70
810 167
262 558
690 95
629 758
629 276
804 858
804 777
893 720
312 904
312 153
293 433
176 334
278 603
278 432
64 379
64 111
379 511
379 111
927 263
178 77
178 438
323 601
323 809
954 19
191 996
191 225
519 214
396 603
622 40
622 658
813 945
813 162
913 416
634 74
634 757
261 354
334 37
894 640
562 587
673 68
601 809
485 225
938 971
794 874
286 733
316 231
316 196
542 76
892 187
892 58
551 115
354 942
603 432
40 752
40 658
313 800
313 4
196 747
276 758
852 344
852 295
998 266
455 857
455 577
33 514
543 736
140 784
800 4
851 924
326 141
187 58
857 577
586 270
37 658
704 791
961 472
699 798
644 688
687 439
688 268
438 55
231 76
344 295
825 955
600 968
