92 734
92 304
92 863
92 588
92 380
92 458
232 176
232 40
232 79
232 868
232 881
232 170
373 686
373 678
373 547
373 350
373 163
373 45
394 542
394 121
394 312
394 803
394 963
394 662
291 200
291 316
291 451
291 971
291 958
291 981
441 930
441 258
441 938
441 233
441 38
441 237
152 813
152 466
152 61
152 223
152 651
152 203
920 141
920 308
920 327
920 430
920 15
920 472
830 214
830 904
830 795
830 198
830 919
830 234
984 239
984 590
984 514
984 368
984 378
984 440
776 747
776 491
776 670
776 544
776 391
776 496
864 104
864 182
864 237
864 571
864 273
864 490
608 382
608 170
608 483
608 199
608 940
608 455
642 252
642 187
642 459
642 883
642 782
642 38
807 488
807 267
807 94
807 144
807 913
807 237
851 831
851 895
851 173
851 669
851 686
851 678
453 124
453 756
453 777
453 162
453 412
453 149
22 98
22 475
22 341
22 10
22 540
22 936
810 573
810 366
810 832
810 969
810 130
810 661
406 472
406 395
406 462
406 806
406 269
406 586
427 942
427 748
427 652
427 713
427 149
427 238
122 327
122 533
122 633
122 415
122 463
122 974
668 107
668 67
668 919
668 411
668 455
668 464
577 409
577 534
577 697
577 635
577 88
577 996
654 74
654 21
654 611
654 269
654 34
654 364
671 381
671 117
671 75
671 656
671 199
671 853
847 296
847 760
847 181
847 488
847 70
847 823
369 559
369 376
369 545
369 121
369 280
369 863
625 609
625 922
625 764
625 602
625 421
625 48
62 957
62 71
62 781
62 945
62 274
62 556
245 687
245 717
245 885
245 372
245 129
245 850
613 861
613 812
613 525
613 751
613 72
613 112
842 478
842 113
842 384
842 222
842 963
842 93
310 780
310 344
310 966
310 801
310 405
310 712
575 524
575 617
575 694
575 7
575 335
575 644
317 698
317 548
317 903
317 357
317 400
317 213
471 799
471 117
471 585
471 603
471 683
471 101
437 801
437 320
437 968
437 832
437 456
437 897
536 667
536 271
536 416
536 543
536 279
536 85
95 641
95 661
95 802
95 271
95 507
95 346
278 377
278 413
278 514
278 928
278 99
278 393
326 331
326 163
326 41
326 585
326 598
326 912
785 611
785 676
785 330
785 622
785 69
785 513
142 639
142 458
142 647
142 144
142 790
142 819
210 682
210 302
210 42
210 452
210 198
210 306
529 354
529 193
529 231
529 889
529 79
529 638
619 78
619 990
619 82
619 547
619 677
619 107
293 321
293 949
293 558
293 658
293 672
293 134
342 514
342 749
342 784
342 175
342 697
342 227
150 956
150 750
150 226
150 555
150 399
150 742
708 407
708 103
708 696
708 421
708 333
708 961
30 854
30 895
30 809
30 650
30 259
30 56
148 260
148 248
148 633
148 374
148 927
148 955
270 541
270 835
270 193
270 166
270 85
270 51
624 745
624 343
624 307
624 14
624 382
624 732
315 617
315 506
315 698
315 83
315 29
315 141
775 784
775 392
775 659
775 520
775 978
775 549
487 964
487 28
487 375
487 967
487 606
487 206
738 141
738 684
738 740
738 647
738 75
738 55
258 827
258 539
258 610
258 923
258 783
915 680
915 413
915 325
915 633
915 250
915 834
675 710
675 631
675 136
675 197
675 254
675 303
709 694
709 390
709 111
709 802
709 158
709 762
145 530
145 634
145 702
145 158
145 979
145 963
629 790
629 959
629 483
629 634
629 954
629 350
67 183
67 2
67 339
67 304
67 216
975 475
975 891
975 828
975 693
975 850
975 462
726 428
726 661
726 19
726 899
726 81
726 881
760 417
760 4
760 389
760 308
760 899
90 917
90 112
90 429
90 967
90 845
90 63
284 49
284 309
284 99
284 874
284 517
284 266
31 825
31 565
31 442
31 747
31 600
31 742
872 229
872 649
872 746
872 737
872 126
872 779
440 341
440 609
440 518
440 494
440 757
662 162
662 542
662 612
662 503
662 905
125 498
125 587
125 314
125 184
125 836
125 716
507 351
507 640
507 112
507 63
507 937
527 223
527 834
527 532
527 657
527 468
527 198
550 985
550 683
550 230
550 951
550 705
550 249
160 409
160 181
160 229
160 537
160 211
160 295
873 929
873 391
873 818
873 530
873 861
873 262
718 616
718 788
718 44
718 699
718 29
718 515
792 892
792 252
792 221
792 994
792 911
792 20
302 497
302 557
302 543
302 667
302 942
468 442
468 131
468 606
468 845
468 621
350 68
350 163
350 866
350 97
481 959
481 40
481 997
481 578
481 679
481 994
993 826
993 432
993 362
993 449
993 958
993 451
844 647
844 853
844 54
844 758
844 41
844 538
89 375
89 753
89 692
89 823
89 650
89 826
705 951
705 236
705 985
705 457
705 29
402 25
402 945
402 790
402 588
402 944
402 172
876 617
876 185
876 169
876 215
876 900
876 116
941 100
941 40
941 672
941 106
941 862
941 460
178 499
178 954
178 877
178 345
178 612
178 943
410 506
410 894
410 711
410 83
410 582
410 357
165 674
165 981
165 316
165 971
165 943
165 200
502 889
502 786
502 120
502 635
502 818
502 967
879 604
879 674
879 953
879 6
879 545
879 893
723 281
723 706
723 925
723 262
723 139
723 860
884 906
884 930
884 605
884 697
884 667
884 493
694 390
694 159
694 762
694 885
820 201
820 305
820 888
820 598
820 786
820 211
438 341
438 727
438 301
438 505
438 639
438 511
980 942
980 388
980 535
980 946
980 383
980 639
80 466
80 312
80 220
80 108
80 469
80 607
103 292
103 333
103 961
103 541
103 696
11 559
11 311
11 853
11 983
11 169
11 483
498 455
498 604
498 716
498 118
498 836
91 393
91 411
91 917
91 452
91 895
91 330
756 162
756 100
756 777
756 2
756 926
110 828
110 425
110 462
110 336
110 97
110 21
769 177
769 717
769 221
769 627
769 511
769 614
41 650
41 801
41 345
41 513
935 224
935 954
935 773
935 239
935 690
935 336
202 173
202 914
202 463
202 897
202 409
202 711
623 180
623 818
623 998
623 16
623 492
623 470
130 573
130 640
130 969
130 174
130 832
226 555
226 956
226 399
226 750
226 273
363 159
363 264
363 275
363 376
363 38
363 335
435 693
435 737
435 436
435 924
435 713
435 714
837 153
837 25
837 969
837 751
837 115
837 970
151 930
151 398
151 667
151 472
151 568
151 52
657 538
657 492
657 587
657 38
657 425
426 13
426 631
426 740
426 423
426 636
426 297
862 106
862 460
862 551
862 707
862 100
501 58
501 288
501 733
501 257
501 127
501 552
547 544
547 78
547 677
547 45
911 994
911 252
911 20
911 786
911 405
123 701
123 33
123 279
123 574
123 846
123 113
595 360
595 508
595 23
595 253
595 797
595 679
157 496
157 504
157 754
157 268
157 401
157 159
737 417
737 649
737 746
737 126
183 203
183 778
183 741
183 523
183 2
329 519
329 478
329 324
329 347
329 928
329 251
929 0
929 691
929 179
929 205
929 447
404 607
404 240
404 387
404 916
404 36
404 308
465 59
465 166
465 213
465 313
465 783
465 265
268 69
268 354
268 811
268 196
268 372
833 972
833 44
833 936
833 345
833 594
833 308
213 518
213 60
213 324
213 331
156 731
156 349
156 601
156 567
156 344
156 885
592 952
592 269
592 603
592 35
592 257
592 339
357 83
357 752
357 215
357 422
70 430
70 488
70 403
70 212
70 181
934 192
934 512
934 600
934 995
934 135
934 843
15 93
15 778
15 430
15 881
15 777
244 609
244 464
244 450
244 279
244 824
244 549
221 7
221 853
221 262
221 332
349 344
349 601
349 583
349 567
349 0
793 88
793 679
793 371
793 343
793 37
793 982
599 338
599 328
599 684
599 569
599 362
599 907
789 725
789 923
789 924
789 477
789 419
789 208
598 314
598 912
598 926
598 497
510 499
510 505
510 474
510 414
510 27
510 720
717 259
717 621
717 787
717 177
52 768
52 725
52 109
52 499
52 538
656 75
656 713
656 814
656 199
656 381
73 868
73 230
73 385
73 822
73 324
73 318
450 729
450 263
450 155
450 489
450 250
57 913
57 553
57 248
57 545
57 898
57 746
771 274
771 845
771 552
771 541
771 434
771 499
486 617
486 24
486 337
486 742
486 736
486 174
768 519
768 541
768 869
768 364
768 139
739 814
739 229
739 748
739 265
739 997
739 560
413 590
413 861
413 174
413 212
555 750
555 398
555 956
555 235
618 74
618 234
618 7
618 719
618 890
618 673
924 883
924 8
924 208
924 137
703 685
703 415
703 686
703 856
703 463
703 959
882 781
882 381
882 648
882 71
882 556
882 706
154 812
154 508
154 516
154 745
154 316
154 563
195 982
195 902
195 620
195 425
195 603
195 586
561 506
561 358
561 461
561 959
561 652
561 909
978 114
978 653
978 786
978 219
978 896
76 687
76 401
76 12
76 942
76 246
76 747
869 605
869 943
869 731
869 382
869 364
541 519
541 333
560 607
560 384
560 997
560 748
560 747
443 351
443 525
443 224
443 530
443 815
443 767
928 229
928 99
928 33
928 897
355 580
355 628
355 242
355 976
355 485
355 867
815 88
815 861
815 227
815 542
815 54
340 754
340 164
340 137
340 684
340 372
340 296
476 467
476 243
476 191
476 421
476 102
476 836
696 146
696 333
696 407
696 961
12 947
12 88
12 542
12 295
12 354
741 875
741 786
741 77
741 383
741 26
480 647
480 822
480 206
480 908
480 385
480 719
846 8
846 692
846 553
846 238
846 632
184 702
184 587
184 118
184 614
184 574
933 64
933 138
933 3
933 140
933 204
933 289
868 448
868 417
868 430
868 562
479 0
479 672
479 454
479 439
479 307
479 722
850 236
850 582
850 554
850 136
172 945
172 588
172 557
172 742
172 736
958 93
958 200
958 54
958 451
423 5
423 655
423 358
423 644
423 208
540 191
540 10
540 620
540 300
540 298
283 566
283 951
283 688
283 43
283 379
283 467
566 4
566 951
566 637
566 865
566 954
517 309
517 49
517 676
517 318
517 46
71 957
71 689
71 781
71 556
912 676
912 926
912 158
912 155
380 630
380 734
380 267
380 564
380 589
272 814
272 801
272 686
272 520
272 643
272 736
673 719
673 461
673 337
673 890
673 74
311 870
311 927
311 856
311 260
311 655
893 56
893 288
893 700
893 591
893 894
664 167
664 663
664 858
664 431
664 779
664 829
433 462
433 228
433 346
433 136
433 97
433 506
855 746
855 444
855 774
855 37
855 715
855 239
646 238
646 674
646 909
646 175
646 852
646 279
999 544
999 392
999 875
999 670
999 97
999 292
666 787
666 798
666 906
666 415
666 780
666 568
977 843
977 47
977 732
977 916
977 871
977 412
200 981
200 971
200 451
424 829
424 414
424 109
424 170
424 658
424 653
995 600
995 17
995 843
995 512
995 192
551 908
551 143
551 848
551 164
551 764
939 372
939 901
939 207
939 973
939 891
939 455
992 51
992 194
992 634
992 727
992 804
992 374
651 466
651 678
651 822
651 982
651 782
9 75
9 228
9 262
9 839
9 702
9 965
155 250
155 263
155 729
155 503
753 336
753 84
753 612
753 919
753 444
216 400
216 511
216 763
216 632
216 987
368 301
368 285
368 346
368 75
368 744
68 163
68 341
68 359
68 347
68 721
878 632
878 874
878 732
878 405
878 968
878 683
193 735
193 587
193 354
193 134
384 446
384 834
384 607
384 790
909 282
909 699
909 774
909 358
601 277
601 567
601 344
601 583
139 385
139 428
139 5
139 865
894 763
894 454
894 588
894 458
962 765
962 979
962 161
962 966
962 199
962 867
313 166
313 59
313 783
313 461
313 104
422 875
422 358
422 215
422 194
422 378
397 990
397 685
397 295
397 133
397 677
397 27
681 312
681 361
681 378
681 223
681 736
681 743
836 308
836 180
836 604
341 206
341 163
749 119
749 514
749 938
749 565
749 227
233 454
233 483
233 101
233 500
233 687
578 665
578 605
578 267
578 973
578 823
570 56
570 207
570 858
570 318
570 790
570 890
521 219
521 559
521 146
521 809
521 996
521 444
981 971
981 451
981 316
353 336
353 762
353 697
353 282
353 470
353 927
759 586
759 43
759 446
759 798
759 224
759 158
241 334
241 144
241 706
241 799
241 655
241 50
289 990
289 204
289 348
289 140
289 638
296 21
296 927
296 641
296 559
700 63
700 286
700 8
700 383
700 490
400 784
400 299
400 987
400 886
956 750
956 374
956 504
569 328
569 338
569 848
569 907
569 362
877 414
877 943
877 187
877 535
877 947
171 188
171 280
171 217
171 754
171 571
171 88
724 695
724 146
724 800
724 902
724 259
724 299
191 102
191 838
191 243
191 467
553 913
553 248
553 898
553 96
713 381
713 469
713 814
778 430
778 276
778 235
778 711
399 750
399 503
399 839
399 742
731 831
731 659
731 446
731 691
431 914
431 305
431 816
431 482
431 779
534 937
534 249
534 906
534 549
534 973
17 548
17 794
17 292
17 871
17 114
257 545
257 957
257 840
257 361
356 597
356 910
356 4
356 188
356 64
356 918
610 482
610 572
610 648
610 914
610 2
622 19
622 365
622 209
622 69
622 725
116 730
116 900
116 743
116 370
116 53
489 281
489 729
489 891
489 250
489 263
661 366
661 248
661 985
692 927
692 750
692 892
692 783
78 82
78 677
78 307
78 473
532 367
532 564
532 554
532 169
532 220
104 546
104 325
104 755
104 682
670 544
670 747
670 234
670 392
640 647
640 597
640 63
640 910
593 805
593 783
593 645
593 898
593 874
593 834
43 379
43 273
43 951
43 252
16 791
16 27
16 179
16 482
16 985
522 799
522 214
522 955
522 914
522 496
522 35
923 239
923 319
923 859
923 808
470 219
470 432
470 180
470 537
112 55
112 34
112 63
105 1
105 429
105 854
105 335
105 942
105 525
900 937
900 26
900 253
900 860
794 240
794 262
794 520
794 189
794 361
948 185
948 330
948 509
948 135
948 800
948 848
973 966
973 831
973 921
72 403
72 817
72 300
72 719
72 316
457 236
457 716
457 513
457 395
457 690
312 218
312 892
312 852
128 133
128 299
128 500
128 688
128 4
128 572
883 538
883 345
883 573
883 944
725 331
725 185
725 215
255 573
255 821
255 46
255 419
255 290
255 121
695 126
695 273
695 983
695 188
695 800
190 412
190 82
190 758
190 788
190 505
190 549
220 108
220 901
220 902
220 56
377 85
377 841
377 28
377 887
377 113
401 784
401 821
401 603
401 496
669 297
669 301
669 831
669 483
669 628
309 63
309 87
309 802
309 49
24 256
24 387
24 247
24 321
24 66
682 854
682 4
682 389
682 754
952 892
952 721
952 925
952 269
952 722
168 921
168 21
168 835
168 968
168 712
168 264
408 161
408 261
408 644
408 360
408 126
408 225
528 138
528 140
528 714
528 129
528 64
528 444
620 495
620 987
620 683
620 780
707 428
707 460
707 544
707 339
707 100
965 198
965 636
965 839
965 228
965 854
976 242
976 867
976 605
976 485
976 628
811 396
811 137
811 632
811 208
811 196
583 567
583 290
583 398
583 344
645 860
645 452
645 537
645 231
645 81
111 568
111 998
111 136
111 526
111 858
686 214
686 678
164 273
164 509
164 959
164 51
841 28
841 372
841 419
841 390
841 461
217 285
217 305
217 167
217 107
217 767
704 680
704 825
704 676
704 998
704 328
704 834
626 827
626 866
626 947
626 161
626 594
626 871
730 53
730 765
730 715
730 917
730 332
242 485
242 628
242 442
242 867
388 908
388 113
388 685
388 617
388 946
581 218
581 187
581 591
581 744
581 926
581 364
986 518
986 277
986 276
986 757
986 261
986 2
382 940
382 732
382 483
511 896
511 497
511 648
513 395
513 236
513 330
214 174
214 905
214 21
211 414
211 495
211 895
211 930
509 330
509 223
509 615
509 614
997 748
997 53
997 829
866 246
866 290
866 563
866 947
383 653
383 563
383 101
59 954
59 888
59 783
59 831
791 823
791 276
791 985
791 466
791 602
795 439
795 452
795 412
795 37
795 892
740 55
740 684
740 288
740 702
362 338
362 907
362 804
389 918
389 817
389 49
389 271
688 906
688 124
688 133
688 761
627 720
627 134
627 554
627 817
627 733
809 808
809 180
809 854
809 650
77 201
77 287
77 348
77 319
77 314
405 331
405 814
405 39
494 580
494 591
494 880
494 761
494 711
953 275
953 292
953 641
953 298
953 889
710 254
710 631
710 189
710 197
710 303
843 512
843 600
843 192
641 386
641 970
641 322
972 98
972 345
972 722
972 821
972 530
5 428
5 177
5 432
5 358
416 772
416 663
416 880
416 585
416 370
149 991
149 163
149 492
149 748
955 967
955 597
955 496
955 276
280 222
280 180
280 825
280 218
418 246
418 944
418 301
418 403
418 286
418 10
591 201
591 261
591 597
520 188
520 387
520 325
403 266
403 187
403 119
691 231
691 621
691 582
691 960
323 84
323 563
323 94
323 275
323 693
323 27
582 87
582 998
582 297
616 124
616 615
616 297
616 515
616 590
835 493
835 761
835 176
835 772
182 816
182 197
182 693
182 127
182 456
314 504
314 863
314 348
436 819
436 562
436 538
436 375
436 306
459 132
459 946
459 109
459 187
459 335
153 434
153 698
153 295
153 234
153 594
287 763
287 83
287 944
287 29
287 417
943 524
943 942
85 271
85 55
85 895
381 735
381 821
65 805
65 701
65 86
65 115
65 411
65 574
409 584
409 936
409 358
478 222
478 113
478 93
478 803
482 127
482 914
482 790
597 442
597 147
282 774
282 813
282 411
282 549
288 347
288 732
288 58
871 106
871 548
871 114
925 892
925 761
925 206
925 269
752 643
752 420
752 552
752 318
752 918
895 678
19 337
19 533
19 132
19 428
822 982
822 908
822 782
208 137
208 185
86 720
86 701
86 605
86 477
86 630
732 940
609 857
609 376
609 824
773 630
773 805
773 352
773 305
773 908
131 825
131 69
131 859
131 808
131 799
885 828
885 762
885 390
64 138
64 140
64 858
564 936
564 589
564 219
564 780
66 256
66 859
66 387
66 281
66 286
204 652
204 538
204 562
204 140
495 699
495 417
495 758
495 634
803 596
803 230
803 932
803 906
466 442
466 823
989 332
989 398
989 813
989 891
989 162
989 393
764 602
764 48
764 922
764 904
58 254
58 304
58 611
58 552
754 722
754 504
8 94
8 644
8 447
331 633
331 176
535 887
535 87
535 294
535 430
39 857
39 689
39 143
39 660
39 285
247 265
247 319
247 251
247 1
247 366
689 531
689 118
689 755
689 660
576 903
576 186
576 950
576 766
576 565
576 445
897 880
897 378
897 320
135 715
135 758
135 774
135 621
716 829
716 848
716 587
806 800
806 931
806 201
806 209
806 348
950 766
950 636
950 186
950 445
950 988
572 2
572 55
572 46
572 219
25 963
25 970
25 886
25 751
56 477
56 108
772 526
772 108
772 612
772 119
808 859
808 825
808 802
14 343
14 420
14 347
14 307
14 745
455 604
455 472
824 249
824 557
824 396
824 276
294 579
294 439
294 887
294 798
294 590
320 612
320 720
320 456
320 901
647 910
371 813
371 653
371 237
371 203
371 47
729 263
729 250
729 683
650 505
650 36
147 392
147 206
147 500
147 42
147 743
229 295
229 919
663 880
663 167
663 500
663 546
757 456
757 518
757 800
757 267
108 304
108 119
132 549
132 823
132 745
132 260
712 464
712 218
712 209
712 141
396 249
396 448
396 346
396 751
126 649
126 746
552 209
552 146
367 134
367 849
367 477
367 500
367 961
615 734
615 614
615 365
615 816
393 324
393 306
393 637
927 940
491 966
491 762
491 391
491 826
491 903
493 129
493 733
493 209
493 888
611 118
611 308
611 74
930 580
930 938
113 390
964 562
964 557
964 28
964 819
964 606
596 324
596 826
596 565
596 445
596 490
932 177
932 996
932 230
932 26
932 449
307 343
307 745
829 46
829 787
50 334
50 684
50 94
50 429
50 516
199 361
199 979
887 484
887 996
887 960
18 277
18 370
18 667
18 265
18 523
18 788
546 167
546 336
546 777
546 524
271 279
271 918
860 812
860 119
860 571
898 248
898 913
898 523
863 391
863 304
863 298
186 266
186 445
186 766
186 901
279 674
161 360
161 240
161 225
631 254
631 303
631 197
374 260
374 504
374 51
744 917
744 434
744 658
744 101
660 375
660 733
660 144
660 176
335 124
335 81
523 265
523 212
523 667
175 238
175 133
175 461
175 655
916 991
916 432
916 36
916 177
352 983
352 818
352 805
352 531
352 938
957 781
957 506
957 556
79 604
79 81
79 638
79 365
719 74
719 890
477 648
477 635
47 594
47 170
47 779
47 129
766 266
766 904
766 445
974 463
974 415
974 421
974 327
974 370
32 931
32 274
32 905
32 299
32 146
32 840
643 227
643 960
643 114
643 187
584 304
584 48
584 387
584 38
584 586
449 524
449 21
449 339
449 858
6 721
6 639
6 385
6 55
6 817
325 143
325 594
325 605
264 679
264 852
264 339
264 35
849 328
849 848
849 680
849 277
849 683
979 881
979 702
979 991
322 727
322 236
322 212
322 904
322 985
827 300
827 366
827 93
827 237
606 28
606 442
606 120
722 672
722 338
797 798
797 365
797 253
797 492
797 23
524 7
524 34
109 42
109 658
109 421
143 1
143 828
143 82
867 628
867 485
13 607
13 119
13 901
13 234
13 503
473 141
473 944
473 60
473 359
473 784
254 189
254 303
548 439
548 554
548 702
632 196
632 34
988 484
988 539
988 652
988 159
988 947
901 721
461 366
462 828
462 97
300 23
300 188
300 946
780 902
780 801
98 327
98 364
98 448
98 870
219 452
106 290
106 460
106 568
420 222
420 490
420 347
420 711
179 205
179 94
179 101
179 447
490 946
490 816
188 301
679 274
679 698
117 580
117 585
117 370
117 366
224 637
224 665
224 158
906 676
84 770
84 251
84 469
84 968
319 27
319 127
319 429
649 746
649 386
649 831
921 563
921 69
921 699
921 518
983 531
983 174
983 665
982 33
982 782
351 525
351 133
351 542
351 767
931 386
931 96
931 237
931 889
243 467
243 665
243 838
243 102
74 890
240 36
240 360
240 225
770 251
770 968
770 306
770 196
770 364
812 508
812 870
812 516
556 781
556 274
652 127
652 474
94 267
49 537
49 99
87 297
87 903
87 802
136 61
136 75
970 886
970 751
970 235
395 385
395 261
395 107
687 10
687 690
687 727
133 685
684 938
23 870
23 253
23 937
484 539
484 159
484 603
484 796
370 359
857 926
857 845
857 376
857 100
474 378
474 417
474 414
474 1
763 379
763 101
763 29
44 515
44 743
44 854
44 447
968 419
573 969
573 832
987 961
987 963
987 299
533 318
533 706
533 337
533 856
60 639
60 411
60 784
60 275
816 706
816 464
543 940
543 497
543 235
543 861
838 990
838 467
838 102
838 721
375 246
375 176
419 324
419 298
565 938
565 559
659 115
659 819
659 392
659 189
742 736
392 115
813 203
813 61
35 260
35 852
35 557
743 42
743 936
967 120
967 818
127 589
698 137
698 685
721 817
36 496
36 839
334 40
334 516
334 508
334 429
539 796
539 159
539 454
26 922
26 276
26 633
386 805
386 796
386 53
1 525
1 379
33 852
33 230
33 881
777 162
777 359
4 411
376 796
376 464
516 508
516 40
447 205
447 899
946 735
870 269
870 788
256 239
256 755
256 699
256 387
969 587
969 832
265 798
796 446
796 636
840 227
840 83
840 285
840 545
3 960
3 505
3 875
3 138
3 526
680 46
680 37
680 676
261 225
261 644
940 874
281 926
281 637
281 889
774 290
774 414
20 252
20 991
20 429
20 994
96 448
96 580
96 503
96 845
765 966
765 715
765 568
765 53
594 899
102 630
102 467
515 637
515 917
515 203
735 460
735 173
735 333
949 558
949 201
949 348
949 321
949 672
714 614
714 504
714 693
714 444
231 604
231 81
231 633
40 27
913 448
913 248
134 779
134 97
346 292
346 448
715 53
715 332
858 856
212 590
212 124
456 800
456 801
890 337
144 788
144 292
711 412
121 902
121 903
121 458
727 238
727 635
129 469
129 888
558 672
558 297
558 658
558 321
767 845
767 167
767 525
865 996
865 637
865 228
865 630
138 140
138 169
559 497
826 880
826 574
185 330
185 215
899 720
899 544
88 571
158 963
653 114
653 170
874 298
874 805
407 562
407 886
407 782
407 875
454 207
454 0
545 54
215 194
228 804
228 839
488 701
488 93
488 181
500 299
991 530
991 458
196 485
196 332
48 542
48 602
48 922
786 896
460 100
734 880
734 492
734 589
114 896
693 563
236 38
290 198
888 246
888 343
804 51
804 398
804 194
192 600
192 512
192 798
250 263
69 61
701 819
701 115
819 562
267 589
82 537
82 677
262 728
728 779
728 7
728 761
728 758
728 889
554 81
554 733
46 998
345 607
286 944
286 301
286 557
239 996
235 378
235 590
614 475
303 189
303 197
34 636
34 859
227 514
205 336
205 0
205 207
834 54
61 936
61 203
818 167
814 249
839 10
856 260
856 137
485 628
37 439
37 230
497 902
600 512
665 174
665 531
28 7
181 99
181 905
519 802
519 994
519 347
586 655
586 512
251 306
251 499
318 706
51 194
444 372
861 206
896 305
896 166
54 398
348 201
99 755
385 639
891 207
891 439
166 886
166 475
321 658
321 603
503 580
907 338
907 328
907 391
782 446
218 365
218 910
446 469
568 472
761 634
425 275
425 120
425 492
910 918
910 10
173 914
173 799
173 508
919 918
919 234
960 685
960 505
881 634
298 275
832 848
971 316
971 451
285 690
285 107
177 432
207 0
198 636
391 747
588 945
588 458
328 338
222 648
222 412
994 252
579 585
579 530
579 359
579 720
579 621
644 225
359 674
904 905
904 526
655 945
42 638
42 306
124 917
859 825
332 821
959 273
951 379
162 828
189 339
360 225
360 475
602 922
602 697
526 118
526 748
947 246
585 574
266 354
266 445
45 678
45 464
45 677
45 469
617 29
169 853
169 571
118 115
648 434
514 421
755 83
755 379
506 141
194 990
499 170
120 434
120 635
472 295
853 571
176 733
821 699
390 762
697 922
745 343
361 736
361 223
253 937
253 475
966 903
463 327
463 415
249 937
690 223
690 954
197 518
908 630
305 787
589 788
638 945
638 365
415 327
180 817
434 990
758 621
751 886
531 107
531 852
674 238
905 635
344 567
799 337
567 875
574 209
263 259
612 277
781 274
146 259
354 428
277 432
787 998
787 259
961 333
537 452
