65 369
65 266
65 924
65 981
65 695
65 768
278 168
278 929
278 98
278 82
278 142
278 156
343 286
343 370
343 207
343 405
343 210
343 646
488 799
488 166
488 499
488 920
488 997
488 598
520 315
520 147
520 450
520 802
520 749
520 975
938 541
938 497
938 128
938 762
938 974
938 161
95 589
95 903
95 344
95 926
95 73
95 111
386 338
386 12
386 454
386 98
386 54
386 902
389 773
389 934
389 450
389 52
389 870
389 541
604 99
604 760
604 423
604 676
604 159
604 606
455 294
455 164
455 606
455 839
455 300
455 405
549 328
549 757
549 145
549 196
549 815
549 482
171 195
171 734
171 721
171 821
171 321
171 323
790 7
790 396
790 43
790 923
790 184
790 581
101 181
101 137
101 720
101 177
101 978
101 373
954 965
954 620
954 28
954 466
954 412
954 563
753 217
753 930
753 853
753 463
753 518
753 406
880 945
880 680
880 911
880 662
880 111
880 167
231 933
231 919
231 233
231 922
231 902
231 287
804 975
804 988
804 816
804 641
804 148
804 749
103 891
103 615
103 726
103 20
103 204
103 672
655 479
655 70
655 378
655 347
655 277
655 469
596 803
596 21
596 874
596 860
596 889
596 354
933 396
933 728
933 889
933 922
933 233
603 495
603 451
603 295
603 634
603 762
603 684
792 313
792 117
792 527
792 536
792 336
792 350
409 224
409 283
409 38
409 141
409 509
409 538
698 827
698 842
698 324
698 867
698 428
698 432
163 558
163 125
163 427
163 969
163 763
163 106
377 578
377 398
377 898
377 413
377 89
377 8
237 592
237 94
237 586
237 269
237 496
237 961
326 964
326 304
326 401
326 267
326 365
326 771
107 467
107 23
107 915
107 662
107 55
107 626
396 581
396 835
396 335
396 969
104 505
104 823
104 275
104 158
104 862
104 990
736 949
736 993
736 109
736 83
736 466
736 921
920 56
920 847
920 166
920 580
920 875
700 514
700 572
700 79
700 901
700 881
700 559
910 354
910 531
910 219
910 43
910 836
910 353
838 964
838 629
838 433
838 830
838 308
838 775
960 381
960 427
960 966
960 434
960 413
960 517
127 573
127 820
127 323
127 591
127 235
127 35
719 666
719 236
719 507
719 495
719 315
719 114
744 293
744 416
744 437
744 476
744 685
744 797
916 14
916 669
916 198
916 872
916 109
916 648
88 252
88 813
88 473
88 185
88 129
88 803
648 198
648 183
648 109
648 545
648 14
795 84
795 82
795 981
795 893
795 6
795 957
998 553
998 681
998 981
998 585
998 637
998 991
60 398
60 436
60 190
60 255
60 659
60 984
306 293
306 404
306 739
306 819
306 299
306 441
690 501
690 221
690 570
690 194
690 761
690 879
776 987
776 8
776 883
776 86
776 160
776 995
10 680
10 238
10 909
10 590
10 794
10 49
548 793
548 318
548 100
548 693
548 260
548 449
962 853
962 486
962 152
962 228
962 81
962 693
91 622
91 787
91 61
91 905
91 481
91 975
393 779
393 36
393 958
393 428
393 863
393 574
51 689
51 139
51 817
51 967
51 582
51 577
320 209
320 876
320 311
320 500
320 258
320 616
87 801
87 576
87 682
87 718
87 238
87 49
539 424
539 30
539 298
539 950
539 970
539 557
521 682
521 617
521 850
521 547
521 994
521 328
651 46
651 513
651 814
651 821
651 552
651 151
173 484
173 865
173 110
173 41
173 325
173 959
462 646
462 332
462 748
462 449
462 493
462 296
90 973
90 100
90 630
90 146
90 45
90 335
693 598
693 835
693 199
693 913
732 15
732 258
732 272
732 670
732 799
732 308
834 934
834 568
834 446
834 589
834 50
834 727
471 849
471 907
471 407
471 869
471 509
471 354
650 887
650 444
650 957
650 566
650 304
650 415
570 879
570 382
570 501
570 221
570 81
772 358
772 866
772 181
772 972
772 3
772 516
725 435
725 187
725 947
725 287
725 134
725 224
515 852
515 644
515 828
515 780
515 707
515 403
985 641
985 936
985 392
985 675
985 270
985 796
57 809
57 48
57 280
57 260
57 710
57 704
226 878
226 751
226 737
226 390
226 299
226 673
968 26
968 177
968 661
968 544
968 331
968 673
375 150
375 338
375 491
375 2
375 315
375 447
453 29
453 493
453 532
453 83
453 176
453 418
487 9
487 480
487 494
487 370
487 110
487 309
594 100
594 708
594 289
594 936
594 864
594 105
3 78
3 457
3 52
3 636
3 941
810 329
810 703
810 449
810 458
810 391
810 321
11 77
11 483
11 789
11 588
11 348
11 629
256 239
256 116
256 697
256 430
256 747
256 575
284 590
284 769
284 562
284 994
284 215
284 900
680 643
680 387
680 388
680 956
22 859
22 534
22 907
22 383
22 939
22 831
414 505
414 856
414 660
414 657
414 59
414 855
246 970
246 637
246 709
246 134
246 564
246 479
424 514
424 877
424 550
424 417
424 322
150 406
150 314
150 419
150 370
150 881
865 41
865 572
865 484
865 325
865 110
242 897
242 658
242 136
242 86
242 678
242 210
948 7
948 923
948 48
948 296
948 503
948 174
384 318
384 885
384 1
384 589
384 547
384 218
394 363
394 230
394 623
394 371
394 153
394 236
477 533
477 207
477 410
477 809
477 227
477 831
585 729
585 183
585 981
585 366
585 991
786 309
786 805
786 29
786 374
786 215
786 921
192 363
192 900
192 668
192 506
192 230
192 205
718 131
718 627
718 737
718 42
718 191
159 176
159 280
159 479
159 972
159 917
770 664
770 756
770 247
770 746
770 30
770 435
346 129
346 564
346 155
346 575
346 504
346 893
422 75
422 638
422 6
422 683
422 303
422 696
771 365
771 686
771 152
771 267
771 98
228 382
228 486
228 81
228 251
228 436
640 890
640 123
640 334
640 512
640 542
640 444
408 969
408 782
408 481
408 212
408 869
408 293
836 181
836 71
836 294
836 397
836 627
742 85
742 811
742 189
742 498
742 12
742 335
861 252
861 545
861 466
861 141
861 467
861 382
96 785
96 461
96 67
96 569
96 334
96 23
112 781
112 822
112 964
112 69
112 633
112 609
133 875
133 449
133 914
133 19
133 247
133 687
259 743
259 372
259 625
259 599
259 169
259 317
659 191
659 378
659 370
659 222
659 437
863 574
863 332
863 729
863 581
863 355
845 758
845 833
845 747
845 778
845 624
845 943
953 923
953 721
953 952
953 906
953 15
953 124
711 212
711 929
711 156
711 338
711 382
711 870
873 674
873 287
873 713
873 137
873 27
873 526
857 139
857 799
857 714
857 254
857 411
857 835
927 944
927 649
927 248
927 638
927 223
927 524
555 168
555 155
555 858
555 451
555 363
555 974
891 726
891 615
891 672
891 204
891 20
442 830
442 756
442 664
442 556
442 553
442 886
456 619
456 395
456 472
456 561
456 50
456 934
749 975
749 157
749 497
749 288
756 919
756 247
756 830
756 664
243 21
243 530
243 532
243 665
243 351
243 329
884 722
884 186
884 667
884 823
884 0
884 31
364 972
364 89
364 575
364 370
364 976
364 249
765 130
765 233
765 411
765 858
765 45
765 438
654 92
654 950
654 602
654 478
654 79
654 45
759 244
759 959
759 643
759 826
759 314
759 16
806 679
806 743
806 410
806 149
806 581
806 589
234 207
234 817
234 111
234 70
234 785
234 904
921 760
921 294
921 895
921 612
165 16
165 760
165 37
165 775
165 191
165 912
821 552
821 813
821 151
821 513
202 38
202 847
202 399
202 805
202 992
202 895
214 914
214 69
214 846
214 721
214 443
214 43
995 219
995 303
995 402
995 781
995 605
333 805
333 194
333 906
333 702
333 18
333 583
405 300
405 327
405 713
405 489
4 628
4 887
4 600
4 494
4 636
4 52
86 987
86 504
86 247
86 121
475 102
475 621
475 305
475 304
475 978
475 519
754 206
754 828
754 826
754 856
754 400
754 720
32 253
32 148
32 76
32 140
32 766
32 889
971 956
971 988
971 172
971 571
971 239
971 175
356 935
356 238
356 591
356 58
356 448
356 305
537 24
537 564
537 140
537 312
537 666
537 928
225 324
225 39
225 482
225 43
225 302
225 138
728 924
728 645
728 695
728 511
728 768
807 440
807 490
807 705
807 209
807 617
807 763
818 918
818 166
818 723
818 559
818 611
818 261
713 825
713 990
713 315
713 27
811 316
811 125
811 210
811 557
811 193
44 505
44 106
44 203
44 524
44 419
44 826
387 705
387 541
387 895
387 992
387 856
530 335
530 508
530 244
530 476
530 313
955 72
955 426
955 913
955 368
955 854
955 607
840 415
840 979
840 177
840 358
840 79
840 42
852 626
852 131
852 407
852 167
852 662
47 1
47 882
47 914
47 752
47 121
47 687
950 30
950 746
950 421
950 481
543 661
543 490
543 670
543 300
543 897
543 932
894 897
894 498
894 294
894 470
894 977
894 406
571 909
571 282
571 996
571 983
571 34
992 899
992 48
992 699
992 735
383 299
383 239
383 434
383 615
383 324
35 820
35 591
35 491
35 323
35 573
201 875
201 977
201 595
201 672
201 292
201 485
901 329
901 184
901 58
901 25
901 473
154 746
154 918
154 773
154 903
154 430
154 459
789 588
789 483
789 546
789 348
789 77
468 996
468 941
468 220
468 632
468 896
468 825
143 580
143 694
143 951
143 359
143 92
143 637
285 669
285 801
285 815
285 54
285 258
285 560
312 265
312 275
312 310
312 93
312 255
997 830
997 782
997 318
997 689
997 877
378 633
378 469
378 370
378 277
942 802
942 458
942 368
942 480
942 714
942 688
262 273
262 556
262 553
262 172
262 457
262 668
767 653
767 593
767 215
767 465
767 848
767 251
464 212
464 485
464 355
464 684
464 722
464 677
722 952
722 12
722 323
722 332
360 803
360 249
360 709
360 592
360 699
360 236
791 401
791 587
791 80
791 382
791 663
791 575
851 973
851 155
851 327
851 73
851 46
851 316
808 595
808 902
808 568
808 446
808 904
808 649
940 286
940 692
940 727
940 119
940 445
940 883
123 151
123 542
123 890
123 512
123 241
837 609
837 557
837 185
837 1
837 730
837 66
431 919
431 558
431 931
431 497
431 590
431 656
860 400
860 870
860 824
860 757
860 85
987 525
987 344
987 12
987 597
276 984
276 138
276 147
276 644
276 56
276 682
936 559
936 180
936 321
936 187
935 438
935 238
935 593
935 402
935 179
644 102
644 784
644 140
644 589
264 229
264 21
264 707
264 371
264 665
264 351
961 359
961 146
961 349
961 491
961 636
118 819
118 272
118 745
118 839
118 459
118 308
578 33
578 878
578 399
578 763
578 886
417 322
417 72
417 514
417 550
417 877
120 156
120 929
120 710
120 126
120 168
120 142
130 304
130 438
130 459
130 734
130 158
717 146
717 497
717 261
717 550
717 674
717 569
794 909
794 42
794 621
794 730
794 531
108 296
108 869
108 85
108 824
108 105
108 380
421 662
421 741
421 504
421 832
421 152
696 167
696 683
696 862
696 671
696 56
820 591
820 235
820 573
820 425
198 14
198 109
198 545
198 800
723 379
723 702
723 186
723 149
723 357
97 39
97 847
97 274
97 199
97 113
97 729
61 545
61 481
61 152
61 622
61 45
80 517
80 977
80 620
80 527
80 592
6 805
6 39
6 684
6 84
522 34
522 900
522 563
522 823
522 885
522 429
597 344
597 525
597 978
597 724
597 773
540 720
540 508
540 49
540 634
540 507
540 551
23 913
23 635
23 55
23 538
261 611
261 886
261 222
261 887
928 212
928 240
928 579
928 465
928 709
517 899
517 416
517 898
517 966
625 149
625 169
625 495
625 317
625 599
482 269
482 634
482 211
482 138
896 2
896 220
896 996
896 941
896 632
454 323
454 358
454 633
454 761
454 316
685 437
685 797
685 476
685 416
685 761
162 36
162 535
162 649
162 556
162 842
162 89
397 181
397 71
397 800
397 547
397 76
161 497
161 815
161 451
161 128
161 572
432 337
432 324
432 292
432 691
432 197
499 867
499 247
499 267
499 195
499 166
674 407
674 507
674 782
674 398
688 79
688 458
688 345
688 244
688 447
63 288
63 48
63 411
63 617
63 949
63 874
800 64
800 14
800 147
800 676
69 373
69 20
69 506
69 239
843 793
843 474
843 554
843 245
843 907
843 849
552 494
552 814
552 513
552 151
582 967
582 705
582 577
582 774
582 817
926 344
926 250
926 111
926 903
926 203
832 788
832 969
832 507
832 525
832 779
64 508
64 54
64 979
64 917
64 286
764 630
764 116
764 206
764 502
764 608
764 319
535 712
535 230
535 188
535 205
535 429
615 122
615 726
615 20
211 485
211 944
211 229
211 715
211 295
554 813
554 474
554 281
554 907
554 849
412 28
412 972
412 965
412 563
412 620
544 465
544 697
544 26
544 673
544 639
66 463
66 115
66 449
66 637
66 153
136 58
136 376
136 658
136 365
136 437
255 785
255 653
255 982
255 141
826 303
826 166
826 986
223 193
223 613
223 206
223 862
223 979
528 12
528 193
528 135
528 846
528 16
528 474
208 716
208 466
208 53
208 913
208 70
208 216
287 233
287 218
287 922
68 944
68 182
68 420
68 62
68 868
68 330
999 288
999 268
999 128
999 738
999 203
999 272
170 870
170 844
170 144
170 716
170 618
170 663
638 303
638 315
638 516
638 152
439 106
439 479
439 583
439 672
439 823
439 160
683 888
683 467
683 114
683 993
746 931
746 435
746 30
310 699
310 701
310 144
310 122
310 733
532 249
532 892
532 244
532 373
263 197
263 715
263 337
263 362
263 300
263 743
686 371
686 229
686 703
686 853
686 614
350 527
350 117
350 336
350 882
350 536
425 180
425 869
425 216
425 635
425 606
54 504
54 619
54 257
957 724
957 82
957 451
957 444
512 892
512 241
512 542
512 890
523 519
523 304
523 586
523 973
523 677
523 653
761 982
761 19
761 636
83 28
83 802
83 334
83 799
117 336
117 536
117 527
117 381
601 643
601 254
601 970
601 329
601 490
601 904
946 400
946 423
946 788
946 565
946 649
946 314
74 712
74 331
74 783
74 452
74 642
74 905
526 980
526 788
526 932
526 735
526 216
248 153
248 897
248 187
248 692
248 196
413 635
413 190
413 858
413 158
587 849
587 798
587 966
587 351
587 247
782 830
782 227
782 239
984 707
984 240
984 592
984 398
579 787
579 158
579 328
579 738
579 240
574 27
574 949
574 355
574 403
135 964
135 562
135 203
135 430
135 989
392 270
392 816
392 841
392 675
392 989
866 516
866 138
866 126
866 458
866 610
84 444
84 906
84 831
84 48
612 553
612 801
612 750
612 484
612 391
586 496
586 269
586 677
586 94
822 855
822 148
822 146
822 867
822 887
649 556
649 213
878 737
878 703
878 673
878 534
227 282
227 40
227 81
227 909
740 137
740 557
740 59
740 656
740 76
740 253
169 280
169 372
169 599
169 317
390 518
390 666
390 751
390 793
390 853
359 951
359 694
359 580
359 844
701 410
701 508
701 483
701 49
701 829
925 178
925 371
925 0
925 755
925 631
925 385
679 519
679 668
679 305
679 33
679 423
986 970
986 976
986 329
986 93
986 289
835 140
835 516
835 493
525 619
525 354
525 874
102 299
102 551
102 697
102 647
745 511
745 290
745 115
745 988
745 733
568 478
568 600
568 595
568 446
116 319
116 502
116 630
116 697
271 652
271 627
271 250
271 593
271 99
271 128
584 493
584 406
584 664
584 669
584 546
584 380
870 407
870 342
707 931
707 351
707 506
58 669
58 365
58 376
415 752
415 979
415 291
415 42
930 844
930 190
930 324
930 217
930 180
219 469
219 191
219 489
219 941
777 714
777 893
777 193
777 139
777 461
777 937
266 179
266 34
266 775
266 695
266 656
480 621
480 704
480 309
480 352
216 31
216 583
216 875
349 945
349 529
349 361
349 888
349 510
743 265
743 694
743 317
898 980
898 976
898 257
898 280
426 73
426 697
426 301
426 572
426 297
963 251
963 918
963 748
963 41
963 457
963 785
706 914
706 573
706 687
706 882
706 752
706 222
352 825
352 780
352 516
352 445
352 403
748 105
748 269
748 681
748 296
368 607
368 854
368 588
368 72
613 157
613 308
613 444
613 691
613 964
611 190
611 298
611 473
611 665
565 637
565 71
565 661
565 716
565 273
712 341
712 758
712 313
712 331
369 670
369 273
369 71
369 623
369 704
281 31
281 5
281 105
281 388
281 275
494 402
494 25
494 52
631 385
631 0
631 16
631 178
631 755
292 547
292 559
292 158
292 429
739 293
739 671
739 441
739 404
739 299
647 871
647 404
647 155
647 114
647 324
787 738
787 859
787 131
787 328
751 991
751 912
751 17
751 283
50 395
50 561
50 934
50 472
93 802
93 167
93 327
93 829
529 361
529 945
529 510
529 888
529 367
144 733
144 29
144 909
144 816
702 982
702 379
702 357
702 186
588 77
588 483
588 348
737 407
737 673
737 854
380 801
380 576
380 990
380 628
708 289
708 99
708 267
708 780
708 184
967 577
967 817
967 658
967 774
833 473
833 778
833 505
833 943
833 758
913 467
913 450
38 252
38 509
38 141
38 465
450 666
450 802
450 381
290 564
290 115
290 345
290 39
290 460
814 724
814 513
814 812
814 151
798 218
798 224
798 899
798 30
798 157
812 819
812 566
812 257
812 5
812 82
296 994
296 639
524 633
524 398
524 912
524 505
572 277
572 89
2 710
2 632
2 230
2 196
75 952
75 784
75 567
75 213
75 470
188 667
188 803
188 429
188 931
188 139
37 449
37 885
37 258
37 199
37 629
750 160
750 623
750 220
750 260
750 288
342 210
342 829
342 347
342 31
342 939
452 667
452 331
452 642
452 600
452 905
734 434
734 316
734 106
734 56
827 606
827 839
827 842
827 564
827 747
492 121
492 533
492 374
492 881
492 677
492 174
885 682
885 663
885 608
886 513
886 209
886 399
924 619
924 656
924 695
924 768
189 689
189 317
189 538
189 904
189 335
618 367
618 106
618 663
618 639
618 661
113 129
113 505
113 254
113 297
113 126
974 762
974 335
974 200
974 289
8 134
8 160
8 85
8 239
692 727
692 119
692 883
692 445
531 221
531 755
531 879
531 92
733 816
733 358
733 988
465 250
465 509
41 110
41 959
41 325
460 731
460 428
460 918
460 53
460 40
609 660
609 321
609 238
609 345
652 71
652 908
652 904
652 457
652 639
871 461
871 200
871 667
871 958
871 507
560 500
560 209
560 311
560 616
560 876
796 675
796 989
796 270
796 841
796 218
294 498
294 470
418 844
418 288
418 797
418 212
418 298
194 18
194 430
194 221
194 501
295 716
295 36
295 362
295 889
876 616
876 437
876 311
876 500
828 400
828 311
828 624
828 699
958 376
958 36
958 177
958 200
653 848
653 643
653 623
282 909
282 34
282 9
282 994
443 721
443 495
443 824
443 98
443 694
741 658
741 27
741 562
741 486
741 124
959 569
959 110
959 325
73 297
73 217
73 684
479 347
479 411
726 20
726 626
726 204
438 45
438 498
438 593
100 138
100 627
100 55
932 470
932 207
932 735
932 980
5 257
5 762
5 299
5 566
923 15
923 25
923 9
297 502
297 49
297 490
501 268
501 221
501 879
53 205
53 279
53 562
53 70
591 235
591 573
274 709
274 635
274 922
274 337
274 164
675 989
675 841
675 270
463 780
463 355
463 153
463 115
322 550
322 514
322 877
322 241
660 24
660 92
660 848
660 436
976 592
976 249
976 677
267 729
267 166
407 869
31 980
31 481
802 496
469 307
469 277
469 848
632 313
632 996
632 220
172 77
172 956
172 273
172 175
892 249
892 448
892 583
892 973
635 858
635 678
695 656
695 768
853 518
853 793
341 428
341 951
341 666
341 872
341 12
441 404
441 491
441 293
441 232
614 128
614 908
614 703
614 918
614 575
636 78
636 637
514 877
514 550
254 129
254 141
254 206
889 362
889 253
385 755
385 16
385 0
385 178
483 77
483 607
602 911
602 626
602 319
602 908
602 819
379 183
379 186
379 357
379 149
40 366
40 213
40 731
40 428
485 506
485 769
485 67
153 222
153 115
362 337
362 197
362 715
403 445
403 978
403 780
416 137
416 476
416 797
592 977
437 864
174 576
174 160
174 489
174 185
513 151
841 34
841 989
841 270
890 241
890 542
890 965
402 593
402 238
402 605
947 187
947 218
947 371
947 607
947 610
991 831
991 634
991 981
689 207
689 641
689 915
240 184
240 809
240 760
780 241
24 288
24 988
24 313
24 616
518 667
518 768
518 793
952 567
952 724
952 245
939 859
939 760
939 419
939 458
314 406
314 847
314 229
757 400
757 81
757 121
757 911
626 131
626 662
179 340
179 893
179 85
179 775
657 291
657 855
657 315
657 566
657 617
145 590
145 436
145 815
145 196
145 336
893 628
893 504
793 474
965 28
965 563
965 620
111 433
111 903
816 983
816 988
731 558
731 428
731 730
731 132
19 124
19 279
19 332
19 348
399 895
399 78
399 459
340 669
340 825
340 775
340 982
340 839
610 149
610 371
610 218
610 126
656 774
291 491
291 646
291 92
291 251
983 232
983 233
983 205
983 345
280 519
280 29
472 213
472 561
472 45
472 395
915 59
915 623
915 641
915 157
27 867
27 67
119 332
119 883
119 445
119 727
215 600
215 747
215 323
844 781
844 805
664 830
664 332
856 945
856 366
856 581
859 419
859 558
859 715
785 461
785 569
367 906
367 888
367 361
367 510
569 634
569 461
774 577
774 779
774 817
20 204
941 220
941 996
347 703
347 286
347 908
676 760
676 678
676 551
676 147
268 328
268 738
268 881
268 541
446 595
446 643
446 478
608 663
608 630
608 319
608 502
590 558
590 917
357 186
357 149
357 846
411 114
411 978
868 944
868 330
868 62
868 420
868 182
848 251
848 855
451 724
451 82
253 766
253 140
253 76
704 273
704 670
704 969
195 124
195 382
195 235
195 363
354 729
354 908
721 15
721 395
67 348
67 89
67 622
205 279
205 716
52 788
52 813
305 372
305 668
305 33
536 336
536 527
536 994
912 283
912 17
912 191
302 801
302 185
302 735
302 546
302 576
867 809
867 26
235 573
235 627
13 850
13 581
13 966
13 366
13 245
13 440
434 847
434 506
434 381
190 388
190 534
769 363
769 191
769 629
769 628
778 943
778 624
778 376
778 758
797 476
797 803
673 26
99 300
99 372
99 427
358 972
358 339
904 902
183 366
183 669
183 244
766 131
766 76
766 17
766 283
1 799
1 617
1 105
576 546
576 185
142 168
142 26
142 929
142 156
809 313
809 134
899 881
899 137
899 805
381 966
381 506
59 298
59 559
59 230
178 755
178 0
178 232
134 327
134 564
846 43
846 842
846 186
849 474
849 907
374 122
374 677
374 993
374 29
598 207
598 18
598 703
598 85
200 519
200 850
200 177
691 982
691 666
691 308
691 869
410 484
410 831
410 55
929 168
929 156
16 496
481 622
682 605
682 819
338 124
338 567
338 887
245 366
245 557
245 164
309 321
309 629
309 9
199 931
199 720
199 629
433 355
433 917
433 272
433 187
900 562
900 232
900 82
747 943
747 645
250 176
250 773
250 508
993 401
993 137
993 122
373 440
373 62
373 301
534 919
534 388
534 831
78 895
78 783
78 459
168 156
784 538
784 645
784 801
784 213
139 937
139 714
672 204
672 875
687 752
687 882
687 914
633 164
633 858
311 616
311 500
681 114
681 575
681 458
681 72
934 619
934 561
538 459
538 89
461 193
301 697
301 132
301 949
301 533
627 236
72 607
72 854
62 182
62 420
62 994
684 775
684 217
773 658
773 478
28 427
28 563
339 180
339 318
339 430
339 895
339 864
738 825
738 328
181 516
181 71
577 817
577 779
875 490
241 542
646 908
646 147
646 114
470 710
470 498
606 839
606 945
209 823
209 500
599 317
599 372
599 436
121 972
121 504
321 710
319 502
319 630
304 70
758 624
758 943
175 273
175 763
175 918
175 956
330 556
330 182
330 493
330 420
783 210
783 427
783 547
783 562
872 762
872 33
872 46
872 966
975 580
975 286
252 813
252 473
252 567
395 561
395 94
467 448
467 447
224 30
224 489
224 327
331 642
331 905
665 21
665 351
665 260
423 316
423 400
423 663
667 447
720 289
720 980
874 620
874 105
874 17
236 593
236 406
595 735
595 478
850 7
850 503
850 391
903 583
903 344
897 300
897 937
48 444
600 478
600 401
185 546
978 466
401 361
401 671
977 622
977 222
131 265
272 203
272 533
25 164
25 157
25 184
124 98
645 39
645 511
645 307
388 661
388 911
824 902
824 503
824 495
420 182
420 318
128 705
969 94
981 762
489 476
489 327
937 714
937 98
937 662
563 620
39 138
752 882
752 914
922 233
922 902
671 167
671 286
671 788
221 879
864 308
864 289
864 862
445 727
710 122
361 888
361 510
257 566
257 353
503 7
503 391
503 497
193 125
547 815
307 541
307 705
307 429
307 511
344 125
33 668
33 678
277 542
277 763
990 533
990 345
990 132
519 353
605 819
605 881
605 213
919 973
919 668
803 858
260 318
260 551
533 15
79 964
79 155
17 398
17 283
14 109
14 545
628 949
628 557
567 147
567 448
546 735
788 507
353 46
353 566
353 404
473 813
842 298
842 430
624 376
624 943
187 43
265 781
265 9
265 447
854 724
854 607
177 36
197 337
197 715
197 298
490 763
283 42
727 883
141 9
815 196
355 7
616 500
905 55
905 642
716 779
232 448
232 275
883 391
486 931
486 436
486 589
336 527
862 258
862 206
714 440
7 391
510 888
510 945
126 176
126 541
558 125
855 148
855 435
365 275
365 376
196 643
768 204
678 622
678 372
779 36
823 106
152 951
210 180
316 466
220 996
699 249
699 729
979 46
979 132
623 230
799 15
951 580
951 694
642 56
642 559
583 148
222 882
244 229
495 206
110 325
94 269
94 496
229 658
634 363
474 907
730 440
730 334
730 132
877 550
26 164
956 839
956 92
348 77
457 639
457 670
176 551
176 493
498 212
847 879
258 129
829 203
829 158
829 511
949 911
491 146
140 76
275 427
511 217
980 279
715 337
109 545
125 334
279 157
279 217
429 34
440 509
29 122
155 18
419 911
419 435
496 269
621 906
621 670
621 42
556 553
146 887
580 694
630 502
641 705
641 184
944 182
944 709
906 18
132 973
989 270
970 251
970 329
484 325
484 55
148 435
781 303
781 917
917 709
345 115
561 619
46 617
448 447
167 334
553 160
825 303
129 56
551 81
639 661
982 70
18 509
49 508
404 293
180 21
755 0
21 351
