262 992
262 284
262 738
262 18
262 568
262 784
643 794
643 23
643 990
643 829
643 674
643 894
391 689
391 170
391 407
391 408
391 616
391 55
528 666
528 777
528 487
528 626
528 506
528 605
59 650
59 879
59 439
59 745
59 149
59 798
729 542
729 421
729 395
729 207
729 364
729 896
19 489
19 512
19 18
19 83
19 594
19 353
656 739
656 176
656 659
656 741
656 627
656 308
80 440
80 358
80 124
80 953
80 306
80 209
486 342
486 90
486 516
486 329
486 279
486 702
95 465
95 30
95 250
95 2
95 790
95 917
157 873
157 976
157 450
157 189
157 483
157 437
459 488
459 960
459 186
459 766
459 254
459 663
928 355
928 455
928 544
928 609
928 761
928 556
8 511
8 339
8 150
8 775
8 827
8 178
238 867
238 108
238 681
238 223
238 139
238 501
742 708
742 841
742 248
742 620
742 557
742 963
871 336
871 103
871 614
871 315
871 606
871 538
398 45
398 730
398 683
398 135
398 687
398 650
832 711
832 927
832 919
832 848
832 406
832 109
146 616
146 600
146 293
146 761
146 114
146 425
468 545
468 694
468 191
468 765
468 515
468 404
305 861
305 472
305 686
305 888
305 240
305 607
870 211
870 733
870 271
870 426
870 192
870 403
76 553
76 490
76 725
76 354
76 93
76 165
781 331
781 991
781 126
781 373
781 925
781 290
20 292
20 675
20 89
20 86
20 379
20 441
392 148
392 344
392 119
392 90
392 264
392 316
700 771
700 199
700 114
700 939
700 537
700 102
273 886
273 835
273 519
273 686
273 104
273 319
274 719
274 778
274 399
274 494
274 260
274 710
882 959
882 251
882 604
882 386
882 762
882 192
163 561
163 595
163 359
163 429
163 402
163 819
377 642
377 608
377 897
377 524
377 967
377 702
763 200
763 330
763 175
763 576
763 706
763 350
930 992
930 568
930 784
930 433
930 587
930 235
549 289
549 874
549 206
549 137
549 194
549 748
592 770
592 362
592 624
592 351
592 181
592 702
527 649
527 814
527 704
527 839
527 837
527 182
982 678
982 60
982 719
982 268
982 3
982 951
629 476
629 564
629 658
629 768
629 590
629 972
701 485
701 82
701 979
701 278
701 990
701 147
534 12
534 726
534 973
534 800
534 197
534 838
878 132
878 337
878 516
878 322
878 929
878 216
115 748
115 137
115 712
115 481
115 285
115 513
974 876
974 460
974 754
974 644
974 785
974 860
405 758
405 845
405 165
405 66
405 525
405 473
813 834
813 458
813 883
813 520
813 214
813 566
90 344
90 968
90 119
90 264
572 922
572 385
572 289
572 465
572 206
572 854
207 652
207 686
207 17
207 11
207 53
977 343
977 430
977 947
977 352
977 529
977 513
661 419
661 430
661 827
661 227
661 299
661 484
918 346
918 467
918 852
918 530
918 127
918 877
348 311
348 152
348 570
348 759
348 961
348 924
458 36
458 998
458 672
458 686
458 556
135 650
135 641
135 71
135 266
135 74
988 723
988 855
988 381
988 788
988 639
988 426
122 670
122 755
122 69
122 631
122 899
122 188
789 843
789 898
789 265
789 771
789 535
789 932
219 192
219 548
219 750
219 601
219 150
219 278
313 380
313 904
313 81
313 162
313 715
313 576
245 699
245 824
245 950
245 638
245 957
245 106
451 21
451 522
451 852
451 335
451 952
451 604
234 480
234 615
234 487
234 4
234 940
234 78
967 897
967 608
967 524
967 642
967 67
54 847
54 427
54 371
54 799
54 250
54 797
591 352
591 862
591 774
591 361
591 858
591 509
28 506
28 989
28 336
28 402
28 259
28 968
224 602
224 131
224 758
224 815
224 287
224 78
580 969
580 185
580 314
580 547
580 33
580 191
966 993
966 823
966 600
966 293
966 934
966 502
773 655
773 258
773 677
773 311
773 865
773 504
820 56
820 466
820 438
820 299
820 954
820 437
947 352
947 70
947 621
947 772
947 529
364 542
364 514
364 395
364 900
364 230
667 508
667 984
667 252
667 620
667 687
667 478
598 641
598 518
598 694
598 994
598 803
598 541
983 689
983 45
983 237
983 73
983 901
983 515
184 46
184 477
184 89
184 455
184 267
184 526
328 958
328 246
328 945
328 853
328 213
328 329
243 960
243 956
243 120
243 764
243 518
243 942
751 68
751 85
751 854
751 844
751 987
751 43
933 52
933 374
933 664
933 517
933 605
933 872
384 141
384 9
384 797
384 756
384 720
384 128
502 823
502 934
502 600
502 293
502 819
428 37
428 740
428 796
428 382
428 587
428 881
688 40
688 444
688 226
688 347
688 638
688 142
96 78
96 663
96 58
96 801
96 492
96 799
369 551
369 378
369 230
369 223
369 82
369 957
373 331
373 991
373 786
373 290
373 925
214 834
214 566
214 353
214 883
214 520
499 660
499 563
499 121
499 434
499 420
499 475
130 50
130 743
130 845
130 365
130 595
130 58
851 654
851 856
851 198
851 412
851 508
851 185
603 195
603 672
603 82
603 174
603 277
603 588
805 136
805 724
805 775
805 505
805 145
805 720
340 119
340 653
340 5
340 622
340 973
340 809
840 926
840 780
840 267
840 393
840 893
840 335
323 585
323 712
323 183
323 1
323 401
323 586
491 825
491 85
491 758
491 173
491 923
491 117
21 280
21 522
21 595
21 952
21 743
306 358
306 517
306 209
306 124
306 953
456 981
456 683
456 959
456 919
456 124
456 280
526 46
526 561
526 218
526 477
526 89
190 231
190 368
190 593
190 225
190 302
190 985
901 237
901 917
901 60
901 11
901 750
747 72
747 409
747 757
747 172
747 887
747 159
855 723
855 381
855 788
855 514
855 639
565 950
565 30
565 169
565 772
565 613
565 363
778 151
778 50
778 943
778 657
778 732
859 110
859 116
859 375
859 673
859 804
859 422
996 631
996 498
996 134
996 863
996 903
996 739
116 559
116 110
116 804
116 98
116 422
684 159
684 962
684 599
684 400
684 680
684 752
915 204
915 784
915 153
915 210
915 724
915 921
218 46
218 477
218 279
218 89
218 309
325 637
325 715
325 560
325 975
325 370
325 248
295 99
295 496
295 964
295 795
295 907
295 721
545 268
545 342
545 404
545 765
545 515
783 351
783 362
783 761
783 407
783 158
783 444
857 509
857 774
857 361
857 471
857 84
857 271
65 268
65 204
65 153
65 210
65 724
65 280
906 144
906 376
906 61
906 831
906 298
906 714
581 249
581 926
581 931
581 516
581 449
581 174
908 571
908 100
908 158
908 485
908 277
908 948
647 48
647 584
647 480
647 962
647 792
647 814
853 958
853 244
853 213
853 246
853 830
100 417
100 836
100 812
100 17
100 816
226 347
226 728
226 574
226 142
226 444
432 249
432 278
432 367
432 733
432 861
432 212
978 628
978 48
978 958
978 411
978 822
978 232
397 220
397 638
397 84
397 704
397 433
397 4
678 610
678 927
678 154
678 488
678 619
241 884
241 180
241 659
241 898
241 948
241 506
839 166
839 182
839 649
839 837
839 446
109 711
109 707
109 287
109 919
109 848
540 555
540 301
540 113
540 442
540 981
540 868
153 724
153 561
153 210
153 204
726 197
726 891
726 800
726 838
726 12
168 757
168 830
168 814
168 622
168 107
168 829
360 713
360 889
360 556
360 630
360 203
360 256
696 311
696 961
696 40
696 126
696 924
696 636
745 149
745 439
745 268
745 922
745 879
628 411
628 232
628 718
628 625
628 48
55 860
55 657
55 339
55 389
55 989
123 604
123 719
123 733
123 449
123 936
123 833
703 453
703 419
703 276
703 177
703 356
703 687
417 812
417 634
417 895
417 17
417 836
921 421
921 445
921 415
921 24
921 595
57 316
57 985
57 665
57 874
57 117
57 108
349 324
349 826
349 413
349 237
349 825
349 951
2 300
2 602
2 554
2 62
2 790
413 372
413 825
413 951
413 237
413 826
9 756
9 720
9 128
9 797
9 792
309 247
309 158
309 698
309 589
309 937
709 92
709 158
709 414
709 326
709 396
709 201
949 952
949 300
949 965
949 131
949 18
949 550
144 374
144 298
144 376
144 714
144 693
762 959
762 872
762 815
762 386
762 712
139 867
139 108
139 205
139 501
139 256
418 582
418 769
418 782
418 497
418 13
418 25
64 533
64 41
64 888
64 203
64 941
64 914
653 675
653 973
653 453
653 5
653 809
187 388
187 764
187 87
187 652
187 946
187 453
315 538
315 336
315 614
315 103
315 606
390 435
390 68
390 593
390 196
390 329
390 567
903 134
903 980
903 498
903 863
903 631
735 733
735 517
735 617
735 664
735 346
735 507
216 42
216 516
216 170
216 322
216 929
787 383
787 927
787 619
787 833
787 38
787 222
285 111
285 137
285 71
285 890
285 712
276 177
276 36
276 0
276 753
276 291
838 800
838 12
838 197
838 883
645 814
645 270
645 621
645 32
645 91
645 251
784 738
784 992
784 568
164 768
164 106
164 472
164 895
164 734
164 88
331 4
331 925
331 290
331 991
10 378
10 679
10 94
10 923
10 695
10 255
44 999
44 691
44 676
44 920
44 802
44 129
462 34
462 931
462 118
462 0
462 235
462 291
699 957
699 824
699 106
699 638
699 479
125 435
125 196
125 658
125 998
125 257
125 640
785 644
785 766
785 446
785 754
785 876
394 240
394 597
394 454
394 145
394 327
394 140
793 365
793 671
793 261
793 562
793 366
793 345
29 473
29 940
29 401
29 792
29 513
29 284
143 407
143 574
143 736
143 275
143 909
143 770
500 923
500 893
500 727
500 640
500 658
500 780
811 552
811 308
811 694
811 693
811 176
811 776
386 604
386 192
386 890
386 872
560 718
560 75
560 668
560 161
560 649
99 907
99 496
99 964
99 795
99 721
35 872
35 461
35 936
35 946
35 388
35 87
711 406
711 919
711 848
711 301
363 488
363 772
363 613
363 105
363 288
842 257
842 440
842 511
842 357
842 174
842 529
140 911
140 47
140 16
140 579
140 208
913 440
913 936
913 63
913 13
913 513
913 253
736 105
736 402
736 88
736 270
736 407
938 935
938 302
938 546
938 993
938 746
938 112
690 39
690 160
690 798
690 321
690 801
690 111
791 648
791 51
791 905
791 296
791 27
791 191
912 68
912 756
912 141
912 558
912 555
912 171
525 215
525 845
525 165
525 66
525 473
446 6
446 837
446 182
446 166
570 896
570 284
570 372
570 616
570 132
497 403
497 25
497 769
497 13
497 582
129 626
129 999
129 676
129 73
129 691
531 553
531 42
531 640
531 975
531 280
531 346
623 637
623 968
623 593
623 695
623 321
623 255
737 272
737 984
737 252
737 282
737 478
737 642
155 371
155 406
155 427
155 802
155 847
155 818
260 710
260 944
260 399
260 573
260 817
786 290
786 704
786 927
786 470
786 925
880 465
880 436
880 447
880 806
880 169
880 651
612 994
612 665
612 67
612 850
612 17
612 610
764 956
764 107
764 175
764 942
519 36
519 56
519 886
519 104
519 319
536 342
536 378
536 792
536 730
536 995
536 111
212 249
212 178
212 861
212 890
212 945
385 334
385 731
385 236
385 543
385 648
685 367
685 632
685 707
685 819
685 969
685 425
834 58
834 520
834 566
834 138
594 83
594 995
594 353
594 512
594 18
975 200
975 637
975 715
975 370
118 34
118 291
118 595
118 70
118 931
866 635
866 27
866 705
866 521
866 548
866 697
434 618
434 475
434 420
434 660
434 46
843 535
843 265
843 932
843 825
843 487
662 220
662 997
662 655
662 42
662 707
662 715
850 998
850 67
850 610
850 521
850 909
317 717
317 372
317 810
317 849
317 869
317 482
932 265
932 535
932 746
932 771
205 624
205 732
205 423
205 314
205 179
225 368
225 231
225 302
225 263
225 593
440 406
440 174
440 511
24 445
24 53
24 421
24 587
24 415
41 914
41 533
41 607
41 941
41 888
664 507
664 374
664 617
664 517
496 601
496 795
496 753
496 404
674 829
674 437
674 23
674 794
674 894
312 410
312 646
312 77
312 239
312 744
312 333
202 808
202 12
202 193
202 632
202 945
202 539
227 827
227 484
227 822
227 419
227 200
532 554
532 338
532 746
532 341
532 524
532 33
856 654
856 112
856 198
856 508
856 412
478 984
478 272
478 252
478 282
885 310
885 633
885 217
885 156
885 891
885 964
713 630
713 556
713 889
713 448
713 256
788 321
788 894
788 639
788 723
236 731
236 543
236 334
236 648
236 117
714 831
714 298
714 489
714 376
504 655
504 11
504 677
504 258
504 865
794 134
794 829
794 23
794 846
151 732
151 657
151 26
151 943
151 50
261 562
261 734
261 671
261 365
261 366
457 828
457 303
457 362
457 909
457 279
457 854
682 70
682 171
682 403
682 821
682 336
682 980
49 249
49 263
49 442
49 615
49 233
49 471
250 416
250 30
250 917
250 790
900 181
900 542
900 395
900 230
900 854
924 961
924 311
924 759
924 152
971 902
971 31
971 575
971 669
971 673
971 779
393 780
393 367
393 267
393 926
393 893
963 562
963 841
963 708
963 557
963 73
485 990
485 979
485 776
485 278
818 215
818 371
818 427
818 847
818 708
354 490
354 93
354 633
354 553
354 725
436 806
436 651
436 447
436 865
436 514
419 484
419 827
419 299
426 117
426 150
426 796
426 782
904 380
904 576
904 162
904 721
904 81
33 698
33 554
33 471
33 746
442 868
442 555
442 304
442 113
675 5
675 809
675 973
675 488
272 252
272 984
272 277
272 865
172 375
172 887
172 72
172 409
172 159
585 175
585 1
585 452
585 863
585 586
463 616
463 506
463 136
463 720
463 229
463 98
618 343
618 493
618 133
618 424
618 902
379 292
379 888
379 441
379 15
379 86
884 503
884 948
884 180
884 659
884 898
1 586
1 183
1 401
1 427
178 861
178 107
178 249
178 150
141 220
141 128
141 756
141 797
338 341
338 271
338 510
338 746
338 666
893 267
893 926
893 780
281 799
281 449
281 561
281 692
281 776
281 622
986 970
986 760
986 716
986 307
986 244
986 39
492 693
492 97
492 136
492 705
492 552
203 997
203 691
203 833
203 588
658 807
658 640
658 257
909 362
909 969
909 275
318 815
318 200
318 639
318 523
318 474
318 26
416 255
416 358
416 30
416 911
416 917
596 294
596 433
596 722
596 753
596 4
596 88
769 25
769 403
769 782
769 582
171 631
171 636
171 980
171 821
217 337
217 891
217 310
217 156
217 586
350 472
350 706
350 330
350 985
350 679
448 994
448 916
448 630
448 889
448 892
477 89
477 46
477 706
552 470
552 56
552 708
552 693
201 507
201 396
201 326
201 92
201 414
505 430
505 718
505 161
505 494
505 136
112 654
112 198
112 412
112 530
34 70
34 291
34 0
34 931
333 77
333 744
333 239
333 672
333 646
624 314
624 179
624 423
624 704
97 728
97 136
97 749
97 693
97 204
676 672
676 691
676 920
676 999
197 800
197 12
197 816
511 174
511 507
511 257
810 717
810 558
810 849
810 482
810 195
16 727
16 208
16 411
16 579
16 47
544 455
544 609
544 355
544 480
544 761
578 680
578 599
578 400
578 563
578 228
578 752
670 548
670 755
670 69
670 188
670 899
803 767
803 779
803 79
803 910
803 332
167 633
167 251
167 503
167 702
167 316
167 220
777 487
777 626
777 569
777 666
777 605
50 657
50 732
50 943
946 388
946 652
946 87
946 461
52 892
52 493
52 374
52 872
52 357
381 357
381 723
381 639
381 665
102 114
102 75
102 939
102 537
102 771
876 754
876 644
876 460
876 860
493 133
493 69
493 816
493 343
631 81
631 980
997 814
997 890
997 425
997 185
659 993
659 898
659 180
320 240
320 75
320 70
320 854
320 875
320 630
955 443
955 221
955 3
955 546
955 649
955 228
917 30
917 790
945 632
945 539
945 808
400 133
400 680
400 599
400 752
835 886
835 104
835 488
835 14
835 319
91 799
91 32
91 621
91 270
91 995
475 420
475 563
475 269
475 660
600 293
600 823
600 934
408 484
408 465
408 192
408 170
408 766
430 503
430 516
430 148
138 583
138 85
138 101
138 466
138 121
550 342
550 965
550 686
550 311
550 759
779 332
779 79
779 673
779 767
597 351
597 454
597 327
597 145
597 240
147 32
147 278
147 979
147 40
147 31
654 198
654 508
654 412
489 831
489 858
489 376
489 32
498 863
498 833
498 134
498 3
501 510
501 108
501 753
501 867
514 334
514 78
514 765
223 940
223 480
223 640
223 254
248 620
248 557
248 841
248 554
822 48
822 411
822 849
822 232
263 11
263 990
263 342
263 495
722 88
722 902
722 669
722 575
722 31
593 231
593 686
944 710
944 831
944 817
944 399
944 573
26 105
26 465
26 211
26 286
858 509
858 361
858 774
858 862
221 546
221 370
221 228
221 935
221 443
725 490
725 93
725 553
725 633
307 970
307 727
307 375
307 479
307 716
728 991
728 347
728 229
728 821
836 812
836 634
836 17
836 895
992 620
992 568
992 738
43 6
43 452
43 844
43 387
43 987
186 663
186 487
186 923
186 254
186 766
767 297
767 332
767 910
767 79
355 455
355 58
355 609
355 761
396 326
396 176
396 807
396 414
132 322
132 940
132 558
132 929
467 127
467 530
467 607
467 877
467 85
213 105
213 324
213 246
213 958
625 101
625 84
625 215
625 718
625 929
665 994
665 985
665 284
677 865
677 258
677 655
677 230
941 533
941 888
941 914
941 607
601 750
601 548
601 753
601 697
433 824
433 4
433 704
989 801
989 259
989 61
989 506
864 3
864 211
864 646
864 303
864 854
864 568
573 294
573 399
573 817
573 710
883 627
883 566
883 520
232 48
232 395
232 411
590 476
590 768
590 972
590 199
590 564
541 538
541 93
541 994
541 195
541 503
671 365
671 345
671 366
671 562
105 66
105 407
635 705
635 67
635 158
635 521
635 697
304 830
304 613
304 288
304 802
304 481
844 452
844 6
844 387
844 987
410 744
410 77
410 222
410 646
410 239
948 940
948 298
948 319
259 506
259 479
259 968
259 61
616 425
616 3
242 920
242 78
242 579
242 571
242 70
242 510
905 191
905 808
905 296
905 51
905 27
195 994
195 558
195 453
39 160
39 798
39 801
39 321
51 191
51 296
51 27
51 297
717 482
717 849
717 558
717 869
869 559
869 849
869 482
869 275
954 438
954 437
954 782
954 56
954 254
329 951
329 584
329 356
740 881
740 382
740 589
740 587
740 796
607 914
607 533
270 621
270 32
270 183
229 266
229 641
229 71
229 727
447 806
447 169
447 7
447 651
94 335
94 337
94 927
94 863
94 611
368 985
368 231
368 302
368 38
627 176
627 308
627 741
627 253
626 605
626 666
626 73
872 374
14 104
14 488
14 886
14 707
14 258
753 177
244 970
244 716
244 574
244 760
266 641
266 110
266 71
266 74
126 637
126 535
126 608
126 209
689 828
689 969
689 557
689 816
18 512
18 83
110 422
110 609
110 804
679 422
679 330
679 356
679 706
999 802
999 920
999 691
694 515
694 765
694 404
862 509
862 774
862 698
862 361
431 121
431 443
431 303
431 929
431 780
431 896
897 608
897 642
897 233
897 524
681 995
681 867
681 252
681 209
681 108
193 199
193 539
193 808
193 632
193 772
351 362
351 743
351 551
620 841
620 557
706 330
706 356
873 483
873 995
873 976
873 450
873 189
547 435
547 427
547 567
547 142
547 196
47 208
47 804
47 579
47 911
642 608
642 524
824 636
824 957
824 174
828 584
828 636
828 816
828 264
246 958
246 425
246 324
888 533
420 563
420 660
420 269
577 339
577 271
577 819
577 741
577 275
577 775
166 837
166 182
166 253
166 452
599 680
599 752
599 228
995 395
165 559
165 66
165 845
634 422
634 812
634 895
634 804
968 695
968 337
633 107
633 702
922 602
922 439
922 268
922 231
668 277
668 705
668 718
668 380
668 161
776 161
776 907
776 887
23 846
23 894
23 829
815 15
815 479
815 308
347 142
347 40
347 444
567 998
567 693
567 435
567 196
22 972
22 615
22 469
22 510
22 286
22 233
361 509
361 774
482 92
482 849
976 483
976 189
976 821
976 450
230 542
230 258
741 176
741 251
741 308
521 27
521 705
521 697
575 902
575 669
575 194
575 31
775 271
775 460
775 339
604 848
604 251
697 705
697 548
490 134
490 154
490 553
816 0
868 113
868 555
868 981
868 301
15 537
15 86
15 441
15 292
443 935
443 546
443 228
188 899
188 755
188 543
188 69
371 215
371 802
371 847
774 509
891 337
891 156
891 310
107 444
107 441
683 611
683 730
683 45
683 280
987 452
987 387
987 6
127 877
127 852
127 346
127 530
388 461
388 87
388 652
103 538
103 336
103 614
103 606
183 993
183 401
183 586
875 743
875 495
875 74
875 180
875 559
807 414
807 558
807 326
807 464
208 911
208 579
208 471
959 280
959 117
959 981
292 494
292 441
292 86
464 62
464 523
464 474
464 692
464 173
358 124
358 372
358 953
409 72
409 159
409 887
409 757
297 383
297 799
297 470
297 743
399 710
399 817
199 965
199 389
199 148
569 479
569 131
569 425
569 294
569 554
247 698
247 589
247 937
247 470
247 802
466 121
466 546
466 101
466 583
845 66
845 892
77 744
77 731
77 239
804 422
406 919
406 848
564 768
564 972
564 476
564 375
644 860
644 460
644 754
180 898
180 503
524 608
723 639
723 117
754 460
754 860
583 920
583 101
583 121
583 750
877 530
877 852
877 346
953 296
953 124
953 209
712 137
712 890
465 494
267 734
267 926
181 750
181 559
181 75
181 551
588 82
588 476
588 551
588 84
60 935
60 719
60 150
60 867
692 173
692 523
692 62
692 474
649 837
649 182
902 31
902 669
387 669
387 452
387 6
449 622
449 257
449 470
559 124
641 74
641 71
756 797
756 128
837 182
81 162
81 576
81 380
522 595
522 6
522 952
522 37
749 755
749 269
749 211
749 177
749 910
801 798
801 160
453 584
453 335
301 981
301 469
301 113
382 796
382 37
382 389
382 881
637 370
637 715
288 833
288 481
288 613
288 160
708 841
708 215
85 101
85 530
757 830
757 896
757 72
162 576
162 874
162 175
660 563
660 269
265 771
265 535
265 42
724 204
724 210
680 752
680 962
823 894
823 934
823 293
508 198
508 412
429 277
429 283
429 770
429 402
429 359
149 571
149 650
149 439
149 879
931 958
931 291
78 211
695 142
695 255
695 82
951 825
951 826
27 296
372 892
372 896
792 584
792 111
53 415
53 421
53 445
53 299
152 961
152 759
152 74
152 257
294 619
294 923
294 88
362 367
98 303
98 253
98 289
98 63
817 710
817 68
173 474
173 316
173 523
353 566
353 83
353 512
75 704
75 537
950 610
950 283
950 359
950 770
37 962
37 175
37 881
809 622
809 5
809 973
557 841
424 284
424 636
424 357
424 133
424 965
609 761
609 455
755 69
755 899
402 283
402 359
441 86
716 760
716 970
716 574
454 145
454 739
454 327
454 940
314 179
314 423
314 470
655 258
655 494
652 461
652 87
738 282
738 512
738 568
937 133
937 589
937 698
937 513
150 192
640 495
952 401
952 300
120 518
120 942
120 956
120 960
120 327
584 890
7 375
7 169
7 896
7 651
7 806
298 376
298 831
341 114
341 471
341 666
341 746
38 352
38 383
38 619
38 222
551 84
551 82
63 472
63 936
63 253
63 287
235 727
235 423
235 84
235 220
799 158
727 73
494 672
563 269
253 936
969 993
969 707
673 846
673 539
673 375
638 957
638 106
283 770
283 86
283 359
423 179
423 339
215 847
256 556
256 889
256 630
198 412
889 630
889 36
67 610
67 981
555 113
555 160
345 562
345 365
345 366
345 300
401 586
719 733
719 268
942 518
942 960
942 956
128 797
128 720
421 445
421 415
357 739
357 611
744 646
744 239
648 334
648 543
648 731
529 561
529 154
529 352
621 179
621 32
249 861
175 113
61 910
61 495
61 916
632 808
632 539
136 720
546 935
108 867
148 344
148 264
148 88
520 566
520 58
159 72
159 887
795 907
795 721
795 964
979 990
979 170
979 278
733 936
613 772
613 481
378 617
378 923
378 542
646 239
196 435
196 998
533 914
919 848
483 156
483 189
483 450
92 414
92 237
92 326
812 895
812 17
191 296
617 517
617 507
617 324
469 615
469 233
469 286
469 814
332 79
332 910
332 939
435 998
731 543
731 334
993 610
852 346
852 335
874 194
874 289
874 206
571 916
571 277
571 879
254 663
254 766
821 980
821 210
886 319
886 104
847 427
170 62
170 965
516 330
310 156
310 510
310 916
523 62
523 474
554 602
438 56
438 782
438 335
438 437
13 11
13 582
13 25
718 161
383 914
383 222
383 619
89 46
707 819
322 929
322 282
322 636
602 131
602 943
758 185
758 343
758 287
833 927
831 376
0 291
0 589
907 721
907 964
83 865
83 512
537 114
537 939
481 830
481 185
911 68
911 579
894 4
389 161
389 145
389 702
228 935
980 200
366 562
366 365
445 415
445 663
72 887
48 411
321 798
321 605
324 846
324 40
133 343
359 770
222 36
222 619
925 991
925 290
437 56
154 42
154 240
154 962
827 299
827 484
846 829
846 990
204 210
518 960
518 956
960 956
650 879
650 439
589 698
556 672
279 111
279 303
279 748
879 439
782 25
760 970
760 574
760 480
414 326
308 176
344 264
344 316
344 119
474 62
750 548
251 916
370 715
370 200
282 984
282 487
220 473
330 356
939 255
939 114
334 543
748 206
748 513
748 137
860 460
134 863
206 289
206 194
287 343
287 131
961 606
961 759
765 404
765 515
233 615
233 286
3 189
40 380
651 806
651 169
352 177
209 342
300 790
300 11
237 826
275 407
275 472
819 561
752 962
476 768
476 972
145 327
289 194
657 943
657 732
495 356
495 772
484 299
934 68
934 293
964 721
327 240
106 734
106 957
606 177
606 538
743 58
538 614
12 800
687 45
687 611
687 730
973 5
808 539
892 899
892 965
943 732
101 121
615 286
69 899
403 830
403 582
796 587
796 881
972 768
45 611
45 730
576 380
156 337
503 898
189 450
826 825
826 739
42 479
542 395
137 303
264 119
367 861
367 480
895 734
734 472
93 269
93 553
316 119
535 771
614 336
614 374
461 87
461 131
302 985
302 231
881 587
780 926
194 73
319 104
455 739
582 25
507 517
730 611
790 30
271 339
290 991
252 984
574 970
31 669
286 185
415 36
798 160
169 806
622 5
910 79
920 691
142 444
74 71
255 211
605 666
473 66
473 284
510 916
311 759
79 800
515 404
111 471
663 766
179 450
