305 271
305 139
305 234
305 351
305 899
305 227
376 917
376 370
376 593
376 206
376 821
376 81
945 382
945 751
945 761
945 49
945 394
945 601
965 891
965 146
965 44
965 781
965 932
965 326
411 445
411 264
411 198
411 332
411 967
411 478
506 277
506 420
506 51
506 442
506 986
506 858
54 508
54 849
54 168
54 379
54 351
54 791
385 746
385 677
385 156
385 71
385 951
385 704
150 227
150 893
150 969
150 181
150 416
150 456
322 75
322 275
322 109
322 197
322 304
322 846
393 807
393 867
393 444
393 969
393 990
393 850
983 158
983 447
983 112
983 748
983 819
983 954
90 959
90 568
90 979
90 136
90 452
90 13
716 96
716 100
716 714
716 774
716 717
716 29
579 768
579 119
579 477
579 871
579 663
579 466
993 28
993 176
993 825
993 846
993 801
993 11
940 417
940 189
940 527
940 887
940 134
940 763
972 333
972 526
972 220
972 253
972 606
972 645
21 872
21 678
21 43
21 646
21 832
21 205
702 840
702 921
702 837
702 98
702 348
702 537
163 963
163 287
163 93
163 868
163 759
163 412
377 703
377 40
377 952
377 490
377 241
377 10
146 396
146 916
146 679
146 781
146 746
733 727
733 556
733 354
733 607
733 884
733 338
554 500
554 20
554 719
554 570
554 802
554 387
936 97
936 743
936 187
936 648
936 439
936 127
80 533
80 558
80 896
80 666
80 273
80 117
113 682
113 125
113 971
113 538
113 236
113 677
131 94
131 797
131 407
131 46
131 819
131 395
573 498
573 162
573 211
573 61
573 594
573 934
215 280
215 574
215 602
215 600
215 793
215 985
832 605
832 199
832 462
832 443
832 52
339 700
339 788
339 786
339 115
339 580
339 365
373 631
373 809
373 520
373 996
373 771
373 180
604 841
604 441
604 897
604 627
604 876
604 861
793 388
793 15
793 153
793 79
793 201
70 106
70 626
70 67
70 711
70 613
70 675
185 444
185 714
185 267
185 710
185 743
185 438
904 177
904 989
904 569
904 469
904 791
904 291
905 811
905 260
905 932
905 974
905 349
905 599
318 75
318 671
318 342
318 121
318 270
318 616
436 931
436 149
436 155
436 821
436 370
436 330
116 124
116 174
116 773
116 698
116 419
116 335
301 465
301 219
301 421
301 548
301 569
301 885
42 350
42 222
42 929
42 268
42 997
42 756
123 547
123 474
123 328
123 907
123 866
123 696
956 85
956 87
956 937
956 555
956 135
956 157
859 695
859 273
859 477
859 583
859 572
859 909
494 988
494 914
494 707
494 205
494 927
494 684
741 694
741 98
741 186
741 640
741 381
741 413
807 850
807 444
807 867
807 990
807 660
344 122
344 451
344 156
344 995
344 881
344 677
982 14
982 451
982 417
982 72
982 685
982 934
659 756
659 403
659 32
659 808
659 838
659 225
994 971
994 572
994 538
994 967
994 446
994 236
933 349
933 22
933 663
933 359
933 523
933 578
968 473
968 516
968 492
968 311
968 191
968 196
88 328
88 601
88 84
88 295
88 918
88 726
913 813
913 462
913 520
913 192
913 883
913 763
178 626
178 415
178 665
178 797
178 308
178 128
541 437
541 850
541 593
541 252
541 776
541 752
645 719
645 563
645 424
645 847
645 867
830 898
830 47
830 687
830 815
830 238
830 937
535 763
535 177
535 153
535 782
535 938
535 928
815 239
815 134
815 203
815 484
815 794
230 941
230 525
230 991
230 623
230 688
230 45
853 104
853 655
853 550
853 712
853 886
853 722
371 955
371 212
371 957
371 311
371 899
371 227
563 48
563 847
563 657
563 430
563 78
656 708
656 720
656 242
656 331
656 637
656 803
961 774
961 164
961 507
961 843
961 880
961 25
884 354
884 418
884 727
884 607
884 338
776 529
776 752
776 325
776 27
776 950
877 693
877 574
877 490
877 544
877 83
877 753
206 576
206 917
206 27
206 219
206 40
495 760
495 709
495 636
495 668
495 244
495 187
332 967
332 264
332 445
332 198
332 848
720 708
720 637
720 115
720 803
720 242
431 520
431 169
431 852
431 816
431 908
431 872
842 1
842 593
842 894
842 245
842 661
842 992
806 711
806 678
806 784
806 827
806 703
806 1
450 823
450 417
450 466
450 665
450 226
450 718
712 669
712 471
712 195
712 428
712 722
52 523
52 621
52 103
52 839
52 970
931 24
931 895
931 86
931 821
931 609
650 635
650 599
650 167
650 909
650 701
650 871
886 96
886 685
886 234
886 283
886 412
468 910
468 953
468 920
468 644
468 181
468 233
617 455
617 653
617 729
617 310
617 955
617 780
8 235
8 916
8 888
8 44
8 457
8 980
107 547
107 804
107 172
107 294
107 486
107 700
634 459
634 76
634 719
634 612
634 243
634 457
649 889
649 690
649 479
649 999
649 809
649 347
399 608
399 651
399 662
399 845
399 831
399 368
895 609
895 86
895 172
895 976
895 817
25 786
25 164
25 948
25 843
25 507
276 133
276 749
276 253
276 652
276 337
276 975
36 40
36 177
36 303
36 901
36 873
36 383
843 948
843 507
843 164
843 777
362 899
362 711
362 723
362 854
362 232
362 894
864 326
864 46
864 611
864 491
864 566
864 175
16 938
16 461
16 463
16 73
16 283
16 978
456 27
456 558
456 153
456 227
456 567
208 249
208 486
208 426
208 537
208 667
208 801
314 755
314 402
314 628
314 145
314 959
314 111
787 860
787 810
787 740
787 390
787 474
787 882
350 756
350 268
350 222
350 997
350 929
481 706
481 408
481 142
481 509
481 389
481 619
66 417
66 740
66 671
66 786
66 704
66 333
722 769
722 666
722 91
722 493
221 210
221 404
221 343
221 485
221 696
221 765
745 392
745 522
745 165
745 427
745 223
745 862
697 423
697 550
697 365
697 699
697 954
697 826
854 550
854 380
854 283
854 528
854 995
288 596
288 432
288 489
288 22
288 424
288 151
625 577
625 278
625 158
625 950
625 907
625 274
175 611
175 491
175 401
175 326
175 566
220 848
220 935
220 765
220 51
220 167
77 441
77 834
77 707
77 747
77 991
77 205
880 948
880 164
880 310
880 507
880 348
735 425
735 397
735 474
735 643
735 84
735 366
737 828
737 26
737 584
737 27
737 719
737 569
39 805
39 559
39 517
39 383
39 524
39 348
588 657
588 856
588 157
588 63
588 584
588 396
120 708
120 518
120 919
120 231
120 779
120 30
284 183
284 207
284 952
284 441
284 359
284 324
64 266
64 987
64 105
64 759
64 725
64 422
761 49
761 511
761 751
761 382
761 394
652 891
652 975
652 133
652 749
652 496
203 134
203 532
203 484
203 239
203 752
589 629
589 887
589 279
589 560
589 56
589 493
619 706
619 962
619 591
619 311
619 114
687 626
687 771
687 72
687 47
687 898
925 74
925 595
925 200
925 256
925 919
925 670
201 31
201 353
201 15
201 388
201 79
888 307
888 802
888 434
888 296
888 964
63 969
63 752
63 34
63 59
63 707
280 834
280 218
280 109
280 747
280 274
157 96
157 454
157 65
157 657
207 526
207 515
207 474
207 594
207 475
102 621
102 689
102 928
102 400
102 578
102 440
271 151
271 996
271 926
271 504
271 117
257 721
257 38
257 528
257 55
257 317
257 293
294 45
294 804
294 172
294 700
294 609
260 818
260 387
260 533
260 686
260 835
708 803
708 242
708 637
147 449
147 459
147 364
147 374
147 170
147 612
651 559
651 12
651 568
651 847
651 818
433 866
433 179
433 865
433 673
433 527
433 839
636 187
636 760
636 375
636 668
636 244
430 477
430 441
430 488
430 585
430 469
976 316
976 525
976 86
976 613
976 117
867 847
867 444
867 850
186 694
186 640
186 912
186 98
186 381
499 71
499 475
499 532
499 792
499 615
499 984
878 775
878 511
878 309
878 478
878 907
878 686
986 46
986 678
986 235
986 437
986 105
184 615
184 684
184 101
184 471
184 938
184 119
426 112
426 789
426 667
426 475
426 549
476 308
476 927
476 510
476 837
476 410
476 833
863 547
863 346
863 356
863 151
863 777
863 458
758 56
758 766
758 491
758 457
758 401
758 820
841 738
841 190
841 876
841 897
841 658
492 258
492 196
492 473
492 17
492 516
542 55
542 530
542 575
542 826
542 768
542 19
606 847
606 238
606 705
606 124
606 334
517 559
517 383
517 524
517 985
517 469
635 167
635 285
635 599
635 701
635 213
715 826
715 461
715 249
715 550
715 848
715 515
879 978
879 428
879 947
879 300
879 117
879 340
408 566
408 179
408 140
408 341
408 261
728 592
728 415
728 159
728 667
728 984
728 744
966 582
966 251
966 757
966 378
966 409
966 532
822 581
822 465
822 844
822 464
822 683
822 750
862 223
862 327
862 302
862 522
862 165
37 847
37 788
37 628
37 115
37 856
37 398
672 647
672 49
672 254
672 789
672 320
672 187
60 821
60 536
60 460
60 329
60 402
60 357
130 582
130 108
130 57
130 742
130 958
130 718
670 256
670 595
670 74
670 200
670 678
552 632
552 464
552 661
552 951
552 556
552 101
592 415
592 387
592 855
592 984
592 328
603 691
603 35
603 529
603 946
603 263
603 482
903 692
903 622
903 137
903 964
903 398
903 857
23 875
23 767
23 732
23 781
23 914
23 698
328 960
328 4
328 34
138 451
138 182
138 638
138 973
138 202
138 141
315 428
315 360
315 300
315 293
315 571
315 375
17 923
17 516
17 473
17 581
17 196
434 296
434 575
434 704
434 193
434 307
624 869
624 598
624 461
624 139
624 59
624 522
846 176
846 396
846 489
846 991
549 441
549 782
549 991
549 556
549 232
703 92
703 660
703 514
703 361
11 28
11 825
11 246
11 784
11 801
390 882
390 740
390 810
390 860
390 696
110 290
110 286
110 95
110 817
110 114
110 99
890 269
890 19
890 530
890 957
890 396
890 782
269 478
269 219
269 576
269 995
269 254
505 998
505 798
505 503
505 293
505 861
505 265
148 783
148 958
148 962
148 900
148 844
148 363
773 335
773 174
773 419
773 839
773 124
82 626
82 935
82 67
82 960
82 224
82 970
270 710
270 500
270 144
270 189
270 836
307 249
307 118
307 296
307 352
487 633
487 423
487 565
487 22
487 466
487 72
584 736
584 874
584 302
584 770
458 151
458 356
458 777
458 391
458 346
706 177
706 389
706 142
706 509
926 501
926 742
926 443
926 504
926 958
616 671
616 342
616 199
616 654
616 121
734 561
734 556
734 731
734 158
734 243
734 820
232 894
232 779
232 556
232 470
62 723
62 866
62 311
62 875
62 398
62 724
297 386
297 152
297 406
297 639
297 384
297 545
7 534
7 161
7 407
7 311
7 323
7 540
361 513
361 561
361 514
361 660
361 785
105 275
105 567
105 309
105 675
41 229
41 217
41 814
41 6
41 915
41 246
274 747
274 283
274 218
274 488
448 467
448 209
448 416
448 591
448 593
448 870
127 504
127 439
127 97
127 46
127 648
277 923
277 442
277 858
277 870
277 420
226 128
226 960
226 498
226 823
226 665
585 78
585 504
585 839
585 516
585 480
290 817
290 144
290 95
290 286
290 99
304 443
304 823
304 663
304 893
304 303
337 422
337 326
337 680
337 725
337 987
910 233
910 644
910 794
910 920
910 953
618 997
618 855
618 633
618 497
618 870
618 262
780 699
780 455
780 653
780 729
780 180
286 817
286 600
286 95
286 99
944 575
944 669
944 216
944 209
944 690
944 14
240 359
240 463
240 210
240 952
240 261
240 324
748 819
748 112
748 447
748 680
748 372
34 416
34 470
34 601
34 714
500 836
500 583
500 189
500 214
445 543
445 264
445 198
445 967
0 630
0 557
0 873
0 281
0 775
0 565
358 497
358 989
358 392
358 531
358 228
358 325
143 781
143 94
143 977
143 496
143 237
143 792
512 587
512 336
512 419
512 311
512 9
512 932
798 503
798 293
798 998
798 265
798 365
182 731
182 209
182 508
182 754
182 302
514 513
514 451
514 452
514 660
94 1
94 711
94 774
94 195
630 171
630 873
630 565
630 557
630 281
768 9
768 836
768 855
768 518
515 828
515 139
515 261
515 194
952 183
952 43
952 463
228 497
228 29
228 989
228 531
228 132
438 245
438 743
438 267
438 839
438 710
440 578
440 55
440 621
440 928
440 400
642 799
642 5
642 252
642 248
642 161
642 914
764 661
764 521
764 272
764 33
764 493
764 258
68 161
68 675
68 98
68 836
68 848
68 997
766 406
766 820
766 457
766 152
766 401
726 576
726 453
726 216
726 145
726 668
992 84
992 405
992 24
992 245
992 472
12 570
12 661
12 784
12 826
12 465
188 915
188 519
188 435
188 949
188 126
188 84
690 414
690 922
690 605
690 20
547 381
547 598
547 413
262 550
262 278
262 731
262 686
262 345
479 999
479 837
479 347
479 809
479 889
596 950
596 432
596 461
596 489
596 689
620 485
620 790
620 338
620 76
620 404
620 343
861 154
861 998
861 265
861 503
214 948
214 524
214 392
214 238
214 713
551 849
551 428
551 437
551 139
551 470
551 43
238 121
238 851
238 334
18 76
18 30
18 586
18 53
18 27
18 166
118 295
118 919
118 243
118 902
118 256
658 899
658 897
658 876
658 190
658 738
50 2
50 403
50 581
50 355
50 475
50 587
336 912
336 930
336 805
336 583
336 743
10 783
10 173
10 756
10 282
10 170
263 946
263 691
263 856
263 482
263 35
251 378
251 757
251 409
251 582
251 848
326 491
326 611
380 908
380 498
380 648
380 771
380 633
885 421
885 486
885 814
885 548
885 686
472 553
472 255
472 129
472 502
472 250
739 259
739 732
739 892
739 800
739 674
739 824
811 306
811 717
811 48
811 278
811 695
229 217
229 814
229 234
229 627
229 259
296 352
296 283
296 268
742 108
742 57
742 718
742 958
14 513
14 323
14 685
14 392
498 391
498 601
498 421
422 987
422 266
422 759
422 725
738 323
738 876
738 897
738 190
602 600
602 416
602 574
602 166
602 985
705 199
705 647
705 654
705 334
705 417
681 909
681 313
681 299
681 978
681 572
681 874
998 503
998 887
998 265
545 384
545 406
545 386
545 152
545 673
869 546
869 278
869 598
869 59
869 821
159 227
159 415
159 984
159 299
159 893
364 374
364 459
364 612
364 989
364 449
179 673
179 865
179 562
179 527
193 100
193 631
193 564
193 575
193 91
224 566
224 771
224 241
224 466
224 26
154 162
154 526
154 136
154 840
154 979
923 858
923 442
923 306
923 420
329 460
329 357
329 836
329 536
329 402
775 391
775 564
775 100
775 20
19 530
19 957
19 4
19 947
129 553
129 939
129 502
129 255
129 250
750 92
750 467
750 689
750 396
750 213
319 511
319 669
319 916
319 597
319 744
319 312
990 444
990 958
990 465
990 850
321 414
321 835
321 767
321 912
321 38
321 367
691 35
691 482
691 360
691 320
536 357
536 779
536 460
536 402
155 698
155 330
155 370
155 247
155 149
250 502
250 255
250 586
250 553
289 795
289 685
289 176
289 935
289 699
289 778
509 142
509 389
509 122
509 613
544 753
544 852
544 490
544 83
544 693
699 674
699 176
699 180
568 452
568 465
568 979
568 136
22 924
22 72
22 359
680 794
680 191
680 725
680 295
974 875
974 213
974 324
974 932
974 291
115 453
115 788
115 580
437 657
437 533
437 375
1 320
1 894
1 868
685 795
685 323
9 918
9 736
9 103
9 924
168 849
168 13
168 791
168 351
168 379
906 292
906 916
906 901
906 324
906 234
906 298
133 84
133 975
133 891
133 749
612 449
612 374
612 459
192 462
192 763
192 988
192 883
192 813
518 784
518 900
518 231
518 501
662 395
662 368
662 845
662 608
662 831
211 295
211 594
211 162
211 65
211 934
531 497
531 29
531 989
531 794
980 803
980 513
980 302
980 114
980 125
331 92
331 818
331 889
331 410
331 217
447 421
447 112
447 372
447 819
418 571
418 363
418 338
418 607
418 354
171 446
171 442
171 278
171 858
171 312
38 835
38 767
38 414
38 367
51 409
51 916
51 285
51 172
967 198
967 264
816 852
816 872
816 357
816 235
816 908
128 665
128 823
128 470
128 971
353 15
353 31
353 388
353 615
353 79
253 947
253 555
253 225
253 975
384 386
384 639
384 152
384 406
218 75
218 747
218 834
218 109
655 69
655 2
655 330
655 754
655 970
799 58
799 918
799 252
799 248
799 5
5 58
5 770
5 248
5 252
282 892
282 954
282 173
282 539
282 170
6 730
6 272
6 911
6 887
6 981
247 778
247 508
247 97
247 389
247 887
195 918
195 74
195 953
195 920
908 872
908 169
908 852
369 194
369 365
369 352
369 313
369 69
369 855
824 800
824 892
824 383
824 753
824 660
69 763
69 194
69 970
69 935
941 45
941 632
941 525
941 688
941 623
166 954
166 275
166 611
166 40
236 682
236 125
236 538
236 971
78 446
78 126
78 158
78 951
797 308
797 626
797 410
797 135
921 695
921 360
921 918
921 727
921 348
928 400
928 578
928 621
183 423
183 43
183 857
183 355
590 341
590 676
590 29
590 480
590 902
590 796
896 242
896 666
896 769
896 558
896 533
15 79
15 31
15 388
597 790
597 744
597 669
597 762
597 874
59 605
59 907
59 598
640 694
640 413
640 381
640 98
580 453
580 788
580 839
580 75
900 962
900 783
900 363
900 844
24 245
24 736
24 86
24 191
682 971
682 538
682 813
682 35
671 654
671 121
671 342
91 153
91 827
91 613
91 678
363 962
363 783
363 844
33 493
33 405
33 92
33 521
33 231
996 561
996 581
996 724
996 553
453 851
453 196
453 788
161 407
161 534
161 540
278 901
694 98
694 381
694 413
219 995
219 266
219 917
368 608
368 831
368 95
368 845
639 446
639 548
639 386
639 406
543 198
543 370
543 488
543 755
543 790
435 829
435 717
435 915
435 949
435 519
760 158
760 668
760 244
760 709
988 707
988 601
988 637
988 927
114 132
114 591
114 995
202 973
202 141
202 101
202 204
202 638
106 483
106 427
106 464
106 249
106 586
198 264
567 765
567 153
567 801
567 96
298 279
298 560
298 485
298 629
298 56
259 117
259 510
259 217
259 814
309 537
309 912
309 511
309 686
792 781
792 922
792 496
792 425
313 855
313 898
313 255
313 352
942 821
942 779
942 511
942 295
942 31
942 714
553 255
553 502
341 676
341 902
341 796
341 480
366 397
366 446
366 425
366 643
366 558
949 519
949 829
949 915
949 564
701 97
701 871
701 167
701 599
794 134
794 484
111 683
111 610
111 197
111 160
111 104
663 583
663 258
663 149
819 112
819 372
97 439
97 648
87 330
87 246
87 333
87 135
87 32
256 595
256 200
256 74
497 989
497 827
95 817
95 99
575 394
575 960
3 605
3 145
3 532
3 413
3 526
3 360
757 409
757 378
757 67
757 582
778 389
778 827
778 918
778 176
537 144
537 959
537 686
627 664
627 285
627 61
627 802
721 317
721 340
721 569
721 416
721 951
893 323
893 170
893 86
299 709
299 689
299 489
299 432
755 959
755 454
755 75
755 746
89 275
89 429
89 749
89 959
89 189
89 126
387 67
387 802
387 818
316 664
316 140
316 732
316 397
316 425
664 397
664 784
664 285
664 85
136 452
136 840
136 979
169 40
169 872
169 852
169 375
646 870
646 964
646 991
646 610
646 46
835 767
835 367
835 414
141 973
141 204
141 638
141 969
174 335
174 698
174 124
174 419
653 310
653 729
653 955
653 455
48 501
48 894
48 346
48 275
688 991
688 525
688 623
688 45
608 804
608 831
608 845
808 225
808 838
808 403
808 32
808 578
454 894
454 76
454 231
454 119
452 979
452 528
969 463
969 503
486 135
486 2
486 235
343 790
343 485
343 210
343 404
919 770
919 372
919 323
267 743
267 710
267 779
267 812
730 911
730 855
730 981
730 272
730 684
74 200
74 779
614 26
614 751
614 802
614 529
614 943
614 132
443 557
443 303
443 892
417 333
534 540
534 407
534 845
534 216
425 397
425 643
817 99
83 693
83 753
83 197
83 490
455 955
455 310
455 729
607 727
607 338
607 354
409 582
409 378
985 574
985 470
985 600
560 899
560 56
560 279
560 629
629 56
629 473
629 279
292 324
292 149
292 71
292 234
292 451
320 866
320 469
320 723
851 325
851 84
851 647
851 126
834 465
834 109
834 747
173 170
173 829
173 800
173 529
857 622
857 964
857 675
857 692
67 317
67 538
467 812
467 395
467 349
467 213
348 352
348 478
643 622
643 375
643 397
119 81
119 631
119 72
248 513
248 252
248 58
539 746
539 901
539 483
539 81
539 13
693 753
693 490
693 937
403 32
403 225
403 838
935 929
935 856
246 805
246 28
246 825
756 268
756 222
805 312
805 912
805 291
532 752
532 622
480 796
480 676
480 902
632 510
632 181
632 556
632 464
769 772
769 523
769 666
769 237
577 176
577 828
577 137
577 334
577 245
833 665
833 724
833 823
833 770
833 135
53 981
53 392
53 911
53 30
53 586
187 254
187 244
865 870
865 673
865 562
865 527
977 641
977 723
977 674
977 713
977 676
308 946
308 410
308 460
152 386
152 406
955 310
955 729
57 108
57 958
57 360
57 718
803 242
803 637
386 312
713 524
713 345
713 4
713 126
287 93
287 939
287 868
287 963
287 412
122 881
122 189
122 156
122 677
523 970
523 439
523 103
35 482
35 946
419 335
419 124
204 871
204 638
204 907
204 973
449 459
449 374
449 628
209 731
209 391
209 508
564 306
564 100
564 20
405 137
405 231
405 427
405 881
484 134
484 239
484 772
503 265
930 382
930 724
930 714
930 661
930 415
782 962
782 914
782 771
718 108
718 142
334 660
334 829
212 898
212 937
212 47
212 333
212 227
45 525
45 623
404 790
404 485
404 210
927 707
927 191
927 205
485 210
291 427
291 943
291 521
258 641
258 583
258 160
785 683
785 210
785 818
785 521
785 826
845 831
149 330
149 370
731 754
731 508
522 223
522 327
522 165
876 190
876 897
378 598
378 582
912 156
689 489
689 432
327 165
327 223
327 58
327 4
375 874
789 340
789 938
789 469
789 44
451 615
856 883
856 273
346 356
346 151
346 777
920 914
920 233
920 953
852 872
641 540
641 583
641 922
641 177
345 424
345 828
345 633
345 85
954 916
954 158
335 124
335 698
644 953
644 233
644 181
644 772
125 407
125 469
125 667
871 167
871 599
668 244
668 709
587 340
587 355
587 475
587 2
402 357
402 460
71 340
71 103
71 704
162 594
162 65
162 934
562 765
562 527
562 673
562 762
382 49
382 717
382 394
85 997
85 285
85 205
96 939
96 791
189 239
516 196
516 473
548 892
548 464
548 421
482 946
482 984
137 709
137 423
137 570
637 242
28 356
28 801
28 825
4 911
4 679
144 710
144 831
144 960
252 58
570 802
570 423
570 772
829 519
829 915
623 525
623 719
939 963
939 502
939 93
93 868
93 963
93 412
502 255
254 723
254 765
254 576
813 746
813 462
813 883
740 860
740 810
740 882
216 325
216 194
216 657
717 695
717 628
654 199
654 342
654 959
317 875
317 200
317 441
73 827
73 424
73 510
73 555
73 140
243 610
243 870
243 902
698 355
826 13
190 374
190 897
648 429
648 439
783 844
783 696
784 231
676 786
676 796
55 917
55 400
55 593
194 325
194 917
225 838
225 32
92 521
92 493
312 140
312 347
610 683
610 104
610 160
788 241
266 725
266 759
266 987
615 398
615 235
814 970
814 217
473 196
145 631
145 947
145 180
81 727
81 483
81 526
696 410
696 530
355 475
355 530
873 281
873 565
873 557
849 791
849 379
849 351
999 889
999 347
999 837
999 809
446 140
273 477
273 572
273 909
394 751
394 49
49 751
605 239
605 501
781 496
938 463
938 875
674 800
674 395
674 947
414 367
414 767
883 679
883 462
511 812
700 172
700 365
700 804
324 714
86 609
838 32
838 461
962 844
957 647
957 598
957 530
692 30
692 622
692 520
692 964
507 948
507 164
679 427
679 569
679 559
825 801
825 61
812 400
812 61
812 395
881 677
881 2
881 156
777 151
777 356
947 555
462 520
566 611
566 491
889 809
889 347
413 381
796 410
796 902
333 704
868 412
868 963
937 898
937 47
191 29
191 887
30 586
30 153
356 306
891 44
891 749
891 975
950 99
950 978
950 752
349 571
349 165
349 40
667 595
667 420
325 744
981 911
981 44
981 272
971 538
379 973
379 791
379 351
546 306
546 233
546 76
546 470
546 561
759 987
759 725
800 899
800 181
340 360
302 736
302 275
591 416
591 235
591 180
300 428
300 571
300 108
300 365
747 109
217 351
978 723
978 932
749 975
359 429
359 574
424 432
424 555
233 953
613 820
613 281
372 987
372 112
628 295
628 398
483 139
483 61
483 526
724 398
724 104
20 922
20 391
342 121
342 786
489 432
736 922
736 924
75 109
786 510
156 677
594 934
594 65
510 513
43 488
43 463
600 561
600 574
943 427
943 595
943 772
943 132
666 558
666 533
142 261
142 389
101 684
101 951
101 471
285 840
984 415
820 457
820 401
727 354
964 622
241 754
241 272
241 555
132 529
132 924
429 245
429 58
429 237
995 466
519 915
519 581
423 647
673 527
683 160
683 104
911 272
474 762
474 866
917 593
213 395
213 907
199 160
199 471
569 828
244 709
13 754
13 790
237 675
237 647
237 439
770 550
770 391
165 223
559 524
559 383
997 222
576 478
576 732
222 929
222 268
493 521
180 104
827 678
370 330
572 477
572 909
533 558
121 249
744 528
744 306
898 47
65 934
65 223
875 848
496 279
496 922
197 774
197 711
197 261
765 762
753 490
631 795
631 695
520 661
751 170
103 763
103 795
858 420
858 442
352 874
932 27
754 508
56 279
46 47
767 367
810 234
810 528
810 860
823 665
135 669
167 599
850 444
347 809
860 100
860 882
396 421
31 388
31 79
392 29
707 205
611 491
504 561
504 501
488 283
488 892
281 565
281 557
76 719
586 464
836 675
177 528
310 729
501 946
264 929
354 338
108 72
79 388
540 795
540 407
595 200
401 457
401 181
633 303
633 874
704 804
478 732
746 901
963 412
172 804
367 261
460 357
442 420
268 929
249 126
134 239
374 459
601 837
657 818
303 638
303 117
26 461
26 882
26 828
669 428
565 557
882 924
293 571
293 265
44 762
772 609
762 571
466 771
621 578
621 400
139 61
638 973
609 866
710 743
960 626
684 951
684 471
524 383
2 914
948 164
732 140
529 924
160 471
795 695
840 979
840 837
774 711
774 100
901 581
909 477
