175 619
175 194
175 938
175 960
175 419
175 964
904 741
904 240
904 890
904 545
904 73
904 908
470 916
470 829
470 783
470 861
470 951
470 123
592 57
592 310
592 790
592 924
592 764
592 113
132 268
132 809
132 867
132 98
132 895
132 797
533 447
533 542
533 472
533 219
533 927
533 584
365 537
365 997
365 538
365 793
365 669
365 871
884 516
884 665
884 16
884 360
884 637
884 784
760 700
760 993
760 292
760 554
760 835
760 158
776 405
776 934
776 656
776 220
776 696
776 77
372 143
372 906
372 466
372 785
372 699
372 228
551 880
551 550
551 214
551 529
551 845
551 164
397 563
397 647
397 433
397 667
397 782
397 316
724 64
724 252
724 404
724 61
724 972
724 924
280 374
280 71
280 269
280 181
280 649
280 907
288 556
288 641
288 845
288 931
288 310
288 922
524 900
524 473
524 512
524 50
524 12
524 543
648 896
648 814
648 440
648 18
648 45
648 890
510 594
510 863
510 748
510 310
510 563
510 540
750 871
750 187
750 646
750 676
750 577
750 431
817 773
817 713
817 107
817 305
817 913
817 983
901 692
901 859
901 580
901 596
901 413
901 558
41 905
41 8
41 2
41 416
41 997
41 36
271 341
271 200
271 472
271 622
271 868
271 686
244 876
244 708
244 698
244 144
244 722
244 165
859 661
859 825
859 81
859 554
859 75
119 792
119 307
119 731
119 553
119 525
119 292
370 442
370 938
370 294
370 304
370 138
370 25
104 761
104 863
104 215
104 233
104 352
104 7
327 538
327 482
327 259
327 721
327 682
327 22
751 569
751 199
751 534
751 696
751 323
751 716
812 938
812 561
812 723
812 764
812 835
812 556
183 525
183 562
183 251
183 496
183 231
183 963
391 332
391 574
391 805
391 129
391 462
391 968
95 907
95 732
95 611
95 617
95 30
95 93
278 670
278 55
278 88
278 253
278 77
278 939
642 716
642 94
642 689
642 910
642 13
642 115
676 528
676 458
676 722
676 621
676 27
367 777
367 478
367 148
367 807
367 121
367 701
328 783
328 610
328 986
328 105
328 106
328 765
894 363
894 942
894 827
894 432
894 722
894 544
531 285
531 672
531 55
531 337
531 629
531 316
665 256
665 943
665 820
665 396
665 243
27 679
27 731
27 520
27 644
27 436
637 194
637 809
637 199
637 185
637 5
455 831
455 229
455 906
455 109
455 16
455 930
706 919
706 50
706 983
706 906
706 911
706 38
152 944
152 44
152 937
152 417
152 474
152 91
897 753
897 138
897 352
897 541
897 668
897 405
130 777
130 176
130 325
130 110
130 935
130 640
995 275
995 504
995 420
995 535
995 667
995 774
80 997
80 658
80 875
80 140
80 362
80 167
234 9
234 146
234 677
234 975
234 961
234 730
445 487
445 373
445 76
445 575
445 798
445 228
741 106
741 914
741 153
741 357
741 216
196 185
196 475
196 830
196 565
196 45
196 326
711 541
711 245
711 959
711 650
711 718
711 807
297 674
297 219
297 789
297 692
297 181
297 241
763 79
763 8
763 516
763 208
763 597
763 784
656 335
656 842
656 602
656 32
656 281
961 928
961 460
961 352
961 903
961 238
39 398
39 57
39 562
39 728
39 364
39 736
876 68
876 839
876 22
876 874
876 969
136 793
136 748
136 357
136 109
136 861
136 161
400 268
400 707
400 98
400 840
400 700
400 55
428 128
428 459
428 874
428 530
428 538
428 625
814 31
814 228
814 744
814 223
814 967
989 572
989 766
989 835
989 733
989 768
989 167
426 754
426 282
426 767
426 572
426 823
426 43
764 572
764 834
764 688
764 643
226 345
226 353
226 12
226 962
226 225
226 522
739 933
739 115
739 261
739 409
739 249
739 164
366 788
366 337
366 581
366 523
366 419
366 612
633 301
633 561
633 604
633 210
633 765
633 235
552 267
552 14
552 682
552 849
552 861
552 121
723 472
723 967
723 823
723 976
723 461
126 43
126 361
126 128
126 988
126 469
126 110
206 877
206 678
206 336
206 242
206 548
206 534
195 209
195 324
195 215
195 612
195 59
195 123
980 322
980 188
980 649
980 564
980 464
980 94
557 720
557 737
557 587
557 93
557 548
557 615
118 291
118 341
118 888
118 695
118 1
118 193
586 902
586 661
586 547
586 454
586 692
586 781
287 335
287 616
287 389
287 519
287 227
287 939
425 296
425 930
425 753
425 918
425 121
425 517
25 398
25 930
25 646
25 599
25 371
276 977
276 979
276 28
276 863
276 956
276 139
315 585
315 548
315 609
315 479
315 728
315 720
932 920
932 659
932 536
932 127
932 628
932 753
207 944
207 404
207 575
207 212
207 914
207 508
990 109
990 738
990 593
990 409
990 792
990 437
99 825
99 968
99 277
99 488
99 266
99 174
899 956
899 952
899 658
899 974
899 108
899 854
350 293
350 768
350 466
350 407
350 674
350 602
481 78
481 878
481 857
481 285
481 895
481 46
213 527
213 167
213 68
213 571
213 605
213 120
512 804
512 543
512 220
512 594
512 511
620 497
620 260
620 129
620 324
620 960
620 45
250 323
250 591
250 272
250 613
250 571
250 156
659 61
659 87
659 216
659 338
659 145
489 443
489 779
489 361
489 631
489 348
489 534
596 685
596 96
596 749
596 24
596 692
887 903
887 178
887 952
887 256
887 820
887 441
69 824
69 576
69 125
69 993
69 678
69 465
467 167
467 709
467 16
467 399
467 480
467 942
401 450
401 697
401 572
401 912
401 21
401 925
977 292
977 838
977 165
977 684
977 514
53 268
53 347
53 930
53 462
53 189
53 895
788 285
788 735
788 198
788 994
788 752
308 279
308 253
308 604
308 680
308 296
308 536
749 577
749 619
749 108
749 145
749 377
254 715
254 173
254 942
254 890
254 313
254 602
778 316
778 444
778 200
778 349
778 273
778 201
710 10
710 908
710 670
710 302
710 756
710 916
909 199
909 555
909 707
909 28
909 240
909 840
681 638
681 839
681 46
681 169
681 815
681 461
67 735
67 636
67 798
67 214
67 252
67 853
314 12
314 325
314 698
314 493
314 147
314 999
800 865
800 576
800 675
800 147
800 106
800 404
802 721
802 76
802 283
802 816
802 825
802 71
214 528
214 849
214 410
214 783
970 908
970 744
970 967
970 613
970 875
970 30
56 348
56 22
56 286
56 133
56 617
56 737
155 164
155 142
155 985
155 159
155 956
155 484
408 679
408 439
408 997
408 860
408 306
408 329
872 829
872 495
872 915
872 847
872 830
872 247
102 968
102 193
102 850
102 464
102 730
102 284
500 170
500 623
500 12
500 410
500 830
500 447
202 494
202 437
202 822
202 495
202 82
202 900
358 395
358 16
358 380
358 795
358 745
358 870
72 775
72 780
72 342
72 554
72 37
72 485
657 320
657 553
657 149
657 708
657 272
657 593
693 238
693 907
693 410
693 878
693 619
693 334
941 569
941 556
941 431
941 916
941 264
941 108
344 882
344 850
344 161
344 574
344 5
344 4
936 34
936 971
936 48
936 444
936 868
936 649
290 827
290 43
290 509
290 180
290 674
290 498
965 32
965 940
965 700
965 86
965 333
965 810
59 321
59 826
59 324
59 846
59 300
166 246
166 834
166 560
166 457
166 409
166 697
451 611
451 504
451 913
451 555
451 184
451 805
919 838
919 864
919 521
919 948
919 223
2 755
2 334
2 511
2 448
2 433
678 923
678 759
678 479
678 178
281 804
281 547
281 38
281 150
281 726
767 886
767 985
767 227
767 964
767 860
303 33
303 251
303 789
303 541
303 81
303 576
526 883
526 300
526 77
526 517
526 120
526 388
190 240
190 22
190 513
190 903
190 743
190 70
240 318
240 709
240 476
309 563
309 23
309 411
309 385
309 414
309 174
606 277
606 571
606 97
606 772
606 454
606 858
762 137
762 902
762 587
762 950
762 449
762 37
811 808
811 873
811 593
811 864
811 92
811 19
101 404
101 679
101 43
101 222
101 386
101 403
162 318
162 17
162 111
162 782
162 503
162 432
135 395
135 177
135 854
135 412
135 694
135 640
304 331
304 383
304 497
304 944
304 518
74 273
74 583
74 384
74 63
74 369
74 28
294 449
294 560
294 507
294 379
294 828
236 651
236 433
236 64
236 517
236 685
236 110
881 79
881 222
881 125
881 450
881 975
881 646
660 988
660 575
660 715
660 475
660 480
660 436
89 540
89 357
89 233
89 83
89 618
89 54
682 496
682 888
682 125
682 505
396 758
396 406
396 147
396 29
396 340
610 547
610 643
610 242
610 783
610 347
179 837
179 614
179 178
179 385
179 924
179 124
841 539
841 188
841 831
841 60
841 329
841 161
690 238
690 113
690 28
690 916
690 191
690 239
791 237
791 79
791 88
791 435
791 879
791 487
567 968
567 920
567 667
567 856
567 896
567 729
986 186
986 987
986 757
986 756
986 966
62 173
62 230
62 822
62 383
62 632
62 12
850 97
850 818
850 796
850 450
247 233
247 305
247 915
247 169
247 803
258 168
258 256
258 374
258 575
258 359
258 322
940 369
940 822
940 529
940 395
940 356
349 363
349 139
349 515
349 235
349 677
683 402
683 331
683 76
683 981
683 580
683 725
169 705
169 816
169 758
169 373
832 598
832 191
832 615
832 36
832 793
832 773
513 916
513 885
513 307
513 641
513 46
141 542
141 329
141 204
141 991
141 702
141 843
770 295
770 124
770 423
770 90
770 157
770 978
705 182
705 920
705 144
705 868
705 145
142 609
142 747
142 128
142 475
142 76
177 545
177 252
177 948
177 631
177 355
326 221
326 331
326 546
326 495
326 8
523 847
523 882
523 983
523 893
523 563
289 347
289 978
289 626
289 85
289 82
289 857
604 439
604 352
604 165
604 75
336 204
336 646
336 570
336 794
336 134
536 813
536 833
536 434
536 360
476 352
476 171
476 170
476 38
476 925
696 950
696 621
696 33
696 382
256 943
256 921
256 756
427 441
427 950
427 808
427 205
427 614
427 82
769 549
769 437
769 506
769 728
769 653
769 718
949 886
949 318
949 861
949 863
949 348
949 900
628 257
628 156
628 691
628 338
628 539
973 653
973 855
973 343
973 908
973 464
973 447
158 993
158 713
158 18
158 248
158 60
795 23
795 388
795 31
795 878
795 233
520 813
520 462
520 284
520 282
520 187
882 154
882 534
882 438
882 64
173 78
173 630
173 348
173 566
429 857
429 755
429 598
429 578
429 354
429 221
312 6
312 952
312 395
312 994
312 619
312 576
444 688
444 92
444 912
444 410
151 553
151 559
151 819
151 90
151 479
151 131
261 774
261 325
261 963
261 249
261 609
180 933
180 577
180 509
180 17
180 923
819 719
819 398
819 466
819 456
819 414
717 272
717 255
717 160
717 331
717 487
717 15
668 311
668 538
668 561
668 185
668 603
902 318
902 373
902 283
902 459
699 468
699 588
699 362
699 634
699 264
889 460
889 507
889 332
889 405
889 78
889 201
156 446
156 845
156 379
156 148
461 942
461 8
461 218
461 292
982 640
982 393
982 464
982 979
982 403
982 147
52 382
52 440
52 243
52 922
52 194
52 506
898 748
898 589
898 725
898 521
898 245
898 243
111 917
111 516
111 583
111 200
111 858
984 864
984 483
984 203
984 300
984 399
984 549
542 194
542 856
542 785
542 160
1 440
1 81
1 988
1 623
1 725
178 532
178 430
178 960
687 834
687 732
687 97
687 634
687 601
687 946
771 359
771 450
771 390
771 409
771 635
771 590
390 114
390 622
390 209
390 385
390 23
893 558
893 458
893 413
893 948
893 931
232 519
232 145
232 54
232 42
232 851
232 299
456 654
456 697
456 147
456 200
456 267
301 260
301 286
301 270
301 249
301 703
821 10
821 508
821 414
821 546
821 185
821 998
51 161
51 806
51 645
51 704
51 757
51 928
709 97
709 453
709 738
709 700
302 125
302 335
302 105
302 836
302 945
139 28
139 569
139 740
139 581
264 669
264 670
264 925
264 316
319 535
319 585
319 415
319 47
319 640
319 654
460 84
460 738
460 560
460 48
200 70
200 237
332 806
332 29
332 354
332 185
579 394
579 323
579 951
579 790
579 774
579 903
752 227
752 789
752 55
752 643
752 825
34 73
34 376
34 834
34 386
34 506
772 529
772 938
772 644
772 243
772 435
851 42
851 672
851 275
851 457
851 519
485 219
485 634
485 394
485 112
485 389
490 855
490 830
490 877
490 42
490 392
490 600
607 599
607 458
607 570
607 873
607 227
607 163
3 362
3 824
3 270
3 107
3 116
3 503
260 815
260 824
260 353
260 971
347 627
347 643
347 727
441 527
441 414
441 120
441 201
975 509
975 488
975 979
975 716
371 231
371 918
371 518
371 501
371 110
224 181
224 883
224 354
224 133
224 438
224 917
573 844
573 418
573 746
573 644
573 384
573 860
418 929
418 896
418 509
418 911
418 265
853 82
853 712
853 145
853 449
853 929
230 389
230 559
230 624
230 6
230 311
653 991
653 871
653 786
653 285
63 18
63 780
63 342
63 434
63 235
794 204
794 816
794 612
794 801
794 781
331 856
331 600
964 465
964 601
964 779
964 719
120 527
120 651
120 420
19 698
19 345
19 976
19 831
19 789
469 558
469 844
469 928
469 121
469 599
747 438
747 17
747 4
747 54
747 123
13 369
13 621
13 508
13 432
13 537
355 353
355 262
355 198
355 983
355 368
471 581
471 953
471 666
471 337
471 976
471 9
486 796
486 112
486 746
486 806
486 694
486 946
42 519
42 774
42 275
216 988
216 914
216 943
216 870
345 626
345 129
345 698
345 133
157 387
157 939
157 736
157 870
157 369
933 568
933 356
933 375
933 974
733 671
733 335
733 650
733 547
733 113
446 587
446 948
446 45
446 878
446 87
578 566
578 127
578 259
578 945
578 779
820 228
820 144
820 70
820 110
765 436
765 360
765 449
765 538
217 313
217 921
217 798
217 721
217 789
217 934
32 252
32 307
32 849
32 589
35 267
35 655
35 935
35 346
35 707
35 810
211 92
211 305
211 886
211 635
211 627
211 865
266 729
266 831
266 640
266 385
266 218
343 204
343 478
343 996
343 829
343 383
422 923
422 530
422 837
422 728
422 618
422 735
47 246
47 148
47 459
47 924
47 356
423 501
423 413
423 835
423 746
423 588
407 31
407 497
407 16
407 81
407 484
815 662
815 205
815 286
815 959
452 138
452 421
452 671
452 892
452 670
452 938
737 562
737 883
737 672
737 286
574 346
574 268
574 948
574 431
583 502
583 387
583 663
583 818
198 417
198 440
198 255
198 947
412 590
412 937
412 931
412 392
412 4
502 843
502 807
502 435
502 799
502 363
411 292
411 267
411 448
411 97
411 245
48 852
48 149
48 797
48 864
582 540
582 253
582 609
582 856
582 879
582 44
389 703
389 115
389 137
742 522
742 929
742 869
742 833
742 463
742 219
572 704
572 912
787 569
787 713
787 844
787 398
787 987
787 816
992 16
992 597
992 667
992 171
992 282
992 514
131 597
131 480
131 766
131 912
131 664
923 813
923 160
923 138
740 496
740 755
740 635
740 634
740 282
880 581
880 107
880 0
880 891
880 393
209 392
209 823
209 807
209 834
745 147
745 944
745 732
745 958
745 128
189 128
189 719
189 54
189 93
189 75
838 571
838 888
838 417
838 284
708 614
708 29
708 436
708 688
550 421
550 953
550 641
550 504
550 346
756 399
756 515
756 184
424 754
424 228
424 431
424 655
424 233
424 885
722 506
722 939
722 28
269 484
269 658
269 677
269 639
269 852
593 306
593 914
593 149
597 852
597 979
597 522
691 758
691 761
691 275
691 66
691 818
731 421
731 541
731 479
731 78
307 792
307 9
307 801
346 399
346 649
346 431
962 76
962 231
962 242
962 885
962 545
128 23
245 784
245 114
245 320
75 744
75 154
75 117
90 645
90 100
90 946
90 449
491 417
491 565
491 335
491 55
491 220
491 159
971 808
971 922
971 652
971 734
662 954
662 701
662 174
662 922
662 270
299 403
299 594
299 703
299 736
299 378
392 580
392 921
392 480
108 652
108 638
108 848
761 868
761 137
761 91
761 457
798 337
798 563
798 293
979 661
979 721
237 70
237 863
237 49
237 334
646 320
646 515
402 652
402 15
402 915
402 87
402 286
713 129
713 926
713 171
383 826
383 357
383 589
381 333
381 655
381 248
381 546
381 694
381 122
165 78
165 612
165 845
122 619
122 837
122 10
122 521
122 877
170 123
170 857
170 243
170 509
229 895
229 14
229 920
229 922
229 937
589 176
589 409
589 836
11 766
11 475
11 201
11 636
11 246
11 545
864 277
864 957
341 24
341 697
341 829
341 291
694 600
694 395
694 585
172 474
172 235
172 714
172 487
172 499
172 305
781 643
781 828
781 532
781 339
274 624
274 780
274 910
274 373
274 192
274 981
420 774
420 935
420 954
420 492
50 998
50 725
50 616
50 241
499 803
499 497
499 416
499 625
499 277
330 88
330 546
330 638
330 877
330 188
330 44
357 577
357 364
601 197
601 415
601 955
601 823
671 521
671 295
671 547
671 584
311 193
311 477
311 29
311 707
527 746
527 171
527 223
605 8
605 663
605 440
605 474
605 49
377 729
377 827
377 958
377 417
377 160
926 457
926 296
926 515
926 329
926 720
432 379
432 40
432 825
862 810
862 799
862 613
862 463
862 113
862 675
403 796
403 617
403 538
835 958
835 488
494 298
494 886
494 595
494 541
494 907
953 409
953 780
953 870
953 991
362 242
362 96
362 955
654 283
654 698
654 73
654 5
463 507
463 338
463 380
463 433
477 587
477 508
477 210
477 958
477 655
30 532
30 915
30 702
30 549
818 891
818 666
818 966
968 911
968 866
279 498
279 954
279 974
279 376
279 554
191 110
191 754
191 945
191 262
543 92
543 14
543 140
543 981
17 571
17 991
17 265
608 361
608 561
608 263
608 725
608 544
608 127
623 626
623 807
623 680
623 684
376 255
376 239
376 870
376 546
854 134
854 640
854 890
854 340
685 896
685 154
685 272
685 638
935 440
935 599
935 804
225 822
225 833
225 146
225 91
225 86
10 715
10 546
10 908
351 803
351 239
351 609
351 879
351 584
351 238
293 193
293 325
293 775
293 602
220 218
220 475
220 753
836 105
836 689
836 847
836 439
613 105
613 342
613 113
21 829
21 679
21 473
21 590
21 450
410 528
410 789
283 627
283 996
283 296
631 545
631 614
631 896
631 257
197 181
197 188
197 598
197 168
197 555
482 57
482 544
482 114
482 726
482 758
840 176
840 842
840 846
840 479
270 869
270 856
270 530
595 892
595 891
595 530
595 997
595 24
199 645
199 644
199 664
848 182
848 83
848 374
848 416
848 918
777 439
777 38
777 205
777 867
73 569
73 673
73 518
263 194
263 103
263 38
263 743
263 516
805 215
805 333
805 611
805 459
972 591
972 421
972 160
972 77
972 587
84 580
84 275
84 227
84 846
84 577
458 466
458 338
458 680
439 695
439 462
257 539
257 816
257 560
257 928
758 734
758 718
757 630
757 843
757 406
757 164
895 58
895 727
239 568
239 255
239 686
969 874
969 615
969 797
969 612
969 373
96 333
96 828
96 630
96 193
905 624
905 981
905 994
905 495
905 849
647 33
647 704
647 548
647 599
647 834
6 952
6 849
6 556
6 673
171 464
171 235
292 7
773 793
773 921
773 7
773 322
796 472
796 677
796 325
323 561
323 182
323 951
106 865
106 997
106 816
561 636
83 908
83 123
83 707
83 340
843 634
843 94
843 443
103 340
103 150
103 140
103 505
103 924
14 944
14 948
14 15
743 673
743 879
743 64
743 215
689 910
689 100
689 66
689 176
918 243
918 352
918 66
435 808
435 797
435 618
507 559
507 590
507 934
468 29
468 704
468 617
468 813
468 920
866 33
866 946
866 625
866 602
866 369
959 530
959 415
959 702
959 387
186 479
186 993
186 37
186 701
186 210
68 720
68 692
68 807
68 317
799 436
799 907
799 33
799 91
636 570
636 37
636 378
911 116
911 921
911 354
987 680
987 939
987 286
987 492
306 348
306 215
306 478
306 148
627 963
627 651
627 753
354 735
354 419
378 570
378 712
378 516
378 554
503 246
503 732
503 839
503 714
952 673
952 753
506 915
506 734
590 368
590 273
651 150
651 515
651 993
930 46
930 877
123 951
558 317
558 626
558 7
117 492
117 374
117 635
117 26
117 725
540 382
540 61
540 766
650 967
650 437
650 342
650 976
960 950
960 45
960 82
504 842
504 875
504 208
584 879
584 782
584 780
174 23
174 488
174 830
858 626
858 718
858 268
858 434
663 598
663 113
663 181
663 262
54 453
54 88
384 364
384 638
384 342
384 149
943 845
943 511
943 786
730 695
730 464
730 783
730 622
999 87
999 900
999 839
999 295
999 522
121 729
121 863
728 922
728 736
661 105
661 26
661 554
265 248
265 375
265 201
265 115
459 386
459 611
15 55
15 388
15 374
842 784
842 204
842 321
251 501
251 885
251 317
251 867
564 146
564 786
564 555
564 416
564 697
612 985
134 116
134 218
134 929
134 509
241 888
241 124
241 885
241 704
846 735
846 616
846 797
855 727
855 809
855 966
855 333
603 438
603 576
603 495
603 852
603 93
719 70
719 700
719 565
248 809
248 957
248 488
568 537
568 539
568 615
568 852
847 262
847 785
847 629
712 321
712 87
712 927
712 517
891 129
891 100
891 738
317 438
317 60
317 44
417 442
714 672
714 478
714 913
714 726
934 313
934 947
934 100
386 8
386 437
386 548
955 548
955 698
955 222
955 588
18 736
18 430
18 963
559 437
559 609
559 553
393 873
393 107
393 24
393 600
31 228
31 87
31 374
498 66
498 387
498 906
498 253
159 380
159 94
159 107
159 566
275 680
488 900
748 945
748 92
748 205
413 917
413 483
413 176
865 614
865 125
865 878
493 192
493 49
493 562
493 629
493 484
974 521
974 262
974 98
168 875
168 375
168 320
168 555
768 167
768 547
768 697
768 46
268 577
249 124
249 143
249 809
450 98
149 544
149 797
707 967
430 562
430 914
430 316
430 998
890 978
890 5
639 570
639 755
639 20
639 790
639 501
626 443
496 860
496 622
496 356
645 746
645 946
645 622
457 137
457 324
222 182
222 535
222 238
860 844
860 519
465 925
465 775
465 182
465 588
262 630
883 340
883 945
883 652
666 810
666 91
666 701
666 726
480 785
480 65
673 569
673 86
917 313
917 701
917 721
775 929
775 956
775 164
785 231
785 514
143 163
143 61
143 375
143 828
163 591
163 947
163 454
163 116
801 988
801 677
801 912
801 291
983 615
983 906
192 824
192 652
192 501
192 925
144 277
144 399
144 830
734 208
734 808
734 70
184 621
184 212
184 957
184 505
625 277
625 484
625 65
218 585
218 826
624 594
624 20
624 115
996 759
996 353
996 981
996 549
784 630
784 925
298 227
298 556
298 544
298 453
298 40
804 436
804 88
804 492
204 26
416 942
416 744
704 803
37 203
37 514
684 931
684 325
684 560
684 182
544 322
359 951
359 701
359 148
359 616
127 611
127 364
127 669
98 831
98 873
434 871
434 963
434 342
404 937
404 285
483 560
483 672
483 273
483 114
373 443
837 321
837 93
837 210
928 26
928 732
644 375
644 549
187 849
187 600
187 20
187 954
219 133
219 221
501 729
630 66
395 600
484 361
85 388
85 947
85 994
85 223
85 825
448 793
448 947
448 221
448 632
632 478
632 870
632 22
632 58
508 985
508 415
956 702
956 321
0 203
0 405
0 387
0 65
0 827
514 686
514 649
462 867
462 966
688 212
688 492
688 614
334 473
334 146
334 534
539 822
539 827
321 93
700 107
368 316
368 86
368 124
368 886
946 759
66 669
356 621
356 443
188 318
188 667
97 86
49 23
49 57
49 379
900 957
5 511
5 553
61 339
61 133
874 125
874 618
874 664
565 641
565 806
565 223
194 570
729 617
348 375
176 235
150 871
150 255
150 993
931 454
931 58
950 112
950 78
109 205
109 744
109 380
133 112
525 231
525 36
525 382
525 208
140 655
140 759
140 824
529 505
529 967
529 337
535 985
535 364
535 957
505 530
505 253
7 215
7 295
629 702
629 674
629 869
129 322
754 164
754 615
754 38
360 205
360 786
360 857
388 563
388 978
203 387
203 988
203 338
844 9
844 896
329 813
329 60
594 808
594 20
786 861
786 419
291 324
291 555
291 803
675 518
675 415
675 495
675 65
519 553
478 58
873 782
873 380
137 599
137 324
208 966
208 26
649 827
877 380
927 414
927 664
927 116
927 9
621 998
857 300
978 295
978 79
658 991
658 310
658 154
985 40
443 916
937 100
937 892
60 994
60 44
399 942
833 71
833 231
833 703
100 26
447 534
447 521
447 394
686 903
686 472
686 828
720 618
720 238
339 335
339 77
339 537
339 810
692 715
474 12
474 284
474 958
385 161
385 611
695 566
695 868
695 296
40 212
40 112
40 907
252 353
252 566
869 886
869 361
869 674
112 212
951 58
313 602
313 4
259 806
259 721
259 295
259 618
105 575
79 320
79 674
831 929
318 755
515 944
124 64
20 193
20 528
36 703
36 715
36 154
957 852
92 528
33 576
635 442
635 727
394 364
394 532
394 246
497 45
497 363
779 976
779 284
779 369
181 71
755 839
790 998
790 487
790 77
991 823
638 24
634 963
284 22
338 337
783 492
839 246
115 453
643 421
556 828
382 340
382 813
146 727
146 879
669 160
669 793
966 58
532 566
532 71
726 454
726 672
161 4
803 875
680 221
537 419
537 703
913 242
913 438
913 571
954 9
954 580
652 454
473 871
473 759
473 774
727 442
379 910
379 782
588 282
588 746
823 585
806 487
82 43
212 619
310 4
310 868
88 826
826 148
826 449
116 920
947 221
715 361
81 153
81 517
518 587
518 511
585 522
581 65
581 792
253 670
44 824
641 267
641 57
679 453
679 924
320 735
333 921
114 915
114 71
591 353
591 273
591 892
906 414
622 282
549 766
616 718
616 958
598 892
598 76
64 91
86 419
273 433
442 888
442 541
910 153
910 272
475 580
744 716
406 885
406 223
406 981
406 29
453 738
782 845
145 780
976 528
718 255
810 43
912 875
210 431
210 153
405 716
405 242
154 46
153 945
153 914
702 65
511 732
185 545
867 809
867 415
888 856
792 94
792 994
233 655
285 829
617 363
421 94
305 138
305 878
738 939
822 517
575 322
522 759
938 138
433 300
670 716
892 24
267 201
516 167
466 667
466 903
398 57
398 736
766 664
562 998
664 272
296 861
300 472
677 363
