413 253
413 598
413 416
413 463
413 582
413 903
467 182
467 732
467 771
467 836
467 164
467 130
292 181
292 214
292 566
292 890
292 837
292 415
406 102
406 131
406 81
406 624
406 332
406 734
310 606
310 913
310 34
310 608
310 361
310 70
454 309
454 815
454 889
454 944
454 423
454 343
308 378
308 628
308 108
308 313
308 798
308 481
759 992
759 717
759 440
759 345
759 648
759 157
676 639
676 987
676 370
676 884
676 356
676 270
697 528
697 266
697 971
697 888
697 261
697 567
328 98
328 458
328 698
328 969
328 652
328 82
508 585
508 854
508 740
508 415
508 908
508 244
661 971
661 205
661 556
661 949
661 245
661 576
797 75
797 95
797 424
797 446
797 282
797 828
145 646
145 296
145 416
145 598
145 600
145 263
881 411
881 341
881 948
881 199
881 641
881 362
73 182
73 894
73 388
73 355
73 151
73 905
218 683
218 194
218 201
218 20
218 210
218 559
501 819
501 984
501 32
501 716
501 888
501 133
665 276
665 609
665 288
665 419
665 336
665 596
713 851
713 707
713 31
713 935
713 378
713 741
844 287
844 474
844 459
844 774
844 663
844 749
386 674
386 365
386 104
386 519
386 235
386 272
449 802
449 511
449 864
449 748
449 65
449 448
223 673
223 679
223 742
223 912
223 433
223 737
571 279
571 550
571 503
571 633
571 257
571 973
616 644
616 146
616 470
616 952
616 743
616 480
911 723
911 55
911 891
911 489
911 455
911 37
917 367
917 930
917 286
917 965
917 153
917 381
988 430
988 577
988 187
988 893
988 878
988 64
550 79
550 466
550 849
550 750
550 172
557 848
557 581
557 335
557 654
557 523
557 155
206 159
206 691
206 808
206 990
206 343
206 452
747 359
747 309
747 728
747 959
747 700
747 230
37 122
37 826
37 723
37 55
37 489
826 500
826 891
826 723
826 489
826 55
786 50
786 336
786 650
786 393
786 229
786 129
913 70
913 652
913 711
913 34
913 608
567 259
567 281
567 266
567 528
567 261
646 173
646 296
646 263
646 598
646 416
910 952
910 995
910 403
910 225
910 278
910 358
985 346
985 801
985 639
985 710
985 761
985 375
45 330
45 800
45 234
45 503
45 947
45 933
686 380
686 370
686 356
686 870
686 270
686 636
376 280
376 390
376 441
376 475
376 191
376 579
377 149
377 232
377 714
377 527
377 236
377 825
54 198
54 256
54 993
54 769
54 89
54 995
97 428
97 93
97 554
97 574
97 559
97 853
251 484
251 715
251 104
251 340
251 18
251 754
791 203
791 325
791 701
791 518
791 221
791 904
189 103
189 497
189 548
189 890
189 40
189 368
779 226
779 445
779 938
779 721
779 533
779 611
299 963
299 424
299 971
299 969
299 850
299 757
422 979
422 773
422 656
422 813
422 834
422 497
305 740
305 531
305 41
305 873
305 220
305 706
353 311
353 522
353 765
353 283
353 304
353 773
204 235
204 499
204 585
204 457
204 796
204 892
944 423
944 343
944 889
944 815
944 309
180 912
180 997
180 742
180 433
180 637
180 737
358 194
358 995
358 210
358 683
358 777
105 858
105 352
105 425
105 212
105 177
105 955
593 674
593 744
593 568
593 539
593 694
593 382
648 597
648 281
648 806
648 157
648 48
271 322
271 566
271 862
271 719
271 977
271 914
625 896
625 627
625 256
625 463
625 227
625 258
317 633
317 352
317 478
317 144
317 341
317 793
592 787
592 541
592 389
592 385
592 633
592 69
357 959
357 836
357 113
357 622
357 329
357 951
399 264
399 980
399 896
399 851
399 410
399 420
269 551
269 217
269 158
269 731
269 303
269 341
286 504
286 134
286 709
286 436
286 452
722 999
722 869
722 411
722 3
722 255
722 499
906 681
906 925
906 829
906 250
906 695
906 87
617 354
617 49
617 87
617 905
617 330
617 106
624 25
624 131
624 102
624 827
624 734
480 644
480 470
480 743
480 952
480 870
964 940
964 434
964 950
964 589
964 922
964 853
464 437
464 705
464 196
464 135
464 535
464 211
876 573
876 703
876 295
876 753
876 289
876 907
404 626
404 118
404 471
404 313
404 957
404 327
596 794
596 288
596 419
596 336
596 699
871 382
871 453
871 594
871 650
871 294
871 188
885 745
885 173
885 529
885 600
885 967
885 643
678 754
678 634
678 623
678 755
678 202
678 518
719 977
719 914
719 315
719 668
719 862
59 252
59 1
59 565
59 824
59 653
59 580
827 734
827 102
827 291
827 219
827 131
90 171
90 776
90 658
90 496
90 979
90 685
140 351
140 756
140 199
140 200
140 886
140 122
238 502
238 369
238 724
238 711
238 949
238 818
978 621
978 932
978 249
978 272
978 235
978 33
241 664
241 298
241 52
241 677
241 284
241 302
309 866
309 483
309 898
375 761
375 710
375 801
375 639
375 677
538 213
538 865
538 852
538 240
538 212
538 769
439 762
439 445
439 481
439 444
439 485
439 275
968 970
968 338
968 687
968 165
968 879
968 35
370 270
370 987
370 380
370 356
412 211
412 629
412 769
412 382
412 990
412 795
456 400
456 231
456 833
456 657
456 809
456 11
731 565
731 468
731 161
731 953
731 306
847 78
847 186
847 260
847 174
847 281
847 718
427 334
427 44
427 736
427 395
427 316
427 401
57 923
57 603
57 958
57 478
57 43
57 300
228 112
228 348
228 529
228 246
228 301
228 671
603 923
603 43
603 478
603 958
603 300
729 541
729 391
729 122
729 842
729 120
729 626
886 200
886 756
886 561
886 351
886 199
192 149
192 669
192 799
192 785
192 621
192 720
947 410
947 814
947 551
947 643
947 402
222 197
222 645
222 89
222 746
222 780
222 841
295 753
295 907
295 573
295 289
295 637
32 819
32 716
32 628
32 984
32 133
693 506
693 922
693 303
693 79
693 957
693 154
820 265
820 264
820 151
820 961
820 362
820 167
373 892
373 150
373 638
373 329
373 113
373 652
613 883
613 153
613 627
613 390
613 772
613 275
812 48
812 712
812 800
812 936
812 39
812 86
920 142
920 544
920 840
920 558
920 777
920 10
216 622
216 521
216 135
216 839
216 481
216 628
666 527
666 89
666 352
666 96
666 475
666 93
725 532
725 139
725 429
725 320
725 569
725 443
772 883
772 390
772 142
772 10
772 275
168 363
168 237
168 715
168 807
168 963
168 432
589 997
589 788
589 542
589 982
589 561
515 30
515 991
515 196
515 720
515 290
515 321
962 382
962 388
962 91
962 513
962 53
962 849
42 332
42 47
42 379
42 350
42 934
42 563
895 730
895 76
895 804
895 856
895 545
895 101
147 347
147 38
147 18
147 546
147 52
147 808
157 345
157 992
157 717
157 440
78 186
78 938
78 174
78 260
78 718
323 537
323 737
323 391
323 735
323 981
323 475
240 51
240 865
240 212
240 742
240 852
879 687
879 338
879 874
879 970
879 866
495 635
495 138
495 82
495 434
495 555
495 942
611 437
611 166
611 455
611 720
611 321
109 649
109 606
109 709
109 72
109 762
109 533
167 815
167 208
167 195
167 726
167 411
704 638
704 330
704 956
704 813
704 134
704 733
319 972
319 415
319 318
319 670
319 767
319 703
614 916
614 487
614 680
614 606
614 831
614 775
324 231
324 583
324 976
324 834
324 79
324 546
958 516
958 385
958 43
958 923
203 372
203 150
203 492
203 231
203 280
848 335
848 523
848 623
848 654
848 581
941 821
941 627
941 726
941 274
941 995
941 340
493 500
493 766
493 476
493 114
493 855
493 652
687 256
687 35
687 970
687 338
36 119
36 141
36 519
36 512
36 795
36 460
591 161
591 937
591 395
591 770
591 396
591 15
604 904
604 482
604 41
604 766
604 205
604 481
783 71
783 688
783 258
783 72
783 552
783 675
442 899
442 170
442 517
442 266
442 151
442 877
721 30
721 53
721 804
721 133
721 546
918 595
918 526
918 179
918 432
918 134
918 668
510 224
510 896
510 177
510 87
510 675
510 641
434 940
434 922
434 726
434 745
866 989
866 998
866 781
866 809
514 219
514 490
514 484
514 518
514 227
514 938
975 716
975 792
975 20
975 129
975 151
975 509
673 873
673 277
673 6
673 556
673 993
178 525
178 562
178 360
178 619
178 587
178 965
760 582
760 398
760 615
760 739
760 301
760 224
22 367
22 872
22 720
22 875
22 14
22 187
921 49
921 642
921 806
921 751
921 60
921 599
359 728
359 70
359 959
359 700
359 230
543 56
543 864
543 810
543 823
543 629
543 834
590 859
590 526
590 325
590 965
590 100
590 738
579 829
579 208
579 280
579 191
579 441
504 575
504 24
504 961
504 100
504 736
552 838
552 675
552 112
552 71
552 688
197 782
197 780
197 645
197 889
197 746
364 137
364 689
364 486
364 498
364 752
364 903
88 44
88 894
88 285
88 717
88 385
88 784
494 507
494 784
494 117
494 565
494 738
494 822
274 842
274 148
274 726
274 407
274 843
584 215
584 506
584 28
584 789
584 916
584 899
169 369
169 444
169 667
169 724
169 342
169 775
302 468
302 179
302 861
302 106
302 965
289 907
289 753
289 637
289 573
892 420
892 882
892 638
892 237
290 350
290 966
290 383
290 30
290 991
857 314
857 264
857 209
857 630
857 150
857 258
733 813
733 956
733 134
733 891
733 991
789 803
789 899
789 506
789 28
789 215
513 382
513 762
513 649
513 597
513 998
130 381
130 732
130 182
130 771
130 164
612 902
612 156
612 657
612 960
612 845
612 303
137 689
137 498
137 817
137 752
137 708
471 273
471 8
471 609
471 793
471 482
160 586
160 699
160 610
160 640
160 838
160 457
863 186
863 695
863 925
863 829
863 485
863 681
71 675
71 688
71 72
71 128
117 784
117 822
117 738
117 507
117 123
418 530
418 816
418 349
418 184
418 818
418 248
490 990
490 158
490 858
490 647
490 257
74 901
74 148
74 750
74 811
74 172
74 126
680 487
680 831
680 606
680 128
680 916
34 165
34 608
34 800
34 70
644 952
644 743
644 682
644 470
253 463
253 825
253 630
253 627
253 517
682 362
682 505
682 870
682 17
682 767
273 11
273 814
273 566
273 8
273 264
660 80
660 146
660 835
660 967
660 384
660 453
166 173
166 745
166 455
166 488
166 281
534 832
534 553
534 520
534 983
534 807
534 16
553 16
553 520
553 983
553 832
553 453
943 451
943 846
943 735
943 477
943 728
943 53
932 587
932 272
932 249
932 33
932 235
163 190
163 170
163 867
163 436
163 864
163 884
874 564
874 96
874 672
874 512
874 154
132 326
132 523
132 945
132 784
132 581
132 654
392 441
392 775
392 188
392 462
392 908
392 864
645 609
645 618
645 746
645 19
12 570
12 486
12 162
12 588
12 692
12 397
970 338
970 35
970 463
657 902
657 845
657 156
657 960
771 629
771 732
771 164
771 182
267 171
267 458
267 776
267 861
267 641
267 91
702 25
702 265
702 537
702 726
702 843
702 429
128 829
128 2
128 49
128 346
278 466
278 307
278 952
278 225
278 403
175 177
175 20
175 602
175 428
175 793
175 125
210 683
210 144
210 954
210 559
279 672
279 326
279 544
279 564
279 345
447 491
447 949
447 419
447 415
447 578
447 100
27 68
27 171
27 685
27 265
27 496
27 618
195 662
195 897
195 51
195 450
195 805
179 957
179 987
179 125
179 819
526 2
526 770
526 432
526 595
9 115
9 387
9 29
9 858
9 408
9 632
443 429
443 139
443 320
443 569
443 532
291 239
291 451
291 787
291 402
291 994
421 758
421 391
421 4
421 136
421 882
421 875
631 417
631 872
631 483
631 472
631 564
631 374
755 202
755 634
755 708
755 754
755 623
193 801
193 198
193 647
193 344
193 861
193 926
901 172
901 811
901 750
901 207
901 126
440 472
440 345
440 717
440 992
629 908
629 115
629 257
400 124
400 259
400 63
400 931
400 435
928 371
928 880
928 536
928 795
928 509
928 268
426 859
426 62
426 850
426 974
426 207
426 651
390 94
390 883
390 275
127 19
127 185
127 68
127 125
127 618
127 165
663 749
663 368
663 474
663 774
663 711
60 806
60 599
60 237
60 652
60 642
394 541
394 6
394 560
394 337
394 155
394 763
518 158
518 492
518 684
768 64
768 351
768 492
768 430
768 577
768 878
845 156
845 902
845 260
845 960
226 158
226 533
226 476
226 929
226 297
562 525
562 360
562 619
562 100
562 587
718 935
718 260
718 174
718 186
522 138
522 502
522 946
522 607
522 67
969 574
969 98
969 578
969 698
466 403
466 307
466 225
466 860
659 628
659 837
659 214
659 842
659 838
659 181
640 699
640 457
640 586
640 949
640 610
695 925
695 187
695 250
695 681
684 207
684 651
684 850
684 859
684 556
930 541
930 486
930 13
930 946
930 265
13 524
13 689
13 535
13 227
13 861
948 491
948 362
948 411
948 854
948 641
809 643
809 929
809 849
809 942
998 649
998 66
998 332
998 860
778 794
778 803
778 366
778 61
778 7
778 361
894 99
894 989
894 546
894 332
450 897
450 0
450 662
450 558
450 805
56 864
56 810
56 431
56 558
56 252
86 936
86 48
86 712
86 39
86 338
690 549
690 276
690 833
690 110
690 322
690 62
781 548
781 594
781 572
781 365
781 638
51 63
51 946
51 963
51 124
974 453
974 953
974 91
974 104
974 340
142 777
142 10
142 840
142 544
275 347
275 883
43 478
43 923
43 300
539 674
539 694
539 929
539 744
539 568
994 594
994 884
994 636
994 945
994 451
110 276
110 833
110 322
110 62
110 549
884 239
884 636
884 945
393 650
393 927
393 50
393 129
393 229
796 497
796 94
796 942
796 458
796 981
293 924
293 92
293 505
293 473
293 425
293 190
66 782
66 770
66 346
66 601
66 769
172 750
172 126
172 811
65 511
65 47
65 802
65 448
65 748
356 270
356 380
356 987
40 521
40 497
40 890
40 103
40 401
937 396
937 395
937 474
937 161
937 15
136 4
136 83
136 391
136 758
136 14
649 107
649 605
649 116
642 49
642 599
642 806
642 699
862 315
862 977
862 914
862 668
407 46
407 843
407 345
407 148
407 854
730 856
730 101
730 905
730 545
730 76
141 119
141 519
141 460
141 512
141 909
351 199
351 756
351 200
296 263
296 598
296 416
296 461
438 853
438 600
438 409
438 58
438 200
438 996
803 7
803 361
803 61
803 794
337 6
337 763
337 560
337 455
337 155
900 870
900 327
900 287
900 774
900 749
900 926
255 3
255 457
255 499
255 999
255 586
462 383
462 119
462 751
462 460
462 929
931 435
931 312
931 124
931 259
931 764
583 17
583 804
583 834
583 831
583 775
761 710
761 709
761 801
761 11
29 408
29 387
29 632
29 115
29 297
647 491
647 44
647 335
647 217
833 276
833 549
833 62
339 306
339 817
339 24
339 264
339 540
339 679
451 239
451 636
451 846
491 854
491 578
491 231
814 551
814 643
814 350
814 569
570 588
570 389
570 162
570 397
570 692
505 909
505 546
505 96
505 870
80 835
80 389
80 384
80 967
80 146
685 496
685 776
685 171
685 979
96 352
96 242
96 807
294 67
294 198
294 17
294 563
294 349
565 468
565 580
565 23
527 352
527 236
527 825
527 714
916 606
916 986
916 487
521 839
521 103
521 628
521 158
25 314
25 542
25 993
25 459
84 908
84 333
84 183
84 576
84 757
84 658
841 139
841 334
841 524
841 378
841 330
237 89
237 608
237 368
95 75
95 446
95 82
95 997
95 982
212 852
212 865
212 213
374 414
374 872
374 483
374 472
374 417
530 818
530 816
530 248
530 184
530 349
745 363
745 173
745 655
880 509
880 795
880 536
880 268
880 371
896 262
896 46
896 420
143 986
143 312
143 839
143 191
143 188
143 205
517 960
517 488
517 902
517 262
201 753
201 951
201 194
201 559
201 683
724 444
724 369
724 318
724 342
568 250
568 93
568 744
568 694
926 887
926 556
926 23
926 935
61 361
61 794
61 7
61 215
155 961
155 560
155 763
46 24
46 915
46 602
46 953
441 355
441 280
441 191
777 10
777 840
777 544
248 184
248 349
248 818
248 816
1 653
1 580
1 252
1 341
1 824
927 398
927 229
927 650
927 595
927 129
651 207
651 850
651 859
651 239
780 473
780 746
780 170
780 782
415 164
415 419
832 983
832 453
832 16
832 520
572 148
572 35
572 139
572 804
572 854
636 846
636 945
924 898
924 919
924 190
924 92
924 601
938 227
938 108
938 265
247 21
247 830
247 331
247 877
247 477
247 176
327 313
327 821
327 118
327 626
354 233
354 232
354 154
354 757
354 982
822 738
822 889
822 507
822 123
185 965
185 431
185 68
185 618
185 19
635 887
635 547
635 85
635 788
635 555
285 966
285 548
285 708
285 784
285 656
224 582
224 398
224 615
224 739
334 401
334 316
334 996
334 44
111 414
111 152
111 8
111 21
111 897
111 77
277 254
277 101
277 981
277 232
277 38
85 887
85 547
85 935
85 555
85 788
139 764
139 868
244 585
244 712
244 853
244 667
244 231
312 986
312 243
312 205
312 607
344 67
344 372
344 548
344 549
344 502
554 93
554 465
554 735
554 574
554 620
706 41
706 740
706 873
706 220
706 531
387 297
387 408
387 115
387 632
855 500
855 476
855 564
855 114
855 766
482 667
482 330
482 953
482 8
598 416
598 263
966 831
966 30
966 849
966 991
819 984
819 125
819 133
671 112
671 246
671 194
671 348
671 301
891 723
891 55
891 489
4 14
4 758
4 83
4 875
452 691
452 808
452 159
452 990
311 765
311 304
311 773
311 904
311 283
752 903
752 371
752 689
752 498
677 298
677 620
677 594
677 284
50 38
50 360
50 229
50 551
417 483
417 472
417 257
417 872
999 869
999 3
999 499
999 481
395 15
395 161
395 655
831 487
831 804
815 423
815 321
815 343
829 925
829 250
14 875
14 758
14 83
236 714
236 765
236 825
236 232
165 865
165 159
165 385
634 754
634 623
634 202
634 753
479 389
479 991
479 602
479 558
479 751
479 26
830 877
830 176
830 477
830 331
830 23
524 2
524 256
524 428
524 782
981 98
981 254
981 391
343 423
343 889
123 507
123 150
123 389
123 738
408 632
408 297
408 585
101 856
101 76
101 545
469 488
469 843
469 368
469 973
469 652
469 99
26 330
26 602
26 751
26 537
26 156
735 656
735 379
735 420
792 372
792 558
792 20
792 509
792 793
432 383
432 595
432 770
146 835
146 967
146 384
787 243
787 402
787 385
787 389
802 748
802 448
802 608
802 511
956 134
956 813
956 763
956 638
798 955
798 5
798 322
798 461
798 108
221 181
221 383
221 214
221 837
221 973
836 940
836 23
836 314
836 551
898 919
898 107
898 116
898 601
159 808
159 385
159 691
861 91
861 976
199 756
199 200
658 576
658 333
658 183
658 746
371 268
371 509
371 536
62 549
62 276
519 512
519 119
519 460
239 106
239 173
281 681
281 672
990 808
990 691
0 662
0 365
0 805
0 320
0 897
315 87
315 914
315 977
315 668
41 220
41 72
41 531
316 736
316 44
316 217
316 401
245 890
245 576
245 556
245 764
245 242
31 883
31 707
31 741
31 378
31 851
283 765
283 304
283 773
283 679
536 268
536 546
536 795
473 170
473 468
473 516
473 6
992 717
992 144
992 345
609 8
609 846
609 954
773 304
773 765
53 720
53 849
53 578
555 788
555 887
555 547
307 435
307 860
307 225
307 403
322 532
322 664
437 211
437 818
437 705
437 535
846 122
846 367
331 877
331 477
331 176
331 961
563 76
563 47
563 934
563 379
922 701
922 506
922 940
817 306
817 540
817 679
817 234
838 174
838 837
838 181
229 650
229 129
259 124
259 435
259 63
191 280
191 655
641 362
641 411
899 506
899 28
899 215
133 984
133 716
209 325
209 258
209 314
209 150
209 630
21 414
21 8
21 152
21 77
99 997
99 516
99 843
99 667
414 77
414 152
414 810
655 15
655 953
655 696
184 349
184 915
184 816
336 355
336 419
336 288
506 28
551 503
525 587
525 280
525 619
525 138
588 397
588 692
588 766
588 162
727 355
727 367
727 177
727 17
727 18
727 980
63 435
63 124
63 257
842 790
842 486
842 69
448 511
448 748
448 303
217 94
217 298
217 711
531 220
531 873
531 740
867 208
867 409
867 436
867 701
867 716
545 19
545 76
545 856
754 202
754 623
183 486
183 576
183 333
183 700
64 430
64 893
64 577
64 23
577 893
577 430
577 878
835 148
835 967
835 384
869 69
869 950
869 3
869 499
153 757
153 92
153 367
153 973
788 935
788 547
873 220
873 740
507 738
507 173
190 187
190 92
190 425
429 569
429 320
429 864
152 810
152 561
152 77
811 674
811 126
811 750
208 502
208 950
208 458
478 300
478 923
607 383
607 67
607 409
607 696
942 909
942 458
942 428
108 461
108 955
108 5
741 851
741 707
741 378
741 230
18 367
18 492
18 177
314 258
314 630
92 912
92 425
11 709
11 782
11 533
170 746
170 516
692 162
692 120
692 397
242 410
242 972
242 764
242 196
597 106
597 762
597 58
597 67
360 619
360 410
360 587
961 24
961 431
804 151
858 257
858 254
858 115
664 284
664 973
664 52
664 298
200 756
600 268
600 529
600 486
715 104
715 384
715 340
715 484
763 6
763 560
744 674
744 939
744 694
537 955
537 388
537 601
630 150
630 258
775 444
775 213
784 951
384 967
131 976
131 734
131 102
585 125
585 595
3 499
3 950
436 409
436 701
436 743
363 989
363 888
363 425
363 807
599 806
599 49
599 828
58 908
58 106
58 696
58 996
637 907
637 114
637 187
705 135
705 535
705 211
705 196
973 264
28 401
28 215
465 397
465 162
465 107
465 366
465 976
667 997
667 566
301 246
301 112
301 348
500 766
500 476
500 2
144 121
144 633
144 954
905 321
905 653
905 215
808 691
121 939
121 823
121 233
121 459
121 575
284 52
284 298
284 405
246 348
246 433
246 112
544 10
544 840
435 124
38 455
38 751
38 602
262 254
262 915
262 770
262 346
668 914
668 977
643 929
643 904
164 732
164 182
81 868
81 954
81 963
81 807
81 102
476 122
476 656
986 380
986 69
986 790
118 821
118 626
118 976
118 313
623 202
347 368
347 714
347 365
347 883
632 297
632 115
714 825
714 232
834 79
834 405
801 639
801 710
460 119
460 512
701 949
701 409
980 17
980 369
980 138
980 708
2 995
2 196
39 366
39 936
39 48
39 712
219 484
219 488
219 388
219 485
711 70
711 748
372 542
372 20
372 470
198 89
198 957
198 256
696 882
696 989
696 996
670 767
670 703
670 87
670 972
670 318
717 516
249 235
249 272
249 33
249 496
533 381
533 929
243 736
243 205
243 782
243 365
366 94
366 7
366 620
313 626
313 445
98 381
98 100
98 698
540 346
540 679
540 24
540 306
574 93
574 853
574 620
542 799
542 77
542 993
728 230
728 700
728 959
575 459
575 233
575 823
575 939
420 882
420 176
431 946
431 594
431 556
458 909
396 445
396 329
396 161
396 15
766 698
116 107
116 605
116 919
116 601
303 103
303 688
87 656
951 113
951 622
951 329
272 235
272 33
587 619
573 907
573 753
573 904
566 214
566 790
919 601
919 107
919 605
474 749
474 287
474 774
950 997
950 463
233 939
233 459
233 823
734 903
734 102
498 903
498 946
498 689
350 47
350 379
350 934
621 785
621 799
621 149
621 669
5 461
5 342
5 955
5 475
398 739
398 615
398 582
402 548
402 854
402 410
100 698
739 615
739 52
739 582
503 800
503 234
503 933
868 764
868 963
868 511
868 288
915 764
915 445
915 381
433 912
433 737
433 742
424 75
424 282
424 446
424 828
805 662
805 897
805 254
740 220
902 156
902 960
405 935
405 716
405 703
405 79
419 288
335 654
335 523
335 581
321 720
321 30
605 188
605 135
605 107
268 795
369 342
369 444
227 957
227 213
502 306
502 984
261 266
261 528
261 971
261 355
410 993
287 774
287 749
287 785
952 743
355 126
260 174
260 186
939 982
939 823
487 606
487 16
52 298
484 104
484 340
381 332
856 76
856 888
477 877
477 176
743 470
578 662
578 698
187 707
765 304
472 872
472 483
794 7
794 361
860 708
860 225
860 403
306 679
19 618
19 68
15 161
470 672
232 825
569 532
569 320
340 104
326 492
326 672
326 83
326 564
282 828
282 619
282 75
282 446
446 75
446 828
965 325
30 991
689 903
806 49
250 681
250 925
561 691
561 810
561 638
202 957
622 113
622 979
622 329
55 489
55 723
888 732
888 736
7 361
628 839
959 945
959 700
47 934
47 379
700 230
529 114
529 332
529 365
709 849
709 346
488 455
488 265
528 971
528 266
528 639
769 995
769 423
993 840
586 699
586 610
586 457
541 560
541 694
485 762
485 188
485 945
639 710
509 20
996 989
996 409
823 459
790 82
790 380
790 69
430 893
430 878
288 908
949 151
135 211
135 535
934 383
934 379
213 852
213 865
94 633
94 325
188 391
800 933
800 234
535 211
333 708
333 576
333 893
397 162
91 388
91 231
953 989
174 186
925 681
68 618
68 125
428 909
428 177
468 445
468 23
828 75
940 821
940 853
520 196
520 16
520 983
936 712
936 82
936 48
758 83
758 875
674 694
266 971
325 475
67 138
149 669
149 799
149 785
382 824
129 650
840 10
230 839
214 181
214 837
549 276
77 810
113 762
113 329
870 120
821 626
821 82
602 751
171 496
171 776
194 683
194 559
69 620
627 726
627 463
532 348
532 320
620 93
254 120
824 252
824 653
824 580
653 252
653 580
403 225
837 181
865 852
707 378
707 851
17 148
887 547
887 106
954 878
954 807
688 72
688 675
497 103
497 890
16 983
423 889
103 890
581 523
581 654
662 897
933 987
933 710
933 234
304 205
979 776
979 839
982 610
982 154
341 158
341 558
785 669
785 799
907 114
615 909
615 582
813 882
813 134
703 972
703 767
564 672
843 368
112 348
126 750
252 580
736 138
972 318
972 767
851 946
516 984
723 489
774 749
70 608
737 742
737 912
914 977
425 352
496 776
669 799
669 24
594 297
816 349
816 818
380 270
207 859
207 850
342 444
342 318
83 875
256 89
595 770
852 793
523 654
512 119
461 263
461 955
712 48
318 767
416 263
475 756
732 182
6 560
176 877
850 859
757 963
757 154
987 270
610 457
610 699
122 154
388 481
453 983
882 120
79 976
748 511
44 401
362 411
923 300
904 35
547 793
300 633
912 742
878 893
492 33
675 72
234 33
656 548
120 114
872 483
338 35
683 559
960 156
