121 465
121 381
121 864
121 959
121 844
121 162
933 35
933 330
933 420
933 758
933 947
933 489
601 957
601 113
601 616
601 298
601 460
601 584
603 757
603 361
603 679
603 595
603 614
603 960
793 382
793 820
793 953
793 715
793 486
793 773
953 25
953 87
953 174
953 443
953 332
967 205
967 197
967 329
967 429
967 404
967 682
989 737
989 413
989 857
989 804
989 144
989 780
181 351
181 693
181 373
181 344
181 429
181 441
983 499
983 990
983 780
983 758
983 543
983 420
20 245
20 183
20 740
20 419
20 707
20 488
886 643
886 111
886 120
886 220
886 506
886 759
798 915
798 465
798 713
798 982
798 677
798 449
888 995
888 770
888 520
888 585
888 307
888 916
569 137
569 182
569 191
569 711
569 401
569 942
799 690
799 39
799 561
799 331
799 854
799 259
299 839
299 413
299 929
299 153
299 905
299 829
975 883
975 537
975 85
975 222
975 660
975 370
192 165
192 777
192 298
192 529
192 990
192 70
849 143
849 748
849 670
849 296
849 756
849 308
57 340
57 37
57 668
57 438
57 941
57 453
804 85
804 510
804 21
804 982
804 985
414 470
414 861
414 609
414 890
414 306
414 212
633 425
633 974
633 860
633 452
633 609
633 534
193 877
193 226
193 936
193 16
193 273
193 354
548 887
548 962
548 440
548 321
548 940
548 71
102 291
102 557
102 6
102 808
102 536
102 990
955 412
955 896
955 173
955 539
955 149
955 806
32 668
32 17
32 77
32 25
32 959
32 150
222 582
222 769
222 755
222 724
222 426
3 336
3 189
3 338
3 246
3 96
3 889
424 994
424 202
424 760
424 209
424 864
424 5
221 391
221 376
221 276
221 809
221 987
221 474
912 857
912 591
912 686
912 343
912 774
912 640
576 56
576 450
576 326
576 340
576 890
576 64
960 669
960 343
960 354
960 75
960 335
80 861
80 26
80 404
80 434
80 895
80 263
378 617
378 46
378 377
378 396
378 555
378 686
588 776
588 266
588 991
588 563
588 98
588 339
705 368
705 109
705 444
705 870
705 217
705 393
12 537
12 256
12 744
12 818
12 56
12 688
509 213
509 216
509 207
509 848
509 387
509 408
88 596
88 352
88 237
88 514
88 863
88 515
239 490
239 405
239 170
239 163
239 574
239 626
157 801
157 536
157 18
157 189
157 136
157 841
747 744
747 533
747 928
747 990
747 998
747 646
358 292
358 801
358 813
358 697
358 615
358 929
737 284
737 14
737 116
737 317
737 476
76 982
76 118
76 996
76 682
76 802
76 751
493 353
493 445
493 713
493 452
493 300
493 721
872 228
872 405
872 428
872 434
872 730
872 877
958 644
958 897
958 22
958 308
958 828
958 604
251 479
251 879
251 1
251 430
251 596
251 131
382 987
382 635
382 188
382 773
382 835
783 599
783 427
783 379
783 904
783 646
783 409
880 750
880 392
880 415
880 282
880 934
880 757
675 85
675 149
675 105
675 564
675 580
675 767
938 184
938 317
938 917
938 384
938 156
938 294
248 189
248 511
248 557
248 232
248 951
248 864
456 249
456 115
456 174
456 395
456 910
456 559
147 297
147 285
147 408
147 752
147 526
147 145
553 522
553 551
553 287
553 79
553 832
553 858
128 545
128 996
128 443
128 109
128 531
128 473
805 652
805 607
805 655
805 369
805 614
805 890
390 84
390 143
390 360
390 741
390 843
390 494
396 182
396 691
396 46
396 748
396 347
475 461
475 566
475 142
475 84
475 235
475 727
620 195
620 19
620 807
620 286
620 518
620 724
276 844
276 550
276 790
276 316
276 669
560 122
560 789
560 669
560 101
560 635
560 839
729 595
729 800
729 490
729 180
729 515
729 169
765 782
765 348
765 256
765 373
765 976
765 285
11 700
11 55
11 175
11 870
11 491
11 106
665 133
665 498
665 870
665 124
665 829
665 906
48 844
48 784
48 310
48 762
48 316
48 558
58 532
58 90
58 897
58 740
58 716
58 536
346 558
346 234
346 835
346 395
346 500
346 617
655 607
655 897
655 197
655 915
655 730
699 968
699 262
699 108
699 919
699 323
699 840
922 858
922 395
922 487
922 840
922 434
922 173
324 650
324 811
324 470
324 708
324 39
324 354
716 89
716 740
716 90
716 897
716 863
114 215
114 393
114 34
114 87
114 739
114 1
906 829
906 511
906 452
906 692
906 9
334 208
334 972
334 893
334 678
334 415
334 485
766 230
766 879
766 660
766 370
766 298
766 4
786 774
786 868
786 937
786 925
786 621
786 717
926 140
926 252
926 31
926 333
926 909
926 328
565 159
565 91
565 90
565 176
565 749
565 712
778 95
778 400
778 700
778 902
778 479
778 476
125 494
125 106
125 201
125 123
125 744
125 626
363 260
363 818
363 735
363 245
363 939
363 268
380 867
380 957
380 817
380 100
380 826
380 807
918 113
918 502
918 678
918 388
918 229
918 470
38 134
38 116
38 552
38 412
38 630
38 963
660 370
660 537
660 878
660 295
366 389
366 898
366 253
366 530
366 355
366 936
33 163
33 847
33 795
33 180
33 410
33 212
136 262
136 916
136 653
136 689
136 497
371 698
371 517
371 726
371 484
371 478
371 467
540 853
540 506
540 998
540 973
540 505
540 322
794 274
794 637
794 469
794 631
794 777
794 185
72 618
72 711
72 256
72 939
72 543
72 566
127 352
127 480
127 753
127 789
127 898
127 329
44 249
44 945
44 421
44 536
44 577
44 135
819 356
819 833
819 828
819 667
819 464
819 624
507 784
507 814
507 446
507 142
507 78
507 627
300 43
300 179
300 6
300 5
300 196
745 903
745 374
745 986
745 123
745 597
745 458
78 440
78 887
78 361
78 75
78 204
323 37
323 97
323 860
323 736
323 213
225 544
225 703
225 152
225 932
225 761
225 725
342 710
342 797
342 558
342 910
342 539
342 166
164 449
164 328
164 289
164 307
164 444
164 391
376 940
376 668
376 155
376 45
376 234
511 223
511 649
511 879
511 720
156 384
156 775
156 917
156 294
156 184
242 534
242 46
242 573
242 908
242 476
242 135
944 661
944 113
944 502
944 539
944 512
944 584
446 465
446 220
446 728
446 738
446 154
984 807
984 541
984 69
984 56
984 534
984 920
82 170
82 579
82 845
82 118
82 77
82 441
787 584
787 704
787 839
787 861
787 708
787 203
658 694
658 657
658 289
658 23
658 168
658 561
754 372
754 69
754 238
754 605
754 963
754 152
216 602
216 195
216 567
216 387
216 722
365 340
365 911
365 943
365 847
365 761
365 687
501 681
501 757
501 16
501 214
501 862
501 343
575 604
575 253
575 943
575 982
575 282
575 661
985 995
985 700
985 563
985 49
985 483
571 359
571 27
571 581
571 364
571 197
571 243
606 81
606 519
606 966
606 817
606 483
606 673
69 306
69 859
69 923
69 257
359 327
359 270
359 884
359 583
359 515
377 851
377 167
377 448
377 949
377 617
796 726
796 558
796 124
796 441
796 957
796 413
586 93
586 734
586 445
586 644
586 90
586 321
734 411
734 171
734 610
734 68
734 973
437 629
437 53
437 909
437 152
437 368
437 279
791 194
791 808
791 822
791 832
791 161
791 393
194 706
194 808
194 471
194 478
194 602
884 593
884 686
884 916
884 139
884 461
484 360
484 698
484 275
484 467
484 326
723 997
723 65
723 619
723 505
723 764
723 352
41 86
41 468
41 900
41 198
41 310
41 84
68 707
68 610
68 951
68 651
68 411
479 800
479 879
479 708
479 808
59 171
59 93
59 272
59 122
59 927
59 921
696 397
696 435
696 749
696 923
696 882
696 234
647 836
647 816
647 667
647 298
647 717
647 607
866 70
866 941
866 398
866 240
866 662
866 727
562 149
562 335
562 811
562 621
562 599
562 375
345 111
345 887
345 645
345 86
345 258
345 340
644 526
644 697
644 750
644 851
656 165
656 490
656 307
656 205
656 304
656 489
951 52
951 302
951 552
951 795
92 535
92 337
92 415
92 25
92 488
92 432
837 780
837 461
837 907
837 385
837 954
837 462
846 689
846 567
846 643
846 845
846 272
846 379
86 119
86 853
86 101
86 677
600 899
600 107
600 367
600 145
600 964
600 856
199 198
199 275
199 889
199 651
199 286
199 490
349 284
349 420
349 160
349 100
349 535
349 449
2 34
2 779
2 143
2 311
2 417
2 856
579 204
579 252
579 892
579 947
579 937
587 978
587 459
587 813
587 971
587 550
587 361
10 759
10 13
10 677
10 355
10 907
10 904
21 930
21 920
21 555
21 504
21 472
756 236
756 83
756 850
756 180
756 738
99 240
99 278
99 865
99 876
99 159
99 838
624 53
624 283
624 426
624 968
624 385
311 70
311 901
311 497
311 573
311 977
772 271
772 374
772 887
772 857
772 381
772 731
202 209
202 178
202 162
202 648
202 546
865 343
865 278
865 691
865 232
865 103
30 284
30 969
30 868
30 992
30 410
30 743
115 725
115 129
115 559
115 178
115 546
925 43
925 1
925 184
925 825
925 116
792 835
792 267
792 726
792 962
792 622
792 708
816 618
816 174
816 17
816 337
816 607
464 397
464 148
464 355
464 197
464 956
457 25
457 116
457 149
457 897
457 520
457 153
597 683
597 913
597 635
597 824
597 409
62 104
62 154
62 708
62 263
62 625
62 42
333 850
333 653
333 188
333 500
333 746
402 368
402 674
402 394
402 279
402 163
402 771
481 829
481 869
481 448
481 155
481 563
481 547
250 827
250 840
250 369
250 921
250 535
250 469
878 13
878 354
878 315
878 718
878 537
632 454
632 524
632 418
632 459
632 628
632 637
714 919
714 735
714 394
714 129
714 519
714 229
392 352
392 619
392 209
392 476
392 407
47 676
47 659
47 400
47 422
47 613
47 730
927 567
927 717
927 65
927 245
927 698
966 952
966 364
966 832
966 893
966 733
968 892
968 980
968 283
968 969
508 855
508 781
508 432
508 891
508 167
508 201
913 51
913 797
913 482
913 810
913 870
134 383
134 641
134 503
134 246
134 667
694 903
694 23
694 289
694 168
694 264
774 375
774 155
774 471
774 893
373 96
373 976
373 13
373 285
459 679
459 524
459 580
459 746
518 64
518 73
518 607
518 630
518 901
585 26
585 965
585 499
585 452
585 403
6 146
6 5
6 291
6 870
28 306
28 631
28 450
28 859
28 325
28 512
40 95
40 932
40 848
40 270
40 615
40 312
924 412
924 718
924 302
924 521
924 212
924 180
281 670
281 195
281 237
281 495
281 482
281 746
721 882
721 513
721 258
721 806
721 519
103 235
103 971
103 881
103 566
103 703
455 240
455 998
455 433
455 563
455 670
455 415
140 416
140 393
140 243
140 790
140 187
782 570
782 939
782 874
782 895
782 175
510 195
510 34
510 295
510 243
510 769
867 817
867 932
867 49
867 547
867 826
241 530
241 61
241 504
241 883
241 188
241 22
950 815
950 795
950 53
950 809
950 561
950 79
198 616
198 711
198 568
198 900
988 830
988 237
988 801
988 852
988 42
988 273
27 580
27 105
27 290
27 71
27 169
160 578
160 45
160 672
160 650
160 341
467 104
467 187
467 803
467 698
914 706
914 244
914 436
914 404
914 831
914 646
206 964
206 236
206 883
206 93
206 684
206 228
583 905
583 581
583 858
583 15
583 229
344 671
344 504
344 908
344 262
344 919
398 170
398 302
398 364
398 727
398 432
753 813
753 891
753 909
753 815
753 288
524 362
524 500
524 746
524 604
261 909
261 857
261 412
261 831
261 890
261 52
784 179
784 310
784 627
784 142
130 952
130 458
130 604
130 472
130 567
130 137
301 981
301 835
301 839
301 591
301 497
301 255
602 235
602 628
602 340
602 589
934 640
934 821
934 415
934 355
934 204
347 369
347 133
347 748
347 948
347 297
973 406
973 431
973 636
973 171
841 564
841 557
841 278
841 277
841 18
81 391
81 673
81 460
81 743
81 259
179 196
179 66
179 13
179 864
245 473
245 698
245 266
190 901
190 853
190 815
190 995
190 681
190 463
760 217
760 994
760 860
760 864
760 246
686 389
686 139
686 397
357 732
357 869
357 227
357 240
357 544
357 598
275 339
275 595
275 691
275 162
961 131
961 827
961 776
961 515
961 403
961 593
468 577
468 167
468 763
468 981
468 8
561 850
561 73
561 53
999 224
999 908
999 649
999 460
999 637
999 757
710 903
710 385
710 189
710 186
710 100
997 321
997 505
997 776
997 764
997 637
554 106
554 430
554 911
554 555
554 143
554 36
50 558
50 294
50 843
50 499
50 168
50 855
313 692
313 639
313 905
313 118
313 949
313 486
419 718
419 527
419 325
419 183
419 448
704 322
704 435
704 921
704 203
704 839
859 233
859 331
859 558
859 564
976 231
976 494
976 618
976 680
0 979
0 499
0 492
0 546
0 629
0 387
986 266
986 207
986 454
986 98
986 374
568 688
568 920
568 736
568 314
568 709
692 949
692 486
692 203
692 862
719 861
719 744
719 829
719 733
719 589
719 436
97 230
97 126
97 736
97 642
97 267
701 287
701 514
701 996
701 17
701 61
701 974
599 616
599 294
599 201
599 538
269 1
269 106
269 423
269 420
269 679
269 207
881 487
881 258
881 703
881 172
881 143
614 931
614 495
614 403
614 671
132 695
132 882
132 294
132 490
132 557
132 528
238 477
238 77
238 845
238 145
238 814
264 962
264 768
264 307
264 272
264 246
915 789
915 292
915 744
915 861
685 75
685 182
685 476
685 407
685 610
685 942
945 836
945 249
945 421
945 135
945 903
538 472
538 83
538 306
538 761
538 832
917 384
917 775
917 184
917 262
124 541
124 108
124 556
124 247
383 167
383 291
383 641
383 623
383 421
517 752
517 631
517 207
517 478
517 697
353 821
353 528
353 525
353 965
353 309
374 200
374 761
374 977
674 227
674 279
674 593
674 993
674 739
828 18
828 733
828 22
828 885
672 65
672 466
672 650
672 45
672 341
862 648
862 356
862 9
862 625
63 52
63 834
63 217
63 731
63 785
63 56
489 165
489 577
489 205
489 896
444 896
444 641
444 180
444 790
495 877
495 709
495 329
495 992
820 809
820 247
820 460
820 856
820 494
669 790
669 550
669 137
856 809
856 748
856 389
725 108
725 129
725 546
725 178
873 570
873 824
873 435
873 981
873 611
873 14
34 260
34 759
34 105
876 673
876 592
876 580
876 49
876 210
133 531
133 850
133 822
133 965
998 433
998 611
998 259
522 516
522 907
522 858
522 263
522 217
959 860
959 570
959 104
959 77
328 8
328 65
328 528
328 381
273 664
273 480
273 830
273 802
892 937
892 980
892 800
892 947
288 320
288 516
288 952
288 418
288 155
463 247
463 681
463 210
463 802
463 29
253 785
253 369
253 732
253 943
505 545
505 350
505 559
652 141
652 243
652 351
652 607
652 56
407 610
407 182
407 936
407 742
428 434
428 405
428 145
428 158
428 186
622 962
622 533
622 395
622 850
622 37
214 779
214 440
214 831
214 89
214 863
662 970
662 316
662 941
662 447
662 100
173 87
173 733
173 977
173 413
661 280
661 286
661 525
661 282
244 106
244 352
244 851
244 370
244 308
401 188
401 911
401 439
401 226
401 445
525 521
525 118
525 875
525 270
447 297
447 946
447 327
447 894
447 825
492 711
492 196
492 439
492 499
492 227
438 539
438 485
438 651
438 812
438 23
314 833
314 513
314 49
314 486
314 316
451 822
451 688
451 677
451 303
451 166
451 949
611 702
611 843
611 351
611 651
260 388
260 348
260 327
260 498
229 527
229 95
229 523
431 399
431 573
431 265
431 372
431 255
471 594
471 806
471 654
471 549
144 497
144 339
144 42
144 375
144 14
477 640
477 386
477 803
477 36
477 77
928 677
928 208
928 898
928 259
928 29
742 689
742 638
742 546
742 453
742 17
939 564
939 356
939 818
24 618
24 231
24 210
24 397
24 609
24 751
659 895
659 613
659 129
659 422
659 676
908 875
908 336
908 741
592 596
592 200
592 73
592 111
592 673
851 26
851 480
851 900
709 695
709 688
709 443
709 992
608 902
608 43
608 466
608 327
608 825
608 332
462 523
462 368
462 810
462 385
462 461
741 84
741 739
741 936
741 360
821 362
821 809
821 965
821 172
218 803
218 687
218 740
218 757
218 526
218 940
789 838
789 117
789 750
112 630
112 290
112 158
112 673
112 262
112 70
628 637
628 177
628 645
628 400
235 566
235 387
235 860
209 574
209 724
209 982
826 817
826 932
826 964
826 73
845 77
845 763
845 200
887 528
887 589
902 758
902 825
902 43
902 957
409 905
409 536
409 126
409 433
400 177
400 645
400 526
653 879
653 232
653 916
653 485
982 824
306 111
306 761
758 95
758 771
758 420
39 891
39 567
39 159
39 764
170 91
170 935
170 727
605 727
605 963
605 356
605 138
605 13
150 513
150 788
150 572
150 539
150 104
776 935
776 764
776 593
23 168
23 657
23 289
406 254
406 629
406 332
406 337
406 693
43 771
43 825
384 184
384 775
384 322
818 292
818 163
818 108
223 496
223 265
223 233
223 432
223 320
351 318
351 277
351 683
74 907
74 486
74 219
74 763
74 83
74 430
637 265
736 94
736 230
736 267
836 875
836 185
836 252
836 978
395 37
395 141
543 645
543 979
543 7
543 610
312 932
312 749
312 393
312 812
312 494
726 9
726 643
726 478
187 850
187 996
187 118
187 678
285 297
285 429
285 410
51 810
51 482
51 16
51 176
51 343
506 759
506 220
506 904
506 120
639 145
639 394
639 649
639 215
639 905
671 604
671 645
671 240
671 702
397 877
397 609
769 426
769 330
769 582
769 755
831 171
831 232
831 332
138 151
138 335
138 807
138 287
138 899
249 421
249 577
249 135
408 473
408 430
408 361
408 166
66 165
66 291
66 410
66 722
66 196
666 842
666 375
666 42
666 458
666 183
666 210
386 36
386 188
386 842
386 740
386 319
379 236
379 910
379 171
379 869
720 735
720 412
720 87
720 544
720 243
141 292
141 399
141 555
141 474
848 370
848 226
848 797
848 280
139 617
139 46
139 752
139 641
329 974
329 429
329 649
433 126
433 439
433 259
547 578
547 217
547 14
547 146
695 283
695 557
695 728
695 166
95 981
95 53
817 932
817 335
151 432
151 728
151 258
151 67
151 427
303 809
303 898
303 638
303 436
303 350
226 415
226 788
226 711
254 108
254 629
254 594
254 183
254 718
196 227
196 13
491 688
491 135
491 755
491 120
491 700
162 427
162 67
162 615
727 60
61 287
61 158
61 258
61 315
940 802
940 687
940 803
18 480
18 189
18 814
978 929
978 898
978 161
978 470
630 544
630 730
630 158
868 874
868 621
868 743
868 445
638 678
638 280
638 350
638 4
49 773
49 316
148 442
148 488
148 722
148 631
148 956
626 812
626 185
626 367
626 110
71 305
71 713
71 425
71 211
581 197
581 617
581 521
581 855
751 598
751 993
751 970
751 923
177 682
177 526
177 330
177 965
657 310
657 289
657 615
657 168
970 394
970 598
970 297
970 570
871 651
871 904
871 616
871 175
871 294
871 527
930 920
930 152
930 356
930 584
930 256
52 853
52 541
52 589
107 96
107 640
107 879
107 486
107 762
683 987
683 318
683 93
683 277
153 271
153 295
153 413
153 211
755 582
755 426
755 330
119 26
119 853
119 208
119 964
119 503
936 502
936 270
79 530
79 981
79 220
79 31
441 954
441 498
441 663
852 237
852 684
852 948
852 54
852 899
183 748
183 448
678 584
678 350
549 654
549 542
549 259
549 921
549 697
735 412
735 473
735 243
664 478
664 54
664 537
664 391
664 931
623 910
623 19
623 474
623 89
623 55
684 228
684 84
684 883
684 545
208 768
208 972
208 842
442 949
442 956
442 775
442 541
442 9
496 874
496 320
496 971
496 233
496 60
339 991
339 266
339 98
516 195
516 263
516 907
516 213
733 204
733 589
142 713
142 738
142 627
762 96
762 110
762 612
762 536
215 943
215 779
215 87
215 476
337 185
337 594
337 174
768 307
768 545
768 957
768 952
122 923
122 921
122 646
122 613
258 340
83 763
83 539
83 943
712 186
712 556
712 305
712 272
712 676
123 893
123 15
123 126
123 494
292 895
292 615
297 19
942 972
942 703
942 654
942 319
470 752
470 317
483 166
483 893
483 322
483 498
169 830
169 564
169 625
169 807
956 631
956 802
956 488
680 618
680 231
680 552
680 584
680 53
987 318
987 256
987 212
625 759
625 9
625 974
267 642
267 230
267 19
131 469
131 403
131 430
131 858
335 621
335 332
523 834
523 722
523 325
523 296
73 111
73 200
423 520
423 207
423 739
423 690
423 860
752 920
752 903
280 247
280 472
280 370
364 781
364 512
364 282
702 750
702 527
702 172
702 591
874 504
874 743
874 835
636 825
636 362
636 343
636 268
636 411
521 205
521 855
521 785
771 923
771 531
771 905
654 436
654 703
654 882
806 779
806 326
806 519
19 268
19 707
295 271
295 279
295 537
900 204
900 823
900 763
117 838
117 203
117 800
117 889
117 369
687 627
687 911
687 803
372 528
372 487
372 265
372 309
257 823
257 453
257 889
257 4
257 469
352 572
75 204
75 354
75 440
916 963
916 550
910 682
910 308
676 422
676 613
676 962
830 435
830 113
830 274
502 454
502 827
502 573
533 65
533 298
533 417
533 894
781 971
781 616
781 731
781 839
482 159
482 207
482 176
964 649
964 236
8 277
8 37
8 381
8 29
367 899
367 812
367 544
367 979
834 94
834 931
834 191
834 785
338 901
338 582
338 889
338 417
338 96
137 790
137 663
137 572
35 210
35 360
35 171
35 947
35 393
360 84
360 417
309 487
309 528
309 474
309 265
749 91
749 387
749 234
514 894
514 663
514 954
514 500
889 246
461 979
461 7
559 416
559 875
559 642
631 488
811 541
811 894
811 368
811 104
995 770
995 797
995 815
557 815
26 418
26 480
590 556
590 679
590 857
590 532
590 838
590 67
618 231
356 899
690 612
690 512
690 22
690 954
788 146
788 336
788 439
788 513
544 205
996 542
996 54
472 394
472 403
645 877
89 315
89 863
89 643
452 965
452 274
808 14
808 800
770 274
770 802
770 307
770 348
503 722
503 427
503 336
503 325
981 941
4 949
4 405
4 604
530 389
530 883
530 855
681 129
681 149
681 815
527 388
527 591
890 228
890 203
827 450
827 485
827 946
748 427
388 822
388 717
388 591
534 175
534 94
534 974
844 316
844 550
844 875
891 707
891 813
891 189
178 108
178 129
178 546
992 252
992 443
992 161
220 120
220 897
266 98
266 991
391 993
391 870
64 411
64 707
64 405
64 191
256 286
677 158
427 36
591 857
861 767
931 219
931 715
931 55
296 670
296 572
296 573
296 290
535 750
535 688
535 100
304 578
304 445
304 101
304 490
304 293
394 700
375 321
375 42
271 974
271 542
271 454
362 512
362 278
362 810
795 410
795 552
795 847
750 757
203 800
305 596
305 574
305 935
305 317
176 172
176 331
176 159
101 67
101 46
101 578
550 172
14 824
785 935
785 895
120 520
120 963
574 724
574 706
574 854
263 369
263 113
291 722
291 5
541 325
598 993
598 732
598 869
126 15
126 416
882 642
882 519
920 731
619 272
619 743
619 689
619 551
332 87
885 977
885 22
885 319
885 728
885 36
971 417
971 60
504 143
504 336
319 163
319 268
319 761
904 224
904 453
341 385
341 466
341 650
341 45
663 458
663 146
663 894
426 582
426 330
255 980
255 634
255 693
255 854
980 634
980 224
980 283
613 422
613 923
350 270
350 810
898 612
621 499
621 85
480 230
45 650
45 466
330 582
135 421
416 293
416 465
416 436
814 896
814 182
814 91
596 282
596 167
430 911
224 283
224 773
224 16
165 529
165 896
318 277
318 31
318 566
693 899
693 728
693 629
991 567
991 310
991 98
348 454
348 651
348 17
200 111
200 977
90 711
90 146
191 54
191 389
191 759
232 284
232 952
434 262
434 700
233 320
233 60
233 439
325 578
763 823
422 298
422 895
875 823
185 252
185 274
513 519
513 286
231 485
231 460
629 152
670 500
670 159
707 740
302 497
302 612
302 94
689 627
689 110
327 85
327 946
230 642
219 552
219 361
219 863
219 55
286 724
381 37
381 731
454 529
252 443
91 589
91 105
643 425
643 315
843 570
843 213
843 948
282 308
954 411
954 813
935 679
935 317
893 166
188 773
154 797
154 738
154 465
154 54
449 594
449 532
449 901
174 25
174 443
969 450
969 326
969 284
969 822
106 764
197 833
823 16
823 691
67 572
67 679
293 355
293 445
293 109
293 531
697 152
697 247
610 578
105 326
105 948
16 404
425 595
425 609
425 713
118 429
104 668
487 946
487 265
56 175
274 943
994 864
994 211
994 649
994 972
529 315
529 877
529 100
290 853
290 186
290 563
731 570
937 842
937 551
937 947
85 580
167 738
458 894
458 279
957 566
979 7
979 387
813 205
824 331
824 270
96 833
840 31
840 648
840 609
921 901
635 29
635 551
635 919
952 320
246 728
410 706
497 404
911 691
234 833
234 715
277 515
972 563
972 842
673 835
642 515
317 453
715 612
715 7
715 155
532 146
532 404
532 838
807 724
210 29
145 399
732 869
732 556
732 542
593 993
593 488
465 738
354 284
331 564
331 520
691 812
418 17
418 411
418 627
436 703
326 450
469 863
469 526
718 907
718 594
993 963
909 858
909 7
211 236
211 237
211 730
896 247
682 429
682 308
435 322
435 580
869 155
640 389
640 227
149 420
822 832
812 110
22 646
520 739
399 555
399 287
399 594
460 777
109 929
109 531
109 919
368 279
595 7
595 767
790 448
648 919
648 542
648 9
54 15
217 227
473 948
473 545
616 60
746 228
746 116
213 767
213 668
775 184
775 228
767 706
767 336
667 641
667 110
667 777
466 212
466 650
847 163
847 634
847 94
773 829
615 175
617 453
545 833
36 803
55 948
55 474
634 780
634 440
634 31
25 237
161 448
161 195
161 573
777 70
777 832
310 801
708 962
46 182
158 405
946 485
946 450
283 321
320 60
801 432
801 779
439 555
98 730
542 322
512 172
706 315
842 474
113 29
612 779
838 278
403 854
713 355
990 929
990 15
42 743
421 577
941 201
941 240
272 551
385 186
883 556
168 289
186 556
531 929
646 5
668 977
903 478
110 764
321 5
94 417
739 1
116 1
201 31
201 855
361 552
212 180
500 744
268 70
268 93
780 854
780 440
717 698
717 551
93 236
278 413
287 498
641 577
15 947
498 572
797 810
854 65
