0 1
0 998
0 997
0 5
0 6
0 994
0 993
0 8
0 992
0 991
0 10
0 990
0 454
0 583
0 136
0 581
0 130
0 892
0 863
0 903
0 917
0 263
0 742
0 542
0 599
1 3
1 999
1 4
1 5
1 6
1 7
1 993
1 992
1 11
1 294
1 46
1 154
1 554
1 128
1 649
1 171
2 3
2 6
2 998
2 997
2 996
2 9
2 10
2 12
2 563
2 378
2 606
2 842
2 701
2 887
2 17
2 928
2 309
3 6
3 7
3 999
3 998
3 9
3 10
3 996
3 11
3 995
3 13
3 659
3 198
3 862
3 337
3 262
3 378
3 619
3 486
3 574
4 6
4 7
4 8
4 9
4 999
4 998
4 11
4 996
4 13
4 995
4 994
4 354
4 660
4 426
4 45
4 680
4 610
5 7
5 8
5 9
5 10
5 11
5 12
5 998
5 13
5 996
5 373
5 512
5 218
5 845
6 7
6 8
6 10
6 11
6 12
6 999
6 998
6 15
6 997
6 16
6 996
6 525
6 347
6 590
6 718
6 145
6 255
6 129
6 546
6 905
6 809
6 218
7 10
7 11
7 13
7 14
7 15
7 999
7 16
7 998
7 17
7 997
7 746
7 234
7 739
7 672
7 394
7 720
8 11
8 13
8 16
8 999
8 18
8 998
8 772
8 410
8 777
8 700
8 969
8 292
8 224
8 133
8 696
8 307
8 780
8 562
9 10
9 14
9 999
9 335
9 584
9 137
9 167
9 591
9 651
9 601
9 380
9 893
9 959
9 352
9 602
9 319
9 729
10 11
10 16
10 18
10 20
10 649
10 479
10 242
10 521
10 45
10 338
11 12
11 16
11 17
11 19
11 581
11 569
11 388
11 254
11 394
11 540
11 232
11 347
11 209
12 16
12 17
12 19
12 20
12 22
12 292
12 323
12 77
12 763
12 410
12 942
12 682
12 581
12 828
12 377
12 94
13 15
13 18
13 20
13 22
13 35
13 502
13 712
13 88
13 489
13 327
13 786
13 919
13 311
13 725
14 15
14 18
14 21
14 22
14 23
14 410
14 756
14 78
14 287
14 700
14 699
14 982
14 318
15 17
15 19
15 20
15 22
15 23
15 24
15 25
15 322
15 516
15 480
15 597
15 702
15 934
15 200
16 17
16 18
16 19
16 20
16 22
16 23
16 25
16 26
16 759
16 390
16 992
16 125
16 761
16 507
17 18
17 19
17 20
17 22
17 26
17 27
17 642
17 507
17 754
18 19
18 21
18 22
18 23
18 24
18 27
18 525
18 434
18 988
18 951
18 515
18 633
18 952
18 835
18 30
19 20
19 22
19 25
19 27
19 28
19 29
19 270
19 661
19 494
19 663
19 613
19 409
19 496
19 346
19 467
20 22
20 24
20 26
20 30
20 39
20 408
20 78
20 582
20 471
20 970
20 849
20 267
20 151
21 22
21 23
21 29
21 912
21 805
21 595
21 953
21 500
21 312
21 773
21 174
21 699
21 817
21 825
22 23
22 24
22 25
22 26
22 28
22 30
22 31
22 32
22 767
22 658
23 25
23 27
23 29
23 30
23 31
23 33
23 675
23 639
23 894
23 471
23 543
23 216
24 25
24 26
24 28
24 30
24 31
24 32
24 34
24 51
24 476
24 950
24 427
24 772
25 30
25 31
25 32
25 33
25 34
25 35
25 256
25 691
25 406
25 416
25 959
25 810
25 339
25 332
25 553
26 27
26 28
26 31
26 32
26 34
26 36
26 87
26 607
26 776
26 497
26 297
26 751
26 130
26 45
26 953
26 84
27 28
27 35
27 37
27 328
27 826
27 84
27 610
27 342
27 97
27 361
27 157
27 537
27 839
27 547
27 583
27 803
27 267
27 68
27 223
27 443
28 31
28 32
28 38
28 943
28 96
28 56
28 956
28 262
28 214
28 341
28 673
29 33
29 36
29 38
29 757
29 368
29 646
29 251
29 180
29 309
29 260
29 241
29 258
29 955
29 679
29 719
29 941
29 92
30 31
30 32
30 33
30 36
30 38
30 39
30 40
30 271
30 873
30 661
30 720
30 611
31 32
31 33
31 35
31 36
31 37
31 38
31 39
31 40
31 41
31 981
31 107
31 628
31 295
32 33
32 34
32 35
32 36
32 37
32 38
32 39
32 41
32 42
32 199
32 417
33 34
33 35
33 36
33 37
33 40
33 41
33 43
33 115
33 415
33 197
33 589
33 453
33 686
33 226
33 789
33 891
34 35
34 36
34 38
34 41
34 43
34 44
34 247
34 132
34 331
34 741
34 90
34 393
34 774
35 37
35 38
35 39
35 40
35 41
35 856
35 721
35 536
35 324
35 569
35 678
35 861
35 744
35 482
35 545
35 245
36 37
36 41
36 42
36 44
36 747
36 320
36 483
36 812
36 987
36 227
36 119
36 606
36 629
36 981
37 40
37 41
37 44
37 45
37 46
37 47
37 454
37 545
37 400
37 415
37 309
37 687
37 66
37 249
38 39
38 40
38 41
38 42
38 43
38 44
38 45
38 47
38 48
38 280
38 485
39 40
39 41
39 42
39 45
39 46
39 47
39 49
39 723
39 526
39 75
39 827
39 816
39 242
39 343
39 825
39 244
39 711
40 41
40 44
40 46
40 47
40 48
40 49
40 50
40 980
40 814
40 447
40 108
40 917
40 739
40 92
40 768
41 42
41 43
41 44
41 45
41 46
41 47
41 49
41 50
41 51
41 698
41 492
41 475
41 321
42 43
42 44
42 48
42 50
42 51
42 52
42 989
42 249
42 156
42 259
42 926
42 82
42 277
43 44
43 46
43 48
43 49
43 51
43 53
43 643
43 970
43 94
43 853
43 108
43 371
44 46
44 49
44 52
44 53
44 54
44 199
44 895
44 773
44 817
44 839
44 617
44 549
44 85
44 867
44 514
45 46
45 47
45 48
45 51
45 53
45 55
45 133
45 217
45 700
45 572
45 877
45 283
46 48
46 49
46 50
46 51
46 55
46 56
46 441
46 487
46 996
46 181
46 753
46 251
46 481
47 49
47 50
47 51
47 53
47 54
47 55
47 56
47 57
47 365
47 738
47 317
47 181
48 49
48 50
48 52
48 53
48 54
48 55
48 58
48 471
48 481
48 336
48 650
48 697
48 755
48 976
48 505
49 50
49 51
49 54
49 58
49 925
49 820
49 977
49 828
49 739
49 855
49 279
49 150
49 315
50 52
50 54
50 55
50 56
50 58
50 558
50 629
50 984
50 647
50 986
50 540
50 320
50 106
50 144
50 905
50 397
50 141
50 185
50 783
51 53
51 55
51 57
51 58
51 59
51 61
51 242
51 754
51 261
51 628
51 155
51 899
51 727
51 426
51 939
51 169
52 53
52 54
52 55
52 59
52 60
52 62
52 846
52 961
52 117
52 98
52 378
52 357
52 527
52 109
52 823
52 776
53 54
53 55
53 58
53 59
53 60
53 62
53 63
53 244
53 65
53 429
53 373
53 693
53 743
54 57
54 59
54 61
54 800
54 770
54 425
54 150
54 339
54 882
54 706
54 869
54 932
54 520
54 168
54 626
54 314
55 56
55 60
55 61
55 63
55 64
55 180
55 235
55 971
55 898
55 986
55 648
55 567
55 303
56 58
56 59
56 64
56 65
56 66
56 186
56 372
56 548
56 277
56 745
56 900
56 391
56 544
56 915
57 58
57 61
57 63
57 67
57 864
57 591
57 752
57 137
57 207
57 812
57 714
57 733
57 209
57 766
58 61
58 62
58 64
58 65
58 67
58 755
58 988
58 921
58 633
58 106
58 234
58 736
58 97
59 60
59 61
59 62
59 63
59 65
59 66
59 68
59 69
59 179
59 369
59 72
59 858
59 105
59 156
60 61
60 62
60 64
60 65
60 67
60 69
60 70
60 480
60 215
60 332
60 451
60 734
60 851
60 564
60 544
60 745
60 406
61 64
61 66
61 68
61 554
61 902
61 119
61 624
61 566
61 845
61 415
61 259
61 761
61 464
61 825
62 63
62 65
62 70
62 72
62 908
62 142
62 513
62 937
62 441
62 550
63 64
63 67
63 68
63 70
63 873
63 692
63 375
63 702
63 977
63 242
63 427
63 896
63 209
64 65
64 67
64 68
64 71
64 72
64 73
64 74
64 969
64 359
64 284
64 581
64 112
64 165
65 66
65 67
65 69
65 73
65 995
65 482
65 583
65 767
65 649
65 404
65 373
65 821
65 360
66 67
66 69
66 73
66 74
66 75
66 668
66 753
66 727
66 411
66 384
66 116
66 152
66 307
66 364
66 793
66 608
66 434
67 68
67 69
67 70
67 71
67 73
67 75
67 76
67 77
67 459
67 240
67 160
67 858
67 194
68 69
68 75
68 76
68 77
68 261
68 253
68 523
68 883
68 995
68 834
68 775
68 955
68 797
69 70
69 72
69 75
69 78
69 79
69 774
69 258
69 991
69 812
69 913
69 925
69 543
70 71
70 73
70 74
70 75
70 76
70 77
70 80
70 318
70 751
70 255
70 226
70 499
70 365
70 757
70 317
71 72
71 73
71 76
71 78
71 81
71 286
71 602
71 449
71 959
71 443
71 890
71 265
72 73
72 74
72 75
72 76
72 77
72 79
72 80
72 81
72 82
72 699
72 590
72 817
72 553
73 75
73 76
73 78
73 79
73 81
73 82
73 83
73 235
73 389
73 124
73 869
74 75
74 76
74 77
74 78
74 79
74 83
74 84
74 550
74 947
74 786
74 126
74 354
74 451
74 331
74 189
74 603
74 844
75 76
75 78
75 80
75 81
75 84
75 85
75 206
75 207
75 359
75 181
75 248
75 881
75 350
75 339
75 636
76 78
76 79
76 80
76 81
76 82
76 85
76 625
76 285
76 474
76 264
76 975
76 379
76 83
76 133
76 241
76 657
76 716
77 80
77 81
77 83
77 84
77 85
77 87
77 534
77 730
77 845
77 566
77 202
78 80
78 81
78 85
78 87
78 88
78 164
78 138
78 473
78 364
78 638
78 601
78 543
78 914
79 80
79 81
79 82
79 88
79 526
79 98
79 266
79 377
79 425
79 580
79 453
79 646
80 81
80 82
80 83
80 84
80 87
80 88
80 868
80 632
80 789
80 341
80 962
80 995
80 262
80 329
80 732
80 907
80 476
80 184
80 485
81 82
81 83
81 84
81 86
81 90
81 848
81 997
81 675
81 211
81 230
81 117
81 763
82 85
82 87
82 88
82 90
82 91
82 507
82 312
82 847
82 724
82 406
82 761
82 964
82 475
83 84
83 86
83 88
83 89
83 90
83 91
83 386
83 983
83 465
83 730
83 762
84 86
84 89
84 92
84 94
84 449
84 660
84 771
84 441
84 934
84 835
84 826
84 955
84 542
85 91
85 93
85 918
85 696
85 704
85 189
85 253
85 222
85 337
85 762
85 358
85 737
85 942
85 528
86 87
86 88
86 89
86 92
86 96
86 578
86 987
86 691
86 842
86 953
86 977
86 103
86 377
86 595
87 89
87 90
87 94
87 95
87 96
87 742
87 810
87 187
87 215
87 753
87 98
87 443
87 971
88 89
88 93
88 97
88 98
88 404
88 784
88 878
88 280
88 699
88 635
88 329
88 433
88 612
88 90
89 91
89 94
89 96
89 97
89 98
89 99
89 419
89 669
89 113
89 148
89 641
89 646
89 984
90 91
90 94
90 95
90 96
90 97
90 100
90 508
90 816
90 675
90 229
90 361
90 732
90 559
90 127
90 417
90 830
91 93
91 95
91 97
91 98
91 203
91 137
91 178
91 426
91 487
91 920
91 870
91 964
91 381
91 913
92 94
92 96
92 99
92 100
92 334
92 272
92 833
92 290
92 615
92 896
92 621
92 523
93 94
93 96
93 98
93 99
93 101
93 102
93 852
93 413
93 289
93 316
93 714
93 345
93 468
94 95
94 96
94 98
94 100
94 101
94 611
94 875
94 553
94 753
94 199
94 614
94 546
95 96
95 97
95 101
95 102
95 103
95 105
95 276
95 632
95 629
95 969
95 711
95 194
95 120
95 552
95 292
96 97
96 99
96 100
96 102
96 103
96 105
96 527
96 660
96 890
96 652
96 643
96 408
96 348
96 356
97 100
97 101
97 103
97 104
97 105
97 106
97 107
97 308
97 230
97 424
97 595
97 253
97 135
97 749
98 99
98 100
98 101
98 108
98 914
98 553
98 554
98 312
98 774
98 715
98 825
99 101
99 102
99 104
99 105
99 327
99 362
99 192
99 194
99 316
99 539
99 567
99 165
99 830
99 448
99 569
99 506
99 835
99 496
99 828
100 101
100 104
100 105
100 106
100 109
100 140
100 286
100 193
100 824
100 703
100 488
100 432
100 778
100 379
101 102
101 103
101 104
101 106
101 107
101 108
101 109
101 110
101 111
101 762
101 493
101 201
101 888
102 103
102 106
102 108
102 109
102 110
102 112
102 795
102 687
102 412
102 807
102 475
102 331
102 627
102 698
102 894
103 106
103 107
103 109
103 110
103 408
103 921
103 125
103 163
103 964
103 295
104 105
104 106
104 107
104 108
104 109
104 112
104 899
104 504
104 141
104 953
104 436
104 452
104 629
105 107
105 108
105 109
105 110
105 111
105 112
105 115
105 594
105 577
105 547
105 888
106 108
106 109
106 110
106 112
106 113
106 114
106 115
106 116
106 327
106 485
106 445
106 565
106 661
106 703
106 258
106 713
106 798
107 108
107 114
107 115
107 450
107 251
107 962
107 302
107 316
107 755
107 242
107 434
107 162
108 110
108 113
108 115
108 116
108 117
108 697
108 937
108 739
108 295
108 877
108 735
108 942
108 535
109 111
109 114
109 116
109 118
109 119
109 573
109 146
109 999
109 324
109 332
109 860
109 617
110 112
110 115
110 117
110 118
110 119
110 120
110 721
110 443
110 206
110 201
110 200
110 593
110 964
110 630
111 113
111 115
111 116
111 118
111 119
111 120
111 121
111 156
111 550
111 159
111 671
111 425
111 801
112 113
112 114
112 115
112 116
112 118
112 119
112 120
112 121
112 122
112 454
112 539
113 116
113 117
113 119
113 120
113 121
113 123
113 583
113 746
113 942
113 296
113 992
113 979
113 216
114 115
114 116
114 118
114 120
114 123
114 868
114 530
114 388
114 625
114 451
114 287
114 713
114 372
114 423
115 117
115 121
115 122
115 123
115 995
115 581
115 747
115 234
115 766
115 468
116 120
116 281
116 793
116 708
116 660
116 410
116 493
116 772
116 691
116 437
116 984
116 436
116 692
117 121
117 123
117 124
117 125
117 126
117 424
117 675
117 725
117 557
117 562
117 573
117 915
117 877
117 289
118 119
118 121
118 122
118 124
118 125
118 760
118 458
118 438
118 136
118 177
118 584
118 658
118 146
119 120
119 121
119 123
119 125
119 127
119 129
119 821
119 429
119 166
119 470
119 992
119 270
119 485
120 123
120 124
120 125
120 127
120 128
120 799
120 854
120 229
120 511
120 650
121 122
121 123
121 125
121 127
121 128
121 129
121 712
121 758
121 142
121 390
121 356
121 188
121 653
122 124
122 125
122 126
122 127
122 128
122 129
122 132
122 648
122 657
122 315
122 248
122 967
122 777
122 547
122 769
123 124
123 127
123 129
123 130
123 133
123 420
123 441
123 928
123 641
123 890
123 327
123 341
123 915
123 616
123 138
124 125
124 126
124 129
124 131
124 133
124 134
124 890
124 603
124 729
124 801
124 262
124 694
124 635
125 126
125 132
125 133
125 141
125 319
125 829
125 363
125 526
125 413
125 615
125 883
126 127
126 129
126 130
126 131
126 132
126 134
126 135
126 668
126 562
126 643
126 877
126 440
126 161
127 129
127 132
127 133
127 135
127 506
127 991
127 323
127 700
127 199
127 971
127 162
127 569
128 130
128 131
128 132
128 133
128 136
128 137
128 138
128 146
128 774
128 162
128 200
128 963
128 498
128 840
128 988
129 130
129 132
129 134
129 137
129 138
129 139
129 427
129 542
129 594
129 227
129 261
129 181
129 722
130 133
130 134
130 138
130 139
130 140
130 687
130 421
130 891
130 164
130 417
130 892
130 414
130 215
130 774
131 134
131 135
131 136
131 137
131 139
131 507
131 841
131 995
131 865
131 858
131 874
131 386
131 492
131 508
131 603
132 133
132 134
132 138
132 139
132 140
132 683
132 698
132 923
132 598
132 144
132 571
132 836
132 857
132 743
132 249
133 135
133 137
133 138
133 139
133 140
133 421
133 513
133 252
133 372
133 398
133 926
133 339
134 136
134 137
134 138
134 139
134 140
134 142
134 143
134 185
134 279
134 312
134 977
134 258
134 751
134 492
135 136
135 137
135 138
135 139
135 140
135 142
135 144
135 145
135 350
135 470
135 190
135 326
135 702
136 137
136 138
136 139
136 140
136 141
136 142
136 144
136 145
136 866
136 607
136 721
136 725
136 823
136 927
137 138
137 140
137 143
137 144
137 145
137 146
137 443
137 205
137 700
137 793
137 421
138 139
138 141
138 142
138 143
138 146
138 147
138 185
138 604
138 252
138 195
138 629
138 786
138 361
138 936
138 390
139 141
139 145
139 146
139 149
139 402
139 320
139 173
139 760
139 448
139 164
139 414
140 142
140 144
140 145
140 146
140 147
140 150
140 473
140 307
140 799
140 275
140 557
140 750
140 218
140 289
140 828
140 910
140 854
141 143
141 144
141 147
141 149
141 150
141 653
141 182
141 837
141 939
141 319
141 501
141 885
141 222
141 846
142 143
142 144
142 145
142 147
142 148
142 150
142 418
142 189
142 157
142 391
142 284
142 588
143 144
143 145
143 146
143 147
143 148
143 149
143 153
143 880
143 250
143 666
143 162
143 471
143 821
143 465
144 146
144 150
144 659
144 430
144 403
144 407
144 461
144 914
144 303
144 558
145 147
145 149
145 151
145 152
145 153
145 154
145 155
145 797
145 518
145 378
145 367
145 303
145 416
145 491
146 147
146 148
146 149
146 150
146 151
146 152
146 153
146 154
146 453
146 831
146 207
146 423
147 148
147 149
147 151
147 153
147 154
147 571
147 936
147 454
147 569
147 322
147 262
147 172
147 317
147 182
147 777
147 237
147 256
148 149
148 152
148 153
148 155
148 156
148 328
148 846
148 501
148 886
148 947
148 447
148 577
148 784
148 967
149 152
149 153
149 154
149 155
149 220
149 811
149 998
149 520
149 150
149 743
149 986
149 603
149 156
150 151
150 157
150 159
150 759
150 599
150 812
150 663
150 630
150 378
151 153
151 154
151 155
151 156
151 157
151 159
151 160
151 258
151 745
151 942
151 522
151 847
151 968
151 384
152 153
152 155
152 156
152 158
152 161
152 162
152 164
152 730
152 208
152 818
152 629
152 602
152 897
152 461
153 154
153 155
153 156
153 157
153 158
153 159
153 160
153 163
153 622
153 612
153 179
154 155
154 157
154 158
154 161
154 162
154 163
154 164
154 765
154 622
154 367
154 427
154 189
154 551
155 156
155 158
155 162
155 163
155 164
155 165
155 558
155 409
155 883
155 869
155 748
155 252
156 157
156 159
156 160
156 161
156 162
156 164
156 165
156 607
156 283
156 373
156 585
156 163
156 739
156 755
156 892
157 158
157 159
157 161
157 165
157 166
157 448
157 943
157 611
157 310
157 214
157 239
157 655
157 160
158 159
158 162
158 163
158 164
158 166
158 167
158 168
158 907
158 661
158 507
158 522
158 321
158 700
158 888
158 232
159 161
159 162
159 163
159 165
159 167
159 168
159 550
159 383
159 298
159 494
159 444
160 161
160 164
160 169
160 170
160 643
160 492
160 227
160 201
160 352
160 823
160 562
161 162
161 164
161 165
161 166
161 168
161 170
161 532
161 257
161 447
161 637
161 736
161 894
161 465
161 521
161 529
161 499
162 163
162 164
162 167
162 170
162 172
162 352
162 697
162 961
162 469
162 284
162 366
162 586
162 350
162 726
163 164
163 165
163 167
163 168
163 169
163 171
163 172
163 173
163 612
163 195
163 821
164 165
164 168
164 169
164 170
164 171
164 172
164 173
164 174
164 307
164 647
164 177
164 857
164 555
164 840
164 664
165 167
165 168
165 172
165 173
165 175
165 820
165 209
165 193
165 693
165 788
166 168
166 169
166 172
166 173
166 174
166 176
166 859
166 760
166 820
166 765
166 978
166 907
166 445
166 614
167 169
167 173
167 174
167 175
167 176
167 177
167 626
167 315
167 323
168 172
168 174
168 175
168 177
168 340
168 195
168 300
168 806
168 785
168 188
168 294
168 961
168 367
168 775
169 171
169 172
169 175
169 176
169 177
169 342
169 448
169 727
169 634
169 920
169 856
169 619
169 632
169 826
169 950
170 172
170 173
170 175
170 178
170 519
170 307
170 974
170 937
170 998
170 795
170 275
170 977
171 172
171 173
171 175
171 176
171 177
171 178
171 499
171 204
171 900
171 778
171 962
171 723
171 285
171 773
172 173
172 174
172 175
172 177
172 179
172 180
172 181
172 625
172 320
172 381
172 302
173 174
173 175
173 176
173 177
173 179
173 180
173 183
173 216
173 569
173 711
173 406
173 655
173 464
173 737
173 253
174 177
174 178
174 180
174 182
174 183
174 502
174 488
174 826
174 307
174 530
174 516
174 670
174 383
174 411
175 176
175 177
175 181
175 182
175 184
175 185
175 972
175 388
175 357
175 750
175 251
175 772
175 703
175 203
176 178
176 179
176 181
176 184
176 185
176 186
176 455
176 381
176 329
176 290
176 682
176 570
176 724
176 444
176 647
176 316
177 178
177 179
177 181
177 184
177 186
177 187
177 553
177 755
177 759
177 442
177 850
178 179
178 180
178 181
178 182
178 183
178 186
178 187
178 188
178 313
178 531
178 379
178 228
178 542
178 838
178 598
179 183
179 184
179 185
179 187
179 188
179 249
179 395
179 824
179 879
179 502
179 237
179 638
179 181
180 182
180 186
180 187
180 370
180 488
180 436
180 645
180 702
180 495
181 182
181 184
181 190
181 191
181 750
181 805
181 480
181 969
181 438
181 680
181 751
181 409
181 586
182 183
182 184
182 191
182 192
182 472
182 656
182 781
182 621
182 736
182 984
182 485
182 647
182 742
182 451
182 279
182 299
183 186
183 187
183 191
183 193
183 827
183 260
183 691
183 837
183 213
183 708
183 369
183 993
183 476
183 980
184 185
184 188
184 189
184 191
184 192
184 194
184 462
184 672
184 978
184 829
184 897
184 952
184 308
185 188
185 190
185 191
185 192
185 365
185 576
185 349
185 394
185 961
185 537
185 919
185 201
186 188
186 189
186 190
186 192
186 193
186 194
186 195
186 196
186 233
186 441
186 468
186 970
186 314
187 189
187 190
187 192
187 193
187 194
187 196
187 197
187 761
187 555
187 830
187 273
187 842
187 276
188 189
188 191
188 196
188 197
188 983
188 958
188 300
188 363
188 820
188 640
188 380
188 364
189 192
189 193
189 195
189 196
189 197
189 287
189 438
189 616
189 556
189 740
189 475
190 191
190 193
190 198
190 200
190 444
190 703
190 892
190 743
190 507
190 711
190 992
190 275
190 997
190 677
190 906
190 296
191 193
191 194
191 195
191 197
191 198
191 199
191 200
191 574
191 475
191 838
191 980
191 641
191 938
191 815
191 601
192 194
192 196
192 197
192 200
192 256
192 287
192 735
192 476
192 210
192 866
192 811
193 196
193 199
193 202
193 203
193 955
193 487
193 294
193 804
193 711
193 784
193 240
193 541
194 195
194 196
194 197
194 199
194 200
194 204
194 497
194 588
194 689
194 501
194 607
195 196
195 197
195 198
195 201
195 203
195 204
195 324
195 582
195 212
195 483
195 343
195 209
195 578
195 980
196 197
196 198
196 199
196 201
196 203
196 204
196 206
196 638
196 256
196 943
196 925
196 517
196 875
197 198
197 200
197 201
197 203
197 204
197 205
197 206
197 547
197 452
197 541
197 734
197 399
197 444
198 200
198 201
198 202
198 203
198 206
198 207
198 475
198 956
198 303
198 667
198 270
198 774
199 200
199 201
199 202
199 207
199 209
199 941
199 527
199 601
199 560
199 219
199 374
199 416
199 616
200 201
200 202
200 209
200 945
200 549
200 612
200 631
200 946
200 212
200 324
201 205
201 206
201 383
201 809
201 323
201 468
201 460
201 668
201 943
201 521
201 706
201 256
202 204
202 207
202 208
202 211
202 212
202 664
202 980
202 707
202 416
202 381
202 832
202 838
202 535
203 206
203 207
203 208
203 210
203 211
203 212
203 892
203 761
203 833
203 647
203 517
203 287
204 205
204 206
204 209
204 213
204 214
204 358
204 783
204 915
204 881
204 338
204 310
204 883
204 251
205 206
205 207
205 209
205 210
205 211
205 212
205 213
205 614
205 936
205 615
205 642
205 386
205 514
206 208
206 210
206 211
206 212
206 214
206 215
206 216
206 622
206 424
206 470
206 230
206 685
206 376
206 609
206 739
207 209
207 212
207 213
207 625
207 244
207 892
207 333
207 807
207 859
207 501
208 209
208 212
208 213
208 214
208 215
208 218
208 948
208 458
208 761
208 388
208 483
209 210
209 214
209 216
209 218
209 782
209 459
209 418
209 268
209 648
209 737
209 861
210 212
210 215
210 217
210 218
210 220
210 619
210 801
210 260
210 240
210 870
210 227
210 669
210 484
210 554
210 796
210 525
210 963
210 289
210 884
211 212
211 214
211 215
211 218
211 219
211 221
211 651
211 821
211 495
211 743
211 415
212 215
212 219
212 220
212 221
212 468
212 513
212 631
212 880
212 670
212 834
212 280
212 570
212 692
212 355
213 217
213 220
213 222
213 223
213 827
213 806
213 377
213 543
213 408
213 948
213 583
213 644
214 215
214 216
214 217
214 218
214 220
214 221
214 694
214 777
214 512
214 810
214 732
214 481
214 488
214 291
214 327
214 333
215 218
215 219
215 220
215 221
215 222
215 223
215 225
215 307
215 777
215 526
215 915
216 218
216 220
216 555
216 838
216 379
216 695
216 539
216 638
216 383
216 295
216 777
216 317
216 832
217 218
217 223
217 224
217 225
217 227
217 334
217 750
217 542
217 382
217 637
217 825
217 886
218 219
218 221
218 222
218 223
218 224
218 225
218 227
218 228
218 663
218 235
218 404
218 811
218 348
218 758
219 224
219 225
219 227
219 228
219 229
219 447
219 943
219 339
219 294
219 432
219 841
219 861
219 247
219 404
219 415
220 221
220 222
220 223
220 225
220 226
220 227
220 356
220 749
220 375
220 456
220 766
220 662
220 612
221 222
221 223
221 224
221 225
221 226
221 227
221 228
221 229
221 230
221 231
221 764
221 812
221 406
221 441
222 223
222 224
222 225
222 226
222 227
222 228
222 231
222 232
222 509
222 452
222 585
222 649
222 518
223 225
223 229
223 230
223 231
223 232
223 421
223 979
223 533
223 663
223 919
223 875
224 225
224 227
224 229
224 232
224 233
224 234
224 650
224 316
224 728
224 296
224 349
224 280
224 483
225 226
225 227
225 229
225 231
225 232
225 233
225 234
225 379
225 786
225 465
225 422
225 570
225 811
226 228
226 229
226 232
226 236
226 346
226 514
226 904
226 851
226 278
226 795
226 355
227 236
227 237
227 871
227 406
227 836
227 989
227 544
227 304
227 918
228 230
228 233
228 234
228 235
228 236
228 238
228 533
228 989
228 768
228 928
228 862
228 913
229 232
229 237
229 238
229 907
229 551
229 805
229 299
229 911
229 688
229 349
230 231
230 232
230 235
230 236
230 237
230 811
230 257
230 776
230 771
230 842
230 592
230 702
231 233
231 234
231 237
231 238
231 239
231 240
231 241
231 941
231 928
231 894
231 311
231 388
231 498
231 493
232 235
232 238
232 239
232 727
232 609
232 684
232 874
232 513
232 914
232 491
232 637
233 234
233 235
233 237
233 239
233 240
233 242
233 243
233 578
233 593
233 511
233 431
234 235
234 236
234 237
234 238
234 239
234 241
234 242
234 244
234 809
234 612
234 769
234 507
235 236
235 237
235 239
235 241
235 242
235 243
235 244
235 245
235 772
235 862
235 951
235 700
235 291
236 238
236 239
236 241
236 244
236 245
236 246
236 327
236 474
236 492
236 523
236 933
236 428
236 906
237 238
237 240
237 247
237 460
237 363
237 693
237 689
237 679
237 575
237 279
237 271
237 771
238 239
238 241
238 243
238 246
238 248
238 455
238 862
238 552
238 732
238 484
238 675
238 744
238 989
238 374
239 241
239 243
239 244
239 245
239 246
239 413
239 764
239 619
239 775
239 370
239 621
239 488
239 547
240 245
240 246
240 247
240 249
240 250
240 626
240 512
240 734
240 299
240 624
241 242
241 243
241 244
241 245
241 247
241 248
241 505
241 945
241 253
241 383
242 243
242 244
242 246
242 250
242 251
242 362
242 514
242 910
242 248
242 424
243 244
243 245
243 246
243 250
243 251
243 252
243 253
243 985
243 276
243 338
243 260
243 656
244 246
244 247
244 248
244 249
244 250
244 251
244 252
244 254
244 726
244 799
244 696
244 733
245 246
245 247
245 248
245 249
245 251
245 252
245 254
245 489
245 568
245 646
245 896
245 258
245 915
245 613
245 576
245 651
245 821
246 247
246 249
246 252
246 254
246 256
246 791
246 921
246 891
246 864
246 439
247 248
247 250
247 251
247 253
247 255
247 256
247 257
247 971
247 595
247 601
247 642
248 250
248 252
248 253
248 254
248 257
248 343
248 420
248 449
248 798
248 973
249 253
249 254
249 255
249 256
249 258
249 259
249 825
249 529
249 698
249 336
249 397
250 251
250 255
250 256
250 257
250 259
250 260
250 974
250 959
250 623
251 252
251 254
251 257
251 259
251 260
251 270
251 783
251 496
251 524
251 336
251 440
251 568
251 435
252 253
252 254
252 255
252 256
252 259
252 262
252 903
252 629
252 438
252 399
252 891
252 500
252 971
253 255
253 256
253 259
253 263
253 414
253 389
253 789
253 737
253 661
253 987
254 256
254 257
254 258
254 259
254 261
254 264
254 742
254 407
254 354
254 633
254 688
254 394
254 705
255 261
255 262
255 264
255 265
255 305
255 440
255 883
255 594
255 613
255 457
255 733
255 452
255 894
256 257
256 260
256 261
256 262
256 263
256 264
256 266
256 314
256 760
256 615
256 319
256 593
256 903
257 260
257 263
257 266
257 267
257 382
257 503
257 414
257 341
257 948
257 744
257 417
257 659
258 259
258 261
258 266
258 268
258 666
258 878
258 432
258 581
258 419
258 324
259 260
259 262
259 265
259 267
259 268
259 269
259 941
259 934
259 466
259 409
259 519
259 419
260 261
260 262
260 265
260 267
260 269
260 918
260 997
260 362
260 958
260 594
260 290
260 415
260 817
261 262
261 263
261 264
261 265
261 268
261 269
261 271
261 374
261 563
261 506
261 456
261 976
261 418
261 878
261 871
261 425
261 828
262 264
262 265
262 266
262 271
262 302
262 511
262 932
262 665
262 739
262 911
262 980
262 785
262 306
263 265
263 266
263 267
263 268
263 270
263 271
263 272
263 273
263 615
263 502
263 654
263 788
263 274
263 703
263 712
263 678
264 265
264 267
264 271
264 272
264 273
264 998
264 964
264 922
264 404
264 696
264 695
265 266
265 268
265 269
265 270
265 271
265 272
265 273
265 274
265 303
265 768
265 918
265 985
265 418
265 994
265 364
266 267
266 269
266 270
266 272
266 274
266 275
266 276
266 309
266 449
266 278
266 360
267 269
267 270
267 271
267 273
267 274
267 277
267 886
267 658
267 584
267 800
268 270
268 271
268 274
268 275
268 278
268 441
268 905
268 984
268 462
268 523
268 816
268 825
268 329
268 662
268 343
268 727
268 841
269 272
269 273
269 276
269 279
269 500
269 640
269 527
269 924
269 339
269 585
269 986
269 479
269 989
270 271
270 272
270 273
270 274
270 275
270 278
270 280
270 721
270 467
270 331
270 356
270 540
271 272
271 273
271 274
271 276
271 277
271 278
271 279
271 742
271 586
271 854
271 775
271 694
271 870
271 533
272 273
272 276
272 277
272 280
272 281
272 282
272 444
272 401
272 400
272 733
272 806
272 632
272 772
273 275
273 276
273 277
273 278
273 280
273 282
273 283
273 446
273 746
273 763
273 505
274 275
274 276
274 279
274 280
274 281
274 282
274 283
274 284
274 345
274 370
274 627
274 491
274 464
275 279
275 280
275 284
275 285
275 846
275 732
275 825
275 992
275 417
275 292
275 645
275 802
276 277
276 278
276 283
276 285
276 286
276 402
276 323
276 933
276 848
276 739
276 705
276 708
276 302
276 800
276 366
277 280
277 281
277 685
277 777
277 974
277 380
277 323
277 756
277 751
277 636
277 524
277 438
277 489
277 829
277 362
277 748
277 929
278 280
278 281
278 284
278 285
278 286
278 287
278 288
278 920
278 992
278 893
278 730
278 790
279 280
279 281
279 282
279 284
279 286
279 287
279 288
279 869
279 620
279 418
279 524
279 347
280 281
280 283
280 285
280 286
280 287
280 289
280 290
280 427
280 883
280 979
280 400
281 282
281 283
281 284
281 286
281 288
281 289
281 290
281 291
281 684
281 522
281 952
281 597
281 412
282 285
282 288
282 289
282 290
282 292
282 900
282 627
282 326
282 463
282 306
282 389
282 422
282 855
282 621
282 318
282 330
282 908
283 284
283 285
283 286
283 289
283 293
283 622
283 674
283 339
283 336
283 914
283 940
283 397
284 285
284 287
284 288
284 291
284 292
284 294
284 329
284 832
284 532
285 287
285 289
285 290
285 292
285 294
285 974
285 701
285 838
285 929
286 287
286 290
286 292
286 295
286 296
286 489
286 329
286 578
286 995
286 702
286 451
286 550
286 683
286 479
287 290
287 291
287 292
287 293
287 295
287 297
287 900
287 839
287 778
287 797
288 289
288 290
288 292
288 296
288 356
288 893
288 454
288 816
288 974
288 694
288 779
289 290
289 291
289 292
289 293
289 294
289 296
289 299
289 601
289 413
289 994
289 938
289 379
289 733
289 856
290 293
290 296
290 297
290 300
290 327
290 370
290 660
290 418
290 825
290 512
290 513
290 416
290 499
291 292
291 293
291 294
291 295
291 300
291 301
291 391
291 634
291 884
291 531
291 535
291 761
292 293
292 294
292 295
292 297
292 298
292 300
292 301
292 349
292 874
292 640
293 294
293 295
293 298
293 299
293 592
293 932
293 463
293 962
293 363
293 563
293 590
293 317
293 532
293 610
293 798
293 356
294 295
294 296
294 298
294 300
294 303
294 939
294 592
294 350
294 779
294 826
294 626
294 591
295 296
295 297
295 298
295 300
295 301
295 302
295 303
295 515
295 610
295 586
295 664
295 868
295 855
295 390
296 298
296 299
296 302
296 303
296 372
296 795
296 953
296 877
296 346
296 371
296 986
296 821
296 401
297 298
297 302
297 303
297 307
297 860
297 668
297 310
297 463
297 863
297 452
297 567
297 600
298 302
298 304
298 305
298 307
298 308
298 643
298 523
298 447
298 524
298 950
298 481
298 340
298 681
299 302
299 303
299 306
299 309
299 556
299 413
299 364
299 989
299 580
299 448
300 301
300 303
300 304
300 305
300 307
300 308
300 310
300 624
300 734
300 516
300 808
301 302
301 303
301 306
301 307
301 308
301 309
301 310
301 311
301 480
301 676
301 960
301 779
302 304
302 305
302 306
302 307
302 310
302 311
302 691
302 577
302 696
302 912
302 650
302 563
303 304
303 305
303 307
303 308
303 310
303 311
303 313
303 806
303 795
303 414
303 709
303 529
303 513
303 867
304 305
304 306
304 307
304 308
304 309
304 310
304 311
304 312
304 313
304 314
304 616
304 741
304 508
305 307
305 309
305 310
305 312
305 313
305 314
305 394
305 406
305 329
305 715
305 861
305 392
305 796
306 307
306 308
306 311
306 313
306 314
306 879
306 846
306 347
306 821
306 656
306 957
306 782
307 308
307 317
307 634
307 643
307 578
307 372
307 414
307 993
307 362
308 309
308 310
308 312
308 314
308 317
308 984
308 926
308 608
308 919
308 369
309 310
309 311
309 312
309 314
309 315
309 316
309 318
309 319
309 357
309 584
310 313
310 314
310 317
310 318
310 320
310 833
310 626
310 490
310 884
310 507
310 481
311 314
311 317
311 318
311 319
311 321
311 961
311 707
311 363
311 597
311 689
311 477
312 317
312 319
312 320
312 321
312 322
312 430
312 464
312 956
312 614
312 899
312 329
312 500
313 315
313 317
313 318
313 319
313 321
313 322
313 649
313 600
313 654
313 890
314 317
314 318
314 320
314 321
314 323
314 786
314 968
314 693
314 830
314 899
314 816
314 994
314 402
315 316
315 317
315 318
315 322
315 323
315 324
315 325
315 649
315 977
315 583
315 553
315 569
315 772
315 753
315 558
316 318
316 324
316 326
316 683
316 863
316 496
316 750
317 318
317 319
317 320
317 321
317 323
317 325
317 922
317 533
317 611
317 630
317 542
318 322
318 323
318 324
318 325
318 326
318 327
318 536
318 355
318 608
318 342
318 473
318 866
318 750
319 320
319 326
319 327
319 328
319 329
319 684
319 387
319 377
319 960
319 942
319 989
319 564
319 647
320 321
320 322
320 324
320 325
320 329
320 330
320 757
320 548
320 797
320 616
320 716
320 779
320 355
320 448
320 674
321 322
321 326
321 329
321 331
321 437
321 779
321 766
321 689
321 371
321 694
322 323
322 324
322 325
322 327
322 328
322 330
322 332
322 924
322 741
322 729
322 948
322 892
322 603
322 449
323 324
323 327
323 329
323 331
323 332
323 771
323 578
323 586
323 534
324 329
324 330
324 331
324 896
324 719
324 571
324 465
324 676
325 328
325 329
325 330
325 331
325 332
325 333
325 334
325 905
325 696
325 500
325 982
325 719
326 327
326 328
326 330
326 332
326 334
326 335
326 336
326 859
326 788
326 551
326 342
326 617
326 704
326 795
327 329
327 330
327 332
327 333
327 334
327 335
327 337
327 404
327 631
328 329
328 330
328 334
328 336
328 338
328 385
328 657
328 409
328 863
328 358
328 381
328 547
328 443
328 940
329 334
329 338
329 645
329 821
329 518
329 716
329 678
329 788
330 331
330 332
330 334
330 338
330 340
330 570
330 600
330 690
330 936
330 404
330 815
331 332
331 333
331 335
331 510
331 852
331 799
331 482
331 493
332 333
332 335
332 336
332 337
332 338
332 864
332 526
332 601
332 787
332 339
333 335
333 336
333 338
333 339
333 341
333 342
333 904
333 936
333 404
333 502
333 785
333 916
333 417
333 344
334 336
334 337
334 338
334 339
334 344
334 426
334 502
334 388
334 555
334 457
334 456
334 720
334 427
335 336
335 337
335 339
335 340
335 341
335 342
335 344
335 345
335 720
335 700
335 672
335 893
336 337
336 341
336 343
336 345
336 346
336 992
336 624
336 984
336 465
336 908
336 670
337 338
337 339
337 340
337 342
337 344
337 345
337 346
337 851
337 852
337 786
337 518
338 339
338 340
338 341
338 347
338 494
338 683
338 854
338 986
338 743
338 863
338 774
338 900
339 340
339 341
339 345
339 346
339 347
339 441
339 678
339 932
339 988
340 341
340 343
340 344
340 345
340 349
340 350
340 854
340 926
340 360
340 947
340 723
340 911
340 469
341 343
341 346
341 347
341 348
341 350
341 351
341 690
341 882
341 678
341 500
341 922
341 616
341 968
342 343
342 344
342 345
342 346
342 349
342 351
342 352
342 471
342 639
342 559
342 792
342 893
343 344
343 345
343 346
343 348
343 350
343 351
343 352
343 956
343 649
343 750
343 990
343 439
343 875
344 345
344 347
344 350
344 351
344 352
344 353
344 354
344 862
344 585
344 781
345 346
345 347
345 348
345 349
345 350
345 351
345 352
345 353
345 354
345 355
345 395
345 597
345 617
345 858
345 995
345 754
345 439
346 347
346 348
346 349
346 350
346 353
346 355
346 356
346 715
346 570
346 802
346 515
346 810
347 348
347 352
347 353
347 355
347 357
347 863
347 697
347 699
347 714
347 742
348 349
348 350
348 351
348 357
348 358
348 619
348 408
348 855
348 964
348 781
348 679
348 861
349 350
349 353
349 356
349 360
349 864
349 408
349 800
349 351
349 889
349 759
349 396
350 351
350 355
350 356
350 357
350 391
350 526
350 668
350 518
350 887
350 466
351 352
351 353
351 355
351 356
351 358
351 359
351 360
351 489
351 596
351 792
351 433
351 673
351 943
351 966
351 857
352 353
352 355
352 356
352 357
352 477
352 970
352 363
352 531
352 354
352 419
353 354
353 356
353 357
353 358
353 359
353 360
353 361
353 362
353 808
353 948
353 556
353 610
353 433
353 969
354 355
354 357
354 359
354 364
354 901
354 660
354 522
354 604
354 868
355 356
355 357
355 358
355 359
355 360
355 362
355 363
355 365
355 782
355 656
356 359
356 362
356 645
356 955
356 749
356 962
356 486
356 949
356 617
356 924
357 359
357 361
357 362
357 364
357 367
357 888
357 449
357 581
357 608
357 370
358 359
358 362
358 364
358 365
358 366
358 367
358 368
358 369
358 426
358 474
359 362
359 363
359 364
359 366
359 367
359 368
359 369
359 867
359 560
359 978
359 584
359 622
359 378
360 362
360 363
360 364
360 365
360 367
360 368
360 369
360 370
360 428
360 918
360 666
360 994
361 363
361 364
361 366
361 367
361 368
361 369
361 371
361 544
361 985
361 675
361 449
361 793
361 841
362 366
362 368
362 369
362 370
362 931
362 874
362 471
362 790
363 366
363 368
363 370
363 371
363 373
363 976
363 808
363 556
363 393
363 959
363 859
363 675
363 844
364 365
364 366
364 367
364 369
364 370
364 371
364 372
364 374
364 609
364 738
365 366
365 367
365 371
365 372
365 373
365 769
365 762
365 388
365 480
365 617
365 618
365 405
366 370
366 371
366 372
366 373
366 374
366 376
366 717
366 786
366 464
366 562
366 840
366 531
367 368
367 371
367 373
367 376
367 377
367 765
367 455
367 834
367 851
368 369
368 370
368 372
368 373
368 374
368 375
368 377
368 378
368 832
368 674
368 604
368 623
368 601
368 762
369 370
369 371
369 375
369 376
369 377
369 379
369 895
369 544
369 779
369 899
369 744
369 997
370 371
370 376
370 377
370 378
370 379
370 380
370 847
370 496
370 398
370 933
371 372
371 373
371 375
371 378
371 380
371 843
371 567
371 455
371 535
371 981
371 686
372 373
372 375
372 376
372 379
372 382
372 974
372 498
372 806
372 674
372 423
372 486
372 740
373 374
373 376
373 377
373 378
373 382
373 383
373 859
373 935
373 940
373 606
374 375
374 377
374 379
374 380
374 381
374 382
374 383
374 627
374 500
374 954
374 783
374 880
374 628
375 376
375 382
375 383
375 384
375 385
375 613
375 706
375 654
375 751
375 707
375 530
375 681
376 377
376 379
376 380
376 381
376 382
376 383
376 384
376 386
376 805
376 915
376 643
377 378
377 380
377 381
377 382
377 383
377 384
377 385
377 386
377 723
377 760
377 811
378 379
378 380
378 381
378 382
378 383
378 388
378 752
378 968
378 928
379 382
379 386
379 388
379 389
379 469
379 393
379 653
379 769
379 556
379 657
379 867
380 381
380 382
380 383
380 384
380 385
380 386
380 389
380 390
380 451
380 663
381 382
381 385
381 387
381 388
381 389
381 391
381 587
381 544
381 733
381 414
381 738
381 412
381 734
382 384
382 385
382 386
382 387
382 388
382 389
382 391
382 392
382 743
382 835
382 711
382 417
382 790
382 858
383 384
383 386
383 387
383 389
383 390
383 392
383 876
383 555
383 631
384 385
384 386
384 387
384 388
384 389
384 390
384 392
384 393
384 394
384 716
385 387
385 388
385 389
385 390
385 391
385 392
385 393
385 394
385 747
385 434
385 828
385 780
385 905
386 387
386 389
386 390
386 391
386 392
386 393
386 394
386 396
386 761
386 603
386 398
386 608
386 881
387 391
387 392
387 393
387 394
387 396
387 397
387 683
387 639
387 732
387 765
387 476
387 697
387 947
388 390
388 392
388 393
388 395
388 396
388 397
388 913
388 831
388 704
388 794
389 392
389 395
389 397
389 398
389 854
389 612
389 701
389 669
389 696
389 876
389 626
390 391
390 392
390 394
390 397
390 398
390 399
390 400
390 981
390 792
391 393
391 396
391 397
391 400
391 864
391 555
391 561
391 531
391 702
391 906
391 629
391 684
392 394
392 396
392 397
392 398
392 400
392 402
392 694
392 599
392 542
392 644
392 757
392 731
393 394
393 396
393 400
393 402
393 403
393 970
393 820
393 788
393 990
393 479
394 398
394 401
394 403
394 919
394 456
394 710
394 484
394 909
395 396
395 398
395 400
395 401
395 402
395 404
395 919
395 823
395 871
395 920
395 522
396 399
396 400
396 401
396 403
396 404
396 405
396 860
396 999
396 780
396 596
396 840
396 417
396 422
397 398
397 399
397 400
397 402
397 407
397 458
397 726
397 719
397 849
397 916
397 827
397 474
398 402
398 403
398 404
398 406
398 503
398 482
398 715
398 926
398 847
398 876
399 401
399 403
399 404
399 407
399 409
399 953
399 517
399 708
399 571
399 693
399 483
399 564
399 967
399 659
400 401
400 405
400 407
400 408
400 927
400 489
400 905
401 402
401 403
401 404
401 405
401 406
401 407
401 408
401 409
401 410
401 411
401 521
401 862
402 404
402 405
402 408
402 411
402 608
402 682
402 452
402 889
402 844
403 404
403 406
403 407
403 408
403 410
403 411
403 413
403 416
403 560
403 775
403 956
403 601
403 808
404 405
404 406
404 407
404 409
404 410
404 413
404 414
404 858
404 860
404 950
404 473
405 406
405 408
405 409
405 411
405 412
405 739
405 853
405 757
405 899
405 477
405 949
405 950
405 988
406 408
406 412
406 413
406 414
406 828
406 995
407 408
407 412
407 414
407 415
407 417
407 429
407 453
407 611
407 567
407 808
407 698
407 917
408 410
408 412
408 413
408 415
408 416
408 417
408 418
408 936
408 703
408 791
409 410
409 416
409 417
409 618
409 965
409 497
409 956
409 860
410 412
410 413
410 416
410 419
410 420
410 711
410 738
410 686
410 527
410 516
410 675
411 412
411 413
411 417
411 418
411 419
411 705
411 624
411 675
411 797
411 779
411 534
412 413
412 414
412 416
412 417
412 419
412 507
412 932
412 714
412 591
413 420
413 422
413 983
413 556
413 631
413 562
413 778
413 607
413 414
414 417
414 420
414 421
414 422
414 424
414 445
414 729
414 839
415 416
415 417
415 418
415 420
415 422
415 912
415 553
415 778
416 418
416 420
416 421
416 422
416 424
416 842
416 814
417 419
417 420
417 422
417 423
417 551
417 854
417 898
417 516
418 420
418 423
418 428
418 989
418 730
418 964
418 626
418 962
418 695
418 806
418 610
419 421
419 422
419 423
419 424
419 425
419 427
419 428
419 429
419 515
419 702
419 443
420 422
420 424
420 425
420 426
420 427
420 428
420 429
420 430
420 729
421 423
421 424
421 425
421 428
421 429
421 430
421 448
421 760
421 854
421 509
421 766
421 685
422 423
422 425
422 427
422 429
422 430
422 432
422 442
422 443
422 754
423 424
423 425
423 426
423 428
423 429
423 430
423 432
423 580
423 853
423 821
424 425
424 427
424 429
424 431
424 432
424 433
424 751
424 987
424 438
424 460
424 712
424 891
424 791
424 602
425 426
425 428
425 429
425 430
425 431
425 434
425 989
425 906
426 427
426 429
426 430
426 432
426 434
426 652
426 513
426 970
426 470
426 687
426 978
426 769
427 428
427 431
427 436
427 753
427 476
427 907
427 590
427 492
427 992
427 848
427 912
428 429
428 430
428 432
428 433
428 435
428 436
428 437
428 503
428 581
429 430
429 433
429 436
429 438
429 439
429 742
429 538
429 681
429 896
430 432
430 435
430 436
430 437
430 438
430 440
430 837
430 932
430 606
430 672
430 447
430 457
431 432
431 433
431 434
431 436
431 437
431 438
431 439
431 440
431 441
431 828
431 883
431 692
431 652
432 438
432 439
432 441
432 442
432 994
432 630
432 837
432 455
432 973
432 536
432 901
433 434
433 435
433 436
433 437
433 438
433 441
433 442
433 787
433 680
433 587
434 438
434 440
434 442
434 443
434 621
434 949
434 978
434 791
434 607
434 897
434 595
435 437
435 438
435 439
435 440
435 441
435 442
435 443
435 444
435 581
435 895
435 901
435 826
436 438
436 440
436 441
436 442
436 444
436 446
436 484
436 971
436 970
436 819
436 690
437 438
437 443
437 444
437 447
437 617
437 584
437 511
437 855
437 684
437 627
437 731
438 441
438 442
438 443
438 447
438 448
438 929
438 629
438 553
438 623
438 915
439 440
439 442
439 443
439 445
439 446
439 449
439 805
439 494
439 978
440 441
440 442
440 443
440 446
440 447
440 448
440 469
440 598
440 694
441 442
441 445
441 447
441 448
441 449
441 596
441 514
441 459
441 652
441 929
442 446
442 450
442 451
442 452
442 674
442 750
442 625
442 552
442 652
442 880
443 446
443 449
443 488
443 783
443 771
443 596
443 877
444 447
444 448
444 449
444 450
444 451
444 452
444 482
444 554
444 878
444 917
444 905
445 446
445 448
445 451
445 452
445 454
445 455
445 770
445 562
446 448
446 450
446 451
446 452
446 454
446 455
446 456
446 774
446 826
446 712
446 719
446 669
446 963
446 528
447 450
447 451
447 517
447 775
447 680
447 573
447 883
447 764
447 662
448 450
448 452
448 453
448 458
448 954
448 640
448 463
448 915
448 796
449 451
449 459
449 617
449 450
449 990
449 691
449 549
449 904
449 863
450 451
450 453
450 456
450 459
450 460
450 948
450 934
450 848
450 753
450 697
450 637
450 669
451 454
451 456
451 459
451 461
451 725
451 890
451 956
451 462
451 829
451 807
451 616
452 453
452 454
452 455
452 456
452 458
452 485
452 950
452 814
452 862
453 454
453 456
453 460
453 463
453 592
453 672
453 747
453 829
454 455
454 458
454 460
454 461
454 462
454 463
454 464
454 829
454 593
454 900
454 802
455 458
455 459
455 460
455 461
455 462
455 463
455 464
455 465
455 587
455 513
455 885
456 457
456 462
456 465
456 466
456 575
456 631
456 569
456 775
456 650
456 826
456 886
457 458
457 459
457 460
457 461
457 463
457 465
457 919
457 478
457 512
457 941
457 994
457 966
458 459
458 461
458 462
458 463
458 466
458 468
458 608
458 536
458 683
458 632
458 474
458 573
459 460
459 461
459 464
459 465
459 466
459 467
459 468
459 578
459 912
459 463
459 839
459 994
460 463
460 464
460 466
460 467
460 468
460 469
460 513
460 640
461 462
461 463
461 464
461 466
461 467
461 469
461 470
461 639
461 756
461 767
461 725
461 535
461 616
461 904
462 463
462 465
462 466
462 468
462 470
462 471
462 472
462 945
462 973
462 536
463 464
463 465
463 466
463 471
463 749
463 852
463 520
463 527
464 467
464 468
464 469
464 471
464 472
464 474
464 868
464 949
464 465
464 582
465 468
465 469
465 470
465 471
465 475
465 801
465 856
465 467
465 593
465 833
466 467
466 468
466 469
466 470
466 471
466 472
466 473
466 474
466 568
466 597
467 468
467 471
467 473
467 474
467 476
467 659
467 747
467 727
467 854
467 858
467 820
467 894
467 722
467 895
468 469
468 473
468 474
468 476
468 477
468 963
468 696
468 720
468 782
468 901
468 497
469 471
469 474
469 475
469 476
469 477
469 663
469 559
470 471
470 472
470 474
470 475
470 476
470 477
470 680
470 717
470 827
470 819
470 658
471 473
471 477
471 479
471 584
471 575
471 803
471 975
472 473
472 476
472 479
472 481
472 482
472 730
472 759
472 828
472 535
472 554
472 603
473 474
473 475
473 476
473 479
473 480
473 483
473 714
473 972
473 668
474 480
474 607
474 935
474 585
474 877
474 781
474 778
474 923
475 477
475 478
475 481
475 484
475 521
475 537
475 638
475 902
475 523
475 506
475 622
475 954
476 477
476 481
476 485
476 486
476 523
476 621
476 776
476 954
476 732
477 478
477 480
477 485
477 486
477 930
477 853
477 512
477 852
477 514
477 800
478 479
478 480
478 481
478 484
478 486
478 487
478 488
478 496
478 760
478 664
478 710
478 621
478 659
478 832
478 882
479 480
479 482
479 483
479 484
479 485
479 486
479 907
479 735
479 980
479 696
480 482
480 484
480 485
480 488
480 694
480 858
480 532
480 554
481 484
481 486
481 490
481 491
481 817
481 708
481 807
481 560
482 483
482 486
482 487
482 488
482 490
482 491
482 492
482 844
482 691
482 906
482 825
482 988
482 822
482 773
482 511
483 484
483 486
483 487
483 491
483 576
483 993
483 909
483 952
484 485
484 486
484 487
484 488
484 489
484 492
484 493
484 494
484 606
484 998
484 956
484 689
485 488
485 489
485 490
485 492
485 493
485 494
485 838
485 589
485 710
485 762
486 487
486 488
486 489
486 490
486 491
486 495
486 496
486 531
486 720
487 489
487 490
487 492
487 494
487 495
487 496
487 497
487 508
487 875
487 995
488 491
488 492
488 495
488 496
488 497
488 850
488 793
488 692
488 704
488 543
488 720
489 492
489 493
489 494
489 495
489 496
489 497
489 498
489 499
489 694
490 491
490 492
490 493
490 494
490 497
490 498
490 499
490 869
490 889
490 633
490 954
491 492
491 493
491 494
491 498
491 759
491 708
491 663
491 729
491 533
491 682
492 493
492 496
492 498
492 499
492 500
492 706
492 504
493 494
493 495
493 496
493 503
493 697
493 768
493 566
493 828
494 495
494 496
494 497
494 498
494 501
494 503
494 504
494 726
494 751
494 658
494 625
495 496
495 497
495 498
495 500
495 501
495 502
495 503
495 504
495 984
495 655
495 736
496 497
496 498
496 500
496 501
496 504
496 506
496 581
496 595
496 959
496 965
496 697
496 587
496 668
496 759
496 635
496 824
497 498
497 500
497 502
497 503
497 504
497 505
497 507
497 677
497 642
497 752
497 893
497 938
498 499
498 502
498 503
498 505
498 506
498 507
498 508
498 547
498 541
498 815
499 500
499 501
499 502
499 504
499 505
499 506
499 507
499 509
499 780
499 734
500 501
500 503
500 504
500 509
500 510
500 612
500 558
500 603
500 609
501 502
501 503
501 504
501 508
501 509
501 510
501 511
501 672
501 819
501 571
501 881
502 505
502 506
502 509
502 511
502 512
502 517
502 836
502 832
503 504
503 505
503 506
503 507
503 508
503 509
503 510
503 511
503 512
503 513
503 529
503 823
504 505
504 506
504 507
504 511
504 512
504 513
504 973
504 798
504 951
505 506
505 507
505 509
505 511
505 512
505 513
505 515
505 968
505 516
506 507
506 512
506 682
506 517
506 815
506 639
506 633
506 718
506 532
506 713
507 512
507 514
507 516
507 517
507 746
507 863
507 711
507 819
508 511
508 512
508 515
508 518
508 573
508 581
508 650
508 546
509 512
509 513
509 517
509 518
509 937
509 571
509 603
509 926
509 623
510 511
510 512
510 514
510 515
510 516
510 519
510 520
510 857
510 929
510 611
510 541
511 512
511 514
511 517
511 518
511 519
511 520
511 921
511 980
511 535
512 513
512 514
512 515
512 518
512 519
512 521
512 522
512 937
512 690
512 819
512 835
513 519
513 522
513 523
513 772
513 935
513 813
513 983
513 527
514 518
514 520
514 523
514 882
514 620
514 587
514 631
514 654
514 750
514 604
514 724
515 517
515 518
515 519
515 520
515 525
515 774
515 853
515 707
515 645
515 717
516 517
516 520
516 521
516 522
516 523
516 932
516 606
516 948
516 886
516 922
516 562
517 520
517 521
517 522
517 524
517 525
517 526
517 732
517 767
517 968
517 703
517 735
518 519
518 521
518 524
518 525
518 526
518 528
518 536
518 858
518 717
518 911
519 520
519 521
519 522
519 523
519 524
519 526
519 527
519 528
519 529
520 521
520 522
520 523
520 525
520 527
520 528
520 889
520 734
520 874
520 700
521 522
521 523
521 526
521 528
521 529
521 531
521 830
521 841
522 523
522 525
522 528
522 529
522 530
522 531
522 874
522 965
522 931
523 527
523 528
523 529
523 530
523 531
523 533
523 759
523 580
524 525
524 526
524 528
524 529
524 530
524 532
524 534
524 786
524 737
524 546
524 735
525 528
525 530
525 532
525 534
525 883
525 539
525 729
525 933
525 574
525 844
525 700
526 528
526 532
526 534
526 536
526 765
526 578
526 818
526 596
527 528
527 529
527 532
527 536
527 537
527 720
527 962
527 880
527 820
527 842
527 988
527 976
528 529
528 530
528 531
528 532
528 534
528 535
528 538
528 806
528 910
528 562
529 531
529 532
529 533
529 536
529 537
529 539
529 989
529 678
529 561
530 533
530 535
530 536
530 539
530 918
530 634
530 786
530 554
530 787
530 904
530 731
531 536
531 537
531 541
531 810
531 932
531 664
531 596
532 534
532 535
532 536
532 537
532 538
532 540
532 542
532 925
532 679
533 534
533 535
533 536
533 537
533 538
533 541
533 946
533 651
533 896
533 941
533 677
533 908
534 535
534 536
534 538
534 539
534 540
534 541
534 542
534 544
534 662
534 937
535 537
535 538
535 539
535 543
535 544
535 698
535 750
536 537
536 540
536 541
536 542
536 544
536 545
536 546
536 631
536 732
537 539
537 542
537 544
537 546
537 547
537 688
537 981
537 589
537 557
537 801
538 539
538 540
538 541
538 542
538 543
538 544
538 545
538 546
538 548
538 644
538 900
538 576
539 540
539 541
539 544
539 545
539 546
539 548
539 549
539 970
539 873
539 713
539 561
539 617
539 684
540 541
540 542
540 543
540 544
540 546
540 617
540 636
540 568
541 542
541 544
541 545
541 547
541 550
541 551
541 858
541 910
542 544
542 546
542 547
542 548
542 549
542 550
542 682
542 844
542 603
542 647
542 913
542 681
542 556
543 544
543 545
543 546
543 547
543 550
543 553
543 823
543 594
543 984
543 783
544 545
544 546
544 547
544 553
544 554
544 688
544 561
544 663
544 809
545 546
545 548
545 549
545 550
545 552
545 555
545 805
545 570
545 830
545 993
545 934
546 547
546 548
546 549
546 551
546 553
546 556
546 569
547 549
547 550
547 551
547 570
547 736
547 721
547 925
547 616
548 551
548 552
548 554
548 555
548 556
548 754
548 892
548 968
548 668
548 780
549 552
549 553
549 556
549 559
549 615
549 900
549 790
549 731
549 851
549 644
550 552
550 553
550 554
550 555
550 556
550 559
550 560
550 792
550 931
551 552
551 553
551 554
551 555
551 556
551 557
551 558
551 559
551 634
552 553
552 554
552 555
552 557
552 558
552 559
552 560
552 562
552 872
553 557
553 559
553 562
553 836
554 555
554 556
554 559
554 562
554 563
554 564
554 868
554 738
555 579
555 816
555 673
555 900
555 926
555 771
556 557
556 560
556 561
556 562
556 564
556 566
557 558
557 559
557 561
557 563
557 567
557 936
557 965
557 775
557 826
557 935
557 933
558 559
558 560
558 561
558 562
558 563
558 564
558 566
558 755
558 597
558 958
558 938
558 867
559 560
559 562
559 563
559 564
559 566
559 568
559 569
559 789
559 738
559 751
560 561
560 562
560 564
560 568
560 569
560 730
560 686
560 576
560 964
560 788
560 624
560 807
561 563
561 564
561 566
561 567
561 569
561 570
561 571
561 888
562 563
562 564
562 566
562 568
562 570
562 571
562 697
562 835
562 801
562 997
562 705
562 819
563 564
563 567
563 568
563 569
563 570
563 572
563 573
563 758
563 633
563 852
564 565
564 566
564 567
564 568
564 570
564 571
564 574
564 655
564 888
565 567
565 568
565 571
565 572
565 573
565 574
565 575
565 743
565 999
565 872
565 833
566 568
566 575
566 576
566 783
566 969
566 989
566 705
566 938
566 863
567 568
567 569
567 572
567 573
567 574
567 575
567 576
567 577
567 866
567 789
568 570
568 573
568 575
568 577
568 578
568 582
568 724
568 634
568 782
568 971
569 570
569 575
569 576
569 577
569 826
570 571
570 574
570 575
570 577
570 580
570 664
570 606
570 631
570 955
571 572
571 574
571 576
571 580
571 581
571 985
572 573
572 574
572 575
572 576
572 577
572 578
572 579
572 580
572 582
572 677
572 846
572 865
573 575
573 576
573 579
573 931
573 942
573 633
573 720
573 612
573 684
573 841
573 625
573 928
574 575
574 577
574 578
574 581
574 583
574 739
574 992
574 935
574 911
574 804
575 577
575 579
575 582
575 583
575 584
575 585
575 689
575 735
575 792
576 579
576 582
576 583
576 584
576 748
576 723
576 760
576 750
576 874
577 578
577 579
577 580
577 581
577 582
577 583
577 584
577 587
577 618
577 887
577 857
578 585
578 587
578 909
578 608
578 793
578 626
578 614
579 580
579 581
579 583
579 584
579 586
579 588
579 696
579 813
579 593
580 582
580 584
580 585
580 587
580 644
580 958
580 803
580 818
580 872
580 594
580 895
581 583
581 586
581 588
581 590
581 815
581 777
581 753
582 584
582 587
582 588
582 589
582 590
582 674
582 749
582 944
582 856
582 893
582 857
582 955
583 584
583 587
583 589
583 591
583 592
583 723
583 990
583 839
583 993
583 757
584 585
584 586
584 587
584 588
584 589
584 591
584 592
584 593
584 594
584 746
585 586
585 587
585 591
585 593
585 594
585 595
585 780
585 798
585 945
586 588
586 591
586 593
586 594
586 745
586 735
586 836
586 750
586 869
587 588
587 589
587 592
587 594
587 701
587 852
587 717
587 633
587 790
587 669
587 940
587 673
587 858
588 589
588 592
588 593
588 597
588 598
588 821
588 894
588 784
588 607
589 590
589 594
589 595
589 596
589 597
589 599
589 953
589 603
590 594
590 599
590 600
590 981
590 854
590 675
590 727
590 731
590 632
590 820
591 592
591 594
591 596
591 597
591 599
591 600
591 909
591 874
591 872
592 593
592 596
592 597
592 598
592 600
592 602
592 959
592 920
592 861
593 594
593 595
593 598
593 599
593 600
593 601
593 602
593 603
593 810
593 715
594 595
594 596
594 600
594 603
594 604
594 694
594 769
594 855
594 634
594 967
594 985
595 596
595 600
595 603
595 604
595 796
595 993
595 873
596 599
596 600
596 601
596 602
596 603
596 604
596 606
596 915
596 825
597 598
597 600
597 603
597 605
597 606
597 607
597 810
597 750
597 980
597 659
597 794
597 876
597 735
598 600
598 601
598 603
598 606
598 710
598 696
598 884
598 793
599 600
599 602
599 603
599 604
599 605
599 607
599 609
599 620
599 779
600 602
600 604
600 605
600 606
600 607
600 608
600 610
600 744
600 666
600 803
600 855
601 602
601 604
601 605
601 620
601 867
601 632
601 774
602 604
602 606
602 608
602 609
602 610
602 665
602 841
602 854
602 984
603 604
603 608
603 609
603 610
603 611
603 895
603 852
603 746
604 605
604 607
604 610
604 611
604 612
604 613
604 665
604 909
605 606
605 607
605 608
605 610
605 611
605 612
605 613
605 614
605 615
605 741
605 684
605 890
606 608
606 610
606 613
606 813
606 809
606 758
606 727
606 853
606 673
606 695
606 696
607 608
607 610
607 611
607 613
607 614
607 616
607 823
608 609
608 612
608 613
608 617
608 894
608 611
608 855
609 610
609 611
609 613
609 614
609 616
609 619
609 827
609 923
609 697
610 611
610 613
610 615
610 616
610 618
610 620
610 737
610 842
611 612
611 617
611 618
611 619
611 723
611 794
611 817
611 827
611 736
612 616
612 617
612 618
612 620
612 621
612 622
612 772
612 644
612 959
613 616
613 622
613 851
613 993
613 634
613 840
614 616
614 619
614 620
614 621
614 622
614 624
614 763
614 803
614 998
615 621
615 624
615 818
615 779
615 807
615 982
615 978
615 957
615 899
615 763
615 943
616 619
616 620
616 621
616 622
616 623
616 625
616 870
616 664
616 769
617 618
617 619
617 620
617 625
617 626
617 814
617 994
618 620
618 622
618 623
618 628
618 995
618 785
618 713
618 945
619 620
619 623
619 625
619 628
619 629
619 890
619 798
619 921
620 622
620 623
620 624
620 625
620 626
620 627
620 628
620 629
620 630
620 916
620 651
620 913
620 648
621 623
621 624
621 625
621 630
621 631
621 713
622 626
622 627
622 630
622 631
622 632
622 997
622 961
622 843
623 624
623 625
623 626
623 628
623 630
623 631
623 633
623 802
623 929
624 625
624 626
624 628
624 630
624 631
624 633
624 634
624 929
624 680
624 708
625 632
625 634
625 635
625 977
625 885
625 804
625 877
625 735
625 659
625 764
626 627
626 628
626 629
626 630
626 633
626 635
626 636
626 954
627 631
627 634
627 635
627 637
627 902
627 866
627 833
628 629
628 630
628 631
628 632
628 636
628 637
628 805
629 630
629 633
629 635
629 638
629 639
629 810
629 850
629 854
630 631
630 633
630 634
630 635
630 636
630 638
630 640
630 752
630 950
631 634
631 638
631 640
631 679
631 682
631 751
631 986
631 661
632 633
632 639
632 640
632 859
632 654
632 996
632 849
632 843
632 773
632 746
633 635
633 636
633 638
633 640
633 641
633 878
633 842
633 835
633 687
633 982
634 637
634 638
634 639
634 642
634 643
634 750
634 891
634 947
634 795
634 729
635 636
635 637
635 638
635 640
635 641
635 642
635 643
635 667
635 937
635 914
636 637
636 638
636 639
636 640
636 641
636 644
636 645
636 941
636 972
637 638
637 639
637 640
637 641
637 642
637 644
637 645
637 646
637 647
638 641
638 642
638 643
638 644
638 647
638 648
638 789
639 643
639 646
639 648
639 649
639 983
639 933
640 641
640 643
640 646
640 647
640 648
640 649
640 966
640 687
640 930
640 720
641 642
641 646
641 647
641 648
641 649
641 651
641 798
641 723
641 736
641 653
641 770
642 643
642 646
642 648
642 670
642 773
642 921
642 788
643 646
643 649
643 650
643 651
643 653
643 830
643 805
643 828
644 645
644 646
644 650
644 651
644 652
644 833
644 771
644 758
644 763
644 776
645 647
645 650
645 651
645 652
645 655
645 917
645 893
645 757
645 820
645 816
645 717
645 769
645 919
646 649
646 650
646 651
646 652
646 654
646 656
646 712
646 847
647 649
647 651
647 655
647 657
647 764
647 811
647 717
648 649
648 650
648 652
648 653
648 656
648 986
648 949
649 651
649 652
649 654
649 656
649 657
649 659
649 691
649 883
649 733
649 782
649 774
649 737
650 653
650 654
650 657
650 658
650 659
650 660
650 690
650 707
650 689
650 740
650 872
650 894
651 654
651 657
651 659
651 661
651 809
651 974
651 742
651 993
651 700
652 654
652 655
652 656
652 657
652 659
652 660
652 948
652 764
652 695
652 973
653 654
653 656
653 657
653 658
653 659
653 661
653 662
653 663
653 723
653 992
654 655
654 656
654 658
654 660
654 663
654 664
654 979
654 940
654 739
654 904
655 657
655 658
655 660
655 661
655 664
655 676
655 880
655 739
656 659
656 660
656 664
656 665
656 746
656 684
656 693
656 662
656 743
657 659
657 660
657 663
657 664
657 665
657 695
657 996
657 922
657 691
657 679
658 659
658 660
658 661
658 663
658 664
658 665
658 666
658 667
658 739
658 748
659 661
659 662
659 664
659 666
659 668
660 665
660 666
660 667
660 668
660 669
660 670
660 739
660 807
661 662
661 667
661 670
661 671
661 768
661 957
661 992
662 663
662 664
662 667
662 670
662 671
662 957
662 786
662 763
663 665
663 667
663 668
663 671
663 672
663 673
663 885
663 930
664 666
664 670
664 671
664 673
664 967
664 991
665 666
665 669
665 671
665 672
665 673
665 674
665 675
665 743
665 886
665 729
665 944
665 843
666 667
666 668
666 669
666 670
666 672
666 673
666 674
666 675
666 754
666 937
667 668
667 669
667 671
667 672
667 674
667 676
667 677
667 881
667 966
667 995
667 752
668 671
668 673
668 674
668 675
668 677
668 678
668 884
668 857
668 811
669 671
669 672
669 673
669 895
669 764
669 730
670 671
670 673
670 676
670 677
670 678
670 679
670 992
670 765
670 933
670 786
670 680
671 674
671 675
671 676
671 677
671 679
671 680
671 681
671 802
671 965
671 995
671 689
671 949
671 994
671 752
672 673
672 678
672 679
672 680
672 681
672 682
672 951
672 894
673 674
673 675
673 676
673 677
673 678
673 680
673 681
673 695
674 675
674 679
674 680
674 681
674 682
674 683
674 787
674 961
674 920
675 676
675 678
675 680
675 682
675 683
675 684
675 907
676 677
676 678
676 679
676 680
676 685
676 867
676 800
676 814
676 726
676 846
677 679
677 680
677 681
677 683
677 684
677 687
677 756
677 755
677 840
677 915
677 878
677 867
677 947
678 679
678 680
678 683
678 685
678 687
678 688
678 819
679 680
679 682
679 683
679 684
679 687
679 689
679 782
679 984
680 681
680 682
680 684
680 935
680 773
680 893
681 682
681 683
681 685
681 686
681 687
681 690
681 781
681 747
681 905
682 683
682 685
682 686
682 688
682 749
682 874
682 757
682 840
683 685
683 686
683 688
683 689
683 690
683 691
683 693
684 690
684 691
684 693
684 872
684 738
684 963
684 830
685 686
685 687
685 688
685 689
685 690
685 692
685 693
685 695
685 904
686 687
686 689
686 690
686 692
686 693
686 695
686 696
686 845
687 688
687 689
687 692
687 693
687 695
687 697
687 904
687 730
687 961
687 931
687 899
688 691
688 692
688 693
688 696
688 697
688 698
688 734
688 902
688 952
689 690
689 691
689 693
689 694
689 697
689 698
689 919
689 962
689 869
690 691
690 692
690 693
690 695
690 696
690 697
690 698
690 700
690 916
690 770
691 692
691 695
691 696
691 697
691 698
691 699
691 700
691 701
691 962
691 728
692 693
692 694
692 695
692 696
692 699
692 700
692 702
692 762
693 694
693 698
693 699
693 700
693 701
693 702
693 703
693 948
693 878
694 695
694 698
694 699
694 700
694 701
694 702
694 703
694 931
694 914
694 873
695 697
695 698
695 700
695 702
695 704
695 855
695 721
695 929
696 698
696 699
696 701
696 703
696 985
696 975
697 701
697 705
697 706
697 707
697 963
698 701
698 702
698 703
698 704
698 707
698 708
698 865
698 890
699 700
699 703
699 708
699 709
699 882
699 887
699 781
699 732
699 873
700 701
700 708
700 710
700 794
700 853
701 703
701 705
701 706
701 708
701 709
701 710
701 711
702 704
702 705
702 706
702 708
702 709
702 711
702 985
702 826
703 705
703 706
703 708
703 709
703 713
703 787
703 923
704 705
704 706
704 707
704 708
704 710
704 797
704 932
704 829
705 707
705 708
705 710
705 712
705 714
705 715
705 945
706 707
706 708
706 709
706 710
706 712
706 713
706 714
706 715
706 815
706 898
706 846
706 811
707 708
707 709
707 712
707 713
707 714
707 715
707 716
707 717
707 936
707 903
708 710
708 711
708 712
708 714
708 715
708 716
708 717
708 780
708 859
709 710
709 711
709 712
709 713
709 715
709 716
709 717
709 718
709 969
709 849
709 830
710 713
710 716
710 718
710 719
710 720
710 724
710 810
710 950
711 712
711 716
711 721
711 725
711 743
711 766
711 771
712 714
712 716
712 717
712 718
712 722
712 733
712 990
713 714
713 715
713 716
713 717
713 719
713 720
713 722
713 723
713 960
713 977
713 993
714 716
714 717
714 718
714 719
714 720
714 721
714 724
714 778
715 716
715 718
715 722
715 723
715 724
715 725
715 943
715 746
716 717
716 718
716 719
716 721
716 722
716 724
716 725
716 726
716 990
716 831
716 991
717 718
717 719
717 720
717 721
717 722
717 723
717 724
717 725
718 719
718 720
718 722
718 723
718 726
718 727
718 728
718 824
718 909
719 720
719 721
719 722
719 724
719 725
719 727
719 728
719 729
719 934
719 954
719 967
719 726
720 722
720 723
720 869
721 723
721 724
721 726
721 728
721 730
721 731
722 723
722 724
722 725
722 726
722 727
722 728
722 730
722 731
722 732
722 983
723 727
723 728
723 729
723 730
723 733
723 899
723 907
723 801
723 786
724 725
724 726
724 727
724 728
724 731
724 732
724 749
724 850
724 867
724 784
724 883
724 944
724 995
725 729
725 732
725 733
725 735
725 796
725 875
726 729
726 731
726 732
726 735
726 974
726 806
726 841
726 858
727 728
727 732
727 737
727 938
727 870
727 816
727 873
727 780
727 937
728 729
728 730
728 731
728 732
728 733
728 734
728 735
728 736
728 738
729 732
729 736
729 737
729 953
729 845
729 947
729 749
730 734
730 740
730 957
730 905
730 894
730 746
731 732
731 735
731 738
731 740
731 741
731 885
731 776
731 964
731 862
732 733
732 736
732 739
732 741
732 936
732 903
733 734
733 735
733 736
733 737
733 739
733 742
733 743
733 777
733 774
734 735
734 738
734 739
734 742
734 744
734 736
734 903
734 974
735 737
735 739
735 740
735 741
735 744
735 745
735 914
736 737
736 738
736 739
736 744
737 741
737 742
737 744
737 745
737 747
737 810
737 852
737 983
738 740
738 741
738 746
738 747
739 743
739 744
739 745
739 748
739 861
740 741
740 742
740 743
740 744
740 747
740 749
740 974
740 900
740 763
740 955
741 742
741 745
741 747
741 748
741 749
741 751
741 876
741 850
741 775
742 747
742 750
742 752
742 879
742 926
742 885
742 910
743 746
743 747
743 748
743 749
743 753
743 936
743 887
744 746
744 747
744 750
744 752
744 753
744 754
744 811
744 998
744 976
745 747
745 748
745 749
745 751
745 752
745 753
745 754
745 755
745 841
745 793
746 748
746 749
746 750
746 800
746 782
747 749
747 751
747 753
747 754
747 757
747 910
747 858
748 751
748 752
748 754
748 755
748 756
748 757
748 777
748 851
748 904
749 752
749 754
749 755
749 756
749 757
749 758
749 835
749 787
749 833
750 751
750 753
750 754
750 756
750 757
750 862
751 752
751 755
751 757
751 758
751 760
751 761
751 905
752 754
752 755
752 756
752 757
752 759
752 953
752 847
753 754
753 755
753 756
753 757
753 762
753 763
753 767
753 941
753 894
754 756
754 758
754 759
754 763
754 764
754 985
754 817
754 977
754 786
755 757
755 760
755 762
755 763
755 765
755 909
755 819
756 758
756 759
756 762
756 764
756 765
756 757
756 914
756 935
757 758
757 761
757 762
757 763
757 764
757 767
757 949
758 761
758 763
758 765
758 766
758 768
758 853
758 981
758 882
759 761
759 763
759 766
759 769
759 989
759 863
760 764
760 765
760 766
760 767
760 769
760 770
760 848
760 991
760 953
761 762
761 763
761 764
761 765
761 768
761 770
761 922
762 763
762 766
762 768
762 769
762 770
762 771
762 772
762 802
762 955
763 764
763 765
763 766
763 770
763 771
763 855
763 880
764 768
764 769
764 772
764 774
764 833
765 767
765 769
765 770
765 771
765 772
765 773
765 774
765 775
765 993
765 887
766 768
766 770
766 771
766 772
766 773
766 832
766 845
766 895
767 769
767 770
767 774
767 776
767 777
767 804
767 965
768 769
768 772
768 773
768 774
768 775
768 776
768 778
768 920
768 836
768 839
769 773
769 775
769 940
769 988
770 771
770 773
770 774
770 775
770 778
770 779
770 866
770 922
770 973
771 774
771 775
771 776
771 777
771 778
771 779
771 901
772 774
772 775
772 776
772 779
772 780
772 781
772 782
773 774
773 776
773 777
773 778
773 779
773 780
773 781
773 782
773 911
773 794
774 776
774 780
774 781
775 776
775 778
775 779
775 871
776 777
776 778
776 779
776 780
776 781
776 783
776 784
776 978
777 781
777 782
777 783
777 784
777 787
777 848
778 779
778 780
778 783
778 785
778 787
778 788
778 808
779 784
779 788
779 846
779 796
779 967
780 784
780 785
780 786
780 787
780 790
780 916
781 783
781 784
781 786
781 787
781 788
781 790
781 791
781 933
781 934
781 963
781 842
781 952
782 784
782 785
782 789
782 952
783 787
783 788
783 791
783 871
783 896
783 919
783 808
784 785
784 786
784 791
784 792
784 793
784 933
784 888
784 917
785 786
785 787
785 789
785 792
785 794
785 795
785 956
785 890
786 789
786 790
786 791
786 792
786 796
787 788
787 789
787 793
787 794
787 796
787 797
787 878
788 790
788 793
788 796
788 797
788 944
789 790
789 792
789 793
789 794
789 795
789 796
789 799
790 791
790 793
790 795
790 798
790 800
790 970
790 926
790 991
791 792
791 793
791 794
791 795
791 796
791 797
791 801
791 967
792 793
792 794
792 795
792 797
792 800
792 801
792 802
792 988
793 794
793 796
793 797
793 799
793 801
793 883
794 795
794 798
794 801
794 802
794 803
794 804
795 799
795 801
795 803
795 843
795 992
795 857
796 797
796 799
796 801
796 802
796 804
796 812
796 896
796 957
797 798
797 799
797 800
797 801
797 802
797 805
797 806
797 807
797 936
798 800
798 803
798 804
798 805
798 806
798 808
798 928
798 952
799 801
799 802
799 803
799 805
799 808
799 809
799 866
800 801
800 804
800 807
800 808
800 809
800 831
800 921
800 897
800 958
801 803
801 806
801 807
801 809
801 810
801 811
801 938
802 804
802 805
802 808
802 809
802 810
802 904
803 804
803 805
803 807
803 813
803 928
803 826
803 983
804 806
804 807
804 809
804 810
804 811
804 812
804 814
804 906
805 808
805 809
805 812
805 813
805 814
805 815
805 890
805 933
806 809
806 812
806 813
806 815
806 816
806 996
807 811
807 812
807 813
807 817
807 959
807 912
808 810
808 811
808 812
808 813
808 994
808 918
809 813
809 815
809 816
809 818
809 819
809 912
810 813
810 815
810 817
810 819
810 820
810 907
811 815
811 819
811 820
811 965
812 813
812 816
812 817
812 818
812 819
812 821
812 822
813 814
813 815
813 816
813 818
813 819
813 820
813 822
813 823
813 925
813 845
814 815
814 818
814 820
814 821
814 823
814 824
814 853
814 816
814 868
814 909
815 817
815 818
815 819
815 820
815 821
815 823
815 824
815 908
815 926
815 946
816 817
816 822
816 823
816 824
816 826
816 874
817 819
817 822
817 823
817 826
817 827
817 857
817 994
818 819
818 820
818 821
818 823
818 824
818 827
818 828
818 978
819 820
819 821
819 824
819 826
819 829
819 873
820 823
820 827
820 828
820 829
820 908
821 822
821 826
821 827
821 829
821 879
821 983
821 825
822 823
822 824
822 825
822 826
822 827
822 829
822 830
822 831
822 832
823 824
823 826
823 827
823 829
823 830
823 833
823 997
824 828
824 830
824 831
824 832
824 833
824 912
824 846
824 985
825 826
825 827
825 828
825 830
825 831
825 834
825 835
825 856
826 827
826 829
826 830
826 831
826 832
826 834
826 835
826 878
827 828
827 830
827 831
827 832
827 833
827 834
827 835
827 837
827 937
827 902
828 829
828 830
828 833
828 836
828 837
828 838
828 967
829 831
829 832
829 833
829 835
829 836
829 839
829 869
829 849
829 889
830 832
830 833
830 836
830 837
830 839
831 832
831 834
831 835
831 836
831 837
831 838
831 839
831 888
831 913
832 833
832 835
832 836
832 837
832 839
832 841
832 941
833 835
833 839
833 843
833 848
833 976
834 835
834 836
834 837
834 838
834 840
834 843
834 844
835 836
835 839
835 840
835 842
835 843
835 945
836 837
836 838
836 839
836 843
836 845
837 842
837 843
837 844
837 845
837 846
837 847
838 840
838 842
838 843
838 844
838 863
838 853
839 840
839 841
839 842
839 844
839 848
839 849
840 842
840 843
840 846
840 848
840 850
840 947
841 843
841 846
841 847
841 848
841 910
841 973
842 843
842 845
842 846
842 848
842 849
842 851
842 852
842 861
843 845
843 846
843 847
843 849
843 850
843 854
844 847
844 848
844 849
844 850
844 851
845 848
845 849
845 850
845 851
845 852
845 853
845 854
845 963
846 850
846 853
846 855
846 856
846 971
846 919
846 858
847 848
847 849
847 850
847 851
847 852
847 854
847 855
847 856
847 857
847 941
848 849
848 851
848 854
848 855
848 856
848 858
849 850
849 853
849 854
849 856
849 857
849 859
849 960
850 851
850 852
850 853
850 857
850 859
850 935
851 853
851 855
851 857
851 859
851 860
851 861
851 914
851 948
852 854
852 855
852 856
852 858
852 860
852 861
852 862
852 898
852 884
853 855
853 857
853 859
853 861
853 862
853 863
853 913
854 856
854 860
854 861
854 999
855 856
855 857
855 858
855 861
855 865
855 956
856 858
856 859
856 861
856 862
856 864
856 865
856 866
856 980
857 858
857 859
857 861
857 862
857 863
857 866
857 867
858 862
858 866
858 868
858 893
858 929
859 861
859 862
859 863
859 864
859 866
859 868
859 869
860 861
860 863
860 864
860 865
860 867
860 868
860 870
860 878
860 975
860 941
861 862
861 863
861 864
861 866
861 867
861 868
861 869
861 875
861 928
862 865
862 867
862 868
862 869
862 870
862 871
862 965
863 864
863 865
863 866
863 867
863 872
863 873
863 876
863 909
863 939
864 865
864 867
864 868
864 869
864 870
864 871
864 872
864 873
864 874
864 977
865 866
865 867
865 868
865 869
865 870
865 873
865 874
865 875
865 902
866 868
866 869
866 870
866 871
866 872
866 873
866 874
866 876
867 868
867 869
867 870
867 871
867 872
867 873
867 874
867 875
867 963
868 870
868 872
868 874
868 876
868 878
869 872
869 873
869 874
869 875
869 876
869 877
869 903
870 871
870 875
870 876
870 877
870 879
870 948
870 885
870 888
870 992
871 872
871 875
871 876
871 879
871 880
871 881
871 926
871 975
872 873
872 874
872 876
872 878
872 879
872 880
872 881
872 899
873 875
873 876
873 878
873 879
873 880
873 882
873 883
873 905
874 875
874 878
874 882
874 894
875 876
875 877
875 880
875 882
875 884
875 885
875 991
875 927
875 987
876 877
876 878
876 880
876 881
876 883
876 884
876 886
876 979
877 878
877 879
877 884
877 887
878 881
878 885
878 886
878 887
878 981
879 880
879 883
879 884
879 886
879 888
879 889
879 900
879 882
880 882
880 883
880 884
880 886
880 887
880 888
880 889
880 890
881 882
881 883
881 884
881 886
881 887
881 888
881 889
881 949
882 885
882 887
882 889
882 890
882 891
883 884
883 887
883 890
883 892
883 893
883 982
884 887
884 888
884 889
884 890
884 892
884 917
884 901
884 980
884 912
885 887
885 888
885 889
885 892
885 893
885 894
885 895
885 985
886 888
886 889
886 890
886 893
886 894
886 900
887 888
887 890
887 891
887 895
887 897
887 907
887 969
888 890
888 891
888 892
888 893
888 894
888 895
888 897
889 890
889 891
889 893
889 897
889 898
889 899
889 976
889 894
890 896
890 900
890 916
890 928
891 895
891 896
891 899
891 901
891 987
891 986
892 893
892 898
892 899
892 900
892 901
892 987
893 894
893 896
893 897
893 898
893 902
893 910
894 895
894 896
894 897
894 900
895 897
895 900
895 902
895 903
896 898
896 899
896 905
896 906
896 989
896 995
897 898
897 899
897 900
897 901
897 905
897 907
897 979
897 958
898 899
898 900
898 901
898 904
898 905
898 907
898 908
898 986
898 967
899 901
899 902
899 905
899 906
899 908
899 909
900 901
900 902
900 903
900 905
900 906
900 908
900 910
901 902
901 903
901 904
901 905
901 910
901 955
901 921
901 984
902 904
902 905
902 908
902 909
902 911
902 961
902 968
903 904
903 905
903 906
903 907
903 910
903 911
903 912
903 913
904 905
904 906
904 908
904 911
904 912
904 940
905 907
905 908
905 910
905 912
905 913
905 966
906 907
906 908
906 910
906 912
906 913
906 914
906 915
907 909
907 911
907 913
907 914
907 916
907 917
907 981
908 909
908 910
908 912
908 913
908 917
908 980
909 910
909 912
909 915
909 916
909 917
909 918
909 919
909 939
910 911
910 913
910 914
910 917
910 918
910 920
910 924
911 913
911 914
911 915
911 916
911 921
911 929
912 915
912 919
912 920
912 922
913 914
913 915
913 916
913 919
913 920
914 916
914 917
914 918
914 920
914 922
914 924
915 916
915 917
915 918
915 920
915 922
915 983
916 919
916 920
916 921
916 923
916 924
916 925
917 918
917 919
917 921
917 924
917 925
917 926
918 920
918 923
918 924
918 925
918 926
918 927
919 920
919 922
919 925
919 926
919 928
920 921
920 922
920 926
920 927
920 928
920 930
920 993
920 939
921 923
921 925
921 926
921 927
921 928
921 931
921 947
921 948
922 923
922 925
922 926
922 928
922 931
922 932
922 940
923 925
923 926
923 927
923 928
923 930
923 931
923 933
923 942
923 976
924 925
924 927
924 928
924 930
924 931
924 932
924 933
925 928
925 929
925 931
925 932
925 934
925 935
926 927
926 932
926 933
926 935
926 936
927 928
927 930
927 931
927 932
927 933
927 934
927 936
927 945
928 931
928 933
928 935
929 930
929 931
929 933
929 934
929 935
929 936
930 931
930 932
930 933
930 934
930 935
930 937
930 938
930 939
930 940
930 959
931 936
931 938
931 939
931 941
931 999
932 934
932 936
932 937
932 941
932 942
933 934
933 936
933 939
933 940
933 943
933 987
933 951
933 998
934 936
934 938
934 939
934 940
934 941
934 943
934 944
935 936
935 937
935 938
935 939
935 940
935 942
935 944
935 945
936 939
936 940
936 941
936 943
936 946
937 943
937 944
937 945
937 946
937 966
937 994
937 975
938 939
938 943
938 944
938 945
938 958
939 940
939 942
939 944
939 945
939 949
940 941
940 942
940 944
940 945
940 946
940 947
940 948
940 949
941 944
941 945
941 946
941 948
941 949
941 951
942 946
942 948
942 949
942 952
943 944
943 945
943 951
943 952
943 976
944 945
944 946
944 947
944 948
944 952
944 953
944 954
945 946
945 948
945 950
945 951
945 953
945 954
945 955
946 947
946 948
946 950
946 951
946 952
946 956
946 967
947 948
947 950
947 951
947 954
947 955
948 951
948 952
948 955
948 956
948 957
948 958
949 952
949 953
949 955
949 957
949 958
949 959
949 962
950 951
950 952
950 953
950 954
950 957
950 958
951 953
951 957
951 958
951 959
951 960
951 961
951 964
952 953
952 955
952 956
952 958
953 956
953 957
953 958
953 959
953 963
954 957
954 961
954 962
954 963
954 964
954 971
955 957
955 959
956 959
956 961
956 964
956 966
957 958
957 959
957 960
957 961
957 962
957 963
957 964
957 966
957 967
958 959
958 962
958 964
958 966
958 967
959 960
959 963
959 967
959 969
959 991
960 963
960 964
960 965
960 966
960 968
960 969
960 970
960 987
960 975
961 962
961 967
961 968
961 969
961 971
962 963
962 964
962 966
962 969
962 971
963 965
963 966
963 969
963 970
963 973
964 965
964 966
964 968
964 971
964 973
964 974
965 967
965 968
965 971
965 972
965 973
965 975
966 967
966 968
966 971
966 973
966 974
966 975
966 997
967 968
967 969
967 970
967 972
967 973
967 974
968 969
968 971
968 973
968 975
968 978
969 972
969 974
969 975
969 976
969 977
969 978
970 972
970 973
970 974
970 977
970 978
970 979
970 980
971 973
971 974
971 975
971 976
971 978
971 979
972 973
972 976
972 977
972 978
972 979
972 980
972 981
972 982
973 974
973 975
973 977
973 980
973 981
973 982
974 975
974 976
974 979
974 980
974 981
974 982
974 984
975 976
975 977
975 978
975 979
975 980
975 981
975 982
975 984
976 977
976 978
976 979
976 981
976 982
976 983
977 979
977 980
977 981
977 982
977 986
977 987
978 980
978 981
978 983
978 984
978 986
978 987
978 988
979 981
979 984
979 986
979 988
979 989
980 983
980 984
980 985
980 990
981 982
981 983
981 985
981 986
981 987
981 988
981 990
981 991
982 983
982 986
982 987
982 988
982 990
982 991
983 989
983 991
983 992
984 988
984 989
984 990
984 991
984 993
985 987
985 990
985 991
985 994
986 988
986 991
986 996
987 988
987 991
987 992
987 993
987 994
987 997
988 989
988 991
988 995
989 990
989 992
989 993
989 995
989 997
989 998
989 999
990 991
990 994
990 996
990 997
990 998
990 999
991 993
991 995
991 998
992 995
992 998
993 994
993 996
993 998
993 999
994 995
994 996
994 998
995 996
995 997
995 998
996 998
996 999
997 999
998 999
