83 412
83 361
83 174
83 30
83 90
412 211
412 467
412 288
412 138
149 357
149 3
149 82
149 133
149 280
357 294
357 358
357 93
357 170
28 67
28 399
28 114
28 326
28 487
67 237
67 227
67 361
67 79
29 32
29 48
29 424
29 60
29 473
32 55
32 58
32 160
32 230
88 118
88 439
88 484
88 422
88 389
118 305
118 61
118 15
118 325
153 327
153 264
153 230
153 460
153 89
327 85
327 7
327 374
327 90
245 330
245 105
245 407
245 384
245 494
330 356
330 27
330 8
330 60
74 448
74 463
74 309
74 287
74 116
448 132
448 81
448 404
448 221
25 443
25 114
25 106
25 184
25 494
443 176
443 198
443 493
443 359
205 230
205 167
205 249
205 164
205 336
230 304
230 474
297 498
297 46
297 276
297 281
297 300
498 428
498 150
498 213
498 704
165 458
165 294
165 55
165 233
165 177
458 35
458 145
458 405
458 108
9 476
9 178
9 191
9 435
9 109
476 396
476 296
476 348
476 164
396 52
396 362
396 84
396 162
161 344
161 203
161 307
161 107
161 253
344 288
344 79
344 437
344 300
0 247
0 335
0 338
0 374
0 222
247 368
247 171
247 355
247 163
159 420
159 298
159 468
159 437
159 173
420 209
420 353
420 5
420 125
390 432
390 400
390 197
390 361
390 383
432 170
432 21
432 397
432 202
123 317
123 210
123 487
123 63
123 436
317 66
317 478
317 490
317 41
40 319
40 472
40 462
40 285
40 235
319 110
319 419
319 219
319 461
353 370
353 19
353 214
353 358
370 36
370 408
370 258
370 456
55 472
55 7
55 235
73 352
73 142
73 222
73 380
73 193
352 339
352 475
352 307
352 148
286 316
286 455
286 336
286 395
286 208
316 196
316 372
316 397
316 364
384 479
384 469
384 271
384 457
479 214
479 425
479 124
479 421
181 299
181 499
181 216
181 314
181 385
299 444
299 75
299 414
299 203
228 231
228 365
228 19
228 51
228 447
231 209
231 212
231 338
231 78
63 280
63 151
63 166
63 332
280 39
280 62
280 463
350 373
350 163
350 193
350 492
350 272
373 482
373 436
373 303
373 318
3 107
3 343
3 100
3 423
256 329
256 45
256 10
256 268
256 290
329 424
329 320
329 295
329 488
168 216
168 183
168 128
168 406
168 43
216 99
216 341
216 254
201 250
201 482
201 366
201 187
201 358
250 152
250 387
250 409
250 164
82 97
82 417
82 409
82 236
227 387
227 46
227 293
227 342
387 452
387 115
387 315
225 463
225 378
225 79
225 191
225 207
463 270
463 315
101 427
101 260
101 140
101 105
101 268
427 497
427 202
427 375
427 91
105 138
105 484
105 188
138 451
138 290
138 134
126 340
126 240
126 482
126 393
126 141
340 347
340 38
340 232
340 439
226 464
226 301
226 154
226 275
226 242
464 371
464 486
464 151
464 80
10 394
10 37
10 217
10 413
394 41
394 263
394 109
394 408
209 311
209 411
209 263
259 497
259 332
259 453
259 362
259 119
497 36
497 113
497 64
482 179
482 163
166 269
166 91
166 208
166 212
269 494
269 418
269 477
269 437
272 287
272 217
272 388
272 200
287 392
287 140
287 453
365 478
365 304
365 183
365 72
478 70
478 21
478 54
17 182
17 413
17 382
17 485
17 334
182 184
182 285
182 377
182 124
178 15
178 312
178 271
178 418
279 447
279 360
279 176
279 248
279 72
447 266
447 130
447 65
179 180
179 337
179 415
179 154
180 292
180 94
180 361
180 76
53 104
53 284
53 97
53 374
53 234
104 198
104 175
104 157
104 325
469 314
469 69
469 496
469 467
260 445
260 415
260 439
260 257
392 113
392 31
392 435
392 68
127 290
127 491
127 426
127 107
127 20
290 78
290 207
113 490
113 219
113 422
335 249
335 65
335 197
335 292
337 339
337 76
337 275
337 305
58 257
58 70
58 92
58 59
162 253
162 267
162 12
162 221
253 307
253 399
253 111
78 115
78 435
78 207
436 99
436 266
436 336
110 471
110 92
110 240
110 328
471 414
471 155
471 11
471 347
22 358
22 62
22 176
22 221
22 51
358 489
283 399
283 356
283 401
283 111
283 441
399 45
399 364
183 282
183 150
183 94
11 465
11 368
11 284
11 242
465 211
465 433
465 234
465 238
294 102
294 369
294 239
278 320
278 289
278 156
278 356
278 143
320 405
320 385
320 266
96 200
96 232
96 189
96 169
96 193
200 89
200 383
200 311
33 489
33 381
33 117
33 175
33 244
489 388
489 408
489 456
213 456
213 197
213 4
213 486
456 244
456 203
212 246
212 421
212 174
50 169
50 360
50 284
50 485
50 499
169 26
169 223
169 2
108 375
108 52
108 85
108 402
375 429
375 318
375 385
322 484
322 288
322 408
322 66
322 351
484 333
484 379
490 254
490 5
490 466
381 296
381 437
381 395
381 41
18 481
18 496
18 224
18 112
18 214
481 241
481 56
481 155
481 60
379 380
379 130
379 196
379 197
380 312
380 360
380 416
59 146
59 258
59 106
59 152
146 144
146 354
146 167
146 474
39 42
39 428
39 409
39 433
264 398
264 345
264 313
264 349
398 265
398 135
398 130
398 192
160 277
160 292
160 393
160 407
277 468
277 90
277 416
277 133
292 137
292 306
343 435
343 5
343 442
343 261
435 273
125 441
125 158
125 21
125 494
441 189
441 374
441 100
46 129
46 85
46 52
34 359
34 237
34 305
34 87
34 141
359 477
359 219
359 462
43 407
43 276
43 442
43 368
407 326
407 378
102 313
102 65
102 249
102 461
313 184
313 206
313 35
97 234
97 395
97 397
234 129
234 496
338 371
338 403
338 184
100 425
100 341
100 446
425 175
425 480
425 321
142 454
142 107
142 173
142 263
321 393
321 267
321 86
321 47
393 128
393 112
251 414
251 215
251 199
251 282
251 26
414 4
414 56
217 239
217 95
217 54
156 405
156 152
156 404
156 184
405 141
405 221
388 419
388 210
388 195
419 391
419 72
419 488
197 80
314 426
314 372
314 254
80 302
80 261
80 430
302 446
302 385
302 115
302 69
141 318
141 241
318 378
318 366
477 158
477 403
477 248
5 128
5 440
128 325
128 193
222 242
222 445
222 69
242 348
242 416
15 218
15 132
15 341
52 325
52 861
325 265
276 90
276 486
276 492
192 341
192 150
192 304
192 486
341 355
265 89
265 271
265 291
111 267
111 315
111 496
267 148
267 16
472 174
472 434
472 140
174 103
174 224
371 215
371 274
371 369
194 422
194 434
194 45
194 470
194 274
422 54
422 369
266 84
266 243
444 440
444 236
444 406
444 136
211 331
211 248
211 208
331 495
331 499
331 1
331 214
177 189
177 173
177 273
177 451
189 130
189 122
288 106
288 72
202 282
202 406
202 124
282 19
282 492
356 474
356 254
333 473
333 210
333 4
333 47
473 190
473 417
473 483
415 152
415 49
415 31
130 151
8 44
8 275
8 433
8 37
44 139
44 75
44 175
44 65
158 51
158 257
158 87
19 246
19 270
24 397
24 134
24 155
24 434
24 20
397 275
56 429
56 255
56 176
429 323
429 30
429 293
391 173
391 439
391 27
391 170
310 345
310 252
310 351
310 196
310 386
345 261
345 328
345 185
75 336
75 87
75 454
249 143
249 377
254 450
450 298
450 133
450 328
450 7
6 348
6 296
6 187
6 91
6 47
348 117
348 176
298 93
298 117
298 95
30 147
30 121
30 232
147 499
147 324
147 91
147 452
71 185
71 431
71 342
71 355
71 219
185 2
185 148
185 323
239 152
239 1
239 38
236 252
236 385
236 27
252 238
252 36
252 255
132 460
132 295
132 376
460 172
460 485
460 37
261 167
261 139
462 170
462 94
462 467
85 204
85 363
204 346
204 41
204 107
204 402
145 255
145 466
145 120
145 424
255 334
255 51
144 346
144 382
144 195
144 220
148 301
148 229
301 372
301 308
301 86
354 406
354 68
354 474
354 296
406 31
49 295
49 99
49 367
49 114
295 307
295 454
191 199
191 237
191 461
199 438
199 218
199 48
232 38
232 99
372 140
372 131
98 421
98 466
98 238
98 426
98 362
421 103
421 84
210 187
210 402
374 440
304 382
304 77
382 150
382 157
426 244
426 309
133 271
133 20
271 332
86 424
86 208
86 423
424 383
35 124
35 480
35 136
89 431
89 423
136 281
136 131
136 68
281 26
281 241
281 377
408 187
68 262
68 77
262 188
262 496
262 454
262 457
41 1
140 57
45 135
45 195
135 233
135 475
135 376
157 196
157 332
157 423
196 366
76 122
76 270
76 64
122 483
122 220
122 488
285 38
285 347
285 468
129 134
129 238
129 229
134 154
134 221
339 386
339 377
339 328
291 312
291 475
291 13
291 368
312 208
312 257
492 309
492 137
120 430
120 233
120 491
120 470
430 442
430 284
430 95
92 188
92 61
92 409
188 376
188 2
454 459
198 342
198 410
198 31
69 449
69 486
494 360
445 416
445 401
445 36
143 274
143 26
143 480
274 378
274 233
61 124
61 303
61 461
368 207
483 495
483 64
483 109
495 115
495 347
495 446
175 351
1 311
1 417
311 400
311 77
27 220
27 303
220 367
220 480
206 451
206 171
206 164
206 413
451 70
451 240
90 431
296 363
171 131
171 79
171 91
150 131
87 243
87 223
243 121
243 117
243 112
237 4
237 303
413 328
413 241
151 31
151 81
309 77
309 315
434 72
434 336
442 364
442 363
332 366
499 248
437 12
334 13
334 70
334 289
453 21
453 346
453 224
42 455
42 116
42 360
42 364
455 23
455 369
455 215
51 440
401 48
401 349
401 402
275 349
438 417
438 235
438 240
438 57
257 326
99 14
186 324
186 16
186 363
186 190
186 487
324 106
324 273
324 77
114 488
114 223
305 409
305 449
449 16
449 167
449 326
119 306
119 190
119 64
119 467
306 2
306 467
306 154
65 488
355 423
355 303
131 47
139 485
139 81
139 446
485 383
246 404
246 416
246 240
361 410
215 389
215 235
172 289
172 347
172 203
172 369
289 466
289 137
475 402
475 20
155 23
155 62
400 418
400 410
400 218
418 351
418 224
36 21
351 470
62 367
62 459
466 411
468 389
468 57
7 13
7 137
115 487
428 493
428 219
428 349
493 363
493 244
493 109
233 470
187 386
94 457
94 229
38 116
263 403
263 12
403 81
403 457
440 13
417 346
26 23
491 326
491 378
491 308
106 258
307 48
70 60
367 342
367 404
235 93
439 452
452 248
452 190
2 116
446 457
190 241
93 308
93 14
308 84
308 164
218 404
218 14
258 389
258 37
389 300
431 459
431 268
13 229
57 376
57 193
376 163
195 346
195 383
66 300
66 244
66 14
167 362
117 323
203 411
121 16
121 411
121 270
154 323
12 48
12 270
163 79
14 395
238 433
170 54
23 410
23 411
461 487
323 84
103 60
103 284
103 214
410 273
4 433
386 366
386 293
459 342
459 223
64 293
293 95
173 207
116 395
470 37
20 362
16 112
109 268
268 474
81 54
315 95
47 229
349 364
273 112
300 377
137 224
223 480
575 908
575 757
575 887
575 847
575 783
908 759
908 776
908 925
908 519
804 880
804 500
804 686
804 828
804 647
880 901
880 573
880 626
880 785
812 856
812 755
812 788
812 684
812 798
856 525
856 807
856 526
856 564
582 659
582 986
582 965
582 680
582 584
659 942
659 810
659 890
659 772
607 981
607 887
607 654
607 815
607 782
981 870
981 559
981 888
981 967
787 948
787 551
787 907
787 769
787 800
948 603
948 522
948 583
948 631
773 784
773 995
773 568
773 789
773 598
784 824
784 597
784 678
784 968
517 944
517 539
517 895
517 637
517 869
944 608
944 557
944 745
944 638
528 953
528 766
528 570
528 728
528 842
953 625
953 920
953 665
953 883
524 574
524 652
524 710
524 831
524 538
574 818
574 623
574 816
574 926
720 894
720 701
720 613
720 746
720 892
894 733
894 890
894 816
894 596
772 941
772 825
772 648
772 604
941 503
941 859
941 760
941 542
508 751
508 767
508 887
508 807
508 761
751 883
751 918
751 770
751 570
628 667
628 506
628 539
628 740
628 906
667 855
667 604
667 805
667 625
621 893
621 774
621 526
621 800
621 921
893 701
893 882
893 546
893 976
712 931
712 858
712 726
712 728
712 762
931 855
931 872
931 707
931 653
510 796
510 897
510 791
510 714
510 572
796 610
796 505
796 874
796 764
911 996
911 675
911 823
911 670
911 717
996 690
996 506
996 897
996 760
501 603
501 877
501 520
501 918
501 525
603 939
603 938
603 790
579 788
579 933
579 990
579 694
579 809
788 963
788 966
788 630
593 951
593 929
593 768
593 762
593 535
951 703
951 600
951 532
951 544
901 553
901 509
901 940
901 943
743 975
743 834
743 701
743 882
743 700
975 886
975 688
975 602
975 595
650 704
650 519
650 645
650 766
650 962
704 961
704 903
704 605
581 833
581 822
581 913
581 638
581 739
833 747
833 550
833 946
833 837
599 738
599 907
599 884
599 810
599 913
738 851
738 755
738 768
738 891
590 918
590 578
590 697
590 711
590 672
918 884
918 952
810 921
810 543
810 974
921 910
921 651
921 511
843 955
843 889
843 723
843 535
843 930
955 797
955 558
955 818
955 636
763 846
763 619
763 961
763 531
763 942
846 761
846 523
846 954
846 654
686 891
686 550
686 547
686 744
891 539
891 914
891 587
544 658
544 780
544 605
544 971
658 515
658 546
658 715
658 849
709 731
709 900
709 847
709 613
709 639
731 789
731 693
731 961
731 710
620 882
620 698
620 700
620 933
620 935
882 669
882 567
692 907
692 665
692 657
692 917
692 774
907 521
907 734
504 707
504 809
504 700
504 847
504 652
707 844
707 790
707 525
631 811
631 778
631 999
631 857
811 965
811 902
811 869
811 696
608 563
608 947
608 881
608 542
749 803
749 624
749 824
749 902
749 619
803 611
803 792
803 994
803 500
523 985
523 795
523 556
523 814
985 540
985 972
985 780
985 760
598 899
598 823
598 585
598 993
899 744
899 770
899 538
899 549
512 567
512 988
512 959
512 585
512 699
567 840
567 506
567 756
551 792
551 662
551 844
551 657
610 873
610 864
610 781
610 695
873 690
873 995
873 685
873 871
657 805
657 513
657 682
805 647
805 776
805 851
874 919
874 587
874 850
874 979
919 587
919 670
919 601
919 600
855 775
855 506
855 958
632 748
632 875
632 525
632 562
632 609
748 797
748 711
748 527
748 670
577 817
577 842
577 854
577 702
577 627
817 864
817 910
817 723
817 573
584 713
584 937
584 663
584 653
713 761
713 718
713 926
713 986
706 818
706 727
706 673
706 935
706 869
818 502
818 732
664 821
664 813
664 771
664 884
664 730
821 606
821 750
821 521
821 636
639 764
639 741
639 851
639 795
764 932
764 886
764 728
531 822
531 516
531 552
531 652
822 954
822 879
822 520
892 950
892 799
892 564
892 687
950 618
950 847
950 758
950 871
569 934
569 861
569 561
569 732
569 627
934 646
934 725
934 736
934 557
689 850
689 612
689 758
689 888
689 730
850 687
850 767
850 614
580 714
580 735
580 583
580 673
580 987
714 923
714 926
714 633
549 992
549 946
549 566
549 754
992 617
992 716
992 660
992 922
747 644
747 642
747 545
747 947
630 693
630 782
630 837
630 527
693 762
693 752
693 909
757 661
757 912
757 957
757 835
741 923
741 972
741 820
741 842
819 937
819 801
819 942
819 966
819 903
937 721
937 633
937 968
589 920
589 519
589 552
589 680
589 994
920 560
920 994
920 825
795 863
795 865
795 758
797 591
797 739
797 837
716 881
716 514
716 844
716 836
881 688
881 924
881 823
834 825
834 974
834 836
834 534
542 930
542 943
542 703
930 769
930 718
930 998
521 768
521 990
521 890
766 786
766 909
766 886
897 739
897 989
897 729
778 904
778 754
778 925
778 841
652 854
652 545
721 640
721 807
721 646
721 857
552 979
552 827
552 566
979 563
979 878
979 727
963 820
963 688
963 730
963 780
799 594
799 541
799 518
799 966
946 677
946 548
946 684
723 982
723 637
723 870
982 780
982 877
982 526
982 654
587 829
587 548
829 771
829 600
829 530
829 842
688 697
688 840
679 912
679 565
679 648
679 972
679 841
912 596
912 558
912 585
674 717
674 547
674 845
674 769
674 958
717 533
717 622
717 933
943 998
943 646
943 694
602 957
602 754
602 832
602 671
957 826
957 840
957 858
568 815
568 733
568 613
568 770
815 663
815 511
815 629
633 801
633 660
633 851
801 841
801 513
801 800
861 964
861 518
861 966
559 888
559 616
559 807
559 644
888 898
888 676
898 991
898 990
898 616
898 727
991 733
991 832
991 902
991 750
556 808
556 588
556 691
556 859
514 965
514 958
514 862
514 678
965 560
965 879
534 980
534 872
534 641
534 776
980 962
980 838
980 505
980 735
545 809
545 546
545 760
809 875
809 724
699 903
699 837
699 604
699 867
903 939
903 830
563 827
563 532
563 984
623 993
623 779
623 988
623 661
993 869
993 637
993 753
648 677
648 527
648 949
677 624
677 938
677 561
565 976
565 782
565 860
565 655
550 636
550 983
550 865
636 543
636 635
889 640
889 643
889 853
889 926
673 886
673 800
673 917
886 597
828 909
828 923
828 594
828 826
909 835
909 989
543 776
543 660
543 914
776 641
715 968
715 511
715 669
715 862
968 877
968 724
939 600
939 518
939 595
539 665
539 711
578 857
578 683
578 885
578 896
826 529
826 681
826 722
698 771
698 947
698 537
698 802
771 904
771 876
594 857
594 786
594 853
759 922
759 802
759 971
759 618
808 998
808 914
808 928
808 906
736 775
736 844
736 678
736 558
775 507
775 653
775 529
541 685
541 553
541 535
541 513
685 917
685 660
685 961
540 765
540 820
540 915
540 839
877 969
877 519
533 629
533 586
533 964
533 836
867 971
867 507
867 750
867 910
971 746
971 635
942 672
942 896
601 671
601 729
601 915
601 680
671 798
671 868
671 859
660 910
665 676
665 755
502 814
502 928
502 612
502 868
814 782
814 592
814 642
870 647
870 708
870 570
726 744
726 526
726 884
726 538
744 895
744 516
555 596
555 651
555 666
555 878
555 711
596 802
596 625
547 592
547 783
547 959
592 786
592 740
592 906
553 626
553 728
553 588
823 790
823 916
585 740
585 859
740 622
740 827
629 932
629 617
629 661
932 936
932 853
932 500
869 860
954 591
954 624
954 683
681 978
681 913
681 537
681 522
978 838
978 905
978 634
978 668
701 557
701 640
611 999
611 762
611 938
611 995
999 910
999 852
999 518
878 970
878 940
878 591
970 691
970 988
970 529
970 958
637 700
637 896
591 588
591 705
515 758
515 794
515 962
515 752
754 940
754 914
940 933
940 928
687 774
687 990
687 695
786 972
786 794
972 697
646 840
646 872
626 864
626 564
626 516
635 924
635 755
635 647
924 793
924 554
924 638
507 532
507 852
507 554
705 876
705 858
705 913
705 641
876 606
876 839
876 522
676 998
676 990
676 830
998 864
640 666
640 952
666 505
666 986
666 668
703 546
703 675
703 956
837 536
612 656
612 781
612 538
789 762
789 615
789 949
887 986
887 860
774 683
774 904
758 779
779 513
779 871
779 977
690 765
690 696
690 651
526 770
675 866
675 616
675 849
866 571
866 588
866 936
866 503
988 916
988 702
520 583
520 691
520 945
583 883
583 643
936 848
936 678
936 760
765 537
765 573
765 977
863 922
863 816
863 662
863 745
922 682
922 702
560 964
560 669
560 825
697 606
697 753
614 976
614 752
614 807
614 710
976 566
976 831
600 849
849 841
849 722
710 802
710 960
654 905
654 554
905 562
905 961
905 960
537 724
537 973
947 561
947 858
831 806
831 618
831 785
719 890
719 655
719 785
719 902
719 735
890 554
644 857
644 915
644 708
752 883
752 718
708 768
708 655
708 791
768 604
734 906
734 864
734 643
734 615
906 767
561 572
561 997
928 884
928 875
842 511
790 806
790 570
806 854
806 696
806 984
656 868
656 945
656 718
656 848
649 839
649 742
649 625
649 986
649 933
839 949
839 655
562 691
562 627
562 695
691 813
606 929
606 927
696 655
696 737
651 700
651 824
995 781
995 845
813 848
813 670
813 570
588 702
820 841
820 680
964 702
964 522
625 725
503 618
503 613
503 645
618 536
742 900
742 683
742 661
742 959
900 824
900 952
900 572
554 785
785 645
739 830
739 960
830 915
830 727
506 967
516 529
516 653
529 695
783 793
783 694
783 974
793 871
793 756
793 557
904 782
904 604
827 835
827 564
835 530
835 989
511 860
509 791
509 571
509 694
509 927
791 838
791 960
767 684
767 792
792 546
792 794
729 586
729 500
729 597
525 737
505 761
505 997
761 730
956 962
956 527
956 722
956 989
962 548
929 935
929 885
929 732
663 682
663 926
663 896
682 530
682 916
500 672
661 984
513 860
530 638
530 862
824 854
662 987
662 969
662 885
987 969
987 879
987 683
913 641
669 684
669 756
536 595
536 938
536 609
573 617
573 825
798 883
798 917
798 727
522 923
994 718
994 645
519 711
609 989
609 586
609 619
532 615
532 983
595 605
595 728
935 597
935 923
576 896
576 777
576 725
576 616
576 895
875 737
875 845
872 879
872 959
851 852
854 756
638 732
746 816
746 605
746 977
642 868
642 958
642 753
735 917
735 974
615 781
615 725
769 777
769 945
868 925
848 997
848 670
643 832
643 756
832 571
832 780
915 969
840 730
733 794
733 564
927 977
927 678
927 745
977 852
885 952
885 967
952 973
777 737
777 624
777 622
852 695
597 755
571 859
571 838
622 586
622 753
672 732
672 737
938 750
518 845
973 617
973 680
973 794
802 557
535 997
535 616
627 781
627 770
605 634
653 566
617 634
858 847
838 916
816 959
966 983
983 967
983 724
725 548
647 925
566 800
984 634
984 844
548 745
586 853
895 916
895 745
634 836
641 945
879 949
949 871
853 619
624 750
969 668
925 722
684 902
527 865
865 668
865 619
694 558
967 572
724 914
974 945
538 668
645 862
997 572
558 613
862 960
722 836
845 753
