0 103
0 106
0 109
0 156
0 162
0 178
0 277
0 290
0 431
0 432
0 524
0 667
0 694
0 705
0 729
0 916
0 938
1 34
1 140
1 142
1 186
1 204
1 256
1 418
1 424
1 456
1 457
1 461
1 500
1 556
1 786
1 818
1 825
1 841
1 847
1 892
1 927
1 966
2 64
2 114
2 131
2 183
2 220
2 250
2 312
2 449
2 468
2 511
2 765
2 874
2 884
3 28
3 214
3 321
3 345
3 390
3 412
3 472
3 474
3 507
3 508
3 586
3 622
3 754
3 842
3 862
3 883
3 913
3 955
3 978
4 15
4 19
4 123
4 126
4 169
4 348
4 370
4 449
4 464
4 468
4 565
4 604
4 656
4 663
4 727
4 759
4 782
4 784
4 874
4 985
5 13
5 18
5 60
5 63
5 98
5 106
5 139
5 146
5 188
5 203
5 234
5 257
5 268
5 313
5 409
5 431
5 494
5 505
5 513
5 538
5 548
5 592
5 675
5 688
5 694
5 777
5 783
5 861
6 79
6 144
6 342
6 351
6 355
6 415
6 417
6 619
6 643
6 774
6 809
6 863
6 952
6 953
6 970
6 991
7 53
7 179
7 231
7 266
7 303
7 318
7 368
7 497
7 718
7 781
7 837
7 932
8 9
8 27
8 71
8 86
8 138
8 285
8 406
8 502
8 514
8 529
8 564
8 609
8 632
8 639
8 657
8 659
8 711
8 796
8 872
8 956
8 968
9 27
9 86
9 115
9 138
9 153
9 173
9 182
9 261
9 320
9 375
9 379
9 406
9 492
9 502
9 514
9 564
9 572
9 579
9 597
9 609
9 639
9 657
9 658
9 740
9 796
9 868
9 872
9 929
9 956
9 980
10 31
10 59
10 70
10 185
10 267
10 276
10 385
10 401
10 450
10 481
10 691
10 703
10 731
10 768
10 849
10 881
10 899
10 941
10 969
10 977
11 56
11 175
11 201
11 224
11 315
11 363
11 389
11 480
11 552
11 571
11 610
11 624
11 702
11 722
11 788
11 843
11 877
11 911
11 974
12 39
12 41
12 83
12 193
12 269
12 305
12 309
12 311
12 324
12 405
12 465
12 578
12 638
12 662
12 684
12 700
12 744
12 853
12 871
13 60
13 63
13 92
13 98
13 103
13 106
13 139
13 146
13 188
13 203
13 234
13 313
13 344
13 369
13 394
13 409
13 431
13 505
13 513
13 538
13 592
13 667
13 688
13 694
13 777
13 861
14 62
14 138
14 173
14 244
14 379
14 419
14 436
14 597
14 602
14 625
14 673
14 695
14 745
14 796
14 929
14 968
14 980
15 19
15 123
15 169
15 348
15 370
15 449
15 464
15 565
15 604
15 656
15 663
15 727
15 759
15 782
15 784
15 874
15 985
16 72
16 73
16 104
16 137
16 262
16 275
16 295
16 298
16 319
16 327
16 337
16 339
16 386
16 429
16 430
16 444
16 518
16 528
16 540
16 583
16 685
16 770
16 835
16 945
16 949
17 37
17 132
17 270
17 272
17 356
17 416
17 487
17 535
17 541
17 721
17 772
17 773
17 890
17 948
17 950
17 993
18 63
18 106
18 146
18 163
18 184
18 203
18 209
18 234
18 257
18 268
18 313
18 341
18 431
18 494
18 505
18 513
18 548
18 688
18 694
18 743
18 812
18 902
18 963
18 989
19 102
19 123
19 126
19 274
19 338
19 523
19 615
19 656
19 663
19 723
19 727
19 759
19 784
20 51
20 78
20 152
20 166
20 331
20 503
20 628
20 824
20 833
20 841
20 889
20 994
21 28
21 29
21 89
21 159
21 213
21 297
21 340
21 347
21 383
21 408
21 486
21 508
21 671
21 747
21 830
22 95
22 239
22 330
22 397
22 462
22 545
22 546
22 654
22 678
22 713
22 750
22 776
22 839
22 845
22 995
23 38
23 99
23 230
23 236
23 253
23 302
23 357
23 484
23 520
23 543
23 588
23 707
23 742
23 752
23 917
23 924
23 992
24 145
24 251
24 336
24 346
24 443
24 647
24 808
24 860
24 918
24 921
25 48
25 260
25 463
25 485
25 557
25 599
25 626
25 631
25 651
25 712
25 726
25 757
25 758
25 769
25 805
25 819
25 906
26 223
26 325
26 414
26 587
26 714
26 780
26 896
26 901
26 928
26 976
27 71
27 86
27 153
27 261
27 283
27 285
27 322
27 406
27 425
27 502
27 514
27 564
27 609
27 632
27 639
27 657
27 711
27 715
27 740
27 762
27 796
27 802
27 823
27 872
27 947
27 956
28 29
28 159
28 213
28 214
28 297
28 321
28 347
28 408
28 412
28 426
28 472
28 474
28 486
28 508
28 519
28 622
28 671
28 747
28 842
28 862
29 159
29 213
29 214
29 297
29 347
29 383
29 408
29 412
29 426
29 472
29 486
29 508
29 519
29 547
29 671
29 747
29 830
30 43
30 50
30 129
30 248
30 441
30 452
30 459
30 476
30 730
30 810
30 852
30 873
30 879
30 882
30 914
30 933
30 934
30 971
31 59
31 70
31 185
31 267
31 276
31 401
31 422
31 691
31 703
31 731
31 768
31 881
31 899
31 904
31 967
31 969
31 977
32 56
32 69
32 78
32 201
32 240
32 292
32 307
32 335
32 354
32 534
32 536
32 537
32 552
32 590
32 672
32 858
32 974
33 49
33 140
33 142
33 177
33 254
33 424
33 461
33 483
33 500
33 674
33 701
33 733
33 756
33 775
33 847
33 979
34 186
34 204
34 256
34 418
34 456
34 457
34 500
34 556
34 587
34 786
34 818
34 825
34 841
34 847
34 892
34 927
34 928
34 976
35 127
35 168
35 171
35 172
35 265
35 332
35 387
35 516
35 614
35 696
35 821
35 857
35 878
35 900
35 919
35 923
35 946
36 59
36 82
36 180
36 185
36 200
36 267
36 385
36 396
36 400
36 401
36 423
36 450
36 481
36 570
36 731
36 768
36 791
36 834
36 969
36 984
37 90
37 181
37 237
37 246
37 272
37 356
37 404
37 416
37 487
37 510
37 535
37 541
37 680
37 681
37 800
37 890
37 993
38 99
38 162
38 230
38 236
38 253
38 302
38 357
38 484
38 543
38 707
38 742
38 752
38 897
38 924
38 992
39 41
39 44
39 67
39 107
39 193
39 269
39 305
39 309
39 311
39 405
39 465
39 578
39 638
39 662
39 684
39 722
39 734
39 744
39 853
39 885
39 965
40 293
40 563
40 585
40 698
40 763
40 799
40 912
40 926
40 999
41 44
41 83
41 193
41 269
41 273
41 305
41 309
41 311
41 405
41 465
41 578
41 638
41 662
41 700
41 744
41 853
41 871
42 45
42 81
42 92
42 96
42 134
42 210
42 249
42 258
42 329
42 360
42 364
42 372
42 394
42 561
42 616
42 660
42 728
42 746
42 785
42 789
42 793
42 814
42 832
42 903
42 964
43 50
43 225
43 336
43 441
43 451
43 452
43 454
43 459
43 600
43 603
43 708
43 806
43 808
43 873
43 875
43 879
43 972
43 975
44 67
44 107
44 111
44 193
44 227
44 269
44 305
44 309
44 311
44 315
44 405
44 465
44 467
44 470
44 554
44 624
44 638
44 722
44 744
44 853
44 885
44 888
44 911
44 965
45 96
45 221
45 229
45 249
45 258
45 329
45 343
45 362
45 372
45 616
45 660
45 726
45 728
45 746
45 748
45 760
45 793
45 814
45 819
45 832
46 58
46 215
46 225
46 353
46 439
46 451
46 580
46 600
46 605
46 606
46 677
46 708
46 709
46 739
46 828
46 898
46 925
46 954
46 975
46 990
47 91
47 109
47 226
47 259
47 290
47 432
47 596
47 607
47 645
47 937
47 951
48 229
48 463
48 498
48 533
48 595
48 626
48 651
48 686
48 712
48 726
48 736
48 760
48 805
48 819
49 79
49 177
49 254
49 351
49 417
49 461
49 483
49 490
49 515
49 701
49 733
49 756
49 775
49 863
49 979
49 982
50 129
50 225
50 248
50 441
50 452
50 459
50 476
50 600
50 730
50 806
50 810
50 873
50 875
50 879
50 914
50 933
50 971
50 972
51 68
51 78
51 331
51 335
51 378
51 503
51 764
51 786
51 824
51 833
51 841
51 858
52 192
52 247
52 342
52 345
52 390
52 411
52 440
52 453
52 507
52 544
52 619
52 643
52 774
52 795
52 870
52 913
52 920
52 953
52 978
52 983
52 991
53 90
53 231
53 237
53 246
53 303
53 318
53 368
53 404
53 416
53 438
53 487
53 704
53 718
53 807
53 837
53 890
53 932
54 71
54 141
54 179
54 211
54 219
54 266
54 285
54 287
54 304
54 322
54 611
54 627
54 632
54 802
54 865
54 886
54 947
54 986
55 76
55 176
55 197
55 198
55 219
55 222
55 283
55 287
55 291
55 322
55 425
55 627
55 640
55 715
55 761
55 762
55 797
55 986
56 69
56 175
56 201
56 224
56 307
56 389
56 534
56 537
56 552
56 571
56 672
56 702
56 877
56 974
57 475
57 535
57 539
57 541
57 553
57 680
57 738
57 772
57 958
57 993
58 215
58 225
58 288
58 353
58 402
58 439
58 451
58 454
58 580
58 600
58 605
58 606
58 677
58 708
58 709
58 739
58 828
58 898
58 925
58 954
58 975
59 70
59 180
59 185
59 267
59 385
59 396
59 401
59 450
59 481
59 570
59 691
59 703
59 731
59 768
59 881
59 899
59 941
59 969
59 977
60 63
60 92
60 98
60 106
60 134
60 139
60 146
60 188
60 203
60 210
60 234
60 313
60 344
60 369
60 394
60 409
60 505
60 513
60 538
60 591
60 592
60 667
60 675
60 688
60 694
60 777
60 785
60 861
61 634
61 794
61 854
61 856
62 119
62 138
62 173
62 244
62 379
62 419
62 436
62 593
62 597
62 602
62 625
62 673
62 695
62 745
62 929
62 980
63 98
63 106
63 139
63 146
63 188
63 203
63 234
63 257
63 268
63 313
63 409
63 431
63 494
63 505
63 513
63 538
63 548
63 592
63 667
63 688
63 694
63 777
63 861
64 114
64 126
64 217
64 312
64 428
64 464
64 468
64 469
64 499
64 608
64 663
64 682
64 765
64 766
64 820
64 874
64 884
64 995
65 118
65 196
65 238
65 255
65 576
65 669
65 670
65 939
65 959
66 191
66 205
66 314
66 358
66 716
66 779
66 792
67 111
67 227
67 269
67 273
67 276
67 279
67 311
67 467
67 470
67 477
67 554
67 722
67 744
67 853
67 885
67 888
67 911
67 965
68 78
68 292
68 335
68 349
68 378
68 418
68 473
68 536
68 574
68 764
68 786
68 825
68 841
68 858
68 892
68 966
69 78
69 201
69 224
69 240
69 292
69 307
69 354
69 534
69 537
69 552
69 590
69 672
69 702
69 719
69 858
69 974
70 185
70 267
70 401
70 422
70 691
70 881
70 899
70 904
70 967
70 977
71 86
71 153
71 211
71 219
71 283
71 285
71 322
71 406
71 425
71 514
71 627
71 632
71 639
71 640
71 715
71 762
71 802
71 886
71 947
71 986
72 73
72 137
72 262
72 295
72 298
72 319
72 327
72 337
72 339
72 386
72 429
72 430
72 444
72 518
72 528
72 540
72 583
72 685
72 770
72 835
72 931
72 945
72 949
73 104
73 137
73 218
73 243
73 262
73 275
73 298
73 337
73 339
73 429
73 444
73 482
73 506
73 540
73 583
73 838
73 934
73 945
73 949
74 110
74 316
74 340
74 471
74 522
74 525
74 668
74 699
74 724
74 798
74 867
74 895
74 940
74 996
75 190
75 202
75 241
75 282
75 350
75 445
75 539
75 553
75 567
75 589
75 634
75 714
75 738
75 856
75 936
75 958
76 176
76 197
76 198
76 219
76 222
76 287
76 291
76 438
76 623
76 704
76 761
76 797
77 174
77 245
77 328
77 435
77 581
77 637
77 735
77 751
77 778
77 788
77 790
77 843
77 935
77 942
78 240
78 292
78 335
78 354
78 393
78 542
78 590
78 719
78 824
78 858
79 144
79 247
79 342
79 351
79 415
79 417
79 515
79 756
79 863
79 952
79 979
79 982
80 296
80 333
80 517
80 578
80 612
80 827
80 871
80 960
81 92
81 134
81 210
81 249
81 258
81 344
81 372
81 394
81 561
81 616
81 660
81 728
81 746
81 785
81 832
81 903
81 964
82 200
82 334
82 385
82 400
82 423
82 481
82 703
82 731
82 755
82 768
82 787
82 791
82 834
82 855
82 941
82 969
83 269
83 273
83 311
83 477
83 700
83 744
83 853
83 866
84 88
84 136
84 147
84 182
84 299
84 355
84 373
84 375
84 392
84 618
84 644
84 646
84 658
84 670
84 817
84 823
84 869
85 163
85 178
85 184
85 187
85 280
85 341
85 349
85 601
85 621
85 705
85 729
85 916
85 963
86 138
86 153
86 261
86 283
86 285
86 406
86 425
86 502
86 514
86 564
86 609
86 632
86 639
86 657
86 658
86 715
86 740
86 762
86 796
86 823
86 868
86 872
86 956
87 355
87 392
87 415
87 939
87 952
87 982
88 118
88 136
88 147
88 197
88 355
88 375
88 392
88 644
88 646
88 658
88 670
88 817
88 823
88 869
89 159
89 213
89 297
89 316
89 340
89 383
89 408
89 434
89 486
89 508
89 547
89 671
89 747
89 798
89 830
90 181
90 237
90 246
90 368
90 395
90 404
90 438
90 510
90 623
90 680
90 681
90 704
90 800
90 837
90 932
91 100
91 160
91 226
91 259
91 324
91 365
91 407
91 479
91 488
91 582
91 596
91 645
91 684
91 734
91 851
91 891
91 893
91 907
91 937
91 951
92 98
92 134
92 139
92 188
92 210
92 344
92 364
92 369
92 394
92 409
92 538
92 591
92 592
92 777
92 785
92 789
92 903
92 964
93 131
93 150
93 183
93 189
93 250
93 294
93 371
93 437
93 496
93 511
93 532
93 664
93 815
93 826
93 943
94 125
94 170
94 217
94 293
94 323
94 381
94 399
94 442
94 462
94 469
94 499
94 654
94 676
94 678
94 682
94 763
94 820
94 836
94 906
94 962
95 239
95 330
95 437
95 462
95 545
95 546
95 678
95 692
95 848
95 995
96 108
96 253
96 329
96 343
96 360
96 362
96 364
96 616
96 728
96 746
96 789
96 793
96 832
96 903
97 395
97 493
97 623
97 655
97 717
97 761
97 797
97 915
97 959
98 139
98 146
98 155
98 188
98 203
98 234
98 257
98 313
98 344
98 394
98 409
98 505
98 513
98 538
98 592
98 652
98 675
98 688
98 694
98 777
98 783
98 861
99 103
99 156
99 236
99 253
99 302
99 357
99 360
99 364
99 369
99 484
99 543
99 591
99 707
99 752
99 789
99 924
99 938
99 992
100 109
100 160
100 162
100 232
100 259
100 357
100 407
100 479
100 707
100 742
100 752
100 893
100 897
100 951
101 102
101 125
101 126
101 274
101 293
101 338
101 428
101 469
101 499
101 523
101 585
101 608
101 615
101 676
101 723
101 763
101 766
101 820
101 836
101 999
102 126
102 274
102 338
102 499
102 523
102 585
102 608
102 615
102 723
102 766
102 784
102 999
103 106
103 139
103 156
103 162
103 277
103 313
103 357
103 369
103 431
103 513
103 543
103 667
103 694
103 777
103 916
103 938
104 137
104 218
104 243
104 262
104 275
104 337
104 339
104 444
104 482
104 506
104 540
104 583
104 730
104 838
104 852
104 882
104 934
104 949
104 990
105 284
105 289
105 569
105 577
105 629
105 745
105 792
105 844
106 146
106 156
106 184
106 203
106 234
106 277
106 313
106 431
106 505
106 513
106 538
106 548
106 667
106 688
106 694
106 777
106 861
106 916
106 938
107 227
107 279
107 305
107 311
107 315
107 363
107 465
107 470
107 480
107 554
107 610
107 624
107 722
107 885
107 911
107 965
108 212
108 253
108 329
108 650
109 156
109 162
109 259
109 277
109 290
109 357
109 432
109 524
109 607
109 897
109 916
109 938
110 316
110 340
110 383
110 434
110 471
110 522
110 594
110 668
110 699
110 724
110 798
110 867
110 895
111 227
111 269
111 273
111 276
111 279
111 311
111 422
111 448
111 467
111 470
111 477
111 744
111 816
111 853
111 866
111 888
111 899
111 904
111 967
112 145
112 191
112 207
112 314
112 336
112 388
112 443
112 495
112 527
112 603
112 641
112 647
112 697
112 716
112 808
112 918
113 184
113 187
113 209
113 254
113 278
113 341
113 424
113 483
113 490
113 674
113 701
113 743
113 775
113 812
113 902
113 963
113 989
114 126
114 312
114 428
114 449
114 464
114 468
114 499
114 608
114 663
114 682
114 727
114 765
114 766
114 874
114 884
115 138
115 158
115 182
115 261
115 299
115 320
115 373
115 375
115 379
115 380
115 492
115 572
115 579
115 657
115 658
115 740
115 859
115 868
115 929
115 956
115 980
116 124
116 135
116 194
116 232
116 242
116 317
116 352
116 361
116 382
116 384
116 504
116 566
116 635
116 827
116 864
116 917
116 922
116 960
116 997
117 120
117 121
117 208
117 212
117 235
117 294
117 421
117 588
117 613
117 650
117 687
117 692
117 732
117 905
117 944
118 136
118 176
118 197
118 646
118 669
118 670
118 869
118 959
119 195
119 244
119 284
119 410
119 433
119 489
119 531
119 550
119 551
119 593
119 602
119 673
119 683
119 693
119 745
119 850
120 121
120 135
120 194
120 208
120 235
120 300
120 421
120 504
120 566
120 573
120 613
120 650
120 687
120 725
120 732
120 905
120 917
120 944
120 997
121 208
121 235
121 294
121 300
121 421
121 437
121 496
121 573
121 613
121 650
121 687
121 692
121 725
121 732
121 905
121 944
122 174
122 245
122 328
122 509
122 558
122 637
122 840
122 909
122 910
123 126
123 169
123 274
123 348
123 370
123 449
123 464
123 565
123 604
123 656
123 663
123 727
123 759
123 782
123 784
123 874
123 985
124 135
124 194
124 317
124 352
124 361
124 382
124 384
124 566
124 635
124 827
124 864
124 922
124 960
125 170
125 217
125 293
125 323
125 428
125 469
125 499
125 523
125 563
125 585
125 608
125 676
125 723
125 763
125 766
125 820
125 836
125 999
126 274
126 338
126 428
126 464
126 469
126 499
126 523
126 608
126 615
126 663
126 723
126 759
126 766
126 784
127 143
127 161
127 172
127 264
127 265
127 332
127 391
127 516
127 614
127 620
127 665
127 857
127 878
127 900
127 919
127 961
128 130
128 151
128 157
128 164
128 264
128 376
128 391
128 447
128 478
128 560
128 617
128 710
128 741
128 767
128 829
128 940
128 961
128 981
128 996
129 248
129 441
129 452
129 459
129 476
129 501
129 526
129 730
129 810
129 852
129 873
129 879
129 882
129 914
129 933
129 971
130 151
130 157
130 164
130 301
130 353
130 447
130 471
130 560
130 605
130 606
130 617
130 661
130 677
130 699
130 767
130 829
130 898
130 981
130 996
131 183
131 220
131 250
131 312
131 403
131 449
131 468
131 511
131 598
131 765
131 826
131 884
132 270
132 272
132 721
132 773
132 811
132 948
132 950
133 167
133 300
133 382
133 398
133 496
133 504
133 521
133 555
133 573
133 725
133 973
134 139
134 188
134 210
134 344
134 360
134 364
134 369
134 394
134 561
134 591
134 592
134 728
134 746
134 785
134 789
134 832
134 903
134 964
135 194
135 361
135 382
135 384
135 504
135 566
135 573
135 613
135 635
135 687
135 905
135 917
135 922
135 944
135 973
135 997
136 147
136 197
136 355
136 375
136 392
136 644
136 646
136 658
136 670
136 817
136 823
136 869
137 218
137 243
137 262
137 275
137 298
137 319
137 337
137 339
137 429
137 430
137 444
137 482
137 506
137 525
137 540
137 583
137 685
137 838
137 945
137 949
138 173
138 261
138 320
138 379
138 406
138 502
138 564
138 572
138 597
138 609
138 639
138 657
138 740
138 796
138 868
138 872
138 929
138 956
138 968
138 980
139 188
139 210
139 313
139 344
139 364
139 369
139 394
139 409
139 505
139 513
139 538
139 543
139 591
139 592
139 667
139 777
139 785
139 789
139 861
139 903
140 142
140 177
140 418
140 424
140 461
140 500
140 574
140 674
140 701
140 733
140 775
140 818
140 847
140 927
140 966
141 179
141 211
141 266
141 304
141 497
141 611
141 627
141 737
141 802
141 865
141 886
141 947
141 986
142 177
142 254
142 418
142 424
142 461
142 500
142 674
142 701
142 733
142 775
142 818
142 847
142 927
142 966
143 161
143 171
143 264
143 265
143 516
143 614
143 620
143 689
143 690
143 696
143 749
143 821
143 894
143 919
143 923
144 192
144 247
144 342
144 351
144 411
144 417
144 440
144 515
144 544
144 619
144 643
144 774
144 795
144 809
144 863
144 870
144 920
144 953
144 970
144 983
144 991
145 346
145 388
145 443
145 527
145 647
145 860
145 918
146 203
146 234
146 257
146 268
146 313
146 409
146 431
146 494
146 505
146 513
146 538
146 548
146 592
146 688
146 694
146 777
146 861
146 989
147 299
147 355
147 373
147 375
147 392
147 618
147 644
147 646
147 658
147 670
147 817
147 823
148 233
148 281
148 295
148 327
148 366
148 427
148 455
148 518
148 562
148 586
148 648
148 679
148 770
148 930
149 155
149 345
149 390
149 411
149 474
149 633
149 652
149 675
149 783
149 842
149 862
149 883
149 955
150 183
150 189
150 250
150 294
150 371
150 437
150 496
150 511
150 521
150 532
150 664
150 815
150 826
150 943
151 157
151 164
151 301
151 376
151 447
151 471
151 478
151 560
151 617
151 710
151 724
151 741
151 767
151 829
151 940
151 961
151 981
151 996
152 166
152 308
152 331
152 377
152 466
152 503
152 542
152 584
152 628
152 824
152 831
152 833
152 887
152 889
152 994
153 261
153 283
153 375
153 406
153 425
153 514
153 564
153 609
153 632
153 639
153 640
153 657
153 658
153 715
153 740
153 762
153 823
153 868
153 956
154 410
154 413
154 501
154 528
154 540
154 549
154 550
154 636
154 642
154 683
154 693
154 846
154 852
154 880
154 931
155 257
155 345
155 409
155 633
155 652
155 675
155 688
155 783
155 861
155 862
155 883
155 955
156 162
156 277
156 290
156 357
156 432
156 667
156 897
156 916
156 938
157 164
157 264
157 301
157 376
157 471
157 478
157 560
157 699
157 710
157 724
157 741
157 767
157 829
157 940
157 961
157 981
157 996
158 182
158 299
158 320
158 366
158 373
158 375
158 379
158 380
158 492
158 568
158 572
158 579
158 618
158 740
158 859
158 868
158 957
159 213
159 214
159 297
159 347
159 383
159 408
159 412
159 426
159 472
159 486
159 508
159 519
159 547
159 671
159 747
159 830
160 232
160 242
160 259
160 365
160 407
160 479
160 488
160 582
160 742
160 827
160 851
160 864
160 891
160 893
160 907
160 951
161 171
161 264
161 516
161 614
161 620
161 690
161 749
161 821
161 878
161 894
161 919
161 923
161 940
162 277
162 290
162 357
162 432
162 707
162 742
162 752
162 897
162 938
163 178
163 184
163 187
163 280
163 341
163 349
163 601
163 621
163 705
163 729
163 812
163 916
163 963
164 301
164 376
164 402
164 447
164 478
164 491
164 560
164 605
164 617
164 677
164 710
164 741
164 767
164 829
164 961
164 981
165 166
165 206
165 252
165 374
165 458
165 887
165 987
166 252
166 308
166 374
166 503
166 575
166 628
166 831
166 833
166 887
166 889
166 994
167 189
167 300
167 398
167 496
167 521
167 532
167 573
167 725
167 973
168 265
168 332
168 359
168 387
168 512
168 696
168 698
168 912
168 946
169 348
169 370
169 449
169 464
169 565
169 604
169 663
169 727
169 759
169 782
169 874
169 985
170 217
170 293
170 323
170 381
170 399
170 428
170 442
170 469
170 499
170 563
170 585
170 676
170 682
170 763
170 766
170 820
170 836
170 962
170 999
171 265
171 387
171 512
171 516
171 614
171 631
171 689
171 690
171 696
171 749
171 758
171 821
171 894
171 919
171 923
171 946
172 264
172 265
172 332
172 516
172 614
172 665
172 696
172 857
172 878
172 900
172 946
173 244
173 320
173 379
173 436
173 502
173 597
173 602
173 609
173 796
173 872
173 929
173 956
173 968
173 980
174 245
174 328
174 435
174 509
174 558
174 581
174 637
174 788
174 843
175 201
175 224
175 315
175 363
175 389
175 480
175 552
175 571
175 610
175 624
175 702
175 788
175 843
175 877
175 974
176 197
176 219
176 222
176 287
176 291
176 623
176 640
176 646
176 670
176 715
176 761
176 797
176 869
176 959
177 254
177 424
177 461
177 500
177 666
177 674
177 701
177 733
177 756
177 775
177 847
177 979
177 982
178 277
178 280
178 290
178 432
178 524
178 537
178 601
178 621
178 705
178 729
178 916
179 198
179 266
179 303
179 438
179 497
179 611
179 627
179 718
179 781
179 865
179 986
180 185
180 267
180 385
180 396
180 401
180 450
180 570
180 731
180 984
181 237
181 246
181 356
181 395
181 404
181 510
181 541
181 655
181 680
181 681
181 704
181 800
181 837
182 261
182 299
182 320
182 373
182 375
182 492
182 568
182 572
182 579
182 618
182 644
182 657
182 658
182 740
182 859
182 868
182 957
183 189
183 220
183 250
183 312
183 371
183 511
183 598
183 664
183 815
183 826
184 187
184 203
184 209
184 234
184 268
184 278
184 341
184 431
184 494
184 548
184 601
184 621
184 688
184 694
184 743
184 812
184 902
184 963
184 989
185 267
185 276
185 385
185 401
185 450
185 481
185 691
185 703
185 731
185 768
185 849
185 881
185 899
185 941
185 969
185 977
186 204
186 256
186 418
186 456
186 457
186 500
186 556
186 587
186 764
186 786
186 818
186 825
186 841
186 847
186 892
186 927
186 966
186 976
187 278
187 341
187 349
187 574
187 601
187 621
187 812
187 963
188 210
188 344
188 394
188 409
188 505
188 538
188 561
188 592
188 652
188 675
188 777
188 783
188 785
188 801
188 861
188 964
189 300
189 496
189 521
189 532
189 664
189 725
189 815
189 826
190 223
190 282
190 325
190 350
190 445
190 634
190 714
190 856
190 936
191 205
191 207
191 314
191 388
191 495
191 641
191 697
191 716
191 779
192 247
192 342
192 351
192 411
192 417
192 440
192 453
192 515
192 544
192 619
192 643
192 774
192 795
192 809
192 870
192 913
192 920
192 953
192 983
192 991
193 269
193 305
193 309
193 311
193 324
193 405
193 465
193 578
193 638
193 662
193 684
193 700
193 734
193 744
193 853
193 885
193 965
194 242
194 352
194 361
194 382
194 384
194 504
194 520
194 566
194 635
194 864
194 905
194 917
194 922
194 997
195 379
195 410
195 531
195 550
195 551
195 593
195 636
195 642
195 653
195 673
195 683
195 693
195 846
196 223
196 238
196 255
196 286
196 414
196 530
196 576
196 780
196 804
196 896
196 988
196 998
197 219
197 283
197 287
197 291
197 322
197 425
197 640
197 646
197 670
197 715
197 762
197 823
197 869
197 959
198 219
198 222
198 287
198 291
198 438
198 623
198 704
198 718
198 761
198 797
198 837
199 205
199 358
199 367
199 452
199 526
199 629
199 792
199 810
199 813
199 822
199 914
200 334
200 385
200 400
200 423
200 481
200 570
200 703
200 731
200 755
200 768
200 787
200 791
200 834
200 855
200 941
200 969
201 224
201 240
201 307
201 354
201 389
201 534
201 537
201 552
201 571
201 590
201 672
201 702
201 877
201 974
202 238
202 241
202 282
202 286
202 445
202 493
202 539
202 553
202 589
202 655
202 915
202 936
202 998
203 234
203 257
203 268
203 313
203 409
203 431
203 494
203 505
203 513
203 538
203 548
203 667
203 688
203 694
203 777
203 861
203 989
204 256
204 331
204 418
204 456
204 457
204 587
204 764
204 786
204 818
204 825
204 841
204 892
204 927
204 976
205 207
205 314
205 358
205 603
205 641
205 697
205 716
205 779
205 792
205 822
206 252
206 263
206 271
206 458
206 794
206 854
206 876
206 987
207 314
207 336
207 388
207 443
207 495
207 527
207 603
207 641
207 697
207 716
207 779
207 918
208 212
208 235
208 294
208 371
208 421
208 437
208 613
208 650
208 687
208 692
208 725
208 732
208 848
208 943
208 944
209 254
209 268
209 278
209 341
209 483
209 490
209 494
209 701
209 743
209 775
209 812
209 902
209 989
210 344
210 364
210 369
210 394
210 561
210 591
210 592
210 728
210 746
210 785
210 789
210 903
210 964
211 219
211 285
211 304
211 322
211 611
211 627
211 632
211 737
211 802
211 865
211 886
211 947
211 986
212 253
212 302
212 421
212 588
212 650
212 687
212 732
213 297
213 340
213 347
213 383
213 408
213 412
213 486
213 508
213 547
213 671
213 747
213 830
214 321
214 345
214 347
214 390
214 412
214 426
214 472
214 474
214 486
214 507
214 508
214 622
214 747
214 754
214 842
214 862
214 883
214 955
215 225
215 439
215 441
215 451
215 454
215 600
215 605
215 606
215 677
215 708
215 709
215 730
215 739
215 828
215 882
215 898
215 933
215 954
215 975
215 990
216 218
216 243
216 301
216 353
216 605
216 606
216 661
216 709
216 828
216 838
216 898
216 933
216 934
216 954
216 990
217 293
217 323
217 399
217 428
217 469
217 499
217 608
217 676
217 682
217 763
217 766
217 820
217 836
217 962
218 243
218 262
218 275
218 337
218 482
218 506
218 525
218 661
218 699
218 838
219 222
219 283
219 285
219 287
219 291
219 322
219 425
219 627
219 632
219 640
219 715
219 762
219 797
219 802
219 947
219 986
220 250
220 312
220 371
220 468
220 511
220 765
220 826
220 884
220 943
220 995
221 229
221 239
221 249
221 258
221 343
221 362
221 372
221 397
221 545
221 616
221 660
221 712
221 713
221 726
221 748
221 750
221 760
221 793
221 814
221 819
221 845
222 287
222 291
222 438
222 623
222 704
222 718
222 761
222 797
222 837
223 238
223 255
223 286
223 325
223 414
223 714
223 780
223 804
223 896
223 928
223 936
223 998
224 240
224 307
224 552
224 571
224 702
224 788
224 843
224 877
224 974
225 439
225 441
225 451
225 454
225 459
225 600
225 708
225 709
225 806
225 808
225 828
225 873
225 875
225 879
225 882
225 921
225 933
225 954
225 972
225 975
225 990
226 259
226 479
226 582
226 596
226 607
226 645
226 684
226 734
226 851
226 891
226 937
226 951
227 276
227 279
227 315
227 363
227 448
227 467
227 470
227 554
227 610
227 624
227 703
227 722
227 735
227 744
227 751
227 816
227 849
227 885
227 888
227 911
228 251
228 288
228 402
228 439
228 580
228 739
228 921
228 925
229 249
229 258
229 372
229 498
229 595
229 616
229 626
229 660
229 712
229 726
229 736
229 760
229 814
229 819
229 832
230 232
230 242
230 302
230 357
230 407
230 484
230 520
230 588
230 707
230 742
230 752
230 917
230 922
230 924
231 237
231 246
231 303
231 318
231 368
231 416
231 487
231 649
231 807
231 837
231 890
231 932
232 242
232 365
232 384
232 407
232 479
232 488
232 520
232 707
232 742
232 827
232 864
232 891
232 893
232 917
232 922
233 281
233 295
233 327
233 366
233 427
233 455
233 518
233 562
233 586
233 648
233 679
233 770
233 930
234 257
234 268
234 313
234 409
234 431
234 494
234 505
234 513
234 538
234 548
234 688
234 694
234 777
234 861
234 902
234 989
235 294
235 300
235 371
235 421
235 437
235 496
235 573
235 613
235 650
235 687
235 692
235 725
235 732
235 905
235 943
235 944
236 253
236 302
236 360
236 364
236 484
236 543
236 588
236 591
236 752
236 789
236 924
236 992
237 246
237 356
237 395
237 404
237 416
237 487
237 510
237 541
237 680
237 681
237 704
237 800
237 837
237 890
237 932
238 255
238 286
238 493
238 576
238 655
238 669
238 717
238 804
238 915
238 998
239 343
239 362
239 397
239 462
239 545
239 546
239 654
239 678
239 713
239 748
239 750
239 769
239 776
239 839
239 845
240 292
240 307
240 335
240 354
240 534
240 552
240 590
240 672
240 719
240 858
240 974
241 282
241 286
241 350
241 445
241 539
241 553
241 589
241 915
241 936
241 958
242 365
242 407
242 479
242 520
242 588
242 707
242 742
242 864
242 893
242 917
242 922
243 262
243 275
243 337
243 429
243 444
243 482
243 506
243 525
243 661
243 699
243 838
244 420
244 436
244 593
244 597
244 602
244 673
244 695
244 745
244 980
245 328
245 435
245 509
245 558
245 637
246 368
246 395
246 404
246 438
246 510
246 623
246 680
246 681
246 704
246 800
246 837
246 932
247 342
247 351
247 411
247 417
247 440
247 453
247 483
247 490
247 515
247 544
247 619
247 643
247 756
247 774
247 795
247 863
247 870
247 920
247 983
248 441
248 459
248 476
248 730
248 828
248 852
248 873
248 879
248 882
248 914
248 933
248 934
248 971
248 990
249 258
249 343
249 362
249 372
249 561
249 595
249 616
249 660
249 712
249 726
249 728
249 736
249 760
249 793
249 814
249 832
249 964
250 312
250 371
250 511
250 598
250 664
250 815
250 826
251 288
251 439
251 454
251 739
251 808
251 860
251 921
251 925
252 263
252 271
252 374
252 446
252 458
252 460
252 559
252 575
252 628
252 706
252 854
252 876
252 987
253 302
253 360
253 364
253 484
253 543
253 588
253 752
253 789
253 924
253 992
254 278
254 341
254 424
254 461
254 483
254 490
254 515
254 674
254 701
254 743
254 756
254 775
254 812
254 902
254 979
255 286
255 493
255 576
255 669
255 804
255 998
256 456
256 457
256 460
256 587
256 706
256 818
256 825
256 841
256 892
256 896
256 927
256 928
256 976
257 268
257 313
257 409
257 494
257 505
257 513
257 538
257 548
257 633
257 675
257 688
257 743
257 783
257 861
257 902
257 989
258 343
258 362
258 372
258 561
258 616
258 660
258 726
258 728
258 736
258 746
258 760
258 793
258 814
258 819
258 832
259 407
259 479
259 582
259 596
259 607
259 645
259 851
259 891
259 893
259 897
259 937
259 951
260 381
260 399
260 442
260 485
260 557
260 599
260 631
260 654
260 757
260 758
260 769
260 776
260 839
260 906
260 962
261 320
261 373
261 375
261 406
261 492
261 502
261 514
261 564
261 572
261 579
261 609
261 639
261 657
261 658
261 740
261 823
261 868
261 872
261 956
262 275
262 298
262 319
262 337
262 339
262 429
262 430
262 444
262 482
262 506
262 525
262 540
262 583
262 685
262 838
262 945
262 949
263 271
263 374
263 446
263 458
263 460
263 559
263 575
263 706
263 854
263 876
263 901
263 976
263 987
264 391
264 614
264 620
264 665
264 710
264 741
264 878
264 900
264 919
264 940
264 961
264 981
265 332
265 387
265 516
265 614
265 696
265 821
265 857
265 878
265 900
265 919
265 923
265 946
266 303
266 497
266 611
266 627
266 718
266 781
266 865
266 986
267 385
267 396
267 401
267 450
267 570
267 691
267 731
267 881
267 899
267 977
267 984
268 313
268 341
268 494
268 505
268 548
268 688
268 743
268 861
268 902
268 989
269 273
269 305
269 309
269 311
269 405
269 465
269 467
269 477
269 638
269 744
269 853
269 885
269 965
270 272
270 416
270 649
270 721
270 773
270 811
270 890
270 948
270 950
271 374
271 446
271 458
271 460
271 559
271 575
271 706
271 854
271 876
271 901
271 976
271 987
272 356
272 416
272 487
272 541
272 649
272 721
272 773
272 807
272 890
272 948
272 950
273 311
273 422
273 467
273 477
273 744
273 853
273 866
273 904
273 967
274 338
274 523
274 608
274 615
274 663
274 723
274 759
274 784
275 298
275 337
275 339
275 429
275 444
275 482
275 506
275 525
275 583
275 838
275 949
276 279
276 448
276 467
276 470
276 554
276 703
276 735
276 751
276 790
276 816
276 849
276 881
276 888
276 899
276 941
277 290
277 431
277 432
277 513
277 524
277 667
277 694
277 705
277 916
277 938
278 341
278 349
278 424
278 574
278 674
278 701
278 775
278 812
278 902
278 963
278 966
279 315
279 363
279 448
279 467
279 470
279 554
279 610
279 624
279 703
279 722
279 735
279 751
279 778
279 790
279 816
279 849
279 885
279 888
279 911
280 290
280 432
280 524
280 537
280 601
280 607
280 621
280 705
280 729
280 916
281 342
281 366
281 427
281 453
281 562
281 586
281 619
281 643
281 648
281 679
281 774
281 795
281 809
281 870
281 913
281 930
281 953
281 970
281 978
281 983
281 991
282 350
282 445
282 539
282 553
282 567
282 589
282 634
282 738
282 856
282 936
282 958
283 285
283 291
283 322
283 406
283 425
283 514
283 564
283 632
283 639
283 640
283 657
283 715
283 762
283 823
283 947
284 289
284 367
284 410
284 433
284 489
284 526
284 550
284 629
284 673
284 683
284 745
284 813
284 844
284 850
285 304
285 322
285 425
285 514
285 611
285 627
285 632
285 639
285 659
285 711
285 737
285 762
285 802
285 886
285 947
285 986
286 325
286 414
286 493
286 780
286 804
286 915
286 936
286 998
287 291
287 322
287 425
287 438
287 623
287 627
287 640
287 715
287 718
287 761
287 797
287 986
288 402
288 439
288 580
288 739
288 921
288 925
289 569
289 577
289 629
289 745
289 844
290 432
290 524
290 607
290 705
290 897
290 916
290 938
291 322
291 425
291 438
291 623
291 627
291 640
291 715
291 761
291 797
291 986
292 335
292 349
292 354
292 378
292 473
292 534
292 536
292 574
292 590
292 672
292 764
292 858
293 323
293 469
293 499
293 523
293 563
293 585
293 676
293 763
293 766
293 799
293 820
293 836
293 999
294 371
294 421
294 437
294 613
294 650
294 687
294 692
294 725
294 732
294 826
294 848
294 943
295 319
295 326
295 327
295 386
295 427
295 430
295 455
295 518
295 528
295 562
295 648
295 685
295 770
295 835
295 930
295 945
296 333
296 352
296 517
296 612
296 827
296 871
296 960
297 340
297 347
297 383
297 408
297 434
297 472
297 486
297 508
297 547
297 671
297 747
297 830
298 319
298 337
298 429
298 430
298 444
298 482
298 583
298 685
298 770
298 945
299 355
299 366
299 373
299 375
299 492
299 568
299 572
299 579
299 618
299 644
299 658
299 817
299 859
299 957
299 970
300 398
300 496
300 504
300 521
300 532
300 573
300 613
300 687
300 725
300 905
300 944
300 973
301 353
301 447
301 471
301 605
301 606
301 617
301 661
301 677
301 709
301 767
301 829
301 898
301 996
302 484
302 520
302 588
302 752
302 917
302 924
302 992
303 318
303 368
303 438
303 497
303 704
303 718
303 781
303 837
303 932
304 611
304 659
304 737
304 802
304 865
304 886
304 947
305 309
305 311
305 405
305 465
305 578
305 638
305 662
305 684
305 722
305 734
305 853
305 885
305 965
306 334
306 637
306 787
306 855
307 354
307 534
307 537
307 552
307 571
307 590
307 672
307 702
307 974
308 310
308 377
308 466
308 584
308 628
308 630
308 824
308 831
308 833
308 887
308 889
308 994
309 311
309 324
309 405
309 465
309 578
309 638
309 662
309 684
309 734
309 853
309 885
309 907
309 965
310 377
310 466
310 584
310 630
310 831
310 840
310 887
310 909
311 405
311 465
311 467
311 470
311 477
311 638
311 744
311 853
311 885
311 965
312 468
312 511
312 765
312 826
312 884
312 995
313 409
313 431
313 505
313 513
313 538
313 548
313 592
313 667
313 688
313 694
313 777
313 861
314 358
314 452
314 495
314 603
314 641
314 697
314 716
314 779
314 822
315 363
315 470
315 480
315 554
315 610
315 624
315 722
315 735
315 816
315 877
315 885
315 911
315 965
316 340
316 383
316 408
316 434
316 522
316 547
316 594
316 668
316 671
316 699
316 724
316 798
316 830
316 867
316 895
317 352
317 361
317 382
317 384
317 398
317 504
317 555
317 566
317 635
317 973
318 368
318 649
318 781
318 807
318 932
319 327
319 337
319 386
319 429
319 430
319 444
319 455
319 518
319 583
319 685
319 770
319 835
319 945
319 949
320 379
320 492
320 502
320 572
320 579
320 597
320 609
320 740
320 859
320 868
320 929
320 956
320 980
321 345
321 390
321 412
321 426
321 472
321 474
321 507
321 508
321 622
321 747
321 754
321 842
321 862
321 883
321 955
321 978
322 425
322 514
322 627
322 632
322 640
322 715
322 762
322 802
322 886
322 947
322 986
323 381
323 399
323 442
323 469
323 499
323 654
323 676
323 682
323 763
323 820
323 836
323 962
324 365
324 405
324 488
324 578
324 582
324 638
324 662
324 684
324 734
324 827
324 851
324 891
324 907
324 951
325 414
325 587
325 714
325 780
325 804
325 896
325 901
325 928
325 998
326 327
326 386
326 427
326 455
326 518
326 528
326 653
326 770
326 835
326 846
326 931
327 386
327 427
327 430
327 455
327 518
327 562
327 586
327 648
327 685
327 770
327 835
327 930
327 945
328 435
328 509
328 558
328 581
328 637
328 778
328 788
328 843
328 935
328 942
329 343
329 360
329 362
329 364
329 616
329 728
329 746
329 793
329 832
330 462
330 545
330 546
330 654
330 678
330 682
330 839
330 995
331 457
331 503
331 575
331 628
331 786
331 833
331 841
331 889
331 994
332 387
332 516
332 614
332 696
332 857
332 878
332 900
332 946
333 352
333 517
333 612
333 827
333 871
333 960
334 400
334 423
334 637
334 755
334 787
334 791
334 834
334 855
334 935
335 349
335 354
335 378
335 473
335 534
335 536
335 574
335 590
335 672
335 764
335 858
336 454
336 459
336 600
336 603
336 697
336 806
336 808
336 873
336 875
336 918
336 921
336 972
337 339
337 429
337 430
337 444
337 482
337 506
337 525
337 540
337 583
337 685
337 838
337 945
337 949
338 523
338 615
338 723
338 784
339 429
339 444
339 506
339 528
339 540
339 549
339 583
339 835
339 838
339 852
339 931
339 934
339 945
339 949
340 383
340 408
340 434
340 486
340 522
340 547
340 668
340 671
340 798
340 830
340 867
340 895
341 494
341 548
341 701
341 743
341 812
341 902
341 963
341 989
342 351
342 411
342 417
342 440
342 453
342 544
342 619
342 643
342 774
342 795
342 809
342 863
342 870
342 920
342 953
342 970
342 983
342 991
343 362
343 372
343 616
343 660
343 713
343 726
343 748
343 750
343 760
343 793
343 814
343 819
343 832
343 845
344 394
344 409
344 519
344 561
344 592
344 652
344 675
344 783
344 785
344 801
344 861
344 903
344 964
345 390
345 411
345 453
345 474
345 507
345 544
345 622
345 633
345 842
345 862
345 883
345 913
345 920
345 955
345 978
346 388
346 443
346 527
346 647
346 860
346 918
347 408
347 412
347 426
347 472
347 474
347 486
347 508
347 519
347 547
347 671
347 747
347 830
348 370
348 565
348 604
348 656
348 759
348 782
348 985
349 378
349 473
349 536
349 574
349 590
349 621
349 672
349 764
349 963
349 966
350 445
350 539
350 553
350 567
350 589
350 634
350 738
350 856
350 936
350 958
351 411
351 417
351 440
351 515
351 544
351 619
351 643
351 756
351 774
351 795
351 809
351 863
351 870
351 920
351 953
351 983
351 991
352 361
352 382
352 384
352 555
352 566
352 612
352 635
352 827
352 864
352 922
352 960
353 447
353 605
353 606
353 617
353 661
353 677
353 709
353 767
353 828
353 898
353 954
353 990
354 534
354 536
354 552
354 590
354 672
354 719
354 858
354 974
355 392
355 415
355 618
355 644
355 817
355 952
355 957
356 404
356 416
356 487
356 510
356 535
356 541
356 680
356 681
356 721
356 773
356 800
356 890
356 948
356 993
357 407
357 543
357 707
357 742
357 752
357 897
357 924
357 938
358 526
358 629
358 792
358 810
358 813
358 822
358 844
359 387
359 512
359 599
359 696
359 758
359 912
359 946
360 364
360 369
360 543
360 591
360 728
360 746
360 785
360 789
360 903
360 992
361 382
361 384
361 398
361 504
361 555
361 566
361 635
361 922
361 960
361 973
361 997
362 372
362 616
362 660
362 728
362 746
362 748
362 750
362 760
362 793
362 814
362 819
362 832
362 845
363 448
363 470
363 480
363 554
363 581
363 610
363 624
363 722
363 735
363 751
363 778
363 788
363 816
363 843
363 877
363 885
363 911
364 369
364 394
364 543
364 591
364 728
364 746
364 785
364 789
364 903
364 992
365 407
365 479
365 488
365 582
365 827
365 851
365 864
365 891
365 893
365 907
365 951
366 380
366 568
366 648
366 679
366 859
366 930
366 957
366 970
367 410
367 433
367 489
367 526
367 550
367 629
367 642
367 683
367 792
367 810
367 813
367 850
367 880
368 718
368 781
368 807
368 837
368 932
369 394
369 543
369 591
369 592
369 667
369 777
369 785
369 789
369 903
369 964
370 565
370 604
370 656
370 727
370 759
370 782
370 784
370 985
371 437
371 511
371 664
371 692
371 826
371 848
371 943
372 561
372 595
372 616
372 660
372 712
372 726
372 728
372 736
372 760
372 793
372 814
372 819
372 832
373 375
373 492
373 568
373 572
373 579
373 618
373 644
373 658
373 740
373 817
373 859
373 868
373 957
374 446
374 458
374 460
374 503
374 559
374 575
374 628
374 706
374 833
374 876
374 887
374 987
374 994
375 406
375 492
375 564
375 572
375 579
375 618
375 644
375 657
375 658
375 740
375 823
375 859
375 868
376 391
376 447
376 478
376 491
376 560
376 617
376 665
376 710
376 741
376 829
376 961
376 981
377 393
377 466
377 509
377 542
377 558
377 584
377 630
377 719
377 824
377 831
377 840
377 889
377 909
378 418
378 473
378 536
378 574
378 764
378 786
378 825
378 841
378 858
378 892
378 966
379 380
379 572
379 597
379 653
379 859
379 868
379 929
379 980
380 572
380 648
380 653
380 679
380 859
380 930
381 399
381 442
381 485
381 557
381 599
381 654
381 757
381 769
381 776
381 839
381 906
381 962
382 384
382 398
382 504
382 555
382 566
382 573
382 635
382 905
382 973
382 997
383 408
383 434
383 486
383 522
383 547
383 668
383 671
383 747
383 798
383 830
383 867
384 504
384 555
384 566
384 635
384 827
384 864
384 922
384 960
384 997
385 396
385 400
385 401
385 423
385 450
385 481
385 570
385 731
385 755
385 768
385 791
385 834
385 941
385 969
386 427
386 455
386 518
386 528
386 653
386 685
386 770
386 835
386 846
386 930
386 931
387 512
387 516
387 614
387 631
387 696
387 758
387 821
387 912
387 923
387 946
388 443
388 495
388 527
388 641
388 647
388 697
388 716
388 918
389 480
389 571
389 702
389 877
389 974
390 411
390 440
390 453
390 507
390 544
390 622
390 633
390 754
390 842
390 862
390 870
390 883
390 913
390 920
390 955
390 978
390 983
391 478
391 560
391 665
391 710
391 741
391 878
391 900
391 961
391 981
392 618
392 644
392 646
392 670
392 817
393 466
393 542
393 558
393 584
393 719
393 824
393 831
394 409
394 538
394 591
394 592
394 728
394 777
394 785
394 789
394 903
394 964
395 404
395 510
395 655
395 680
395 681
395 704
395 717
395 800
395 915
396 400
396 401
396 450
396 481
396 570
396 731
396 768
396 969
396 984
397 462
397 485
397 545
397 546
397 654
397 678
397 713
397 748
397 750
397 769
397 776
397 839
397 845
397 906
398 504
398 555
398 573
398 635
398 973
399 442
399 462
399 485
399 546
399 557
399 599
399 654
399 678
399 769
399 776
399 820
399 839
399 906
399 962
400 423
400 450
400 481
400 570
400 731
400 755
400 768
400 787
400 791
400 834
400 855
400 941
400 969
401 450
401 481
401 570
401 691
401 731
401 768
401 881
401 899
401 969
401 984
402 447
402 491
402 580
402 605
402 617
402 677
402 739
402 898
402 925
403 449
403 598
403 874
404 438
404 487
404 510
404 541
404 680
404 681
404 704
404 800
404 837
404 932
405 465
405 578
405 638
405 662
405 684
405 734
405 853
405 885
405 965
406 425
406 502
406 514
406 564
406 609
406 632
406 639
406 657
406 658
406 715
406 740
406 762
406 796
406 823
406 868
406 872
406 956
407 479
407 520
407 707
407 742
407 752
407 851
407 864
407 891
407 893
407 897
408 434
408 486
408 508
408 547
408 671
408 747
408 798
408 830
409 505
409 513
409 538
409 592
409 652
409 675
409 688
409 694
409 777
409 783
409 861
410 413
410 433
410 489
410 501
410 526
410 531
410 550
410 551
410 593
410 636
410 642
410 673
410 683
410 693
410 813
410 846
410 850
410 880
411 440
411 453
411 507
411 544
411 619
411 633
411 643
411 774
411 795
411 870
411 913
411 920
411 978
411 983
412 426
412 472
412 474
412 486
412 507
412 508
412 622
412 747
412 754
412 842
412 862
412 883
412 955
413 433
413 501
413 528
413 531
413 540
413 549
413 550
413 551
413 636
413 642
413 683
413 693
413 846
413 880
413 931
414 587
414 714
414 780
414 804
414 896
414 901
414 928
414 998
415 417
415 863
415 939
415 952
415 979
415 982
416 487
416 541
416 649
416 721
416 773
416 800
416 807
416 890
416 932
416 948
416 950
417 483
417 490
417 515
417 756
417 863
417 979
418 424
418 456
418 461
418 473
418 500
418 574
418 674
418 764
418 786
418 818
418 825
418 841
418 847
418 892
418 927
418 966
419 420
419 436
419 529
419 625
419 695
419 720
419 753
419 771
419 803
419 908
419 968
420 436
420 569
420 602
420 625
420 695
420 720
420 745
420 753
420 908
421 437
421 573
421 613
421 650
421 687
421 692
421 725
421 732
421 905
421 943
421 944
422 467
422 477
422 691
422 866
422 899
422 904
422 967
422 977
423 481
423 570
423 731
423 755
423 768
423 787
423 791
423 834
423 855
423 941
423 969
424 461
424 500
424 574
424 674
424 701
424 733
424 775
424 818
424 847
424 927
424 966
425 514
425 632
425 639
425 640
425 657
425 715
425 762
425 823
425 947
426 472
426 474
426 508
426 519
426 622
426 652
426 747
426 801
426 842
426 862
426 883
426 955
427 455
427 518
427 562
427 586
427 648
427 679
427 685
427 770
427 835
427 930
428 469
428 499
428 523
428 608
428 615
428 663
428 676
428 682
428 723
428 765
428 766
428 820
428 836
429 430
429 444
429 482
429 525
429 583
429 685
429 770
429 838
429 945
429 949
430 444
430 455
430 518
430 583
430 685
430 770
430 835
430 945
430 949
431 505
431 513
431 538
431 548
431 667
431 688
431 694
431 777
431 861
431 916
432 524
432 607
432 705
432 729
432 916
432 938
433 489
433 526
433 550
433 642
433 673
433 683
433 693
433 813
433 850
433 880
434 522
434 533
434 547
434 594
434 668
434 671
434 686
434 798
434 830
434 867
434 895
435 509
435 581
435 637
435 735
435 778
435 788
435 843
435 935
435 942
436 529
436 597
436 602
436 625
436 695
436 720
436 745
436 753
436 908
436 968
437 511
437 650
437 692
437 826
437 848
437 943
438 497
438 623
438 704
438 718
438 761
438 797
438 837
439 454
439 580
439 600
439 708
439 739
439 921
439 925
439 975
440 453
440 515
440 544
440 619
440 643
440 774
440 795
440 809
440 870
440 913
440 920
440 953
440 983
440 991
441 451
441 459
441 476
441 600
441 708
441 709
441 730
441 806
441 828
441 852
441 873
441 879
441 882
441 933
441 934
441 954
441 971
441 972
441 975
441 990
442 485
442 512
442 557
442 599
442 654
442 757
442 769
442 776
442 906
442 962
443 495
443 527
443 641
443 647
443 697
443 860
443 918
444 482
444 506
444 540
444 583
444 685
444 770
444 835
444 838
444 945
444 949
445 539
445 553
445 567
445 589
445 634
445 738
445 856
445 936
445 958
446 457
446 458
446 460
446 503
446 559
446 575
446 628
446 706
446 833
446 876
446 976
446 987
447 478
447 491
447 560
447 605
447 617
447 677
447 710
447 741
447 767
447 829
447 898
447 981
448 467
448 470
448 554
448 581
448 610
448 703
448 722
448 735
448 751
448 778
448 790
448 816
448 849
448 888
448 911
448 941
448 942
449 464
449 468
449 565
449 604
449 663
449 727
449 765
449 782
449 874
449 884
449 985
450 481
450 570
450 731
450 768
450 969
450 984
451 454
451 600
451 606
451 708
451 709
451 730
451 828
451 873
451 879
451 882
451 898
451 933
451 934
451 954
451 972
451 975
451 990
452 459
452 476
452 603
452 806
452 810
452 822
452 873
452 875
452 879
452 914
452 972
453 507
453 544
453 619
453 643
453 774
453 795
453 870
453 913
453 920
453 953
453 978
453 983
453 991
454 459
454 600
454 708
454 806
454 808
454 873
454 875
454 921
454 972
454 975
455 518
455 562
455 586
455 648
455 679
455 685
455 754
455 770
455 930
456 457
456 500
456 556
456 587
456 786
456 818
456 825
456 847
456 892
456 927
456 928
456 976
457 460
457 503
457 559
457 575
457 587
457 706
457 786
457 825
457 841
457 892
457 928
457 976
458 460
458 559
458 575
458 706
458 854
458 876
458 987
459 476
459 600
459 603
459 806
459 808
459 810
459 873
459 875
459 879
459 914
459 971
459 972
460 503
460 559
460 575
460 706
460 833
460 876
460 901
460 976
460 987
461 500
461 674
461 701
461 733
461 775
461 818
461 847
461 927
461 966
461 979
462 485
462 545
462 546
462 654
462 678
462 713
462 750
462 769
462 776
462 839
462 845
462 906
462 962
462 995
463 498
463 533
463 594
463 626
463 631
463 651
463 686
463 689
463 712
463 805
464 468
464 565
464 604
464 608
464 663
464 727
464 759
464 765
464 782
464 874
464 985
465 578
465 624
465 638
465 662
465 684
465 722
465 734
465 853
465 885
465 911
465 965
466 542
466 558
466 584
466 630
466 831
466 840
466 889
466 909
467 470
467 477
467 691
467 744
467 816
467 849
467 866
467 888
467 899
467 904
467 967
468 663
468 727
468 765
468 874
468 884
469 499
469 523
469 585
469 608
469 676
469 682
469 723
469 763
469 766
469 820
469 836
469 999
470 554
470 610
470 624
470 722
470 735
470 751
470 816
470 885
470 888
470 911
470 965
471 699
471 724
471 767
471 829
471 867
471 895
471 940
471 996
472 474
472 486
472 508
472 519
472 622
472 747
472 842
472 862
472 955
473 536
473 574
473 764
473 786
473 825
473 841
473 858
473 892
473 966
474 519
474 622
474 633
474 652
474 675
474 783
474 801
474 842
474 862
474 883
474 955
475 535
475 539
475 541
475 680
475 738
475 772
475 993
476 501
476 549
476 730
476 810
476 852
476 879
476 882
476 914
476 933
476 971
477 744
477 853
477 866
477 904
477 967
477 977
478 491
478 560
478 617
478 665
478 710
478 741
478 829
478 961
478 981
479 488
479 582
479 742
479 851
479 864
479 891
479 893
479 907
479 951
480 610
480 624
480 645
480 702
480 722
480 877
480 885
480 911
480 937
480 965
481 570
481 703
481 731
481 755
481 768
481 787
481 791
481 834
481 881
481 941
481 969
482 525
482 583
482 838
483 490
483 515
483 701
483 743
483 756
483 775
483 863
483 979
484 520
484 543
484 588
484 707
484 742
484 752
484 917
484 924
484 992
485 545
485 546
485 557
485 599
485 654
485 678
485 713
485 750
485 757
485 769
485 776
485 839
485 845
485 906
485 962
486 508
486 547
486 671
486 747
486 830
487 541
487 649
487 681
487 721
487 800
487 807
487 890
487 932
487 948
487 950
488 578
488 582
488 684
488 827
488 851
488 864
488 891
488 893
488 907
488 951
489 526
489 531
489 550
489 593
489 642
489 673
489 683
489 693
489 813
489 850
489 880
490 515
490 701
490 743
490 756
490 775
490 863
491 560
491 617
491 741
492 568
492 572
492 579
492 618
492 644
492 657
492 658
492 740
492 823
492 859
492 868
492 957
493 576
493 655
493 717
493 915
493 998
494 548
494 688
494 743
494 812
494 902
494 989
495 527
495 603
495 641
495 697
495 716
495 779
496 521
496 532
496 573
496 664
496 725
496 815
497 627
497 718
497 781
497 865
498 533
498 547
498 595
498 626
498 686
498 712
498 726
498 736
499 523
499 585
499 608
499 615
499 676
499 682
499 723
499 763
499 766
499 820
499 836
499 999
500 574
500 674
500 733
500 786
500 818
500 825
500 847
500 892
500 927
500 966
501 540
501 549
501 550
501 636
501 642
501 683
501 693
501 810
501 846
501 852
501 880
501 931
502 514
502 529
502 564
502 597
502 609
502 639
502 657
502 740
502 796
502 868
502 872
502 929
502 956
502 968
502 980
503 559
503 575
503 628
503 706
503 833
503 841
503 889
503 994
504 555
504 566
504 573
504 613
504 635
504 687
504 725
504 905
504 922
504 944
504 973
504 997
505 513
505 538
505 548
505 592
505 667
505 688
505 694
505 777
505 861
506 540
506 730
506 838
506 852
506 882
506 933
506 934
506 949
506 971
506 990
507 544
507 586
507 622
507 754
507 842
507 883
507 913
507 920
507 955
507 978
508 622
508 671
508 747
508 754
508 830
508 842
509 558
509 637
509 840
509 910
510 541
510 553
510 680
510 681
510 800
510 993
511 765
511 826
511 848
511 884
511 943
511 995
512 557
512 599
512 631
512 696
512 757
512 758
512 912
512 946
513 538
513 548
513 667
513 688
513 694
513 777
513 861
514 564
514 609
514 632
514 639
514 657
514 711
514 715
514 740
514 762
514 796
514 802
514 823
514 872
514 947
514 956
515 756
515 863
515 979
516 614
516 620
516 689
516 690
516 696
516 749
516 821
516 878
516 894
516 919
516 923
516 946
517 578
517 612
517 700
517 871
518 528
518 562
518 583
518 648
518 685
518 770
518 835
518 930
518 945
519 561
519 652
519 736
519 801
519 862
520 588
520 707
520 742
520 752
520 864
520 917
520 922
520 924
521 532
521 573
521 664
521 725
522 547
522 594
522 668
522 686
522 690
522 724
522 749
522 798
522 867
522 894
522 895
523 585
523 608
523 615
523 676
523 723
523 763
523 766
523 836
523 999
524 601
524 607
524 705
524 729
524 916
525 661
525 699
525 838
525 867
526 629
526 683
526 792
526 810
526 813
526 822
526 850
526 880
526 914
527 641
527 647
527 697
527 918
528 540
528 549
528 636
528 693
528 835
528 846
528 931
528 949
529 597
529 609
529 625
529 659
529 711
529 771
529 796
529 803
529 872
529 968
530 556
530 666
530 733
530 939
530 982
530 988
531 550
531 551
531 593
531 636
531 642
531 653
531 673
531 683
531 693
531 846
531 850
531 880
532 664
532 815
533 547
533 594
533 595
533 626
533 651
533 686
533 689
533 712
533 805
534 536
534 537
534 552
534 590
534 672
534 858
534 974
535 541
535 721
535 772
535 773
535 993
536 574
536 590
536 672
536 764
536 858
537 571
537 590
537 672
537 702
537 705
537 729
537 974
538 548
538 592
538 667
538 675
538 688
538 694
538 777
538 861
539 553
539 567
539 589
539 680
539 738
539 936
539 958
539 993
540 549
540 583
540 636
540 835
540 846
540 852
540 931
540 949
541 680
541 681
541 772
541 800
541 890
541 993
542 558
542 584
542 719
542 824
542 831
543 591
543 752
543 789
543 924
543 938
543 992
544 619
544 643
544 774
544 795
544 809
544 870
544 913
544 920
544 953
544 978
544 983
544 991
545 546
545 654
545 678
545 713
545 748
545 750
545 769
545 776
545 839
545 845
545 906
546 654
546 678
546 713
546 750
546 769
546 776
546 839
546 845
546 906
546 995
547 594
547 668
547 671
547 686
547 747
547 798
547 830
548 688
548 694
548 743
548 861
548 902
548 989
549 550
549 636
549 642
549 683
549 693
549 846
549 852
549 880
549 931
550 551
550 593
550 636
550 642
550 673
550 683
550 693
550 813
550 846
550 850
550 880
551 593
551 636
551 642
551 653
551 673
551 683
551 693
551 846
551 880
552 571
552 672
552 702
552 788
552 843
552 877
552 974
553 589
553 680
553 738
553 915
553 936
553 958
554 610
554 624
554 722
554 735
554 751
554 816
554 885
554 888
554 911
554 965
555 566
555 635
555 973
556 587
556 666
556 733
556 818
556 847
556 896
556 927
556 928
556 988
557 599
557 631
557 757
557 758
557 769
557 776
557 906
557 962
558 584
558 840
558 909
558 910
559 575
559 628
559 706
559 833
559 854
559 876
559 976
559 987
560 617
560 710
560 741
560 767
560 829
560 961
560 981
561 736
561 785
561 801
561 832
561 903
561 964
562 586
562 648
562 679
562 685
562 754
562 770
562 930
563 585
563 698
563 763
563 799
563 836
563 912
563 926
563 999
564 609
564 632
564 639
564 657
564 658
564 740
564 762
564 796
564 823
564 868
564 872
564 956
565 604
565 727
565 759
565 782
565 874
565 985
566 635
566 864
566 905
566 917
566 922
566 960
566 997
567 634
567 738
567 856
567 958
568 572
568 579
568 618
568 679
568 809
568 859
568 957
568 970
568 991
569 577
569 695
569 745
570 731
570 768
570 834
570 969
570 984
571 702
571 877
571 974
572 579
572 618
572 657
572 658
572 740
572 859
572 868
572 929
572 956
572 980
573 613
573 687
573 725
573 732
573 905
573 944
573 973
573 997
574 674
574 764
574 786
574 966
575 628
575 706
575 833
575 876
575 976
575 987
576 669
576 670
576 959
577 844
578 582
578 638
578 662
578 684
578 734
578 851
578 871
578 891
578 907
579 618
579 657
579 658
579 740
579 859
579 868
579 929
579 957
580 605
580 617
580 677
580 739
580 898
580 925
581 610
581 637
581 735
581 751
581 778
581 788
581 790
581 816
581 843
581 935
581 942
582 596
582 662
582 684
582 734
582 827
582 851
582 891
582 893
582 907
582 951
583 685
583 770
583 835
583 945
583 949
584 630
584 824
584 831
584 840
584 889
584 909
585 676
585 723
585 763
585 766
585 799
585 820
585 836
585 999
586 622
586 754
586 770
586 913
586 930
586 978
587 780
587 818
587 825
587 896
587 901
587 927
587 928
587 976
588 707
588 752
588 917
588 924
589 680
589 915
589 936
589 958
590 672
590 858
591 592
591 667
591 728
591 746
591 777
591 785
591 789
591 903
591 964
591 992
592 675
592 777
592 783
592 785
592 801
592 861
592 964
593 602
593 673
593 683
593 693
593 850
594 668
594 686
594 689
594 690
594 749
594 798
594 894
594 895
595 626
595 712
595 726
595 736
596 607
596 645
596 734
596 851
596 891
596 937
596 951
597 609
597 796
597 872
597 929
597 956
597 968
597 980
598 664
598 815
599 631
599 757
599 758
599 769
599 906
599 962
600 708
600 739
600 806
600 808
600 828
600 873
600 875
600 879
600 921
600 972
600 975
601 621
601 705
601 729
601 916
601 963
602 673
602 695
602 745
603 641
603 697
603 716
603 806
603 808
603 873
603 875
603 918
603 972
604 663
604 727
604 759
604 782
604 874
604 985
605 606
605 617
605 677
605 709
605 767
605 898
605 925
605 954
606 661
606 677
606 709
606 767
606 828
606 898
606 954
606 990
607 645
607 937
608 615
608 663
608 676
608 682
608 723
608 765
608 766
608 820
608 836
609 639
609 657
609 658
609 740
609 796
609 868
609 872
609 929
609 956
609 968
609 980
610 624
610 722
610 735
610 751
610 778
610 788
610 816
610 843
610 877
610 885
610 911
611 627
611 737
611 802
611 865
611 886
611 947
611 986
612 827
612 871
612 960
613 650
613 687
613 692
613 725
613 732
613 905
613 944
613 997
614 620
614 696
614 821
614 857
614 878
614 900
614 919
614 923
614 946
615 663
615 723
615 759
615 766
615 784
616 660
616 726
616 728
616 746
616 760
616 793
616 814
616 832
616 903
616 964
617 677
617 710
617 741
617 767
617 829
617 898
617 981
618 644
618 658
618 817
618 859
618 957
618 970
619 643
619 774
619 795
619 809
619 870
619 913
619 920
619 953
619 970
619 983
619 991
620 690
620 749
620 821
620 878
620 894
620 919
620 940
620 961
621 705
621 729
621 963
622 747
622 754
622 842
622 862
622 883
622 955
622 978
623 704
623 761
623 797
623 837
624 722
624 816
624 877
624 885
624 911
624 965
625 695
625 720
625 753
625 771
625 803
625 908
625 968
626 651
626 686
626 712
626 726
626 760
626 805
626 819
627 632
627 715
627 802
627 865
627 886
627 947
627 986
628 831
628 833
628 887
628 889
628 994
629 792
629 813
629 822
629 844
630 831
630 840
630 887
630 909
631 651
631 689
631 757
631 758
631 805
631 821
631 923
632 639
632 640
632 657
632 715
632 762
632 802
632 823
632 886
632 947
632 986
633 652
633 675
633 783
633 862
633 883
633 955
634 794
634 856
634 958
635 922
635 960
635 973
635 997
636 642
636 683
636 693
636 835
636 846
636 880
636 931
637 778
637 787
637 855
637 935
637 942
638 662
638 684
638 700
638 734
638 744
638 853
638 885
638 965
639 657
639 711
639 740
639 762
639 796
639 823
639 872
639 956
639 968
640 646
640 715
640 762
640 823
640 869
641 697
641 716
641 779
641 918
642 683
642 693
642 846
642 850
642 880
642 931
643 774
643 795
643 809
643 870
643 920
643 953
643 970
643 983
643 991
644 646
644 658
644 740
644 817
644 823
645 734
645 937
645 951
646 670
646 715
646 869
646 959
647 860
647 918
648 679
648 930
649 807
649 890
649 932
649 948
649 950
650 687
650 692
650 732
650 944
651 686
651 689
651 712
651 726
651 757
651 805
651 819
652 675
652 783
652 801
652 862
652 883
652 955
654 678
654 713
654 769
654 776
654 839
654 845
654 906
654 962
655 717
655 915
656 759
656 784
657 658
657 740
657 762
657 823
657 868
657 872
657 956
658 740
658 823
658 868
658 956
659 711
659 737
659 771
659 802
659 803
659 968
660 712
660 726
660 728
660 736
660 748
660 760
660 793
660 814
660 819
660 832
661 699
661 709
661 838
661 898
661 954
661 990
662 684
662 734
662 851
662 853
662 891
662 907
662 951
662 965
663 723
663 727
663 759
663 766
663 782
663 784
663 874
664 815
664 826
665 710
665 741
665 857
665 878
665 900
665 961
666 733
666 818
666 847
666 939
666 982
666 988
667 694
667 777
667 938
668 686
668 690
668 749
668 798
668 867
668 894
668 895
669 670
669 959
670 817
670 869
670 959
671 747
671 798
671 830
672 858
672 974
673 683
673 745
673 850
674 701
674 775
674 812
674 847
674 966
675 783
675 801
675 861
675 862
675 883
675 955
676 682
676 723
676 763
676 766
676 820
676 836
676 999
677 709
677 739
677 767
677 898
677 925
677 954
678 682
678 713
678 750
678 769
678 776
678 839
678 845
678 906
678 962
678 995
679 859
679 930
680 681
680 800
680 993
681 800
681 993
682 765
682 766
682 820
682 836
682 995
683 693
683 813
683 846
683 850
683 880
684 734
684 851
684 891
684 907
684 937
684 951
684 965
685 770
685 835
685 945
685 949
686 689
686 690
686 749
686 894
687 692
687 725
687 732
687 905
687 944
687 997
688 694
688 743
688 861
688 902
688 989
689 690
689 749
689 821
689 894
689 919
689 923
690 749
690 821
690 894
690 895
690 919
690 923
691 881
691 899
691 904
691 967
691 977
692 732
692 848
692 943
693 846
693 880
693 931
694 777
694 861
694 916
695 720
695 745
695 753
695 908
696 758
696 821
696 919
696 923
696 946
697 716
697 779
697 918
698 799
698 912
698 926
699 724
699 798
699 867
699 895
699 940
699 996
700 853
700 871
701 756
701 775
701 812
701 979
702 877
702 974
703 731
703 751
703 755
703 768
703 790
703 791
703 816
703 849
703 881
703 888
703 899
703 941
703 969
704 718
704 761
704 797
704 837
705 729
705 916
706 854
706 876
706 901
706 976
706 987
707 742
707 752
707 893
707 897
707 924
708 709
708 739
708 806
708 808
708 828
708 873
708 875
708 921
708 925
708 954
708 972
708 975
709 730
709 828
709 882
709 898
709 933
709 934
709 954
709 975
709 990
710 741
710 767
710 829
710 961
710 981
711 737
711 771
711 796
711 803
711 872
711 968
712 726
712 736
712 760
712 805
712 814
712 819
713 748
713 750
713 769
713 776
713 819
713 839
713 845
713 906
714 780
714 856
714 896
714 901
715 762
715 823
715 947
715 986
716 779
717 915
718 781
718 837
719 824
719 858
720 753
720 771
720 803
720 908
721 772
721 773
721 811
721 890
721 948
721 950
722 816
722 885
722 888
722 911
722 965
723 766
723 784
723 836
723 999
724 798
724 867
724 895
724 940
724 996
725 732
725 905
725 944
726 736
726 748
726 760
726 793
726 805
726 814
726 819
727 759
727 782
727 784
727 874
727 985
728 746
728 785
728 789
728 793
728 832
728 903
728 964
729 916
729 963
730 828
730 852
730 879
730 882
730 933
730 934
730 954
730 971
730 990
731 755
731 768
731 787
731 791
731 834
731 881
731 899
731 941
731 969
732 905
732 944
733 818
733 847
733 927
733 979
733 982
733 988
734 851
734 891
734 907
734 937
734 951
734 965
735 751
735 778
735 790
735 816
735 849
735 888
735 911
735 935
735 942
737 802
737 886
738 958
739 921
739 925
739 975
740 823
740 868
740 872
740 956
741 767
741 829
741 961
741 981
742 752
742 893
742 897
742 924
743 812
743 902
743 989
744 853
744 866
744 885
744 888
744 904
745 850
746 785
746 789
746 793
746 832
746 903
746 964
747 830
748 750
748 760
748 769
748 776
748 793
748 814
748 819
748 839
748 845
749 821
749 894
749 919
749 923
750 760
750 769
750 776
750 793
750 814
750 819
750 839
750 845
751 778
751 790
751 816
751 849
751 888
751 935
751 941
751 942
752 897
752 924
752 992
753 803
753 908
754 842
754 913
754 978
755 768
755 787
755 790
755 791
755 834
755 849
755 855
755 935
755 941
755 942
755 969
756 775
756 863
756 979
757 758
757 769
757 805
757 906
758 805
758 821
758 923
759 782
759 784
759 985
760 793
760 814
760 819
760 832
761 797
762 802
762 823
762 947
763 766
763 799
763 820
763 836
763 999
764 786
764 825
764 841
764 858
764 892
764 966
765 874
765 884
765 995
766 820
766 836
766 999
767 829
767 898
767 961
767 981
767 996
768 787
768 791
768 834
768 849
768 881
768 899
768 941
768 969
769 776
769 839
769 845
769 906
769 962
770 835
770 945
771 803
771 968
772 773
772 993
773 811
773 890
773 948
773 950
774 795
774 809
774 870
774 913
774 920
774 953
774 970
774 983
774 991
775 812
775 979
776 839
776 845
776 906
776 962
777 861
777 938
778 790
778 816
778 843
778 849
778 855
778 935
778 942
780 804
780 896
780 901
780 928
780 998
781 865
782 874
782 985
783 801
783 861
783 862
783 883
783 955
785 789
785 832
785 903
785 964
786 825
786 841
786 892
786 927
786 966
787 790
787 791
787 834
787 855
787 935
787 941
787 942
787 969
788 843
788 877
789 903
789 964
789 992
790 791
790 816
790 849
790 855
790 935
790 941
790 942
790 969
791 834
791 855
791 935
791 941
791 969
792 813
792 822
792 844
793 814
793 819
793 832
794 854
794 856
795 809
795 870
795 913
795 920
795 953
795 970
795 983
795 991
796 872
796 956
796 968
798 830
798 867
798 895
799 926
799 999
800 890
800 993
801 862
801 955
801 964
802 865
802 886
802 947
802 986
803 908
803 968
804 896
804 998
805 819
806 808
806 873
806 875
806 879
806 972
806 975
807 890
807 932
807 950
808 873
808 875
808 918
808 921
808 972
808 975
809 870
809 953
809 957
809 970
809 983
809 991
810 813
810 822
810 879
810 914
811 948
811 950
812 902
812 963
812 989
813 850
813 880
814 819
814 832
815 826
816 849
816 888
816 911
817 957
818 825
818 847
818 892
818 927
818 966
820 836
820 999
821 894
821 919
821 923
821 946
822 914
823 868
824 831
824 889
824 994
825 841
825 847
825 892
825 927
825 966
825 976
826 943
827 864
827 891
827 907
827 960
828 882
828 898
828 933
828 934
828 954
828 971
828 975
828 990
829 940
829 961
829 981
829 996
831 887
831 889
831 994
832 903
832 964
833 887
833 889
833 994
834 855
834 941
834 969
835 846
835 931
835 945
835 949
836 999
837 932
838 934
838 949
838 990
839 845
839 906
839 962
840 909
840 910
841 892
842 862
842 883
842 913
842 955
842 978
845 906
846 880
846 931
847 927
847 966
848 943
849 881
849 888
849 935
849 941
849 942
849 969
850 880
851 891
851 893
851 907
851 937
851 951
852 879
852 882
852 914
852 933
852 934
852 971
852 990
853 885
853 965
854 876
854 901
854 987
855 935
855 941
855 942
855 969
857 878
857 900
859 868
859 957
860 918
860 921
862 883
862 955
863 979
864 893
864 917
864 922
864 960
865 886
865 947
865 986
866 904
866 967
866 977
867 895
868 872
868 929
868 956
868 980
869 959
870 913
870 920
870 953
870 970
870 978
870 983
870 991
872 956
872 968
873 875
873 879
873 972
873 975
874 884
874 985
875 879
875 918
875 921
875 972
875 975
876 901
876 976
876 987
877 974
878 900
878 919
879 882
879 914
879 933
879 971
879 972
879 975
880 931
881 899
881 941
881 969
881 977
882 933
882 934
882 954
882 971
882 990
883 913
883 955
884 995
885 911
885 965
886 947
886 986
887 889
887 994
888 911
889 994
890 932
890 948
890 950
891 893
891 907
891 951
892 927
892 966
892 976
893 897
893 907
893 951
894 895
894 919
894 923
895 940
895 996
896 901
896 928
897 938
898 925
898 954
899 904
899 967
899 977
901 928
901 976
902 963
902 989
903 964
904 967
904 977
905 917
905 944
905 997
906 962
907 951
909 910
911 965
912 926
912 946
913 920
913 978
913 983
914 971
915 936
916 938
917 922
917 924
917 997
919 923
920 953
920 978
920 983
920 991
921 925
921 972
921 975
922 960
922 997
923 946
924 992
925 975
928 976
929 956
929 980
931 949
933 934
933 954
933 971
933 975
933 990
934 954
934 971
934 990
935 941
935 942
936 958
936 998
937 951
939 952
939 982
939 988
940 961
940 981
940 996
941 942
941 969
944 997
945 949
947 986
948 950
952 979
952 982
953 957
953 970
953 983
953 991
954 975
954 990
956 968
956 980
957 970
957 991
961 981
961 996
963 989
967 977
970 983
970 991
971 990
972 975
978 983
979 982
981 996
982 988
983 991
