0 271
0 883
1 7
1 42
1 376
1 673
1 891
2 68
2 185
2 356
2 665
2 706
3 105
3 106
3 224
3 243
3 429
3 674
4 106
4 755
4 947
5 83
5 465
5 466
5 556
5 683
5 888
6 9
6 76
6 250
6 370
6 394
6 431
6 449
6 973
7 42
7 376
7 559
7 673
7 891
8 188
8 368
8 635
8 667
8 730
9 27
9 250
9 973
10 77
10 129
10 319
10 445
10 508
10 581
10 585
10 879
10 906
11 33
11 120
11 142
11 159
11 372
11 432
11 653
11 663
11 810
12 175
12 504
13 566
13 593
13 723
13 761
14 119
14 259
14 303
14 693
14 832
15 101
15 113
15 202
15 332
15 468
15 478
16 99
17 158
17 216
17 519
18 111
18 205
18 289
18 874
19 51
19 95
19 253
19 786
19 805
19 825
20 219
20 484
20 763
20 859
20 900
21 278
21 530
21 650
21 862
22 213
22 505
22 573
23 30
23 212
23 278
23 427
23 481
23 551
23 611
23 862
23 988
24 66
24 97
24 194
24 273
24 698
24 853
25 419
25 648
25 654
25 785
25 902
26 166
26 256
26 302
26 433
26 473
26 538
26 571
26 680
26 726
26 976
27 250
27 394
27 543
28 143
28 236
28 347
28 918
28 980
29 366
29 421
29 572
29 882
29 957
30 360
30 551
30 576
30 611
30 718
30 988
31 224
31 485
31 998
32 277
33 59
33 120
33 142
33 159
33 432
33 575
33 653
33 974
34 215
34 946
35 60
35 254
35 461
35 574
35 660
35 705
35 729
35 781
35 808
36 125
36 240
36 317
36 567
37 130
37 453
37 472
37 888
37 903
38 268
38 533
38 768
39 41
39 149
39 236
39 405
39 430
39 597
39 677
39 760
40 70
40 222
40 264
40 682
40 735
40 983
41 149
41 236
41 329
41 405
41 430
41 597
41 658
41 760
42 376
42 459
42 559
42 609
42 673
42 891
43 115
43 238
43 378
43 993
44 855
44 873
44 884
44 969
45 420
45 480
45 722
46 48
46 141
46 659
46 918
47 313
47 443
47 517
47 578
47 642
47 649
47 821
47 872
47 894
48 58
48 141
48 392
48 626
48 659
48 822
49 124
49 379
49 483
49 527
49 737
50 191
50 194
50 273
50 444
50 853
51 209
51 249
51 253
51 450
51 786
51 805
52 457
53 237
53 514
53 714
53 717
54 322
54 570
54 686
54 800
54 836
55 64
55 88
55 290
55 783
55 975
56 434
56 486
56 491
56 727
56 840
56 994
57 93
57 388
57 416
57 475
57 515
57 880
58 626
58 822
58 237
59 159
59 974
60 254
60 461
60 574
60 660
60 705
60 729
60 781
60 808
61 91
61 276
61 318
61 338
61 360
61 424
61 518
61 842
61 909
61 933
62 168
62 186
62 324
62 361
62 375
62 743
62 792
62 809
62 922
63 736
63 814
63 899
64 88
64 234
64 272
64 492
64 651
64 748
65 131
65 160
65 190
65 437
65 865
65 949
66 97
66 410
66 698
67 327
67 336
67 689
67 745
68 185
68 706
69 170
69 199
69 423
69 750
69 972
69 451
70 222
70 264
70 682
70 735
70 983
71 75
71 102
71 132
71 911
71 913
72 241
72 700
72 941
72 972
73 167
73 326
73 512
73 525
73 640
74 320
74 442
74 524
74 708
75 102
75 138
75 268
75 533
75 911
75 913
76 431
76 449
76 973
77 283
77 339
77 445
77 508
77 879
77 906
78 84
78 328
78 606
78 812
78 866
79 393
79 590
79 739
79 716
80 97
80 194
80 247
80 958
81 128
81 428
81 531
81 679
81 829
82 96
82 414
82 907
82 954
83 556
83 683
83 863
83 888
84 328
84 812
84 866
85 96
85 179
85 720
86 327
86 470
86 569
86 580
87 500
87 552
87 633
87 719
87 955
88 234
88 492
88 651
89 193
89 448
89 565
89 605
89 758
90 337
90 716
91 304
91 338
91 384
91 424
91 607
91 741
91 746
91 909
91 933
92 340
92 507
92 681
92 984
92 590
93 416
93 475
93 515
93 880
94 677
95 206
95 253
95 825
96 304
96 741
96 857
97 247
97 698
97 958
98 185
98 368
98 667
98 730
98 892
99 515
100 117
100 195
100 389
100 787
101 113
101 202
101 332
101 438
101 846
102 132
102 268
102 533
102 969
103 509
103 860
103 995
104 139
104 312
105 224
105 243
105 429
105 568
105 674
106 399
106 947
106 998
107 137
107 265
107 294
107 390
107 596
107 628
107 832
108 343
108 348
108 230
109 591
109 601
109 813
110 875
111 205
111 764
111 874
112 123
113 468
113 846
114 147
114 471
115 238
115 378
115 621
115 993
116 456
116 755
116 967
117 120
117 389
118 183
118 335
118 398
118 513
118 684
118 778
118 897
119 218
119 303
119 693
119 707
119 936
120 142
120 372
121 160
121 190
121 415
121 818
122 371
123 660
123 666
123 808
124 527
124 737
125 240
125 282
125 317
125 762
125 835
125 876
126 749
127 262
127 451
127 493
127 987
128 330
128 428
128 620
128 679
128 732
128 942
129 283
129 319
129 879
130 176
130 472
130 632
130 827
130 895
130 903
131 160
131 190
131 228
131 865
131 949
131 951
132 969
133 210
133 602
133 619
133 953
133 999
134 564
134 850
134 966
135 235
135 588
135 639
135 788
135 990
136 380
136 507
136 734
136 921
136 984
137 265
137 323
137 441
137 503
137 596
138 222
138 264
138 911
138 983
139 312
140 148
140 279
140 422
140 636
140 672
141 392
141 626
141 659
141 918
142 159
142 372
142 810
143 236
143 347
143 980
144 563
144 837
145 152
145 536
145 841
146 180
146 634
146 637
148 279
148 422
148 443
148 636
148 672
148 894
149 236
149 329
149 405
149 430
149 597
149 658
149 756
149 760
150 178
150 299
150 645
151 457
151 827
151 886
152 219
152 817
152 841
153 954
153 901
154 198
154 365
154 885
154 935
154 978
155 582
155 666
155 904
155 948
155 992
156 172
156 357
156 620
156 732
156 931
156 942
157 221
157 305
157 702
157 934
158 216
158 519
158 774
159 432
159 575
159 653
159 663
159 974
160 190
160 415
160 818
160 865
160 949
161 232
161 306
161 493
161 819
162 740
162 869
163 335
163 782
163 839
163 897
164 248
164 414
164 522
164 562
164 898
164 907
164 954
165 504
165 685
166 302
166 538
166 680
166 976
167 525
167 640
167 767
167 773
167 813
168 186
168 244
168 300
168 324
168 375
168 583
168 738
168 792
168 809
169 290
169 783
170 199
170 423
170 750
171 668
171 737
172 254
172 357
172 425
172 931
173 184
173 297
173 644
174 406
174 464
174 696
174 710
174 856
174 950
174 965
175 256
175 504
175 664
176 724
176 827
176 886
176 895
177 379
177 402
177 483
177 527
177 655
178 299
178 645
178 938
179 476
179 720
179 801
180 634
180 637
181 812
181 996
182 600
182 820
183 335
183 778
183 816
183 897
184 474
184 644
184 795
184 889
185 188
185 368
185 635
185 667
185 706
186 324
186 361
186 375
186 743
186 809
186 922
187 192
187 226
187 229
187 255
187 847
188 368
188 635
188 883
189 287
189 349
189 381
190 818
190 865
190 949
191 421
191 444
191 868
191 957
192 226
192 247
192 255
192 847
193 448
193 498
193 565
193 605
193 758
193 833
194 853
194 985
195 382
195 389
195 806
195 885
195 924
196 197
196 285
196 401
196 544
197 401
197 544
197 676
197 802
197 944
198 208
198 259
198 365
198 935
199 423
199 750
200 489
200 491
200 704
200 910
200 919
201 261
201 282
201 288
201 835
201 845
201 989
202 292
202 332
202 478
202 844
203 249
203 334
203 412
203 534
203 869
204 958
205 345
205 764
205 874
205 877
206 411
206 630
206 825
206 937
207 318
207 400
207 518
207 754
207 770
208 259
208 935
209 450
209 805
209 849
210 296
210 602
210 953
210 991
210 999
211 350
211 542
211 609
211 712
211 887
212 278
212 427
212 439
212 481
212 551
212 607
212 862
212 988
213 573
213 703
214 280
214 567
214 613
216 354
216 519
216 604
216 690
217 359
217 369
217 791
217 807
217 939
218 303
218 663
218 707
218 810
218 978
219 670
219 817
220 293
220 553
220 568
220 731
220 759
221 934
222 264
222 735
222 983
223 358
223 409
223 599
224 243
224 429
224 485
224 674
224 998
225 270
225 502
225 554
225 603
225 616
225 986
226 782
226 798
227 311
227 558
227 598
228 843
228 865
228 940
228 949
228 951
229 232
229 255
229 495
229 847
231 252
231 520
231 777
231 971
232 306
232 493
232 495
232 819
233 341
233 861
233 985
234 272
234 492
234 651
234 748
235 246
235 588
235 788
236 347
236 405
237 714
237 717
238 378
239 521
239 588
239 639
239 820
239 824
239 990
239 997
240 282
240 317
240 567
240 762
240 835
241 700
241 941
241 972
242 972
243 429
243 568
243 674
244 300
244 583
244 588
244 738
244 792
245 323
245 840
246 300
246 361
246 375
246 776
246 792
246 965
247 958
248 522
248 562
249 334
249 351
249 786
250 394
250 543
251 289
251 526
251 752
252 520
252 777
252 971
253 786
253 825
254 357
254 425
254 461
254 574
254 729
254 931
255 847
255 927
256 433
256 473
256 538
256 571
256 595
256 726
257 793
257 923
258 392
258 467
258 592
258 626
259 935
260 772
260 926
261 282
261 288
261 539
261 762
261 835
261 845
261 989
262 629
262 987
263 606
263 960
263 963
264 735
264 911
264 983
265 323
265 441
265 503
265 596
265 628
265 826
266 528
266 811
266 892
266 945
267 352
267 608
267 613
267 669
267 721
267 864
267 928
268 533
268 768
269 362
269 517
269 537
269 612
269 728
269 872
269 908
269 982
270 333
270 554
270 616
271 769
271 979
272 651
272 727
272 748
273 853
273 912
274 391
274 494
274 959
275 687
276 338
276 857
276 933
276 956
277 411
277 771
277 937
278 439
278 481
278 551
278 862
279 422
279 443
279 636
279 672
279 682
279 735
280 669
281 715
282 317
282 762
282 835
282 876
282 989
283 621
284 575
284 815
285 544
286 699
286 878
287 349
287 381
287 852
288 845
288 989
289 526
289 874
290 523
290 796
291 406
291 488
291 710
291 725
291 767
291 773
291 964
292 452
292 478
292 831
292 844
293 553
293 731
293 759
294 390
294 596
294 628
294 693
294 826
294 832
294 961
295 325
295 418
295 512
295 863
296 953
296 991
296 999
297 403
297 500
297 633
297 955
298 499
298 644
299 645
300 361
300 375
300 583
300 738
300 792
300 922
301 611
301 624
301 656
301 661
301 952
301 970
302 470
302 502
302 603
302 680
302 976
302 986
303 365
303 978
304 384
304 424
304 741
304 746
304 857
304 933
305 462
305 702
305 890
306 493
306 701
306 819
307 402
307 579
307 641
307 655
307 657
307 691
307 838
308 745
308 794
308 981
309 349
309 469
309 790
309 852
309 905
310 854
311 392
311 467
311 592
311 598
312 415
313 362
313 517
313 612
313 649
313 797
313 872
313 908
313 943
314 387
314 643
314 753
314 828
315 713
315 779
315 790
316 407
316 751
316 865
316 951
317 835
317 876
318 360
318 400
318 518
318 576
318 754
318 770
318 842
318 909
319 581
319 879
320 442
320 477
320 524
320 708
320 858
321 491
321 803
321 994
322 570
322 800
322 836
323 441
323 503
323 596
323 826
323 961
324 743
324 809
324 896
325 355
325 418
325 556
325 863
326 355
326 696
326 710
327 336
327 580
327 689
328 615
328 672
329 430
329 597
329 658
329 756
329 760
330 428
330 511
330 620
330 942
331 400
331 733
331 823
331 915
331 917
332 438
332 846
333 616
333 664
334 351
335 513
335 778
335 839
335 897
336 383
336 569
336 689
336 779
338 424
338 842
338 909
338 933
338 956
339 445
339 482
339 508
339 561
339 747
339 906
340 380
340 507
340 681
340 734
340 921
340 984
341 793
342 474
342 695
342 787
342 795
342 889
342 946
344 350
344 712
344 834
344 848
344 977
345 401
345 764
345 877
346 601
346 692
346 697
346 964
347 918
347 980
348 455
348 546
349 742
349 852
350 712
350 834
352 440
352 510
352 608
352 669
352 721
352 780
352 864
352 916
352 928
353 386
353 671
353 783
353 975
354 577
354 604
354 619
354 963
355 418
356 665
356 769
356 979
357 620
357 729
357 931
358 506
359 702
359 934
360 518
360 576
360 718
360 770
360 842
360 909
360 988
361 375
361 776
361 792
361 809
361 922
362 517
362 612
362 872
362 908
362 943
363 463
364 589
364 643
364 646
364 697
365 810
365 885
365 978
366 397
366 454
366 572
366 647
366 851
367 370
367 431
367 446
367 460
368 635
368 667
368 730
369 395
369 631
369 791
369 807
369 939
370 394
370 431
371 701
372 663
372 810
372 978
373 487
373 508
373 585
373 634
373 906
373 925
374 638
374 709
374 952
375 583
375 776
375 792
375 809
375 922
376 662
376 673
376 891
377 584
377 744
377 796
378 621
378 993
379 402
379 483
379 527
380 507
380 734
380 921
380 984
381 742
382 806
382 924
383 569
383 779
384 424
384 427
384 481
384 607
384 746
385 557
385 752
386 975
386 914
387 643
387 646
387 828
388 843
388 880
388 940
389 885
389 924
390 596
390 628
390 693
390 832
391 494
391 959
392 467
392 592
392 626
392 659
393 548
393 590
393 739
394 543
395 807
395 871
396 426
396 435
396 545
396 586
397 454
397 647
397 784
397 851
398 512
398 816
399 456
399 594
399 947
399 967
399 998
400 733
400 754
400 915
401 544
401 764
402 527
402 579
402 655
402 657
403 500
403 633
403 878
403 955
404 641
404 691
404 815
404 936
405 430
405 597
405 677
405 760
406 464
406 965
407 751
408 480
408 529
408 818
409 417
409 496
409 541
409 599
409 613
409 920
410 698
411 771
411 937
412 534
412 869
412 438
413 501
414 522
414 552
414 898
414 907
414 954
416 475
416 584
416 880
417 567
417 599
417 613
417 721
417 920
418 556
418 863
419 648
420 480
420 722
421 444
421 882
421 957
422 443
422 636
422 672
422 682
422 894
423 750
423 972
424 607
424 741
424 746
424 842
424 909
424 933
424 988
426 435
426 545
426 586
427 439
427 481
427 551
427 607
427 862
427 988
428 620
428 679
428 942
429 568
429 674
430 597
430 658
430 760
431 449
432 575
432 653
432 663
432 974
433 473
433 538
433 571
433 664
433 976
434 486
434 489
434 491
434 651
434 727
434 748
435 545
435 586
435 784
436 732
436 893
436 516
437 465
437 683
438 846
439 481
439 551
439 607
439 862
440 510
440 608
440 780
440 864
440 916
441 503
441 596
441 774
442 477
442 708
442 858
443 642
443 765
443 821
443 894
444 868
444 957
445 508
445 879
445 906
446 460
446 560
446 915
446 917
447 568
447 743
447 759
448 605
450 786
450 805
450 849
451 987
452 478
452 758
452 831
452 844
453 472
453 843
453 903
453 940
454 647
454 784
454 851
455 505
455 546
455 991
456 967
457 886
458 529
458 686
458 822
459 609
460 560
461 574
461 660
461 729
461 948
462 695
462 890
462 946
463 587
463 775
464 686
464 696
464 856
464 950
465 466
465 683
465 888
466 556
466 683
466 888
467 592
468 478
468 921
469 745
469 794
469 905
469 971
470 502
470 550
470 580
470 603
471 540
471 614
472 895
472 903
473 538
473 571
473 664
473 680
473 726
473 976
474 644
474 787
474 795
474 889
475 584
475 880
476 857
476 956
477 708
477 858
478 844
479 797
480 722
481 551
481 607
481 862
481 988
482 560
482 561
482 747
482 823
482 925
483 527
484 490
484 622
484 678
484 859
484 900
485 998
486 727
486 840
487 508
487 581
487 585
487 879
487 906
488 725
488 767
488 773
488 776
488 964
489 651
490 622
490 678
490 859
490 900
491 910
491 994
492 523
494 959
496 539
496 541
496 599
496 762
496 920
497 602
497 854
498 565
498 605
498 833
498 871
499 878
500 633
500 719
500 955
501 578
501 615
502 550
502 603
502 680
502 986
503 596
503 826
503 961
505 546
506 742
507 681
507 734
507 921
507 984
508 585
508 879
508 906
509 860
509 995
510 608
510 780
511 555
511 829
512 525
512 640
512 816
513 684
513 778
513 839
513 897
514 717
515 744
515 880
516 930
517 612
517 649
517 872
517 908
517 943
518 576
518 718
518 770
518 842
518 909
519 690
519 774
520 777
520 905
520 971
521 639
521 820
521 824
521 990
521 997
522 562
522 898
525 591
525 640
525 813
525 816
525 968
526 752
526 923
528 749
528 811
528 892
528 945
530 650
530 661
530 875
532 625
532 736
532 814
532 881
532 932
533 768
534 740
534 869
535 598
535 715
535 749
536 547
537 728
537 765
537 982
538 571
538 680
538 726
538 976
539 541
540 545
540 614
540 870
541 599
541 762
541 920
542 699
542 887
544 764
545 586
545 688
547 566
547 593
548 739
549 803
550 554
550 603
550 986
551 611
551 862
551 988
552 719
552 898
552 954
553 731
554 603
554 616
554 986
555 829
556 863
558 598
559 796
559 891
560 747
560 823
560 917
560 925
561 563
561 733
561 747
561 823
561 837
563 733
563 837
564 656
564 766
564 850
564 966
564 970
565 605
565 758
565 833
566 723
566 761
567 613
567 920
568 674
568 731
568 759
569 580
569 916
570 800
570 836
571 595
571 726
571 976
572 882
572 957
574 660
574 729
574 781
574 808
575 653
575 663
575 974
576 718
576 770
576 842
576 988
577 604
577 804
577 963
578 615
578 821
579 641
579 655
579 657
579 838
581 585
581 879
581 899
582 623
582 632
582 895
582 904
582 948
582 992
583 738
584 744
585 879
585 906
586 688
586 784
587 675
588 639
588 788
588 990
589 643
589 646
589 697
591 601
591 813
591 968
594 947
594 998
595 726
596 628
596 826
596 832
596 961
597 658
597 756
597 760
598 715
599 920
600 820
601 692
601 697
602 854
602 991
603 986
604 690
604 963
605 833
605 871
606 960
607 746
607 988
608 721
608 928
609 610
609 712
610 662
610 929
612 872
612 908
612 943
613 721
613 928
614 870
617 926
618 771
619 627
620 679
620 931
620 942
621 993
622 859
623 632
623 724
623 895
623 904
623 948
623 992
624 656
624 709
624 766
624 952
624 970
625 881
625 932
626 659
626 822
628 832
629 687
630 652
630 825
631 675
631 791
631 939
632 895
632 904
632 948
632 992
633 719
633 955
634 637
634 925
635 667
635 730
636 682
637 925
638 709
638 952
639 788
639 824
639 990
640 813
640 816
641 691
641 707
641 936
642 765
642 821
642 894
643 646
643 828
644 795
646 697
647 851
648 785
649 872
649 943
651 727
651 748
652 825
653 663
653 974
654 723
654 785
654 902
655 657
655 838
656 766
656 970
657 838
658 756
658 760
659 822
660 666
660 808
660 948
661 970
662 929
663 810
665 706
665 769
665 858
667 730
667 892
669 763
669 780
669 864
669 928
670 811
670 817
670 841
671 783
671 975
673 891
675 939
676 802
676 861
676 868
676 944
678 763
678 859
678 900
678 916
679 732
679 942
680 976
681 926
681 984
682 735
683 888
684 778
686 856
686 950
688 799
690 963
691 707
691 815
691 936
692 697
693 832
694 830
694 912
695 787
695 889
695 946
696 710
699 887
701 782
701 819
702 934
704 789
704 910
704 919
705 729
705 781
705 808
707 936
708 858
709 952
710 725
711 766
712 834
713 790
718 754
718 770
719 955
720 801
721 928
723 902
724 827
724 886
724 895
725 767
725 773
725 964
726 976
727 748
728 982
729 781
729 808
730 841
731 759
732 893
732 942
733 823
734 921
734 984
735 983
736 814
736 881
736 899
740 869
741 746
741 857
741 933
741 956
743 896
745 794
745 971
745 981
747 823
747 917
747 925
752 923
753 828
753 968
754 770
754 915
755 967
757 896
757 962
758 844
762 835
762 920
763 780
763 859
763 864
763 900
763 916
764 877
766 970
767 773
767 964
769 979
770 842
770 909
771 937
772 926
773 964
774 860
774 995
775 831
776 792
776 922
776 965
777 905
777 971
778 839
778 897
779 790
780 864
780 916
781 808
782 798
783 975
785 902
786 805
787 889
787 946
788 836
788 990
789 910
789 938
791 807
791 939
792 809
792 922
794 971
794 981
795 889
797 943
799 882
799 957
800 836
802 861
802 868
802 944
804 999
805 849
806 924
807 871
807 939
809 922
810 978
811 817
811 892
811 945
812 866
813 816
813 968
814 881
814 899
814 932
816 968
817 841
820 824
820 997
821 894
823 917
824 990
826 832
826 961
827 886
827 895
830 912
832 961
834 848
834 977
835 989
839 897
842 909
842 933
843 940
845 989
848 977
850 966
851 867
852 905
855 873
855 884
855 969
856 950
857 933
857 956
859 900
860 995
861 868
864 900
864 928
865 949
865 951
866 960
868 985
872 908
872 943
873 884
879 906
881 932
882 957
884 969
885 924
885 978
889 946
892 945
895 903
896 962
898 954
904 948
904 992
905 971
907 954
908 943
909 933
910 919
910 938
910 994
911 913
911 983
913 959
913 983
915 917
918 980
921 984
931 942
933 956
941 972
947 998
948 992
949 951
953 991
953 999
