0 54
0 151
0 555
0 654
0 726
1 241
1 424
1 501
1 725
1 956
1 978
1 989
2 109
2 677
2 750
3 74
3 147
3 390
3 483
3 590
3 946
4 151
4 614
4 650
4 654
4 850
5 18
5 24
5 77
5 243
5 291
5 319
5 433
5 484
5 616
5 812
5 883
5 916
6 27
6 416
6 459
6 689
6 722
7 255
7 532
7 564
7 729
8 415
8 451
8 895
8 928
8 992
9 258
9 427
9 438
9 869
9 896
10 41
10 73
10 263
10 282
10 575
10 595
10 597
10 874
11 370
11 439
11 976
12 144
12 256
12 864
13 363
13 386
13 435
13 844
13 893
13 942
14 313
14 333
14 692
15 133
15 182
15 276
15 308
15 742
15 872
16 40
16 93
16 141
16 559
16 653
16 669
16 677
17 126
17 317
17 359
17 580
17 586
17 682
18 77
18 204
18 243
18 291
18 321
18 484
18 616
19 744
20 348
20 515
20 664
20 700
20 990
21 125
21 397
21 513
21 773
21 776
22 46
22 60
22 205
22 570
22 698
22 984
22 998
23 25
23 29
23 103
23 432
24 77
24 135
24 271
24 275
24 291
24 381
24 484
24 578
24 616
24 883
24 916
25 103
25 140
25 384
25 385
25 432
25 557
25 573
26 50
26 358
26 581
26 775
26 813
26 926
27 305
27 409
27 416
27 459
27 489
27 568
27 689
27 715
27 722
27 735
28 129
28 596
28 713
28 736
28 778
28 826
28 968
28 974
29 103
29 432
29 592
30 56
30 161
30 645
30 697
30 785
30 937
31 154
31 356
31 723
31 815
31 917
31 994
32 106
32 153
32 629
32 640
32 879
33 68
33 356
33 574
33 951
34 189
34 497
35 349
35 683
35 897
35 901
35 955
36 345
36 363
36 509
36 765
36 774
37 111
37 314
37 563
37 718
37 737
37 947
38 304
38 440
38 473
38 724
38 809
38 999
39 116
39 134
39 143
39 210
39 352
39 822
39 900
40 93
40 141
40 216
40 465
40 559
40 653
40 669
41 241
41 263
41 282
41 575
41 597
42 90
42 286
42 517
42 601
43 162
43 341
44 172
44 233
44 371
44 661
44 695
44 922
45 82
45 84
45 227
45 254
45 618
45 651
45 795
45 825
46 60
46 984
46 55
47 267
48 65
48 302
48 358
48 496
48 777
48 814
48 902
49 527
49 532
49 639
49 729
50 775
50 813
50 926
51 82
51 225
51 425
51 439
51 618
51 976
52 109
52 203
52 215
52 510
52 602
52 658
52 750
52 789
52 803
52 834
52 841
53 69
53 306
53 447
53 853
53 965
54 176
54 452
54 463
54 710
54 898
55 369
55 663
55 804
55 939
56 208
56 419
56 444
56 645
56 817
56 953
57 146
57 213
57 287
57 318
57 352
57 607
57 643
57 740
57 794
57 863
58 70
58 226
58 550
58 947
58 959
59 94
59 105
59 221
59 554
59 839
59 842
60 205
60 570
60 984
60 998
61 86
61 229
61 969
62 126
62 454
62 719
62 734
62 761
62 828
63 315
63 431
63 843
63 887
64 146
64 250
64 566
64 594
64 766
65 157
65 358
65 496
65 581
65 591
65 832
66 448
66 714
66 792
66 802
67 206
67 289
67 311
67 402
67 417
68 356
68 574
68 917
68 951
69 306
69 440
69 447
69 460
69 724
69 853
70 85
70 226
70 252
70 383
70 891
70 903
70 947
70 959
71 114
71 754
71 805
71 875
72 200
72 491
72 507
72 534
73 263
73 282
73 422
73 597
73 874
73 944
73 966
74 147
74 390
74 483
74 590
74 748
74 797
74 854
75 212
75 634
75 676
75 679
75 830
75 877
76 389
76 394
76 472
76 606
76 610
76 759
76 970
77 135
77 204
77 243
77 271
77 275
77 291
77 381
77 519
77 578
77 616
77 707
77 915
78 320
78 329
78 407
78 604
78 633
79 237
79 672
79 977
80 191
80 201
80 281
80 365
80 503
80 556
81 190
81 268
81 284
81 365
81 498
82 254
82 425
82 618
82 651
83 181
83 270
83 351
83 835
84 227
84 254
84 464
84 651
84 825
85 226
85 252
85 383
85 718
85 891
85 903
85 947
85 949
85 959
86 127
86 229
86 969
86 544
87 331
87 457
87 721
87 823
88 343
88 399
88 411
88 481
88 870
88 930
88 941
88 977
89 176
89 207
89 710
89 741
89 749
89 886
89 940
90 232
90 286
90 465
90 517
90 600
90 678
91 192
92 251
92 395
92 609
92 781
93 141
93 559
93 653
93 669
93 677
94 105
94 183
94 221
94 842
94 897
94 955
95 138
95 598
95 985
96 99
96 187
96 810
97 173
97 194
97 615
97 792
97 921
98 375
98 405
98 457
98 659
98 860
98 954
99 108
99 420
99 810
100 375
100 430
100 527
100 639
100 793
100 895
101 300
101 351
101 373
101 708
101 711
102 115
102 372
102 577
102 800
102 851
102 958
103 140
103 384
103 432
103 573
104 322
104 528
104 744
104 801
104 858
105 183
105 221
105 391
105 406
105 839
105 842
106 112
106 153
106 629
106 640
106 879
107 180
107 392
107 428
107 549
107 660
107 866
107 889
108 382
108 420
108 628
108 635
109 203
109 215
109 339
109 510
109 602
109 750
109 789
109 803
109 841
110 123
110 325
110 326
110 462
110 582
110 655
110 960
111 231
111 312
111 314
111 563
111 737
112 153
112 629
113 172
113 631
113 819
113 887
114 274
114 330
114 799
114 805
114 875
114 985
115 372
115 577
115 800
115 829
115 958
115 972
116 134
116 143
116 210
116 250
116 352
116 607
116 900
117 124
118 180
118 473
118 856
118 967
118 999
119 686
120 148
120 347
120 357
120 421
120 466
120 555
120 726
121 494
122 186
122 308
122 742
122 934
123 462
123 582
123 960
124 165
124 897
124 946
125 397
125 513
125 773
125 776
126 317
126 338
126 454
126 580
126 719
126 734
127 229
127 511
127 756
127 969
128 235
128 249
128 265
128 296
128 389
128 576
128 693
128 970
128 980
129 335
129 596
129 619
129 713
129 778
129 826
129 974
130 187
130 810
131 185
131 269
131 333
131 962
132 277
132 667
132 899
133 182
133 276
133 308
133 592
133 872
134 143
134 210
134 250
134 352
134 607
134 900
135 204
135 271
135 275
135 381
135 519
135 578
135 707
135 915
136 309
136 334
136 433
136 461
136 470
136 490
136 690
136 812
136 883
136 982
137 232
137 388
137 517
137 678
137 906
137 913
138 220
138 371
138 598
138 819
139 167
139 178
139 247
139 478
139 584
139 716
139 788
139 791
139 846
139 888
140 384
140 385
140 432
140 557
140 573
141 559
141 669
141 677
142 665
142 840
142 944
143 210
143 900
144 256
144 259
144 303
144 398
144 763
144 831
145 412
146 213
146 328
146 512
146 607
146 740
146 766
146 863
146 997
147 390
147 483
147 590
147 748
147 797
147 854
148 347
148 421
148 555
149 996
150 567
150 738
150 765
150 811
150 987
150 991
151 614
151 654
151 850
152 602
152 658
152 821
153 285
153 629
153 640
153 879
154 184
154 407
154 723
154 815
154 994
155 201
155 248
155 377
155 589
155 783
155 881
156 161
156 214
156 354
156 374
156 414
156 624
156 697
156 818
156 950
157 485
157 591
158 271
158 335
158 340
158 381
158 623
158 857
158 932
158 981
159 531
159 588
159 828
160 202
160 257
160 621
160 914
160 975
161 214
161 354
161 414
161 624
161 697
161 937
161 950
162 341
162 520
162 608
163 485
163 983
164 363
164 509
164 774
165 183
165 702
165 897
165 955
166 867
166 961
167 178
167 247
167 280
167 584
167 644
167 716
167 788
167 888
167 963
168 727
168 779
168 918
168 931
169 190
169 498
169 536
170 306
170 447
170 652
170 853
171 520
171 608
172 220
172 371
172 661
172 819
173 194
173 487
173 615
173 921
174 260
174 482
174 526
174 696
174 945
175 796
175 922
176 207
176 710
176 741
176 898
177 219
177 493
177 574
177 782
178 280
178 584
178 644
178 716
178 888
179 230
179 295
179 413
179 474
179 943
180 428
180 473
180 660
180 856
180 967
181 835
182 276
182 308
182 592
182 742
182 872
183 249
183 406
183 576
183 702
183 980
184 264
184 579
184 815
184 979
185 269
186 742
186 934
187 810
188 255
188 418
188 444
188 953
188 971
189 497
190 284
190 365
190 498
191 201
191 281
191 503
191 537
191 556
191 908
192 314
193 585
193 599
193 885
193 890
194 487
194 615
195 283
195 446
195 583
195 657
196 297
197 238
197 437
197 456
197 499
197 546
197 684
197 749
197 886
197 938
198 453
198 693
199 353
199 492
199 613
199 675
199 728
200 491
200 507
200 534
200 748
200 797
201 248
201 281
201 377
201 556
201 881
202 257
202 914
203 215
203 339
203 510
203 602
203 658
203 750
203 789
203 803
203 841
204 243
204 275
204 519
204 578
204 707
204 915
205 290
205 342
205 355
205 570
205 984
205 998
206 289
206 311
207 495
207 741
207 850
207 940
208 419
208 444
208 645
208 817
208 953
209 912
210 250
210 767
210 827
210 900
211 327
211 961
211 966
212 634
212 679
212 767
212 807
212 830
213 450
213 512
213 607
213 643
213 740
213 766
213 863
213 997
214 354
214 374
214 393
214 414
214 624
214 635
214 697
214 818
214 950
215 245
215 339
215 510
215 658
215 750
215 789
215 838
215 841
216 559
216 753
216 868
217 408
217 455
217 569
217 595
217 787
218 362
218 625
218 935
219 782
220 598
220 819
221 683
221 842
221 897
221 901
221 955
222 360
222 755
222 763
223 636
223 645
223 785
224 274
224 330
224 699
224 709
224 770
224 799
224 805
224 985
225 370
225 425
225 439
225 739
225 976
226 252
226 383
226 891
226 903
226 947
226 959
227 254
227 311
227 464
227 795
227 825
228 240
228 298
228 907
228 936
228 988
229 969
230 288
230 295
230 413
230 943
231 312
232 517
232 678
232 906
232 913
233 371
233 661
233 695
233 796
233 922
234 472
234 648
234 771
235 249
235 265
235 296
235 389
235 516
235 576
235 970
235 980
236 350
236 711
237 613
238 546
238 553
238 684
238 820
239 279
239 468
239 523
239 565
239 647
239 649
240 907
240 936
241 424
241 680
241 725
241 956
242 464
242 605
242 795
243 275
243 291
243 321
243 484
243 519
243 616
244 245
244 280
244 404
244 476
244 612
244 764
244 884
244 933
245 339
245 404
245 510
245 543
245 789
246 395
246 609
246 681
246 781
246 859
247 338
247 409
247 478
247 489
247 568
247 584
247 682
247 715
247 716
247 735
247 788
247 855
247 963
248 377
248 589
248 783
248 881
249 265
249 406
249 516
249 576
249 980
250 566
250 594
250 766
250 827
250 900
251 494
251 659
251 860
251 954
252 383
252 891
252 903
253 486
253 860
253 930
253 954
254 425
254 651
254 825
255 532
255 729
255 731
255 971
256 259
256 285
256 360
256 755
257 603
257 621
257 914
257 975
258 438
258 869
258 896
259 303
259 398
259 755
259 763
259 831
260 482
260 632
260 696
260 712
260 945
261 531
261 540
261 588
262 703
263 282
263 422
263 575
263 597
263 874
263 966
264 292
264 384
264 385
264 557
264 579
265 296
265 516
265 576
265 970
265 980
266 332
266 627
266 920
267 596
267 713
267 736
267 772
267 778
268 376
268 703
269 670
269 752
269 962
270 834
271 275
271 381
271 578
271 623
271 707
271 915
272 449
272 562
272 717
272 836
273 278
273 301
273 683
273 842
273 901
274 330
274 770
274 799
274 805
274 875
274 985
275 381
275 519
275 578
275 707
275 915
276 592
277 558
277 694
277 899
278 301
278 683
278 833
278 901
279 583
279 647
279 649
279 657
279 919
280 476
280 644
280 764
280 884
280 888
280 933
281 365
281 377
281 503
281 556
282 408
282 422
282 575
282 595
282 597
282 874
282 944
283 446
283 583
283 657
283 691
284 365
284 498
285 360
285 629
286 601
286 694
287 318
287 352
287 704
287 794
287 822
287 900
288 349
288 522
289 311
289 417
290 355
290 570
290 698
290 957
290 998
291 319
291 433
291 484
291 578
291 616
291 883
291 916
292 579
292 929
293 664
293 700
294 323
294 553
294 684
294 938
295 474
295 943
296 389
296 394
296 516
296 610
296 970
297 506
298 529
298 552
298 871
298 927
298 988
299 342
299 646
299 652
300 351
300 373
300 418
300 708
301 617
301 861
302 496
302 814
303 398
303 763
303 831
304 473
304 809
304 999
304 587
305 359
305 409
305 416
305 489
305 568
305 586
305 682
305 715
305 722
306 447
306 572
306 853
306 965
307 393
307 628
308 872
309 334
309 470
309 936
309 982
310 504
310 593
310 674
310 688
311 464
311 825
312 314
312 563
312 737
313 333
313 400
313 571
313 692
313 904
313 962
314 563
314 718
314 737
315 431
315 434
315 843
315 887
316 539
316 816
316 866
317 359
317 409
317 580
317 586
317 682
318 438
318 643
318 794
318 869
319 433
319 484
319 490
319 530
319 616
319 690
319 812
319 873
319 883
319 916
320 329
320 519
320 604
320 633
321 529
321 552
321 633
321 871
321 927
322 528
322 801
322 858
322 918
323 630
323 938
323 379
324 538
324 767
324 807
324 827
325 326
325 462
325 582
325 655
326 462
326 506
326 960
327 422
327 961
327 966
328 396
328 512
328 756
328 986
328 997
329 407
329 529
329 604
329 633
330 505
330 770
330 799
330 805
330 875
330 985
331 457
331 721
331 823
332 508
332 627
332 920
332 996
333 692
333 962
334 433
334 461
334 470
334 490
334 530
334 690
334 812
334 982
335 619
335 623
335 826
335 932
335 974
336 553
336 706
337 475
337 558
337 601
337 694
338 478
338 584
338 682
338 734
338 788
339 510
339 750
339 789
339 838
339 841
340 514
340 623
340 686
340 857
340 932
340 981
341 960
342 355
342 570
343 399
343 411
343 481
343 941
343 977
344 501
344 701
344 725
344 978
345 363
345 509
345 567
345 738
345 765
345 844
345 991
346 467
346 743
346 751
347 421
347 555
348 515
348 664
348 700
348 990
348 952
349 522
350 539
350 708
350 711
350 816
350 866
351 373
351 711
352 607
352 900
353 613
353 824
353 995
354 374
354 393
354 624
354 818
354 950
355 570
355 998
356 574
356 917
356 951
357 466
357 555
358 496
358 581
358 777
358 813
358 832
359 409
359 416
359 580
359 586
359 682
359 715
359 722
359 852
360 755
361 641
361 928
361 992
362 625
362 935
363 509
363 567
363 765
363 774
364 366
364 487
364 845
364 852
365 498
366 845
366 852
367 500
367 531
367 542
367 899
368 402
368 417
368 445
368 935
369 663
369 730
369 804
369 939
370 439
370 739
370 968
370 976
371 598
371 661
371 695
371 819
372 417
372 800
372 851
372 958
373 711
374 393
374 624
374 818
374 876
374 950
375 405
375 429
376 589
376 754
377 589
378 695
379 572
379 752
379 965
380 606
380 638
380 746
380 908
381 578
381 707
381 915
382 414
382 635
383 718
383 891
383 903
383 947
383 959
384 385
384 432
384 557
384 573
385 432
385 557
385 979
386 567
386 844
386 991
387 495
387 524
388 561
388 791
388 846
388 906
388 913
389 394
389 610
389 970
390 483
390 590
390 854
390 946
391 554
391 666
391 839
392 549
392 806
392 889
393 818
393 950
394 516
394 610
394 970
395 609
395 681
395 781
395 802
395 859
396 511
396 512
396 756
396 986
397 513
397 773
397 776
398 763
398 831
399 411
399 481
399 870
399 941
399 948
400 571
400 904
401 469
401 747
401 878
401 987
402 417
402 445
402 851
403 611
403 760
404 476
404 612
404 764
405 429
405 948
406 535
406 576
406 980
407 529
407 633
407 994
408 455
408 595
408 787
408 874
408 944
409 416
409 489
409 568
409 586
409 682
409 715
409 722
409 855
409 963
410 427
410 910
411 481
411 870
411 941
411 948
412 502
412 505
412 770
413 687
413 848
413 943
414 635
414 697
414 937
415 451
415 492
415 728
415 928
415 992
416 586
416 689
416 715
416 722
417 445
417 851
418 444
418 835
418 953
419 444
419 953
420 628
422 575
422 597
422 874
422 966
423 441
423 521
423 662
424 680
424 725
424 956
424 989
425 972
426 577
426 736
426 772
426 778
426 829
426 862
426 972
427 910
428 660
428 856
428 967
430 527
430 639
430 793
430 895
431 434
431 843
431 887
433 470
433 484
433 490
433 690
433 812
433 883
433 916
433 982
434 699
434 709
434 753
434 843
435 893
435 942
436 443
436 704
436 794
436 822
437 456
437 499
437 546
437 749
437 880
437 886
438 869
438 896
439 739
439 976
440 460
440 724
441 442
441 521
441 662
442 521
442 632
442 662
442 712
442 824
442 995
443 461
443 530
443 822
444 817
444 953
445 935
446 583
446 657
446 691
447 652
447 853
448 681
448 714
449 562
449 836
450 512
450 643
450 740
450 863
450 925
450 997
451 928
452 463
452 630
452 710
452 808
452 837
452 886
452 898
453 693
454 719
454 734
454 761
454 828
455 569
455 595
455 617
455 787
456 499
456 546
456 749
456 820
456 880
457 494
457 659
457 721
458 754
459 689
460 652
460 724
461 470
461 490
461 530
461 690
461 812
461 873
461 905
462 582
462 655
462 960
463 710
463 808
463 837
463 898
464 605
464 795
464 825
465 600
465 653
465 669
467 523
467 565
468 523
468 565
468 649
469 480
469 526
470 490
470 690
470 812
470 936
470 982
471 762
472 648
472 759
472 771
473 660
473 809
473 856
473 967
473 999
474 943
475 558
475 667
475 694
475 745
476 612
476 764
476 884
476 933
477 502
477 655
478 584
478 682
478 716
478 788
478 846
479 492
479 675
479 728
480 526
481 870
481 930
481 941
481 948
481 977
482 632
482 696
482 712
483 590
483 946
484 616
484 690
484 812
484 883
484 916
485 591
485 964
487 615
488 798
488 802
489 568
489 682
489 715
489 735
489 855
489 963
490 530
490 690
490 812
490 873
490 883
490 905
490 982
491 507
491 534
491 748
492 675
492 728
492 928
492 992
493 497
493 732
493 782
494 659
495 524
496 777
496 814
496 902
497 732
497 780
499 546
499 749
499 880
499 886
499 940
500 531
500 899
501 701
501 725
501 956
501 973
501 978
503 537
503 556
503 759
503 908
504 593
504 674
505 770
505 790
506 520
506 608
507 534
507 748
507 797
508 572
508 920
508 996
509 765
509 774
510 602
510 658
510 750
510 789
510 838
510 841
511 756
511 969
511 986
512 740
512 863
512 997
513 730
513 773
513 551
514 540
514 857
514 981
515 664
515 700
515 990
516 865
516 909
516 970
517 678
517 906
517 913
518 622
519 707
519 915
520 608
521 662
521 824
521 995
523 565
523 647
523 649
524 850
524 952
525 672
525 757
526 945
527 532
527 639
527 793
528 801
528 858
529 552
529 633
529 871
529 927
530 690
530 812
530 873
530 905
532 639
532 729
532 731
532 793
533 536
534 748
535 666
535 989
537 556
537 606
537 759
537 908
538 767
538 827
539 708
539 816
539 866
540 588
540 857
540 981
541 599
541 636
541 733
541 885
541 890
542 668
542 872
543 658
543 821
543 884
544 673
545 861
546 684
546 749
546 880
546 886
547 817
548 768
548 949
549 660
549 806
549 866
549 889
550 563
550 718
550 737
550 859
550 947
550 959
552 871
552 927
553 684
553 938
554 666
554 839
555 726
556 908
557 573
558 601
558 667
558 694
559 653
559 669
560 727
560 918
560 931
561 791
561 846
562 717
562 836
563 718
563 737
563 859
563 947
563 959
564 729
565 647
565 649
566 594
566 766
566 827
566 894
567 738
567 765
567 844
567 991
568 682
568 715
568 716
568 735
568 788
568 855
568 963
569 617
569 787
569 861
570 998
571 670
571 904
572 965
572 996
575 597
576 980
577 800
577 829
577 958
578 616
578 707
578 915
579 917
579 929
579 951
580 586
580 852
581 775
581 813
581 832
581 926
582 655
583 657
583 691
583 919
584 716
584 788
584 791
584 846
585 599
585 876
585 885
585 890
586 682
586 715
586 722
586 852
587 720
588 828
589 754
590 946
591 832
593 674
593 688
593 833
594 766
594 827
594 894
595 626
595 787
596 713
596 736
596 772
596 778
596 826
596 974
597 874
597 966
599 636
599 876
599 885
599 890
600 653
600 678
600 838
601 694
601 843
601 868
602 658
602 803
602 821
602 834
602 841
603 621
603 780
603 847
603 975
604 633
606 759
606 908
607 766
607 900
609 781
609 859
610 970
611 685
611 911
612 764
613 675
613 728
614 654
614 850
616 883
616 916
617 861
618 651
618 976
619 826
619 974
620 957
621 780
621 847
621 910
621 975
622 638
622 746
623 932
623 981
624 818
624 876
624 950
625 935
626 680
627 920
628 635
629 640
630 684
630 808
630 837
630 886
630 938
631 745
631 887
632 662
632 696
632 712
632 824
632 995
634 679
634 767
634 807
635 818
636 733
636 885
637 952
638 746
639 731
639 793
640 879
641 992
642 731
642 971
643 740
643 863
643 925
644 716
644 911
645 785
645 817
647 649
648 759
653 669
654 726
654 850
656 673
657 919
658 821
658 841
659 860
659 954
660 856
660 967
661 695
661 922
662 712
663 784
663 804
664 700
664 990
665 840
665 944
666 839
666 989
667 745
669 677
670 752
670 962
670 965
671 786
671 906
671 913
672 977
674 688
675 728
676 679
676 830
676 877
676 905
677 750
678 906
679 807
679 830
679 877
681 859
682 715
682 735
682 788
682 855
682 963
683 897
683 901
683 955
684 938
685 849
685 911
686 932
686 981
687 801
687 848
688 833
689 722
689 792
690 812
690 873
690 883
690 916
690 982
692 962
695 796
695 922
696 712
696 945
697 785
697 937
697 950
698 957
698 998
699 709
699 753
700 990
701 751
701 769
701 973
701 993
702 897
702 980
703 912
704 794
704 822
705 845
705 964
705 983
707 915
708 711
708 816
709 753
710 808
710 837
710 886
710 898
712 824
712 995
713 778
713 826
713 932
713 974
714 792
714 802
715 722
715 735
715 855
715 963
716 735
716 788
716 855
716 963
717 923
718 737
718 947
718 959
719 734
719 761
719 828
720 882
720 923
721 823
723 815
723 994
725 956
725 978
727 918
727 931
728 928
729 731
730 804
731 793
731 971
732 780
733 885
734 761
735 855
735 963
736 772
736 778
736 862
737 947
737 959
738 765
738 811
738 987
738 991
739 968
740 863
740 997
741 850
741 940
742 934
743 751
743 769
743 771
744 779
745 887
747 811
747 878
747 924
747 987
748 797
749 886
749 940
750 789
750 841
751 769
752 965
753 868
755 763
756 969
756 986
758 939
759 908
761 828
762 978
763 831
764 888
765 774
765 991
767 807
767 827
768 893
768 942
768 949
769 771
769 865
769 993
770 799
770 805
772 778
772 862
773 776
775 813
775 926
777 902
778 826
778 862
780 847
780 975
781 859
786 913
788 855
788 963
789 838
789 841
791 846
791 888
792 921
794 869
795 825
795 879
798 802
799 805
799 875
799 985
800 958
800 972
801 858
803 834
803 841
804 939
805 875
805 985
806 889
808 837
808 886
809 999
811 924
811 987
812 883
812 916
812 982
813 926
814 902
815 917
815 994
817 953
818 950
820 880
821 834
824 995
826 974
827 894
829 862
829 972
830 873
830 877
830 905
837 886
839 842
840 944
842 901
843 868
844 991
846 888
847 910
847 975
849 911
851 958
854 929
855 963
856 967
856 999
857 981
860 954
862 972
863 997
865 909
865 993
867 961
869 896
870 930
870 941
870 948
871 927
873 905
874 944
874 966
875 985
878 924
878 987
882 923
883 916
884 933
885 890
886 940
888 933
891 903
892 924
893 942
897 955
901 955
906 913
907 936
907 988
909 970
909 973
909 993
910 975
911 933
917 951
918 931
924 987
927 994
928 992
930 948
932 981
936 982
941 977
947 959
956 989
957 998
961 966
964 983
967 999
973 993
