0 32
0 41
0 104
0 149
0 267
0 566
0 614
0 615
0 745
0 789
0 980
1 38
1 76
1 208
1 229
1 290
1 487
1 711
1 725
1 913
1 926
2 256
2 361
2 612
2 919
2 963
2 977
3 517
3 800
3 832
4 20
4 70
4 445
4 631
4 645
4 750
4 778
5 87
5 169
5 607
5 717
5 874
5 928
5 981
6 263
6 288
6 312
6 418
6 493
6 595
6 769
6 787
6 901
6 916
7 153
7 222
7 234
7 237
7 696
7 844
7 864
7 891
7 896
7 999
8 209
8 213
8 250
8 384
8 385
8 427
8 551
8 559
8 656
8 718
8 777
8 796
8 903
8 989
9 27
9 29
9 78
9 215
9 330
9 334
9 381
9 438
9 440
9 734
9 881
9 890
10 278
10 286
10 299
10 351
10 422
10 578
10 684
10 785
10 825
10 833
10 837
10 893
10 915
10 929
10 931
10 992
11 199
11 247
11 454
11 501
11 648
11 753
11 848
11 962
12 97
12 349
12 414
12 456
12 515
12 568
12 642
12 661
12 695
12 773
12 855
12 914
13 272
13 293
13 399
13 499
13 601
13 853
13 933
14 452
14 518
14 705
14 723
14 819
14 876
14 900
15 154
15 268
15 410
15 516
15 591
15 689
15 690
15 898
15 917
15 927
16 89
16 140
16 191
16 447
16 544
16 580
16 751
16 774
16 805
17 31
17 196
17 221
17 258
17 329
17 753
17 940
17 955
18 92
18 243
18 353
18 470
18 603
18 616
18 948
19 57
19 524
19 548
19 677
20 48
20 373
20 645
20 750
20 778
20 872
20 906
20 984
21 40
21 181
21 299
21 351
21 414
21 422
21 578
21 724
21 773
21 929
21 931
21 935
22 131
22 150
22 161
22 323
22 737
22 887
23 68
23 90
23 275
23 482
23 535
23 538
23 674
23 701
23 728
23 781
23 801
23 824
23 960
24 45
24 116
24 249
24 289
24 412
24 513
24 675
24 924
24 980
24 998
25 366
25 500
25 512
25 681
25 755
25 830
25 909
25 961
26 33
26 176
26 196
26 221
26 313
26 473
26 740
26 797
26 862
27 29
27 66
27 215
27 330
27 334
27 403
27 669
27 820
27 890
27 939
28 112
28 155
28 166
28 198
28 362
28 434
28 483
29 66
29 78
29 215
29 330
29 334
29 381
29 438
29 440
29 820
29 881
30 417
30 525
30 589
30 895
31 196
31 258
31 849
31 955
32 104
32 149
32 267
32 566
32 614
32 675
32 745
32 980
33 82
33 141
33 176
33 313
33 443
33 473
33 659
33 740
33 797
33 862
34 382
34 449
34 535
34 538
34 617
34 702
34 758
34 781
34 782
35 125
35 506
35 664
35 682
35 703
35 951
36 71
36 223
36 340
36 452
36 705
36 900
37 51
37 80
37 105
37 117
37 199
37 247
37 406
37 454
37 484
37 523
37 526
37 680
37 771
37 794
37 848
38 60
38 76
38 118
38 185
38 308
38 478
38 585
38 841
38 987
39 91
39 200
39 363
39 385
39 489
39 551
39 560
39 579
39 744
39 777
39 780
39 938
40 422
40 578
40 653
40 706
40 768
40 785
40 839
41 145
41 149
41 267
41 444
41 471
41 566
41 615
41 745
41 789
42 74
42 248
42 271
42 341
42 371
42 436
42 474
42 554
42 586
42 663
43 98
43 284
43 605
43 882
44 398
44 442
44 532
44 572
44 810
45 116
45 245
45 249
45 315
45 339
45 345
45 401
45 412
45 455
45 513
45 613
45 652
45 669
45 763
45 924
45 980
45 998
46 168
46 244
46 300
46 678
46 769
46 831
46 889
46 952
47 119
47 128
47 224
47 230
47 360
47 419
47 423
47 527
47 536
47 698
48 209
48 373
48 384
48 645
48 796
48 872
48 903
48 906
48 984
48 989
49 60
49 118
49 185
49 225
49 308
49 514
49 622
49 626
49 657
49 841
49 869
50 53
50 138
50 252
50 350
50 354
50 359
50 426
50 528
50 596
50 646
50 716
50 733
50 845
50 897
50 954
51 80
51 105
51 117
51 406
51 523
51 765
51 771
51 794
51 965
52 193
52 300
52 431
52 467
52 678
52 844
52 889
52 896
53 115
53 138
53 184
53 350
53 354
53 426
53 509
53 528
53 716
53 733
53 845
53 852
53 954
54 95
54 132
54 213
54 277
54 298
54 320
54 477
54 504
54 541
54 558
54 560
54 620
54 633
54 656
54 668
54 772
54 777
54 780
54 918
54 936
54 938
55 108
55 142
55 570
55 576
55 968
56 113
56 250
56 559
56 623
57 240
57 548
57 574
57 677
57 693
57 756
58 257
58 278
58 304
58 325
58 569
58 665
58 697
58 785
58 817
58 893
58 992
59 241
59 408
59 522
59 709
59 950
60 118
60 185
60 195
60 225
60 279
60 308
60 478
60 514
60 531
60 585
60 626
60 657
60 828
60 841
60 869
60 987
61 156
61 365
61 369
61 715
61 812
61 816
61 843
62 82
62 86
62 211
62 329
62 336
62 396
62 468
62 685
62 940
63 207
63 238
63 324
63 333
63 335
63 486
63 597
63 686
63 871
63 879
63 983
64 96
64 103
64 191
64 197
64 358
64 402
64 490
64 587
64 634
64 637
64 658
64 761
65 184
65 273
65 306
65 350
65 416
65 459
65 509
65 528
65 577
65 754
65 786
65 788
65 821
65 852
66 78
66 215
66 334
66 403
66 455
66 652
66 669
66 692
66 820
66 923
67 157
67 239
67 261
67 456
67 515
67 561
67 695
67 729
67 838
67 878
67 883
67 921
67 975
68 275
68 386
68 433
68 482
68 496
68 520
68 535
68 701
68 781
68 824
68 827
68 932
69 271
69 282
69 321
69 400
69 562
69 791
69 807
69 851
69 945
70 445
70 631
70 750
70 778
71 223
71 340
71 377
71 900
72 85
72 103
72 303
72 421
72 465
72 490
72 565
72 629
72 775
72 808
72 957
73 89
73 276
73 447
73 510
73 544
73 609
73 632
73 774
73 920
73 982
74 205
74 248
74 295
74 335
74 463
74 663
74 804
74 818
74 910
74 964
74 973
74 976
75 94
75 169
75 395
75 588
75 635
75 717
75 748
75 886
75 953
75 990
76 118
76 185
76 229
76 308
76 310
76 478
76 711
76 725
76 926
76 987
77 121
77 285
77 639
77 726
77 854
77 860
77 875
77 894
78 88
78 215
78 342
78 381
78 438
78 440
78 610
79 102
79 175
79 240
79 374
79 533
79 548
79 574
79 582
79 624
79 930
80 105
80 117
80 247
80 406
80 523
80 765
80 771
80 794
80 959
81 253
81 625
81 743
81 836
81 856
82 86
82 141
82 211
82 313
82 336
82 376
82 393
82 396
82 443
82 468
82 659
82 685
83 236
83 269
83 305
83 612
83 673
83 688
83 727
83 736
84 233
84 442
84 721
84 814
85 103
85 110
85 197
85 465
85 490
85 587
85 629
85 634
85 658
85 761
85 790
85 808
85 957
86 221
86 329
86 336
86 396
86 685
86 940
87 169
87 607
87 928
87 981
88 171
88 186
88 218
88 316
88 342
88 381
88 438
88 440
88 610
88 618
88 735
88 766
88 779
89 276
89 447
89 544
89 609
89 632
89 774
90 144
90 728
90 801
90 868
90 960
91 200
91 265
91 363
91 489
91 579
91 744
91 812
91 843
92 192
92 243
92 452
92 470
92 603
92 616
92 723
92 994
93 306
93 311
93 343
93 404
93 416
93 792
93 795
93 947
94 392
94 395
94 537
94 588
94 635
94 712
94 742
94 748
94 826
94 886
95 132
95 298
95 309
95 311
95 320
95 364
95 420
95 477
95 558
95 559
95 620
95 656
95 668
95 792
95 918
96 140
96 191
96 197
96 358
96 402
96 490
96 587
96 634
96 637
96 761
96 790
96 805
96 997
97 349
97 414
97 456
97 515
97 568
97 642
97 661
97 695
97 773
97 855
97 914
97 935
98 458
98 870
98 965
99 218
99 355
99 405
99 453
99 552
99 902
99 985
100 594
100 702
100 782
100 850
101 272
101 293
101 399
101 469
101 499
101 506
101 547
101 664
101 783
101 811
101 951
102 175
102 240
102 374
102 533
102 548
102 574
102 582
102 602
102 624
102 930
103 110
103 197
103 490
103 565
103 587
103 629
103 634
103 658
103 761
103 808
103 957
104 149
104 214
104 249
104 267
104 455
104 615
104 652
104 745
104 923
104 980
105 117
105 247
105 406
105 523
105 765
105 771
105 794
105 848
105 853
106 463
106 733
106 804
106 861
106 871
106 899
106 910
106 976
106 983
107 135
107 232
107 301
107 330
107 425
107 671
107 890
107 939
107 995
108 119
108 162
108 360
108 570
108 583
108 666
108 770
108 968
109 201
109 850
110 235
110 358
110 465
110 490
110 629
110 634
110 761
110 790
110 808
110 997
111 153
111 234
111 237
111 291
111 696
111 829
111 864
112 198
112 255
112 362
112 434
112 755
112 909
112 986
113 250
113 559
113 623
114 122
114 287
114 550
114 802
114 994
115 170
115 184
115 426
115 509
115 716
115 733
115 852
115 861
115 899
115 954
116 249
116 315
116 345
116 401
116 412
116 455
116 513
116 613
116 763
116 924
116 980
116 998
117 199
117 247
117 406
117 454
117 484
117 523
117 526
117 680
117 771
117 848
118 185
118 308
118 338
118 585
118 622
118 626
118 657
118 841
118 869
118 987
119 162
119 224
119 230
119 360
119 423
119 527
119 583
119 643
119 666
119 698
119 770
120 219
120 517
120 726
120 800
120 860
120 894
120 942
121 285
121 639
121 726
121 860
121 875
122 152
122 287
122 413
122 450
122 550
122 802
123 264
123 391
123 622
123 683
123 752
123 787
124 126
124 143
124 164
124 262
124 289
124 345
124 387
124 462
124 636
124 763
125 472
125 664
125 682
125 703
125 811
125 953
126 164
126 262
126 289
126 345
126 462
126 513
126 613
126 636
126 763
126 924
126 998
127 229
127 279
127 290
127 310
127 398
127 478
127 487
127 711
127 908
127 926
127 946
127 961
127 993
128 139
128 419
128 536
128 556
128 719
128 793
129 260
129 731
129 858
130 302
130 411
130 456
130 461
130 515
130 563
130 611
130 661
130 921
131 137
131 150
131 161
131 323
131 737
131 887
132 277
132 298
132 309
132 320
132 364
132 477
132 541
132 558
132 560
132 620
132 633
132 668
132 772
132 918
132 936
132 938
132 966
133 270
133 407
133 517
133 800
133 832
133 835
133 880
134 226
134 228
134 583
134 606
134 641
134 643
134 693
134 722
134 730
134 756
134 925
135 232
135 593
135 671
135 710
135 762
135 813
135 995
136 429
136 575
136 584
136 598
136 704
137 161
137 203
137 323
137 390
137 439
137 557
137 737
137 749
138 252
138 350
138 354
138 359
138 528
138 596
138 646
138 716
138 845
138 897
139 146
139 419
139 460
139 536
139 556
139 719
139 793
139 803
140 191
140 358
140 402
140 544
140 580
140 587
140 634
140 761
140 790
140 805
140 997
141 313
141 376
141 443
141 473
141 659
141 797
141 970
142 246
142 457
142 576
142 968
143 164
143 369
143 462
143 631
143 636
143 715
144 728
144 801
144 868
144 960
145 471
145 615
145 745
145 866
146 460
146 556
146 719
146 793
146 803
146 838
146 914
147 173
147 687
147 866
148 187
148 453
148 764
148 849
148 902
148 985
149 214
149 267
149 566
149 614
149 615
149 745
149 789
149 980
150 161
150 259
150 392
150 667
150 887
150 944
151 159
151 274
151 281
151 529
151 546
151 644
151 670
151 907
151 958
151 971
151 979
152 287
152 331
152 356
152 397
152 413
152 450
152 550
152 619
152 802
152 865
153 234
153 237
153 431
153 467
153 696
153 844
153 864
153 896
153 999
154 195
154 410
154 514
154 516
154 591
154 689
154 828
154 898
154 917
154 927
155 166
155 198
155 362
155 415
155 434
155 483
155 604
156 365
156 369
156 715
156 812
156 843
157 561
157 729
157 838
157 878
157 883
158 271
158 282
158 341
158 474
158 529
158 586
158 663
158 851
158 945
158 958
158 979
159 274
159 281
159 529
159 546
159 628
159 670
159 710
159 877
159 971
159 979
160 206
160 239
160 448
160 561
160 676
160 729
160 846
160 878
160 975
161 323
161 557
161 737
161 749
161 887
162 224
162 230
162 360
162 423
162 527
162 583
162 666
162 698
162 770
163 319
163 395
163 607
163 635
163 717
163 874
163 990
164 262
164 345
164 462
164 613
164 636
164 715
164 763
164 998
165 183
165 280
165 457
165 570
165 653
165 672
165 842
166 198
166 434
166 483
166 604
167 388
167 498
167 562
167 567
167 682
167 694
167 712
167 892
167 941
168 193
168 244
168 300
168 337
168 464
168 678
168 769
168 831
169 607
169 717
169 928
169 953
169 981
169 990
170 662
170 757
170 861
170 899
170 934
171 186
171 218
171 342
171 440
171 610
171 735
171 779
172 322
172 383
172 469
172 511
172 767
172 783
173 444
173 471
173 687
173 866
174 328
174 357
174 367
174 649
175 374
175 533
175 553
175 580
175 582
175 592
175 624
175 746
175 751
175 756
175 943
175 956
176 473
176 740
176 797
176 862
177 307
177 378
177 431
177 467
177 625
177 678
177 847
177 856
177 889
177 952
178 188
178 210
178 424
178 432
178 581
178 706
178 768
179 328
179 352
179 357
179 479
179 590
179 708
179 758
179 912
179 922
180 493
180 507
180 555
180 602
180 683
181 299
181 351
181 414
181 422
181 578
181 661
181 724
181 773
181 825
181 837
181 929
181 931
181 935
182 252
182 350
182 354
182 459
182 528
182 577
182 646
182 660
182 821
183 280
183 292
183 457
183 570
183 576
183 653
183 672
183 842
184 273
184 350
184 426
184 459
184 509
184 528
184 577
184 754
184 786
184 852
184 954
185 225
185 279
185 308
185 310
185 478
185 531
185 585
185 626
185 841
185 869
185 987
186 218
186 316
186 342
186 381
186 440
186 610
186 735
186 766
186 779
187 764
187 849
187 902
187 985
188 210
188 317
188 372
188 424
188 432
188 581
188 706
188 741
189 347
189 379
189 393
189 446
189 534
189 567
189 655
189 791
189 857
190 209
190 250
190 373
190 384
190 427
190 451
190 564
190 707
190 718
190 903
191 358
191 402
191 544
191 587
191 637
191 761
191 774
191 805
192 243
192 491
192 518
192 603
192 616
192 723
192 994
193 244
193 300
193 348
193 431
193 678
193 889
194 437
194 543
194 739
194 759
194 814
194 816
194 834
194 977
195 225
195 514
195 516
195 531
195 626
195 651
195 689
195 799
195 828
195 869
195 917
195 927
196 221
196 473
196 849
196 862
197 402
197 490
197 587
197 629
197 634
197 637
197 658
197 761
198 255
198 362
198 415
198 434
198 483
198 604
198 909
198 986
199 247
199 254
199 454
199 484
199 526
199 680
199 848
199 962
200 265
200 363
200 489
200 551
200 572
200 579
200 744
200 780
200 938
201 850
202 367
202 494
202 720
202 905
203 220
203 332
203 390
203 439
203 798
204 326
204 348
204 409
204 464
204 505
204 640
204 806
204 809
204 891
205 248
205 295
205 335
205 463
205 804
205 871
205 964
205 976
205 983
206 239
206 448
206 676
206 729
206 846
206 878
206 975
207 231
207 314
207 318
207 346
207 573
207 699
208 502
208 504
208 532
208 539
208 725
208 772
208 913
208 966
208 991
209 250
209 373
209 384
209 427
209 451
209 564
209 707
209 718
209 796
209 903
209 906
209 989
210 317
210 372
210 424
210 706
210 741
210 839
210 885
211 336
211 347
211 376
211 379
211 393
211 443
211 446
211 468
211 659
211 685
211 859
212 227
212 389
212 398
212 488
212 500
212 721
212 738
212 810
212 961
213 385
213 427
213 477
213 551
213 559
213 560
213 620
213 656
213 668
213 777
213 780
213 989
214 267
214 455
214 615
214 652
214 692
214 745
214 923
214 980
215 330
215 334
215 381
215 403
215 669
215 820
216 428
216 593
216 691
216 710
216 762
216 813
216 877
216 904
216 969
217 294
217 400
217 498
217 521
217 537
217 542
217 712
217 826
218 355
218 735
218 766
219 517
219 726
219 800
219 860
219 894
219 942
220 390
220 798
221 329
221 396
221 473
221 940
222 234
222 237
222 650
222 844
222 864
222 891
222 896
222 999
223 340
223 452
223 705
223 819
223 876
223 900
223 967
224 476
224 485
224 527
224 666
224 698
224 770
225 279
225 308
225 514
225 531
225 585
225 626
225 657
225 828
225 841
225 869
225 987
226 228
226 447
226 553
226 606
226 641
226 643
226 722
226 730
226 925
226 956
227 389
227 398
227 488
227 500
227 721
227 738
227 810
228 296
228 360
228 583
228 606
228 641
228 643
228 722
228 730
228 925
229 279
229 290
229 310
229 478
229 487
229 711
229 725
229 908
229 926
229 946
229 961
229 987
229 993
230 296
230 360
230 423
230 441
230 527
230 698
231 257
231 324
231 325
231 333
231 435
231 486
231 569
231 597
231 665
231 686
231 873
232 301
232 330
232 593
232 671
232 710
232 762
232 881
232 995
233 265
233 442
233 489
233 579
233 810
233 843
234 237
234 696
234 844
234 864
234 896
234 999
235 288
235 312
235 394
235 465
235 808
235 916
236 305
236 612
236 673
236 727
236 736
237 696
237 844
237 864
237 896
237 999
238 324
238 333
238 596
238 597
238 638
238 733
238 879
238 983
239 261
239 561
239 676
239 729
239 878
239 883
239 921
239 975
240 374
240 548
240 574
240 677
240 693
240 756
240 930
241 375
241 492
241 522
241 599
241 709
241 950
242 394
242 533
242 555
242 582
242 592
242 602
242 624
243 353
243 470
243 603
243 616
243 948
243 994
244 300
244 378
244 678
244 831
244 889
244 952
245 315
245 339
245 401
245 403
245 412
245 600
245 613
245 669
245 820
245 939
245 998
246 280
246 372
246 457
246 672
246 885
247 406
247 454
247 523
247 680
247 765
247 771
247 794
247 848
248 295
248 335
248 463
248 663
248 804
248 818
248 910
248 964
248 973
248 976
249 315
249 401
249 412
249 513
249 675
249 924
249 980
250 384
250 427
250 451
250 559
250 564
250 718
250 903
250 989
251 260
251 494
251 519
251 858
251 905
252 350
252 354
252 359
252 528
252 646
252 741
252 845
252 897
253 283
253 654
253 743
253 829
253 856
254 258
254 484
254 526
254 700
254 753
254 962
255 362
255 434
255 755
255 909
255 986
256 361
256 604
256 612
256 919
256 963
257 304
257 314
257 325
257 495
257 569
257 665
257 697
257 817
258 700
258 753
258 955
258 962
259 392
259 554
259 667
259 826
259 944
260 494
260 519
260 858
260 905
261 456
261 515
261 561
261 695
261 878
261 883
261 921
261 975
262 289
262 345
262 462
262 503
262 636
262 763
262 924
262 998
263 288
263 312
263 418
263 493
263 595
263 769
263 787
263 901
263 916
264 338
264 391
264 475
264 622
264 683
264 714
264 752
264 884
265 363
265 442
265 489
265 572
265 579
265 744
265 843
266 545
266 608
266 627
266 651
266 776
266 799
266 867
266 888
266 949
267 471
267 566
267 615
267 745
267 789
267 980
268 516
268 525
268 690
268 806
268 809
268 898
268 927
268 996
269 370
269 619
269 673
269 688
269 972
269 978
270 407
270 517
270 800
270 832
270 835
270 880
271 282
271 341
271 371
271 400
271 436
271 474
271 554
271 586
271 663
271 851
271 945
272 293
272 399
272 469
272 499
272 506
272 547
272 811
272 853
272 951
273 306
273 309
273 311
273 343
273 364
273 416
273 420
273 754
273 786
273 792
274 301
274 508
274 546
274 593
274 628
274 630
274 670
274 671
274 710
274 877
274 907
274 971
274 984
275 386
275 439
275 482
275 496
275 520
275 557
275 674
275 701
275 749
275 781
275 824
275 827
275 932
276 447
276 510
276 544
276 609
276 632
276 774
277 298
277 320
277 364
277 502
277 539
277 541
277 558
277 621
277 633
277 772
277 918
277 936
277 937
277 966
277 991
278 299
278 304
278 325
278 352
278 684
278 697
278 785
278 825
278 833
278 893
278 915
278 992
279 308
279 310
279 478
279 531
279 585
279 626
279 867
279 869
279 908
279 946
279 987
280 457
280 653
280 672
280 839
280 842
280 885
281 529
281 546
281 813
281 877
281 979
282 341
282 400
282 586
282 851
282 945
283 291
283 654
283 829
284 605
284 747
284 882
284 959
285 726
285 860
285 875
286 302
286 351
286 461
286 563
286 590
286 684
286 825
286 833
286 837
286 915
286 929
286 931
287 450
287 550
287 802
288 312
288 465
288 901
288 916
289 331
289 345
289 503
289 763
289 924
290 310
290 398
290 478
290 487
290 711
290 725
290 908
290 926
290 946
290 961
290 993
291 829
292 476
292 485
292 570
292 713
292 815
293 399
293 499
293 506
293 547
293 601
293 784
293 811
293 853
293 933
293 951
294 388
294 498
294 521
294 537
294 542
294 562
294 694
294 712
294 826
294 892
295 335
295 463
295 804
295 818
295 871
295 910
295 964
295 973
295 976
295 983
296 360
296 423
296 441
296 643
296 730
296 732
296 920
296 925
296 982
297 330
297 428
297 438
297 440
297 610
297 691
297 734
297 762
297 779
297 881
297 969
298 320
298 364
298 477
298 502
298 539
298 541
298 558
298 633
298 668
298 772
298 918
298 936
298 937
298 966
298 991
299 351
299 422
299 578
299 684
299 724
299 785
299 825
299 833
299 837
299 893
299 915
299 929
299 931
299 992
300 678
300 889
300 952
301 425
301 628
301 630
301 671
301 872
301 984
302 351
302 414
302 461
302 563
302 661
302 837
302 931
303 307
303 378
303 421
303 775
303 952
303 957
304 325
304 435
304 569
304 665
304 768
304 873
304 893
304 992
305 612
305 673
305 727
305 736
305 854
306 311
306 343
306 416
306 754
306 786
306 788
306 792
306 821
307 378
307 421
307 565
307 625
307 775
307 836
307 847
307 889
307 952
307 957
308 310
308 478
308 531
308 585
308 626
308 841
308 869
308 987
309 311
309 320
309 343
309 364
309 420
309 477
309 558
309 668
309 792
309 795
309 918
309 937
310 478
310 585
310 711
310 869
310 908
310 926
310 946
310 961
310 987
310 993
311 320
311 343
311 364
311 416
311 420
311 558
311 621
311 792
311 795
311 918
311 937
312 394
312 493
312 787
312 901
312 916
313 329
313 376
313 443
313 473
313 659
313 797
314 346
314 480
314 495
314 569
314 573
314 665
314 932
315 339
315 401
315 403
315 412
315 455
315 513
315 613
315 652
315 669
315 820
315 998
316 552
316 618
316 679
316 766
316 988
317 372
317 706
317 741
317 839
317 885
318 346
318 481
318 667
318 699
318 944
319 395
319 635
319 717
319 874
319 990
320 364
320 477
320 539
320 558
320 621
320 633
320 668
320 772
320 792
320 918
320 936
320 937
320 966
321 791
321 807
321 851
321 857
321 945
322 383
322 511
322 767
322 783
323 390
323 557
323 737
323 749
323 887
324 333
324 432
324 435
324 486
324 581
324 596
324 597
324 638
324 686
324 873
324 879
325 435
325 569
325 665
325 873
325 893
326 348
326 409
326 505
326 530
326 640
326 650
326 806
326 809
326 822
326 823
326 891
326 996
327 344
327 448
327 494
327 846
328 352
328 357
328 479
328 590
328 649
328 912
328 922
329 396
329 473
329 940
330 334
330 438
330 440
330 734
330 881
330 995
331 356
331 413
331 450
331 503
331 675
331 802
331 865
332 798
333 486
333 596
333 597
333 638
333 686
333 873
333 879
334 403
334 669
334 820
334 890
334 939
335 871
335 964
335 983
336 347
336 376
336 393
336 446
336 468
336 685
336 859
337 410
337 418
337 464
337 591
337 595
337 769
337 831
338 391
338 622
339 345
339 401
339 403
339 412
339 513
339 600
339 613
339 636
339 669
339 763
339 820
339 998
340 377
340 452
340 705
340 900
341 371
341 400
341 436
341 474
341 554
341 586
341 663
341 851
341 945
341 958
342 381
342 438
342 440
342 610
342 735
342 779
343 364
343 404
343 416
343 792
343 795
343 937
344 448
344 494
344 846
345 412
345 462
345 513
345 613
345 636
345 763
345 924
345 998
346 480
346 481
346 667
346 699
346 944
347 376
347 379
347 393
347 446
347 468
347 685
347 840
347 859
348 409
348 464
348 505
348 640
348 806
349 456
349 568
349 642
349 661
349 713
349 803
349 815
349 855
349 914
350 354
350 426
350 459
350 528
350 577
350 646
350 786
350 821
350 845
350 852
351 414
351 422
351 578
351 684
351 724
351 773
351 825
351 833
351 837
351 915
351 929
351 931
352 479
352 590
352 684
352 697
352 708
352 833
352 912
352 915
352 922
352 992
353 470
353 948
354 426
354 459
354 528
354 577
354 646
354 845
354 852
355 453
355 552
355 902
355 985
356 370
356 413
356 450
356 503
356 619
356 802
356 865
356 972
357 590
357 649
358 402
358 490
358 587
358 634
358 761
358 790
358 805
358 997
359 596
359 646
359 845
359 897
360 423
360 441
360 527
360 583
360 643
360 698
360 730
360 770
361 415
361 434
361 604
361 963
362 415
362 434
362 604
362 909
362 986
363 489
363 551
363 579
363 744
363 780
364 420
364 477
364 558
364 633
364 668
364 792
364 795
364 918
364 937
365 369
365 715
365 744
365 750
365 778
365 812
365 843
366 512
366 681
366 755
366 830
366 961
366 993
367 649
367 720
368 947
369 462
369 631
369 715
369 812
370 387
370 503
370 688
370 972
370 978
371 436
371 554
371 663
372 424
372 457
372 706
372 741
372 839
372 885
373 384
373 451
373 508
373 707
373 718
373 796
373 872
373 903
373 906
373 984
373 989
374 574
374 693
374 746
374 756
374 930
374 943
375 492
375 512
375 522
375 681
375 755
375 830
375 950
376 379
376 393
376 443
376 446
376 468
376 655
376 659
376 685
376 970
378 421
378 625
378 678
378 775
378 889
378 952
379 393
379 446
379 468
379 534
379 655
379 857
380 397
380 413
380 491
380 550
380 619
380 802
380 865
380 994
381 438
381 440
381 610
381 734
382 433
382 449
382 479
382 535
382 538
382 617
382 697
382 708
382 758
382 781
382 817
382 824
382 912
382 922
383 469
383 511
383 547
383 747
383 767
383 783
384 385
384 427
384 451
384 718
384 796
384 903
384 989
385 427
385 551
385 559
385 656
385 718
385 777
385 780
385 796
385 903
385 989
386 433
386 482
386 495
386 496
386 520
386 535
386 701
386 781
386 824
386 827
386 932
387 739
387 978
388 498
388 562
388 694
388 712
388 748
388 892
388 941
389 398
389 488
389 500
389 721
389 738
390 737
390 798
391 475
391 622
391 683
391 752
391 884
392 521
392 537
392 588
392 742
392 826
393 443
393 446
393 468
393 534
393 655
393 659
393 685
393 859
394 465
394 493
394 555
394 916
395 588
395 635
395 717
395 886
395 990
396 501
396 685
396 940
397 413
397 491
397 550
397 619
397 802
397 865
398 487
398 500
398 738
398 926
398 961
398 993
399 499
399 506
399 601
399 664
399 784
399 933
399 951
400 542
400 807
400 851
400 945
401 403
401 412
401 455
401 513
401 613
401 652
401 669
401 820
401 998
402 490
402 587
402 634
402 637
402 761
402 790
402 805
402 997
403 600
403 613
403 669
403 820
403 890
403 939
404 714
404 795
404 947
405 453
405 647
406 523
406 765
406 771
406 794
406 848
406 853
407 517
407 800
407 832
407 835
407 880
408 709
408 880
409 505
409 530
409 640
409 806
409 809
409 822
409 823
409 891
409 996
410 418
410 591
410 595
410 689
410 769
410 917
411 461
411 563
411 611
411 921
411 975
412 455
412 513
412 613
412 652
412 763
412 924
412 998
413 550
413 619
413 802
413 865
414 563
414 568
414 661
414 724
414 773
414 931
414 935
415 434
415 604
415 986
416 754
416 786
416 788
416 792
416 821
416 947
417 466
417 895
418 595
418 769
418 831
418 901
418 916
419 527
419 536
419 719
419 793
420 477
420 623
420 668
420 792
421 565
421 625
421 629
421 775
421 836
421 889
421 952
421 957
422 578
422 724
422 768
422 785
422 825
422 893
422 929
422 931
423 441
423 527
423 643
423 698
423 730
423 770
424 432
424 581
424 706
425 445
425 890
425 939
426 509
426 716
426 845
426 852
426 954
427 559
427 718
427 777
427 796
427 903
427 989
428 691
428 734
428 762
428 813
428 881
428 969
429 497
429 522
429 598
429 599
429 704
430 492
430 497
430 575
430 584
430 598
430 608
430 627
430 888
430 949
431 467
431 678
431 696
431 847
431 889
432 435
432 486
432 581
432 638
432 768
432 873
433 482
433 495
433 496
433 535
433 617
433 697
433 781
433 817
433 824
433 932
434 483
434 604
434 909
434 986
435 486
435 581
435 638
435 665
435 768
435 873
436 554
436 663
437 543
437 739
437 759
437 814
437 816
437 834
437 977
438 440
438 610
438 734
438 779
438 881
439 520
439 557
439 674
439 701
439 737
439 749
440 610
440 734
440 779
440 881
441 527
441 732
441 920
442 488
442 721
442 810
443 655
443 659
443 970
444 471
444 566
444 760
444 789
445 600
445 631
445 750
445 890
445 939
446 468
446 534
446 685
446 840
446 859
447 510
447 544
447 553
447 606
447 609
447 632
447 925
447 982
448 676
448 846
449 535
449 538
449 617
449 702
449 758
449 782
450 550
450 675
450 802
451 564
451 707
451 718
451 906
451 907
452 518
452 616
452 705
452 723
452 876
452 900
453 764
453 902
453 985
454 484
454 523
454 526
454 680
454 848
454 962
455 652
455 669
455 692
455 923
455 980
456 515
456 568
456 642
456 661
456 695
456 855
456 878
456 914
456 921
457 672
457 839
457 885
458 870
458 965
459 528
459 577
459 646
459 754
459 786
459 788
459 821
459 845
459 852
460 556
460 719
460 803
460 838
460 914
461 563
461 611
462 636
462 715
462 763
463 804
463 818
463 871
463 910
463 964
463 973
463 976
463 983
464 505
464 591
464 806
464 831
465 490
465 629
465 634
465 790
465 808
466 525
466 545
466 575
466 584
466 651
466 776
467 696
467 847
467 889
468 685
468 859
469 511
469 547
469 747
469 767
469 783
469 811
470 603
470 616
470 948
470 994
471 566
471 615
471 745
471 789
471 866
472 511
472 767
472 863
473 740
473 797
473 862
474 529
474 540
474 586
474 663
474 818
474 851
474 945
474 958
474 979
475 714
475 752
475 884
476 485
476 570
476 666
476 713
476 803
476 815
477 541
477 558
477 559
477 560
477 620
477 656
477 668
477 777
477 918
478 585
478 711
478 869
478 908
478 926
478 946
478 987
478 993
479 590
479 708
479 758
479 912
479 922
479 992
480 481
480 520
480 573
480 699
480 749
480 827
481 573
481 667
481 699
481 749
481 887
481 944
482 495
482 496
482 520
482 535
482 701
482 781
482 824
482 827
482 932
483 604
484 526
484 680
484 700
484 962
485 666
485 803
485 815
486 581
486 597
486 638
486 686
486 873
486 879
487 711
487 725
487 908
487 926
487 961
487 993
488 500
488 721
488 738
488 810
489 572
489 579
489 744
489 843
490 587
490 629
490 634
490 658
490 761
490 790
490 808
491 603
491 616
491 994
492 497
492 522
492 599
492 608
492 627
492 681
492 830
492 950
493 555
493 683
493 787
493 916
494 720
494 858
494 905
495 496
495 569
495 573
495 665
495 827
495 932
496 535
496 573
496 781
496 817
496 824
496 827
496 932
497 575
497 584
497 598
497 608
497 627
497 888
497 949
498 521
498 537
498 562
498 694
498 712
498 748
498 892
498 941
499 547
499 811
499 853
499 933
499 951
500 738
500 961
500 993
501 648
501 848
501 933
501 940
502 532
502 539
502 558
502 633
502 772
502 911
502 913
502 918
502 936
502 966
502 991
503 924
504 532
504 541
504 560
504 572
504 772
504 780
504 936
504 938
505 530
505 640
505 806
505 809
505 891
505 996
506 601
506 664
506 682
506 703
506 784
506 811
506 951
507 571
507 602
507 683
508 628
508 630
508 670
508 707
508 872
508 906
508 907
508 971
508 984
509 623
509 716
509 852
509 954
510 609
510 632
510 732
510 920
510 925
510 982
511 767
511 783
512 681
512 755
512 830
513 613
513 763
513 924
513 980
513 998
514 531
514 626
514 657
514 689
514 828
514 841
514 869
514 917
515 568
515 642
515 661
515 695
515 878
515 914
515 921
516 591
516 651
516 689
516 690
516 898
516 917
516 927
517 800
517 832
517 835
517 942
518 705
518 723
518 876
518 900
519 720
519 858
519 905
520 557
520 674
520 701
520 749
520 827
520 932
521 537
521 542
521 694
521 712
521 742
521 826
522 599
522 704
522 950
523 680
523 771
523 794
523 965
524 660
525 589
525 690
525 809
525 895
525 996
526 680
526 962
527 536
527 698
527 770
528 577
528 646
528 786
528 821
528 845
528 852
529 546
529 586
529 670
529 851
529 958
529 979
530 640
530 650
530 822
530 823
530 891
530 996
531 585
531 626
531 828
531 867
531 869
531 987
532 539
532 725
532 772
532 913
532 936
532 966
532 991
533 582
533 592
533 602
533 624
533 746
533 943
534 655
534 791
534 857
534 904
535 538
535 617
535 758
535 781
535 782
535 817
535 824
536 556
536 719
536 793
537 588
537 694
537 712
537 742
537 748
537 826
538 617
538 702
538 758
538 782
539 558
539 621
539 633
539 772
539 911
539 913
539 918
539 936
539 937
539 966
539 991
540 644
540 757
540 818
540 910
540 958
540 973
540 976
541 551
541 560
541 620
541 633
541 656
541 668
541 772
541 777
541 780
541 936
541 938
542 712
543 739
543 759
543 814
543 816
543 834
543 977
544 580
544 609
544 632
544 751
544 774
544 805
545 651
545 776
545 799
545 867
545 949
546 644
546 670
546 907
546 958
546 971
546 979
547 747
547 783
547 811
547 853
547 959
548 574
548 677
548 930
549 565
549 658
549 836
549 957
550 619
550 802
550 865
551 560
551 620
551 656
551 777
551 780
551 938
552 618
552 647
552 679
552 766
553 606
553 641
553 722
553 746
553 751
553 756
553 925
553 956
554 663
555 592
556 719
556 793
556 803
557 674
557 737
557 749
557 827
558 621
558 633
558 668
558 772
558 918
558 936
558 937
558 966
558 991
559 620
559 623
559 656
559 668
559 777
560 620
560 656
560 668
560 777
560 780
560 936
560 938
561 729
561 838
561 878
561 883
562 567
562 694
562 807
562 892
563 611
563 661
563 837
564 707
564 718
564 757
564 934
565 625
565 629
565 658
565 775
565 836
565 957
566 615
566 745
566 789
567 840
567 892
568 642
568 661
568 773
568 855
568 914
568 935
569 573
569 665
569 697
569 817
570 576
570 666
570 968
571 602
571 930
572 938
573 827
573 932
574 677
574 930
575 584
575 598
575 608
575 627
575 776
575 949
576 968
577 646
577 660
577 754
577 786
577 788
577 821
577 852
578 684
578 724
578 773
578 785
578 825
578 833
578 837
578 915
578 929
578 931
578 935
579 744
579 843
580 746
580 751
580 805
580 943
580 956
580 997
581 638
581 873
582 592
582 602
582 624
582 746
582 943
583 643
583 666
583 722
583 770
583 968
584 598
584 608
584 627
584 776
584 888
584 949
585 626
585 828
585 841
585 869
585 946
585 987
586 663
586 851
586 945
586 958
586 979
587 634
587 637
587 658
587 761
587 790
588 635
588 742
588 826
588 886
589 809
589 822
589 823
589 895
589 996
590 708
590 912
590 922
591 595
591 689
591 831
591 898
591 917
592 602
592 624
592 746
592 943
593 671
593 710
593 762
593 813
593 877
593 995
594 702
595 769
595 831
595 901
596 597
596 638
596 879
596 897
597 638
597 686
597 873
597 879
598 704
599 704
599 950
600 613
600 631
600 890
600 939
601 784
601 840
601 859
601 951
602 624
602 930
603 616
603 723
603 994
604 963
604 986
605 747
605 882
605 959
606 641
606 722
606 730
606 751
606 925
606 956
607 717
607 874
607 928
607 981
607 990
608 627
608 681
608 830
608 888
608 949
609 632
609 774
610 734
610 735
610 779
611 921
611 975
612 963
613 636
613 763
613 998
615 745
615 789
615 923
616 723
616 994
617 758
617 781
617 782
617 824
618 647
618 679
618 766
618 988
619 802
619 865
619 972
620 656
620 668
620 777
620 780
621 633
621 795
621 918
621 937
621 966
622 657
622 841
624 746
624 943
625 743
625 775
625 836
625 847
625 856
625 957
626 657
626 828
626 841
626 869
626 987
627 681
627 830
627 888
627 949
628 630
628 670
628 671
628 707
628 872
628 906
628 907
628 971
628 984
629 634
629 658
629 775
629 808
629 957
630 671
630 707
630 872
630 906
630 907
630 971
630 984
631 750
632 774
633 772
633 913
633 918
633 936
633 937
633 966
633 991
634 658
634 761
634 790
634 808
634 997
635 717
635 874
635 886
635 990
636 763
636 998
638 686
638 873
638 879
639 819
639 875
639 967
640 650
640 806
640 809
640 822
640 891
640 996
641 643
641 722
641 730
641 925
641 956
642 661
642 695
642 855
642 914
643 722
643 730
643 925
643 982
644 757
644 907
644 973
645 744
645 750
645 778
645 796
646 845
646 897
647 679
648 753
648 848
648 940
648 962
650 822
650 823
650 891
651 776
651 799
651 867
651 927
652 669
652 692
652 923
652 980
653 672
653 839
653 842
654 829
655 659
655 970
656 668
656 777
656 780
657 841
658 957
659 970
660 788
660 821
661 695
661 773
661 855
661 935
662 757
662 861
662 899
662 934
663 818
663 958
664 682
664 703
664 784
664 811
664 951
666 698
666 770
666 968
667 699
667 887
667 944
668 777
668 918
669 820
670 907
670 971
670 979
671 710
671 872
671 984
671 995
672 839
672 842
672 885
673 688
673 727
673 736
673 972
673 978
674 701
674 749
674 801
674 827
675 980
676 729
676 846
677 693
678 889
678 952
679 766
679 988
680 848
681 755
681 830
681 888
681 950
682 703
682 784
682 941
682 951
683 752
683 787
683 884
684 708
684 785
684 825
684 833
684 837
684 893
684 912
684 915
684 929
684 931
684 992
685 859
686 873
686 879
687 866
688 736
688 972
688 978
689 828
689 898
689 917
689 927
690 809
690 898
690 927
691 710
691 734
691 762
691 813
691 904
691 969
692 820
692 923
692 988
693 722
693 756
694 712
694 748
694 892
694 941
695 878
695 883
695 914
695 921
696 844
696 864
696 896
697 708
697 817
697 912
697 992
698 770
699 944
700 753
700 955
700 962
701 781
701 801
701 824
701 827
701 960
702 758
702 782
703 941
703 953
705 723
705 819
705 876
705 900
706 839
707 872
707 906
707 907
707 971
707 984
708 817
708 912
708 922
708 992
709 880
710 762
710 813
710 877
711 725
711 908
711 926
711 946
711 993
712 748
712 826
712 892
712 941
713 815
713 855
713 935
714 752
714 884
715 812
716 733
716 845
716 899
716 954
717 874
717 886
717 928
717 981
717 990
718 796
718 903
718 989
719 793
720 905
721 738
721 810
722 730
722 756
722 925
723 876
723 900
724 773
724 929
724 931
724 935
725 911
725 913
725 926
726 727
726 854
726 860
726 875
726 894
726 942
727 736
727 854
727 894
728 801
728 868
728 960
729 878
729 883
730 925
730 982
732 920
732 982
733 899
733 954
734 881
735 740
735 779
736 854
737 749
738 810
739 759
739 816
739 834
739 977
740 797
740 862
741 885
742 826
743 836
743 847
743 856
744 778
744 812
744 843
745 789
746 751
746 756
746 943
746 956
747 765
747 783
747 853
747 959
748 886
748 941
748 953
749 827
750 778
751 805
751 943
751 956
752 884
753 940
753 962
754 786
754 788
754 821
754 852
755 830
755 909
755 950
756 956
757 861
757 910
757 934
757 973
758 782
758 922
759 814
759 816
759 834
759 977
760 789
761 790
761 808
761 997
762 813
762 969
763 924
763 998
764 849
764 902
764 985
765 771
765 794
765 853
765 959
766 988
767 783
768 785
768 893
769 831
769 901
771 794
771 848
771 853
771 959
772 913
772 918
772 936
772 938
772 966
772 991
773 931
773 935
775 836
775 957
776 799
776 949
777 780
777 989
778 812
780 938
781 817
781 824
781 932
783 811
783 959
784 840
784 859
784 951
785 825
785 833
785 893
785 915
785 929
785 992
786 788
786 821
786 947
787 916
788 821
788 947
790 805
790 808
790 997
791 807
791 857
792 795
792 937
794 853
794 959
795 937
796 903
796 989
797 862
799 867
800 832
800 835
800 942
801 868
801 960
802 865
803 815
803 855
804 818
804 871
804 910
804 964
804 973
804 976
804 983
805 997
806 809
806 898
806 996
807 945
809 822
809 823
809 898
809 996
811 951
812 843
813 877
813 904
814 816
814 834
814 977
815 855
816 834
816 977
817 912
818 910
818 964
818 973
818 976
819 876
819 900
819 967
820 890
821 947
822 823
822 891
822 996
823 996
824 827
824 932
825 833
825 837
825 893
825 915
825 929
825 931
825 992
827 932
828 841
828 869
828 917
830 950
831 901
832 835
832 880
833 837
833 915
833 929
833 931
833 992
834 977
835 880
836 856
836 957
837 915
837 929
837 931
838 878
838 883
838 914
839 842
839 885
840 859
840 951
841 869
841 987
844 864
844 891
844 896
844 999
845 852
845 897
845 954
847 856
847 889
848 962
849 902
849 985
851 945
851 958
852 954
853 959
854 860
854 894
855 914
857 904
858 905
860 875
860 894
860 942
861 899
861 934
864 896
864 999
865 972
867 946
868 960
869 987
870 965
871 879
871 964
871 983
872 906
872 971
872 984
874 990
876 900
878 883
878 921
878 975
879 983
881 995
883 921
886 953
886 990
887 944
888 949
889 952
890 939
891 999
892 941
893 915
893 992
894 942
896 999
898 917
898 927
899 934
899 954
901 916
902 985
903 989
904 969
906 907
906 971
906 984
907 971
908 926
908 946
908 961
908 993
909 986
910 964
910 973
910 976
911 913
911 966
911 991
912 922
912 992
913 966
913 991
915 929
915 931
915 992
917 927
918 936
918 937
918 966
918 991
919 977
919 978
920 925
920 982
921 975
922 992
924 998
925 982
926 946
926 961
926 993
928 981
928 990
929 931
929 992
936 938
936 966
936 991
937 966
941 953
943 956
945 958
946 961
946 987
946 993
948 974
958 979
961 993
964 976
964 983
966 991
969 970
971 984
972 978
973 976
981 990
