0 42
0 88
0 113
0 122
0 169
0 243
0 308
0 311
0 384
0 502
0 581
0 587
0 684
0 718
0 956
1 152
1 260
1 315
1 368
1 373
1 522
1 585
1 701
1 982
2 52
2 164
2 251
2 322
2 366
2 374
2 501
2 513
2 531
2 588
2 598
2 778
2 851
2 858
2 895
3 16
3 36
3 57
3 66
3 69
3 100
3 111
3 147
3 163
3 282
3 399
3 409
3 429
3 538
3 584
3 586
3 777
3 788
3 889
3 890
3 964
4 12
4 48
4 58
4 110
4 198
4 334
4 347
4 369
4 391
4 415
4 434
4 454
4 475
4 477
4 499
4 506
4 659
4 728
4 854
4 861
4 899
4 945
5 19
5 45
5 56
5 157
5 206
5 252
5 295
5 593
5 605
5 722
5 745
5 831
5 846
5 877
5 980
6 136
6 183
6 212
6 287
6 293
6 348
6 392
6 456
6 476
6 599
6 601
6 658
6 716
6 782
6 839
6 919
6 933
6 991
7 55
7 168
7 221
7 291
7 310
7 332
7 421
7 439
7 564
7 700
7 706
7 732
7 789
7 901
7 907
7 924
7 955
8 41
8 67
8 124
8 132
8 143
8 247
8 297
8 396
8 469
8 473
8 545
8 558
8 560
8 582
8 633
8 634
8 673
8 764
8 803
8 881
8 918
8 958
8 993
9 11
9 176
9 283
9 287
9 425
9 439
9 460
9 470
9 511
9 578
9 688
9 716
9 827
9 972
9 975
10 24
10 107
10 136
10 183
10 212
10 293
10 306
10 348
10 392
10 476
10 521
10 524
10 542
10 573
10 578
10 658
10 688
10 716
10 746
10 827
10 933
10 991
11 168
11 176
11 186
11 283
11 421
11 425
11 439
11 460
11 470
11 516
11 706
11 732
11 842
11 972
11 975
12 48
12 58
12 79
12 110
12 198
12 243
12 316
12 347
12 369
12 391
12 415
12 434
12 454
12 475
12 499
12 506
12 625
12 728
12 791
12 854
12 899
12 945
13 108
13 267
13 329
13 351
13 452
13 500
13 528
13 595
13 609
13 635
13 637
13 668
13 686
13 695
13 714
13 730
13 749
13 824
13 937
14 145
14 265
14 355
14 395
14 410
14 471
14 512
14 540
14 562
14 569
14 577
14 580
14 591
14 636
14 678
14 719
14 779
14 815
14 817
15 99
15 117
15 129
15 138
15 153
15 232
15 307
15 313
15 370
15 437
15 467
15 484
15 609
15 611
15 645
15 675
15 813
15 911
16 69
16 100
16 147
16 163
16 282
16 296
16 399
16 440
16 777
16 788
16 890
16 964
17 51
17 93
17 109
17 114
17 119
17 151
17 185
17 201
17 205
17 224
17 249
17 322
17 335
17 363
17 417
17 532
17 557
17 583
17 607
17 632
17 667
17 715
17 837
17 847
17 893
17 898
18 244
18 271
18 505
18 539
18 544
19 31
19 45
19 56
19 95
19 157
19 252
19 490
19 535
19 593
19 605
19 697
19 831
19 973
19 980
19 999
20 94
20 115
20 146
20 155
20 220
20 367
20 375
20 383
20 407
20 413
20 455
20 496
20 638
20 699
20 807
20 850
20 939
20 984
21 90
21 126
21 149
21 158
21 171
21 193
21 196
21 352
21 412
21 445
21 466
21 520
21 570
21 614
21 629
21 696
21 823
21 867
21 925
21 940
21 968
21 988
22 30
22 77
22 81
22 159
22 187
22 208
22 427
22 430
22 432
22 482
22 676
22 785
22 796
22 802
22 828
22 876
23 27
23 51
23 109
23 114
23 119
23 174
23 241
23 245
23 319
23 343
23 363
23 387
23 480
23 557
23 667
23 669
23 680
23 709
23 754
23 837
23 847
23 920
23 978
24 107
24 183
24 212
24 288
24 293
24 306
24 338
24 348
24 392
24 431
24 476
24 485
24 524
24 573
24 615
24 658
24 746
24 766
24 800
24 839
25 89
25 132
25 142
25 264
25 428
25 495
25 541
25 582
25 646
25 848
25 856
25 918
25 927
25 947
25 983
26 65
26 138
26 317
26 361
26 364
26 380
26 574
26 639
26 737
26 744
26 762
26 820
26 821
26 900
26 909
26 926
27 44
27 71
27 80
27 114
27 119
27 127
27 174
27 241
27 245
27 285
27 319
27 363
27 387
27 480
27 667
27 669
27 680
27 709
27 734
27 754
27 837
27 920
27 978
28 29
28 104
28 166
28 214
28 215
28 229
28 242
28 269
28 274
28 301
28 388
28 389
28 424
28 515
28 553
28 575
28 616
28 753
28 763
28 908
28 959
28 963
29 104
29 215
29 221
29 229
29 269
29 274
29 291
29 301
29 389
29 515
29 575
29 616
29 660
29 748
29 804
29 869
29 924
29 963
29 967
30 77
30 159
30 171
30 200
30 352
30 427
30 430
30 432
30 482
30 687
30 758
30 785
30 796
30 802
30 828
30 876
30 931
31 45
31 95
31 252
31 435
31 490
31 493
31 535
31 593
31 663
31 831
31 910
31 961
31 973
31 980
31 999
32 103
32 121
32 180
32 211
32 257
32 382
32 422
32 428
32 526
32 640
32 705
32 720
32 738
32 780
32 799
32 848
32 862
32 914
32 990
33 61
33 115
33 191
33 224
33 279
33 413
33 450
33 455
33 498
33 603
33 652
33 666
33 768
33 776
33 805
33 808
33 910
33 939
34 74
34 96
34 184
34 188
34 256
34 272
34 309
34 517
34 661
34 733
34 792
34 829
34 883
35 49
35 82
35 83
35 305
35 337
35 402
35 628
35 663
35 697
35 739
35 811
35 906
35 949
35 977
36 57
36 66
36 69
36 70
36 111
36 147
36 199
36 282
36 327
36 399
36 408
36 462
36 472
36 491
36 503
36 538
36 584
36 726
36 870
36 889
36 964
37 64
37 160
37 246
37 345
37 357
37 400
37 433
37 436
37 453
37 474
37 507
37 626
37 630
37 727
37 765
37 806
37 835
37 866
37 892
38 50
38 236
38 275
38 298
38 393
38 411
38 444
38 464
38 514
38 681
38 838
38 954
38 985
38 986
39 92
39 158
39 278
39 281
39 284
39 323
39 330
39 414
39 483
39 570
39 594
39 629
39 750
39 755
39 801
39 860
39 873
39 925
39 988
40 162
40 206
40 290
40 295
40 722
40 735
40 797
40 845
40 846
40 865
40 879
41 67
41 98
41 128
41 132
41 280
41 297
41 541
41 558
41 619
41 634
41 655
41 673
41 690
41 751
41 803
41 844
41 902
41 918
41 927
41 970
41 971
42 76
42 88
42 101
42 113
42 122
42 169
42 209
42 243
42 311
42 384
42 502
42 581
42 587
42 625
42 718
42 956
43 47
43 289
43 523
43 543
43 551
43 554
43 674
43 704
43 830
43 840
43 916
44 71
44 80
44 119
44 127
44 174
44 230
44 241
44 285
44 319
44 363
44 387
44 667
44 669
44 680
44 734
44 754
44 814
44 822
44 920
44 932
44 978
45 56
45 252
45 407
45 493
45 593
45 745
45 980
46 56
46 133
46 154
46 162
46 237
46 262
46 378
46 465
46 664
46 745
46 833
46 859
46 877
47 289
47 523
47 543
47 554
47 704
47 830
47 840
47 916
48 58
48 110
48 347
48 391
48 395
48 415
48 434
48 454
48 475
48 477
48 499
48 506
48 636
48 659
48 728
48 854
48 861
48 899
48 945
49 82
49 83
49 95
49 252
49 305
49 337
49 402
49 490
49 535
49 628
49 663
49 697
49 739
49 811
49 906
49 949
49 973
49 977
49 999
50 298
50 362
50 393
50 444
50 589
50 681
50 767
50 838
50 986
51 109
51 114
51 119
51 151
51 245
51 319
51 335
51 343
51 363
51 418
51 480
51 532
51 557
51 583
51 667
51 709
51 715
51 754
51 837
51 847
51 948
51 978
52 78
52 167
52 179
52 216
52 251
52 266
52 273
52 318
52 374
52 380
52 481
52 488
52 501
52 513
52 531
52 550
52 556
52 677
52 737
52 851
52 857
52 934
52 951
53 86
53 92
53 189
53 278
53 414
53 430
53 510
53 750
53 758
53 801
54 92
54 189
54 190
54 227
54 320
54 323
54 353
54 414
54 801
54 896
54 989
55 221
55 222
55 229
55 292
55 312
55 332
55 700
55 748
55 789
55 869
55 907
55 915
55 924
55 955
56 133
56 593
56 745
56 831
56 833
56 859
56 877
56 980
57 66
57 69
57 73
57 111
57 147
57 199
57 218
57 282
57 327
57 399
57 408
57 429
57 472
57 487
57 489
57 491
57 503
57 538
57 584
57 586
57 617
57 775
57 882
57 889
57 964
57 995
58 334
58 393
58 395
58 415
58 434
58 454
58 475
58 506
58 659
58 728
58 899
58 945
58 979
59 68
59 172
59 261
59 283
59 516
59 552
59 555
59 572
59 631
59 769
59 888
60 78
60 134
60 167
60 216
60 251
60 258
60 266
60 377
60 501
60 533
60 653
60 731
60 798
60 853
60 857
60 905
61 115
61 191
61 224
61 279
61 413
61 447
61 450
61 455
61 498
61 603
61 652
61 666
61 768
61 776
61 805
61 808
61 850
61 939
62 144
62 238
62 292
62 451
62 457
62 471
62 530
62 579
62 707
62 710
62 719
62 743
62 783
62 817
62 872
62 891
62 894
62 922
63 112
63 166
63 215
63 229
63 242
63 388
63 406
63 424
63 451
63 504
63 546
63 613
63 689
63 708
63 753
63 763
63 843
63 863
63 915
63 959
63 966
64 135
64 145
64 345
64 371
64 410
64 441
64 453
64 512
64 540
64 562
64 565
64 580
64 591
64 678
64 779
64 815
64 875
64 965
65 117
65 138
65 232
65 317
65 361
65 364
65 380
65 437
65 574
65 645
65 744
65 820
65 821
65 900
65 909
65 926
66 73
66 111
66 147
66 199
66 327
66 376
66 398
66 409
66 429
66 443
66 487
66 489
66 491
66 503
66 538
66 584
66 586
66 617
66 775
66 809
66 882
66 889
66 995
67 124
67 131
67 280
67 297
67 379
67 396
67 469
67 473
67 558
67 633
67 634
67 655
67 673
67 690
67 751
67 764
67 790
67 794
67 803
67 881
67 958
67 971
67 993
68 172
68 283
68 516
68 552
68 555
68 631
68 713
68 769
68 786
69 111
69 147
69 199
69 282
69 399
69 408
69 449
69 462
69 472
69 478
69 503
69 538
69 584
69 726
69 788
69 870
69 889
69 890
69 964
70 125
70 173
70 199
70 321
70 365
70 408
70 462
70 472
70 478
70 503
70 568
70 584
70 596
70 600
70 726
70 834
70 870
70 903
70 938
70 964
70 994
70 996
71 80
71 127
71 174
71 230
71 241
71 277
71 285
71 387
71 405
71 669
71 680
71 734
71 754
71 812
71 814
71 822
71 920
71 930
71 932
71 974
71 978
72 168
72 192
72 195
72 207
72 271
72 286
72 291
72 310
72 421
72 423
72 446
72 448
72 529
72 564
72 618
72 706
72 732
72 885
72 886
72 901
72 929
72 957
72 967
73 111
73 123
73 147
73 327
73 376
73 398
73 409
73 429
73 443
73 487
73 489
73 491
73 494
73 538
73 586
73 617
73 747
73 775
73 809
73 832
73 889
73 995
74 96
74 181
74 184
74 254
74 256
74 272
74 309
74 342
74 386
74 438
74 534
74 567
74 641
74 661
74 711
74 729
74 733
74 792
74 883
75 101
75 169
75 194
75 239
75 356
75 385
75 401
75 404
75 481
75 488
75 492
75 525
75 549
75 581
75 621
75 648
75 717
75 740
75 825
75 923
75 941
75 994
76 79
76 101
76 122
76 169
76 209
76 243
76 340
76 401
76 404
76 502
76 525
76 602
76 625
76 648
76 913
76 923
76 952
77 171
77 196
77 200
77 352
77 427
77 430
77 432
77 482
77 629
77 687
77 693
77 785
77 796
77 828
77 876
77 931
78 167
78 216
78 251
78 266
78 374
78 377
78 481
78 488
78 501
78 513
78 550
78 556
78 590
78 602
78 653
78 853
78 857
78 934
78 951
79 122
79 198
79 209
79 243
79 340
79 369
79 391
79 434
79 475
79 502
79 506
79 625
79 913
79 952
80 127
80 230
80 241
80 277
80 285
80 363
80 387
80 405
80 669
80 680
80 734
80 754
80 812
80 814
80 822
80 920
80 930
80 932
80 974
80 978
81 159
81 187
81 208
81 336
81 482
81 523
81 551
81 554
81 676
81 785
81 796
81 802
81 828
81 876
82 95
82 161
82 337
82 402
82 405
82 490
82 663
82 697
82 739
82 906
82 930
82 932
82 973
82 977
83 157
83 305
83 605
83 620
83 628
83 697
83 698
83 811
83 906
83 949
83 999
84 97
84 148
84 181
84 204
84 217
84 254
84 263
84 324
84 342
84 386
84 527
84 534
84 566
84 606
84 661
84 672
84 679
84 752
84 772
84 816
84 868
84 887
84 953
85 178
85 240
85 304
85 341
85 372
85 376
85 398
85 610
85 642
85 723
85 747
85 809
85 832
85 836
86 189
86 510
86 640
86 758
86 780
86 942
87 128
87 219
87 253
87 314
87 378
87 394
87 419
87 458
87 656
87 685
87 692
87 702
87 897
87 962
87 969
87 992
87 997
88 113
88 308
88 311
88 359
88 384
88 581
88 587
88 597
88 684
88 718
88 956
89 120
89 132
89 142
89 264
89 428
89 486
89 495
89 543
89 624
89 646
89 704
89 840
89 848
89 856
89 918
89 936
89 942
89 947
89 983
90 149
90 158
90 171
90 196
90 200
90 352
90 412
90 445
90 520
90 570
90 614
90 629
90 687
90 693
90 696
90 823
90 867
90 931
91 235
91 288
91 306
91 331
91 338
91 368
91 373
91 431
91 485
91 573
91 585
91 654
91 662
91 701
91 746
91 917
91 982
92 278
92 281
92 284
92 323
92 330
92 353
92 414
92 483
92 750
92 755
92 801
92 860
92 873
92 925
93 109
93 151
93 164
93 185
93 201
93 205
93 224
93 249
93 322
93 335
93 417
93 557
93 583
93 598
93 607
93 632
93 715
93 858
93 893
93 895
93 898
93 928
94 98
94 146
94 154
94 155
94 203
94 220
94 358
94 367
94 375
94 407
94 496
94 561
94 638
94 647
94 649
94 683
94 699
94 807
94 984
95 161
95 252
95 337
95 402
95 490
95 535
95 593
95 663
95 697
95 739
95 831
95 906
95 961
95 973
95 977
95 980
95 999
96 184
96 188
96 256
96 263
96 272
96 309
96 342
96 517
96 534
96 661
96 733
96 792
96 883
97 181
97 217
97 254
97 263
97 324
97 342
97 386
97 438
97 534
97 566
97 606
97 661
97 672
97 679
97 733
97 752
97 772
97 816
97 868
97 887
97 953
98 128
98 146
98 155
98 203
98 253
98 280
98 314
98 358
98 561
98 619
98 634
98 647
98 649
98 655
98 673
98 683
98 690
98 692
98 751
98 844
98 902
98 971
98 997
99 117
99 129
99 138
99 182
99 232
99 307
99 313
99 370
99 437
99 467
99 574
99 611
99 645
99 675
99 813
100 123
100 163
100 260
100 296
100 440
100 651
100 777
100 890
101 113
101 169
101 209
101 356
101 385
101 401
101 404
101 479
101 492
101 525
101 549
101 581
101 621
101 648
101 717
101 740
101 923
101 941
101 956
102 226
102 248
102 281
102 284
102 309
102 323
102 330
102 353
102 483
102 594
102 755
102 873
103 121
103 142
103 143
103 180
103 197
103 211
103 247
103 257
103 382
103 422
103 428
103 442
103 526
103 545
103 560
103 571
103 582
103 646
103 720
103 738
103 848
103 914
104 214
104 221
104 229
104 269
104 274
104 291
104 301
104 389
104 515
104 575
104 616
104 660
104 748
104 804
104 908
104 924
104 963
105 124
105 197
105 236
105 247
105 411
105 442
105 464
105 473
105 560
105 571
105 764
105 864
105 935
105 954
105 958
105 985
105 993
106 177
106 225
106 259
106 261
106 294
106 511
106 521
106 542
106 572
106 827
106 849
106 888
107 183
107 212
107 225
107 235
107 293
107 306
107 338
107 348
107 392
107 431
107 476
107 521
107 524
107 542
107 573
107 578
107 658
107 688
107 746
107 766
107 933
108 267
108 329
108 500
108 528
108 595
108 609
108 637
108 657
108 668
108 714
108 730
108 824
108 826
108 911
108 937
108 987
109 114
109 119
109 151
109 185
109 205
109 249
109 335
109 343
109 417
109 532
109 548
109 557
109 583
109 607
109 632
109 639
109 667
109 715
109 837
109 847
109 893
109 948
110 144
110 198
110 308
110 316
110 346
110 347
110 369
110 391
110 415
110 477
110 499
110 759
110 791
110 854
110 861
110 945
110 950
111 123
111 147
111 163
111 199
111 282
111 327
111 399
111 409
111 429
111 443
111 487
111 489
111 491
111 538
111 584
111 586
111 617
111 775
111 889
111 890
111 964
111 995
112 165
112 166
112 215
112 229
112 242
112 292
112 388
112 406
112 424
112 451
112 504
112 613
112 689
112 708
112 763
112 783
112 863
112 915
112 959
112 966
113 169
113 311
113 384
113 502
113 581
113 587
113 684
113 718
113 956
114 119
114 151
114 185
114 319
114 335
114 343
114 363
114 387
114 480
114 532
114 557
114 667
114 709
114 754
114 814
114 837
114 847
114 920
114 978
115 220
115 300
115 375
115 383
115 413
115 447
115 450
115 455
115 498
115 603
115 638
115 652
115 666
115 776
115 850
115 939
116 240
116 341
116 351
116 372
116 398
116 420
116 452
116 487
116 617
116 635
116 642
116 686
116 723
116 747
116 749
116 882
116 904
117 129
117 138
117 182
117 232
117 307
117 313
117 437
117 467
117 574
117 645
117 675
117 744
117 821
117 852
118 333
118 339
118 508
118 547
118 622
118 749
118 819
118 824
118 871
118 946
119 241
119 285
119 319
119 335
119 343
119 363
119 387
119 480
119 557
119 667
119 669
119 680
119 709
119 734
119 754
119 814
119 837
119 847
119 898
119 920
119 978
120 264
120 289
120 422
120 486
120 495
120 543
120 624
120 640
120 646
120 674
120 704
120 840
120 848
120 856
120 942
120 947
120 983
121 143
121 180
121 197
121 211
121 223
121 231
121 247
121 257
121 382
121 428
121 442
121 526
121 545
121 560
121 571
121 626
121 705
121 720
121 738
121 799
121 914
122 169
122 209
122 243
122 340
122 401
122 404
122 502
122 625
122 648
122 913
122 952
123 163
123 409
123 429
123 443
123 494
123 586
123 651
123 777
123 890
124 131
124 143
124 247
124 297
124 396
124 442
124 469
124 473
124 545
124 560
124 571
124 582
124 633
124 634
124 764
124 803
124 841
124 881
124 958
124 993
125 173
125 194
125 239
125 321
125 365
125 408
125 462
125 472
125 568
125 596
125 600
125 717
125 834
125 903
125 938
125 994
125 996
126 149
126 193
126 228
126 459
126 463
126 466
126 520
126 774
126 784
126 823
126 867
126 940
126 968
127 174
127 230
127 241
127 285
127 387
127 669
127 680
127 734
127 822
127 930
127 932
128 253
128 280
128 314
128 394
128 419
128 619
128 655
128 656
128 683
128 685
128 692
128 702
128 751
128 844
128 902
128 969
128 970
128 971
128 992
128 997
129 232
129 307
129 313
129 370
129 467
129 559
129 609
129 612
129 645
129 675
129 721
129 730
129 813
129 911
130 131
130 250
130 302
130 379
130 396
130 473
130 589
130 608
130 633
130 650
130 694
130 742
130 764
130 787
130 790
130 793
130 794
130 841
130 864
130 881
130 935
130 954
130 958
131 250
131 297
131 379
131 396
131 473
131 608
131 633
131 634
131 694
131 742
131 764
131 787
131 790
131 793
131 794
131 795
131 841
131 864
131 881
131 935
131 954
131 958
132 142
132 495
132 541
132 558
132 582
132 803
132 918
132 927
132 947
132 970
133 154
133 162
133 237
133 262
133 378
133 465
133 664
133 745
133 833
133 859
133 877
133 879
134 175
134 202
134 250
134 258
134 302
134 533
134 589
134 650
134 694
134 731
134 742
134 793
134 798
134 853
134 878
134 905
135 156
135 254
135 371
135 386
135 410
135 441
135 565
135 566
135 591
135 672
135 679
135 712
135 772
135 868
135 875
135 953
136 176
136 183
136 287
136 348
136 392
136 578
136 658
136 688
136 716
136 919
136 933
136 972
136 991
137 260
137 270
137 296
137 315
137 350
137 373
137 440
137 485
137 724
137 917
137 944
138 182
138 232
138 307
138 437
138 467
138 574
138 645
138 675
138 737
138 744
138 821
138 852
139 148
139 204
139 268
139 354
139 360
139 390
139 461
139 518
139 527
139 546
139 553
139 576
139 708
139 763
139 771
139 816
139 863
139 960
140 333
140 403
140 416
140 604
140 946
141 150
141 418
141 537
141 548
141 671
141 760
141 855
142 143
142 247
142 264
142 428
142 495
142 541
142 545
142 560
142 582
142 646
142 848
142 856
142 918
142 927
142 947
143 180
143 197
143 247
143 257
143 297
143 382
143 428
143 442
143 469
143 473
143 545
143 560
143 571
143 582
143 803
143 914
143 993
144 238
144 456
144 457
144 477
144 579
144 719
144 743
144 759
144 782
144 817
144 874
144 891
145 345
145 355
145 371
145 410
145 453
145 507
145 512
145 540
145 562
145 565
145 569
145 577
145 580
145 591
145 678
145 779
145 815
145 875
146 154
146 155
146 203
146 220
146 358
146 407
146 496
146 561
146 638
146 647
146 649
146 683
146 807
146 984
147 163
147 199
147 282
147 327
147 399
147 409
147 429
147 443
147 489
147 491
147 538
147 584
147 586
147 775
147 889
147 890
147 964
147 995
148 204
148 217
148 234
148 360
148 390
148 461
148 518
148 527
148 546
148 566
148 606
148 771
148 772
148 816
148 960
149 193
149 520
149 614
149 696
149 823
149 867
149 968
150 276
150 418
150 468
150 548
150 612
150 627
150 639
150 665
150 671
150 721
150 736
150 756
150 760
150 762
150 855
150 909
150 921
150 943
151 164
151 185
151 201
151 205
151 249
151 317
151 322
151 335
151 417
151 532
151 557
151 583
151 598
151 607
151 632
151 715
151 847
151 893
151 898
151 948
152 260
152 368
152 522
152 585
152 701
152 982
153 199
153 218
153 307
153 321
153 370
153 408
153 462
153 472
153 484
153 503
153 596
153 611
153 695
153 813
153 996
154 155
154 203
154 237
154 262
154 358
154 407
154 496
154 649
154 683
154 745
154 833
154 859
154 877
155 203
155 220
155 358
155 367
155 407
155 496
155 561
155 638
155 647
155 649
155 683
155 690
155 699
155 807
155 902
155 984
156 328
156 355
156 371
156 410
156 441
156 461
156 565
156 566
156 591
156 672
156 712
156 772
156 779
156 843
156 875
157 206
157 252
157 295
157 605
157 620
157 722
157 831
157 845
157 846
157 865
157 980
157 999
158 171
158 196
158 228
158 352
158 412
158 445
158 466
158 520
158 570
158 614
158 629
158 823
158 860
158 867
158 925
158 940
158 988
159 187
159 208
159 336
159 427
159 430
159 432
159 482
159 510
159 676
159 758
159 785
159 796
159 802
159 828
159 876
160 190
160 320
160 357
160 400
160 433
160 436
160 474
160 497
160 630
160 703
160 705
160 765
160 818
160 835
160 862
160 866
160 896
160 989
160 990
161 277
161 337
161 405
161 435
161 490
161 535
161 663
161 739
161 812
161 906
161 930
161 932
161 961
161 973
161 974
161 977
162 206
162 262
162 290
162 378
162 465
162 509
162 664
162 722
162 810
162 846
162 859
162 877
162 879
163 282
163 296
163 409
163 429
163 440
163 443
163 586
163 651
163 777
163 890
164 185
164 201
164 205
164 249
164 317
164 322
164 364
164 374
164 380
164 417
164 583
164 598
164 607
164 632
164 715
164 778
164 820
164 851
164 858
164 893
164 895
164 900
164 926
164 928
165 265
165 328
165 355
165 451
165 471
165 504
165 613
165 689
165 707
165 712
165 783
165 843
165 894
166 214
166 215
166 229
166 242
166 269
166 388
166 389
166 406
166 424
166 504
166 553
166 613
166 689
166 708
166 748
166 753
166 763
166 863
166 915
166 959
166 963
166 966
167 216
167 251
167 266
167 377
167 481
167 488
167 501
167 513
167 550
167 556
167 590
167 602
167 653
167 853
167 857
167 934
167 951
168 286
168 291
168 310
168 421
168 423
168 439
168 446
168 564
168 700
168 706
168 732
168 842
168 885
168 901
168 929
168 955
168 967
168 975
169 209
169 243
169 356
169 401
169 404
169 502
169 581
169 621
169 648
169 740
169 913
169 952
169 956
170 210
170 295
170 620
170 643
170 698
170 725
170 735
170 797
170 845
170 865
171 196
171 200
171 352
171 412
171 430
171 432
171 445
171 614
171 629
171 687
171 693
171 696
171 931
172 186
172 283
172 516
172 552
172 555
172 631
172 713
172 769
172 786
172 842
173 194
173 326
173 344
173 349
173 356
173 365
173 385
173 408
173 449
173 462
173 472
173 478
173 479
173 492
173 568
173 596
173 600
173 717
173 726
173 741
173 834
173 870
173 903
173 938
173 994
173 996
174 230
174 241
174 245
174 285
174 319
174 387
174 480
174 667
174 669
174 680
174 709
174 734
174 754
174 978
175 202
175 300
175 366
175 383
175 413
175 447
175 563
175 588
175 776
175 778
175 805
175 878
175 928
175 939
175 998
176 222
176 287
176 312
176 332
176 425
176 439
176 460
176 470
176 578
176 688
176 716
176 907
176 919
176 933
176 972
176 975
177 225
177 233
177 235
177 259
177 261
177 294
177 331
177 511
177 521
177 542
177 572
177 573
177 654
177 662
177 746
177 827
177 849
177 888
178 240
178 304
178 341
178 372
178 398
178 610
178 642
178 723
178 747
178 809
178 836
179 182
179 273
179 318
179 364
179 374
179 380
179 513
179 531
179 550
179 677
179 737
179 744
179 770
179 773
179 851
179 852
179 900
179 926
179 934
180 197
180 211
180 257
180 382
180 422
180 428
180 526
180 545
180 560
180 640
180 646
180 720
180 738
180 780
180 799
180 848
180 862
180 914
181 217
181 254
181 263
181 324
181 342
181 386
181 438
181 517
181 534
181 606
181 661
181 679
181 733
181 752
181 816
181 868
181 887
181 953
182 232
182 239
182 273
182 318
182 437
182 467
182 574
182 677
182 737
182 744
182 770
182 773
182 834
182 852
183 212
183 287
183 293
183 348
183 392
183 476
183 524
183 578
183 601
183 658
183 688
183 716
183 933
183 991
184 188
184 256
184 263
184 272
184 309
184 517
184 534
184 661
184 733
184 792
184 883
185 191
185 201
185 205
185 224
185 249
185 322
185 335
185 417
185 557
185 607
185 632
185 715
185 768
185 805
185 895
185 898
185 928
186 283
186 421
186 423
186 439
186 446
186 460
186 470
186 516
186 555
186 631
186 732
186 769
186 842
186 929
186 975
187 208
187 336
187 427
187 482
187 510
187 523
187 551
187 554
187 676
187 785
187 796
187 802
187 828
187 876
188 272
188 517
188 792
189 190
189 227
189 320
189 780
189 801
189 862
189 896
189 989
190 227
190 320
190 353
190 474
190 497
190 703
190 818
190 835
190 896
190 989
191 201
191 224
191 279
191 322
191 363
191 450
191 603
191 652
191 666
191 768
191 776
191 805
191 808
191 814
191 898
191 928
192 195
192 207
192 271
192 286
192 421
192 423
192 446
192 448
192 505
192 618
192 644
192 732
192 885
192 886
192 901
192 929
192 957
193 520
193 696
193 823
193 968
194 239
194 273
194 356
194 365
194 385
194 492
194 525
194 549
194 568
194 600
194 621
194 717
194 740
194 770
194 773
194 825
194 834
194 852
194 903
194 923
194 938
194 941
194 994
195 207
195 271
195 286
195 423
195 446
195 448
195 505
195 618
195 644
195 885
195 886
195 901
195 929
195 957
196 200
196 352
196 412
196 445
196 466
196 570
196 614
196 629
196 687
196 693
196 696
196 823
196 860
196 867
196 931
197 223
197 231
197 247
197 257
197 382
197 428
197 442
197 526
197 545
197 560
197 571
197 720
197 914
197 993
198 243
198 308
198 316
198 347
198 369
198 391
198 415
198 434
198 475
198 499
198 502
198 506
198 625
198 791
198 854
198 945
198 950
199 218
199 282
199 321
199 327
199 399
199 408
199 462
199 472
199 484
199 489
199 491
199 503
199 538
199 584
199 596
199 726
199 870
199 882
199 889
199 964
199 995
199 996
200 352
200 412
200 430
200 432
200 445
200 614
200 629
200 687
200 693
200 696
200 931
201 205
201 224
201 249
201 322
201 335
201 366
201 417
201 588
201 598
201 607
201 632
201 715
201 768
201 776
201 805
201 858
201 895
201 898
201 928
202 300
202 375
202 383
202 413
202 447
202 455
202 563
202 588
202 608
202 776
202 805
202 878
202 939
202 998
203 314
203 358
203 407
203 496
203 561
203 647
203 649
203 655
203 683
203 690
203 692
203 844
203 902
203 971
203 984
204 217
204 234
204 360
204 390
204 518
204 527
204 606
204 771
204 772
204 816
204 960
205 249
205 317
205 322
205 335
205 361
205 364
205 417
205 532
205 557
205 583
205 598
205 607
205 632
205 639
205 715
205 820
205 858
205 893
205 900
205 926
205 948
206 290
206 295
206 605
206 722
206 735
206 797
206 845
206 846
206 865
206 879
207 271
207 286
207 448
207 505
207 618
207 644
207 885
207 886
207 929
207 957
208 336
208 427
208 482
208 510
208 523
208 551
208 554
208 676
208 785
208 796
208 802
208 828
208 876
209 243
209 340
209 401
209 404
209 502
209 625
209 648
209 913
209 952
210 620
210 643
210 698
210 725
211 257
211 382
211 422
211 428
211 526
211 640
211 705
211 720
211 738
211 780
211 799
211 848
211 862
211 914
211 990
212 288
212 293
212 306
212 338
212 348
212 392
212 431
212 476
212 524
212 573
212 601
212 615
212 623
212 658
212 766
212 800
212 839
212 933
212 991
213 325
213 394
213 397
213 426
213 458
213 592
213 656
213 670
213 781
213 897
213 962
213 969
213 992
214 229
214 242
214 268
214 269
214 274
214 301
214 354
214 388
214 389
214 424
214 515
214 553
214 576
214 616
214 753
214 763
214 908
214 963
215 229
215 242
215 269
215 301
215 388
215 406
215 424
215 504
215 613
215 689
215 708
215 748
215 753
215 763
215 863
215 869
215 915
215 959
215 963
215 966
216 251
216 266
216 318
216 377
216 404
216 481
216 488
216 501
216 513
216 525
216 531
216 550
216 556
216 590
216 602
216 653
216 825
216 857
216 934
216 951
217 234
217 263
217 324
217 342
217 527
217 534
217 606
217 752
217 771
217 772
217 816
217 868
217 887
217 953
218 321
218 327
218 370
218 420
218 484
218 503
218 611
218 686
218 695
218 813
218 882
219 237
219 253
219 262
219 378
219 465
219 664
219 810
219 997
220 358
220 367
220 375
220 383
220 407
220 413
220 455
220 496
220 561
220 638
220 647
220 699
220 807
220 850
220 984
221 229
221 291
221 301
221 310
221 575
221 700
221 748
221 869
221 901
221 924
221 955
221 967
222 287
222 292
222 312
222 332
222 530
222 579
222 710
222 789
222 872
222 874
222 907
222 919
222 922
222 972
223 231
223 382
223 442
223 464
223 526
223 536
223 571
223 626
223 630
223 720
223 757
223 884
224 249
224 279
224 322
224 363
224 450
224 603
224 607
224 652
224 666
224 768
224 776
224 805
224 808
224 898
224 928
225 233
225 235
225 259
225 294
225 306
225 331
225 521
225 542
225 573
225 654
225 662
225 746
225 827
225 849
226 228
226 248
226 281
226 284
226 330
226 483
226 519
226 594
226 691
226 761
226 784
226 829
226 873
226 880
226 940
226 976
226 981
226 988
227 320
227 353
227 801
227 896
227 989
228 248
228 284
228 330
228 459
228 463
228 466
228 519
228 570
228 594
228 691
228 774
228 784
228 823
228 867
228 873
228 880
228 925
228 940
228 976
228 981
228 988
229 242
229 269
229 301
229 388
229 389
229 406
229 424
229 575
229 748
229 753
229 869
229 915
229 924
229 959
229 963
229 966
230 241
230 277
230 285
230 387
230 405
230 669
230 680
230 734
230 822
230 930
230 932
230 974
231 246
231 257
231 382
231 436
231 526
231 626
231 630
231 705
231 720
231 727
231 757
231 884
231 914
232 307
232 313
232 437
232 467
232 574
232 645
232 675
232 744
232 821
232 852
233 235
233 259
233 331
233 654
233 662
233 701
233 849
234 263
234 527
234 606
234 752
235 259
235 294
235 306
235 331
235 521
235 542
235 573
235 654
235 662
235 701
235 746
235 849
236 298
236 411
236 444
236 464
236 864
236 935
236 954
236 985
237 253
237 262
237 314
237 378
237 465
237 664
237 745
237 833
237 859
237 877
238 265
238 457
238 471
238 477
238 579
238 636
238 707
238 719
238 743
238 783
238 817
238 861
238 891
238 922
239 273
239 356
239 365
239 488
239 492
239 525
239 549
239 621
239 677
239 717
239 740
239 770
239 773
239 825
239 834
239 852
239 903
239 923
239 941
239 994
240 341
240 351
240 372
240 398
240 420
240 547
240 635
240 642
240 723
240 747
240 749
240 819
240 836
240 904
241 245
241 285
241 319
241 387
241 480
241 667
241 669
241 680
241 709
241 734
241 754
241 822
241 920
241 978
242 269
242 354
242 388
242 389
242 406
242 424
242 504
242 553
242 613
242 708
242 753
242 763
242 863
242 959
242 963
242 966
243 316
243 369
243 391
243 434
243 502
243 506
243 625
243 791
243 913
243 952
244 271
244 505
244 539
244 544
245 319
245 343
245 418
245 480
245 537
245 709
245 837
245 847
246 255
246 345
246 357
246 400
246 433
246 436
246 453
246 507
246 626
246 630
246 705
246 727
246 765
246 806
246 866
246 892
247 257
247 297
247 382
247 428
247 442
247 469
247 473
247 545
247 560
247 571
247 582
247 764
247 803
247 914
247 958
247 993
248 281
248 284
248 309
248 330
248 483
248 519
248 594
248 691
248 761
248 784
248 829
248 873
248 912
248 976
248 981
249 322
249 335
249 417
249 557
249 583
249 598
249 607
249 632
249 715
249 858
249 893
249 895
249 898
249 928
250 258
250 302
250 379
250 533
250 589
250 608
250 650
250 694
250 731
250 742
250 787
250 793
250 795
250 798
250 841
250 864
250 878
250 905
250 935
251 266
251 366
251 374
251 377
251 501
251 513
251 531
251 556
251 778
251 851
251 853
251 857
251 858
251 895
251 934
252 490
252 535
252 593
252 605
252 663
252 697
252 831
252 906
252 973
252 980
252 999
253 314
253 619
253 655
253 683
253 685
253 692
253 751
253 844
253 902
253 997
254 324
254 342
254 386
254 438
254 534
254 565
254 566
254 567
254 641
254 661
254 672
254 679
254 729
254 733
254 752
254 772
254 868
254 883
254 887
254 953
255 345
255 507
255 514
255 536
255 562
255 569
255 577
255 580
255 678
255 727
255 806
255 815
255 884
255 892
255 979
256 272
256 309
256 342
256 438
256 517
256 534
256 567
256 641
256 661
256 711
256 729
256 733
256 792
256 883
257 382
257 422
257 428
257 442
257 526
257 545
257 560
257 571
257 720
257 738
257 799
257 848
257 914
258 302
258 444
258 533
258 589
258 650
258 694
258 731
258 742
258 793
258 798
258 853
258 878
258 905
258 935
259 261
259 294
259 331
259 521
259 542
259 572
259 654
259 662
259 746
259 827
259 849
259 888
260 296
260 315
260 350
260 368
260 440
260 522
260 982
261 294
261 572
261 827
261 849
261 888
262 378
262 465
262 664
262 745
262 833
262 859
262 877
263 272
263 324
263 342
263 517
263 534
263 606
263 661
263 733
263 752
263 792
263 887
264 289
264 486
264 495
264 543
264 624
264 646
264 674
264 704
264 840
264 848
264 856
264 936
264 942
264 947
264 983
265 328
265 355
265 395
265 471
265 569
265 636
265 707
265 719
265 779
265 783
265 817
265 891
265 894
266 374
266 377
266 481
266 488
266 501
266 513
266 531
266 550
266 556
266 590
266 602
266 653
266 853
266 857
266 934
266 951
267 329
267 351
267 452
267 500
267 528
267 547
267 595
267 609
267 635
267 637
267 668
267 686
267 695
267 714
267 749
267 824
267 937
268 354
268 360
268 389
268 390
268 553
268 576
268 753
268 763
268 960
269 274
269 301
269 389
269 515
269 575
269 616
269 660
269 748
269 753
269 804
269 908
269 963
270 288
270 299
270 315
270 350
270 373
270 485
270 917
270 944
271 286
271 421
271 423
271 446
271 448
271 505
271 618
271 644
271 732
271 885
271 886
271 929
271 957
272 309
272 517
272 661
272 733
272 792
273 318
273 481
273 488
273 513
273 531
273 550
273 556
273 677
273 737
273 770
273 773
273 825
273 852
273 934
273 951
274 389
274 515
274 575
274 616
274 660
274 804
274 908
274 963
275 298
275 334
275 411
275 464
275 514
275 536
275 757
275 884
275 979
275 985
275 986
276 468
276 559
276 612
276 627
276 657
276 665
276 721
276 736
276 756
276 760
276 826
276 909
276 921
276 943
276 987
277 337
277 405
277 435
277 682
277 812
277 822
277 930
277 932
277 961
277 974
278 281
278 284
278 323
278 330
278 353
278 414
278 483
278 750
278 755
278 801
278 860
278 873
278 925
279 363
279 450
279 498
279 603
279 652
279 666
279 682
279 768
279 808
279 814
279 898
279 920
280 314
280 419
280 541
280 558
280 619
280 634
280 655
280 673
280 685
280 690
280 692
280 751
280 844
280 902
280 927
280 970
280 971
280 997
281 284
281 323
281 330
281 353
281 414
281 483
281 594
281 755
281 873
281 925
281 981
282 399
282 408
282 449
282 462
282 472
282 478
282 503
282 538
282 584
282 726
282 788
282 870
282 889
282 890
282 964
283 425
283 460
283 470
283 516
283 555
283 631
283 769
283 842
283 975
284 323
284 330
284 353
284 414
284 483
284 594
284 750
284 755
284 860
284 873
284 925
284 988
285 319
285 363
285 387
285 669
285 680
285 734
285 754
285 814
285 822
285 920
285 930
285 932
285 978
286 310
286 421
286 423
286 446
286 448
286 505
286 564
286 618
286 644
286 706
286 732
286 885
286 886
286 901
286 929
286 957
287 312
287 392
287 578
287 658
287 688
287 716
287 919
287 933
287 972
287 991
288 293
288 299
288 306
288 338
288 373
288 431
288 476
288 485
288 524
288 573
288 615
288 766
288 800
288 839
288 917
289 336
289 486
289 543
289 554
289 624
289 674
289 676
289 704
289 840
289 856
289 942
289 947
290 465
290 509
290 722
290 735
290 810
290 845
290 846
290 865
290 879
291 301
291 310
291 448
291 529
291 564
291 575
291 660
291 700
291 706
291 748
291 885
291 901
291 924
291 955
291 967
292 312
292 332
292 457
292 530
292 579
292 710
292 743
292 789
292 869
292 872
292 907
292 915
292 922
293 303
293 338
293 348
293 392
293 431
293 476
293 524
293 573
293 601
293 615
293 623
293 658
293 766
293 800
293 839
293 991
294 511
294 521
294 542
294 572
294 578
294 688
294 746
294 827
294 849
294 888
295 605
295 620
295 722
295 735
295 797
295 845
295 846
295 865
295 879
296 315
296 350
296 440
296 777
296 788
296 890
297 396
297 469
297 473
297 558
297 582
297 633
297 634
297 673
297 764
297 794
297 803
297 881
297 918
297 958
297 993
298 362
298 393
298 411
298 444
298 464
298 681
298 838
298 985
298 986
299 359
299 485
299 587
299 597
299 615
299 684
299 800
299 944
300 366
300 383
300 413
300 447
300 455
300 563
300 588
300 776
300 805
300 878
300 939
300 998
301 389
301 515
301 575
301 616
301 660
301 748
301 804
301 869
301 924
301 963
302 411
302 444
302 533
302 589
302 650
302 694
302 731
302 742
302 787
302 793
302 798
302 864
302 905
302 935
302 954
303 308
303 346
303 359
303 597
303 599
303 601
303 615
303 623
303 684
303 759
303 800
303 839
303 950
304 341
304 372
304 376
304 398
304 494
304 610
304 642
304 747
304 809
304 832
304 836
305 402
305 620
305 628
305 697
305 811
305 906
305 949
305 977
306 338
306 348
306 431
306 476
306 485
306 524
306 542
306 573
306 654
306 662
306 746
306 766
306 917
307 313
307 321
307 370
307 437
307 467
307 484
307 574
307 609
307 611
307 645
307 813
308 311
308 316
308 346
308 369
308 391
308 599
308 759
308 791
308 950
309 517
309 661
309 733
309 792
309 829
309 883
310 421
310 423
310 439
310 446
310 448
310 564
310 618
310 700
310 706
310 732
310 885
310 901
310 924
310 929
310 955
310 967
311 359
311 384
311 587
311 597
311 684
311 718
311 956
312 332
312 530
312 710
312 789
312 872
312 907
312 919
312 972
313 467
313 559
313 609
313 612
313 627
313 645
313 675
313 721
313 730
313 736
313 909
313 911
313 921
314 619
314 649
314 655
314 683
314 685
314 692
314 751
314 844
314 902
314 971
314 997
315 350
315 368
315 373
315 440
315 485
315 917
315 944
315 982
316 346
316 347
316 369
316 391
316 434
316 502
316 625
316 759
316 791
316 854
316 945
316 950
317 361
317 364
317 380
317 417
317 532
317 583
317 598
317 607
317 632
317 639
317 715
317 744
317 762
317 820
317 821
317 893
317 900
317 926
317 948
318 364
318 374
318 380
318 481
318 488
318 501
318 513
318 531
318 550
318 556
318 677
318 737
318 744
318 770
318 773
318 825
318 851
318 852
318 900
318 934
319 343
319 363
319 387
319 480
319 667
319 669
319 680
319 709
319 734
319 754
319 814
319 837
319 847
319 920
319 978
320 705
320 780
320 799
320 818
320 835
320 862
320 896
320 989
320 990
321 365
321 370
321 408
321 462
321 472
321 484
321 503
321 568
321 596
321 600
321 611
321 813
321 903
321 996
322 366
322 417
322 588
322 598
322 607
322 632
322 715
322 768
322 778
322 805
322 851
322 858
322 895
322 898
322 928
323 330
323 353
323 414
323 483
323 594
323 750
323 755
323 801
323 860
323 873
324 342
324 386
324 527
324 534
324 566
324 606
324 661
324 672
324 679
324 752
324 772
324 816
324 868
324 887
324 953
325 394
325 397
325 419
325 426
325 458
325 543
325 592
325 656
325 670
325 702
325 781
325 897
325 916
325 927
325 936
325 962
325 969
325 992
326 344
326 349
326 356
326 381
326 385
326 449
326 478
326 479
326 492
326 581
326 717
326 718
326 724
326 726
326 741
326 938
326 994
327 408
327 484
327 487
327 489
327 491
327 503
327 538
327 584
327 617
327 775
327 882
327 889
327 995
328 355
328 371
328 441
328 451
328 504
328 613
328 689
328 712
328 779
328 783
328 843
328 894
329 452
329 500
329 528
329 595
329 622
329 637
329 668
329 686
329 714
329 730
329 824
329 937
330 353
330 483
330 519
330 594
330 691
330 755
330 829
330 873
330 925
330 981
330 988
331 654
331 662
331 701
331 746
331 849
332 439
332 700
332 789
332 869
332 907
332 919
332 955
332 972
333 339
333 403
333 416
333 508
333 547
333 604
333 622
333 635
333 749
333 819
333 871
333 904
333 946
334 362
334 393
334 454
334 475
334 506
334 659
334 728
334 899
334 979
334 986
335 343
335 417
335 532
335 557
335 583
335 607
335 632
335 667
335 715
335 837
335 847
335 893
335 898
335 948
336 510
336 523
336 551
336 554
336 674
336 676
336 704
336 785
336 802
336 840
337 402
337 405
337 490
337 663
337 697
337 739
337 906
337 930
337 932
337 973
337 974
337 977
338 348
338 373
338 431
338 476
338 485
338 524
338 573
338 615
338 746
338 766
338 800
338 839
338 917
339 416
339 508
339 547
339 622
339 635
339 749
339 819
339 824
339 871
339 904
339 946
340 362
340 404
340 602
340 681
340 767
340 838
340 913
340 952
341 372
341 398
341 635
341 642
341 723
341 747
341 836
341 904
342 386
342 438
342 534
342 567
342 641
342 661
342 672
342 679
342 711
342 729
342 733
342 752
342 792
342 868
342 883
342 887
342 953
343 418
343 480
343 532
343 537
343 548
343 557
343 667
343 709
343 837
343 847
343 855
343 948
344 349
344 356
344 381
344 384
344 385
344 449
344 478
344 479
344 492
344 581
344 587
344 718
344 724
344 741
344 938
344 956
345 357
345 400
345 433
345 436
345 453
345 507
345 577
345 580
345 626
345 630
345 727
345 765
345 806
345 815
345 866
345 892
346 599
346 601
346 759
346 782
346 791
346 950
347 369
347 391
347 415
347 434
347 475
347 477
347 499
347 506
347 625
347 791
347 854
347 861
347 899
347 945
347 950
348 392
348 431
348 476
348 521
348 524
348 542
348 573
348 578
348 658
348 746
348 766
348 933
348 991
349 356
349 365
349 381
349 385
349 478
349 479
349 492
349 568
349 581
349 600
349 621
349 717
349 740
349 741
349 903
349 938
349 941
349 994
350 373
350 440
350 944
351 420
351 452
351 500
351 547
351 635
351 637
351 642
351 668
351 686
351 695
351 714
351 723
351 749
351 819
351 882
351 904
352 412
352 445
352 570
352 614
352 629
352 687
352 693
352 696
352 823
352 860
352 867
352 931
353 414
353 483
353 594
353 755
353 801
353 873
353 989
354 360
354 388
354 390
354 424
354 518
354 546
354 553
354 576
354 708
354 753
354 763
354 863
354 960
355 371
355 410
355 441
355 512
355 540
355 562
355 569
355 591
355 678
355 712
355 779
355 875
355 894
356 385
356 401
356 479
356 492
356 525
356 549
356 581
356 621
356 648
356 717
356 740
356 923
356 938
356 941
356 994
357 400
357 433
357 436
357 453
357 474
357 497
357 630
357 727
357 765
357 818
357 835
357 866
357 965
358 407
358 496
358 561
358 638
358 647
358 649
358 683
358 690
358 807
358 844
358 902
358 971
358 984
359 384
359 476
359 587
359 597
359 601
359 615
359 623
359 684
359 800
359 839
360 390
360 518
360 527
360 546
360 553
360 576
360 708
360 763
360 771
360 960
361 364
361 380
361 583
361 598
361 632
361 639
361 744
361 762
361 820
361 821
361 893
361 900
361 926
362 393
362 475
362 506
362 659
362 681
362 728
362 767
362 838
362 986
363 387
363 667
363 669
363 734
363 754
363 768
363 808
363 814
363 837
363 898
363 920
363 978
364 380
364 531
364 598
364 632
364 737
364 744
364 820
364 821
364 851
364 858
364 893
364 900
364 926
365 408
365 462
365 472
365 478
365 568
365 596
365 600
365 717
365 726
365 834
365 903
365 938
365 994
365 996
366 588
366 776
366 778
366 805
366 858
366 895
366 928
366 998
367 375
367 379
367 383
367 455
367 496
367 561
367 563
367 608
367 638
367 647
367 699
367 790
367 795
367 807
367 850
367 984
368 373
368 522
368 585
368 701
368 917
368 982
369 391
369 415
369 434
369 475
369 499
369 502
369 506
369 625
369 791
369 854
369 945
369 950
370 467
370 484
370 609
370 611
370 686
370 695
370 813
370 911
371 410
371 441
371 512
371 540
371 565
371 591
371 672
371 712
371 779
371 875
372 376
372 398
372 610
372 642
372 723
372 747
372 809
372 836
373 431
373 485
373 585
373 701
373 917
373 944
373 982
374 501
374 513
374 531
374 550
374 556
374 598
374 778
374 851
374 858
374 895
374 934
375 383
375 413
375 447
375 455
375 496
375 563
375 638
375 699
375 795
375 807
375 850
375 939
375 984
376 398
376 409
376 429
376 443
376 487
376 489
376 491
376 494
376 586
376 610
376 617
376 747
376 775
376 809
376 832
376 995
377 481
377 501
377 533
377 556
377 590
377 602
377 653
377 853
377 857
377 934
377 951
378 465
378 509
378 664
378 810
378 859
379 396
379 608
379 633
379 634
379 694
379 699
379 764
379 787
379 790
379 794
379 795
379 807
379 841
379 881
380 513
380 531
380 598
380 677
380 737
380 744
380 820
380 821
380 851
380 852
380 900
380 926
381 384
381 449
381 478
381 479
381 587
381 718
381 724
381 741
381 788
381 944
381 956
382 428
382 442
382 526
382 545
382 560
382 571
382 626
382 705
382 720
382 738
382 799
382 914
383 413
383 447
383 455
383 563
383 608
383 638
383 699
383 795
383 850
383 939
383 998
384 479
384 581
384 587
384 597
384 684
384 718
384 956
385 479
385 492
385 549
385 581
385 621
385 717
385 718
385 740
385 741
385 938
385 941
385 956
385 994
386 438
386 497
386 534
386 565
386 567
386 641
386 661
386 672
386 679
386 711
386 729
386 868
386 883
386 887
386 953
386 965
387 667
387 669
387 680
387 709
387 734
387 754
387 814
387 822
387 920
387 978
388 389
388 406
388 424
388 504
388 546
388 553
388 613
388 689
388 708
388 753
388 763
388 843
388 863
388 915
388 959
388 966
389 424
389 515
389 553
389 575
389 576
389 616
389 753
389 763
389 908
389 959
389 963
390 518
390 527
390 546
390 576
390 606
390 771
390 816
390 960
391 415
391 434
391 475
391 499
391 502
391 506
391 625
391 791
391 854
391 945
391 950
392 476
392 524
392 578
392 601
392 658
392 716
392 933
392 991
393 454
393 475
393 506
393 659
393 681
393 728
393 838
393 986
394 397
394 419
394 426
394 458
394 592
394 619
394 656
394 670
394 685
394 702
394 897
394 962
394 969
394 970
394 992
394 997
395 415
395 477
395 499
395 540
395 562
395 569
395 577
395 580
395 636
395 678
395 817
395 861
395 899
395 945
396 469
396 473
396 633
396 634
396 673
396 764
396 787
396 790
396 794
396 803
396 841
396 864
396 881
396 958
396 993
397 426
397 458
397 543
397 592
397 670
397 781
397 830
397 916
397 936
397 962
397 969
398 420
398 487
398 489
398 491
398 610
398 617
398 642
398 723
398 747
398 775
398 809
398 832
398 882
398 995
399 408
399 449
399 462
399 472
399 478
399 503
399 538
399 584
399 726
399 788
399 870
399 889
399 890
399 964
400 433
400 436
400 453
400 474
400 626
400 630
400 705
400 727
400 765
400 818
400 835
400 866
400 990
401 404
401 488
401 525
401 549
401 581
401 590
401 621
401 648
401 740
401 825
401 923
401 941
401 952
402 490
402 628
402 663
402 697
402 739
402 811
402 906
402 949
402 977
403 416
403 604
403 946
404 481
404 488
404 525
404 590
404 602
404 648
404 653
404 857
404 913
404 923
404 951
404 952
405 435
405 682
405 812
405 822
405 930
405 932
405 961
405 974
406 424
406 451
406 504
406 546
406 613
406 689
406 708
406 753
406 763
406 843
406 863
406 915
406 959
406 966
407 493
407 496
407 638
407 649
407 745
407 833
408 462
408 472
408 484
408 503
408 568
408 584
408 596
408 600
408 611
408 726
408 870
408 889
408 903
408 964
408 996
409 429
409 443
409 487
409 489
409 491
409 494
409 538
409 586
409 617
409 775
409 809
409 832
409 995
410 441
410 512
410 540
410 562
410 565
410 569
410 580
410 591
410 678
410 779
410 815
410 875
411 444
411 464
411 864
411 935
411 954
411 985
412 445
412 466
412 570
412 614
412 629
412 693
412 696
412 823
412 867
412 925
412 931
412 988
413 447
413 450
413 455
413 563
413 603
413 638
413 776
413 805
413 850
413 939
413 998
414 483
414 750
414 755
414 801
414 860
414 873
414 925
415 434
415 454
415 475
415 477
415 499
415 506
415 636
415 659
415 728
415 854
415 861
415 899
415 945
416 508
416 604
416 871
416 946
417 532
417 557
417 583
417 598
417 607
417 632
417 715
417 820
417 858
417 893
417 895
417 928
418 480
418 532
418 537
418 548
418 639
418 671
418 760
418 762
418 837
418 847
418 855
418 948
419 458
419 541
419 619
419 656
419 685
419 702
419 751
419 897
419 927
419 962
419 969
419 970
419 992
419 997
420 452
420 487
420 489
420 617
420 635
420 642
420 686
420 695
420 714
420 723
420 882
420 995
421 423
421 439
421 446
421 448
421 505
421 516
421 564
421 618
421 700
421 706
421 732
421 842
421 885
421 886
421 901
421 929
421 957
421 975
422 428
422 495
422 624
422 640
422 646
422 738
422 780
422 799
422 848
422 856
422 914
422 942
423 446
423 448
423 505
423 516
423 564
423 618
423 706
423 732
423 842
423 885
423 886
423 901
423 929
423 957
424 504
424 518
424 546
424 553
424 613
424 689
424 708
424 753
424 763
424 843
424 863
424 959
424 966
425 439
425 460
425 470
425 511
425 578
425 688
425 827
425 842
425 888
425 972
425 975
426 458
426 592
426 656
426 670
426 781
426 830
426 897
426 916
426 962
426 969
427 430
427 432
427 482
427 687
427 785
427 796
427 802
427 828
427 876
428 495
428 545
428 560
428 571
428 582
428 640
428 646
428 738
428 848
428 914
429 443
429 487
429 489
429 491
429 494
429 538
429 586
429 775
429 889
429 890
429 995
430 432
430 482
430 510
430 758
430 785
430 796
430 802
430 828
430 876
430 931
431 476
431 485
431 524
431 573
431 615
431 746
431 766
431 800
431 839
431 917
432 482
432 687
432 785
432 796
432 802
432 828
432 876
432 931
433 436
433 453
433 474
433 507
433 626
433 630
433 705
433 727
433 765
433 818
433 835
433 866
434 454
434 475
434 499
434 506
434 625
434 728
434 854
434 899
434 945
435 493
435 498
435 593
435 682
435 812
435 910
435 961
435 973
435 974
436 453
436 507
436 626
436 630
436 705
436 720
436 727
436 765
436 835
436 866
436 892
436 990
437 467
437 574
437 645
437 677
437 737
437 744
437 770
437 773
437 821
437 852
438 497
438 534
438 567
438 641
438 661
438 679
438 703
438 711
438 729
438 733
438 792
438 883
438 965
439 460
439 470
439 564
439 700
439 706
439 732
439 842
439 907
439 972
439 975
440 651
440 777
440 890
441 565
441 566
441 591
441 672
441 712
441 772
441 779
441 875
442 464
442 473
442 545
442 560
442 571
442 582
442 914
442 958
442 985
442 993
443 494
443 586
443 775
443 809
443 832
443 890
444 589
444 650
444 742
444 793
444 864
444 935
444 954
444 985
445 466
445 570
445 614
445 629
445 693
445 696
445 823
445 860
445 867
445 925
445 931
445 988
446 448
446 505
446 516
446 564
446 618
446 706
446 732
446 842
446 885
446 886
446 901
446 929
446 957
447 455
447 563
447 776
447 805
447 850
447 878
447 939
447 998
448 529
448 564
448 618
448 644
448 706
448 885
448 886
448 901
448 929
448 957
448 967
449 478
449 724
449 726
449 741
449 788
449 870
449 938
449 964
450 455
450 498
450 603
450 652
450 666
450 682
450 768
450 776
450 808
450 910
451 471
451 504
451 613
451 689
451 707
451 712
451 719
451 783
451 843
451 894
451 915
451 966
452 500
452 547
452 635
452 637
452 668
452 686
452 695
452 714
452 749
452 824
453 474
453 507
453 512
453 630
453 727
453 765
453 806
453 815
453 835
453 866
453 875
454 475
454 506
454 659
454 728
454 899
454 945
454 979
455 563
455 638
455 699
455 850
455 939
456 599
456 710
456 743
456 759
456 782
456 872
456 874
456 919
457 471
457 530
457 579
457 707
457 710
457 719
457 743
457 783
457 817
457 872
457 874
457 891
457 922
458 592
458 656
458 670
458 685
458 702
458 781
458 897
458 962
458 969
458 992
459 463
459 466
459 519
459 520
459 691
459 774
459 784
459 823
459 867
459 880
459 940
459 976
459 981
459 988
460 470
460 842
460 972
460 975
461 518
461 527
461 546
461 566
461 712
461 771
461 772
461 816
461 843
461 868
462 472
462 478
462 484
462 503
462 568
462 584
462 596
462 600
462 611
462 726
462 870
462 889
462 903
462 938
462 964
462 996
463 466
463 519
463 520
463 691
463 774
463 784
463 823
463 867
463 880
463 940
463 981
463 988
464 514
464 536
464 757
464 884
464 954
464 985
465 509
465 664
465 810
465 859
465 877
465 879
466 520
466 570
466 629
466 784
466 823
466 867
466 925
466 940
466 981
466 988
467 574
467 611
467 645
467 675
467 813
467 911
468 559
468 612
468 627
468 657
468 665
468 721
468 736
468 756
468 760
468 909
468 921
468 943
468 987
469 473
469 545
469 558
469 560
469 582
469 633
469 634
469 673
469 764
469 803
469 881
469 918
469 958
469 993
470 511
470 688
470 827
470 842
470 975
471 477
471 636
471 707
471 719
471 743
471 783
471 817
471 861
471 891
471 894
472 484
472 503
472 568
472 584
472 596
472 600
472 611
472 726
472 870
472 889
472 903
472 938
472 964
472 996
473 545
473 560
473 571
473 582
473 633
473 764
473 787
473 794
473 803
473 841
473 864
473 881
473 954
473 958
473 993
474 497
474 703
474 765
474 818
474 835
474 866
474 896
474 965
475 506
475 625
475 659
475 728
475 854
475 899
475 945
476 524
476 573
476 601
476 615
476 623
476 658
476 766
476 800
476 839
476 991
477 499
477 636
477 719
477 817
477 854
477 861
477 891
477 945
478 479
478 568
478 584
478 600
478 724
478 726
478 741
478 788
478 870
478 938
478 964
478 994
479 492
479 581
479 621
479 717
479 718
479 740
479 741
479 938
479 941
479 956
479 994
480 537
480 667
480 680
480 709
480 754
480 837
480 847
480 978
481 488
481 501
481 513
481 525
481 531
481 550
481 556
481 590
481 602
481 653
481 825
481 857
481 923
481 934
481 951
482 785
482 796
482 802
482 828
482 876
483 594
483 750
483 755
483 801
483 860
483 873
483 925
483 988
484 503
484 596
484 611
484 695
484 813
484 882
484 996
485 766
485 917
485 944
486 495
486 543
486 624
486 646
486 674
486 704
486 840
486 848
486 856
486 936
486 942
486 947
486 983
487 489
487 491
487 538
487 586
487 617
487 642
487 747
487 775
487 809
487 882
487 889
487 995
488 525
488 549
488 550
488 556
488 590
488 648
488 653
488 770
488 773
488 825
488 857
488 923
488 934
488 951
489 491
489 538
489 586
489 617
489 747
489 775
489 809
489 882
489 889
489 995
490 535
490 593
490 663
490 697
490 831
490 906
490 961
490 973
490 977
490 980
490 999
491 503
491 538
491 586
491 617
491 747
491 775
491 809
491 882
491 889
491 995
492 549
492 581
492 621
492 717
492 740
492 938
492 941
492 994
493 593
494 586
494 610
494 775
494 809
494 832
495 543
495 624
495 646
495 704
495 840
495 848
495 856
495 936
495 942
495 947
495 983
496 561
496 638
496 647
496 649
496 699
496 807
496 850
496 984
497 567
497 641
497 703
497 711
497 729
497 765
497 818
497 835
497 883
497 965
498 603
498 652
498 666
498 682
498 808
498 812
498 910
498 961
499 636
499 817
499 854
499 861
499 899
499 945
500 528
500 547
500 595
500 622
500 635
500 637
500 668
500 686
500 714
500 749
500 819
500 824
500 871
500 937
501 513
501 531
501 550
501 556
501 778
501 851
501 853
501 857
501 858
501 934
501 951
502 625
502 913
502 952
503 538
503 584
503 596
503 611
503 726
503 870
503 882
503 889
503 964
503 996
504 518
504 546
504 613
504 689
504 708
504 753
504 763
504 843
504 863
504 915
504 959
504 966
505 618
505 732
505 885
505 886
505 929
505 957
506 625
506 659
506 728
506 854
506 899
506 945
507 512
507 536
507 562
507 577
507 580
507 678
507 727
507 806
507 815
507 884
507 892
507 979
508 547
508 622
508 749
508 819
508 871
508 904
508 946
509 664
509 810
509 879
510 676
510 758
510 785
510 796
510 802
510 828
511 521
511 542
511 578
511 688
511 827
511 888
512 540
512 562
512 569
512 577
512 580
512 591
512 678
512 779
512 815
512 875
513 531
513 550
513 556
513 677
513 737
513 851
513 857
513 858
513 934
513 951
514 536
514 757
514 806
514 884
514 892
514 979
514 985
515 575
515 616
515 660
515 804
515 908
515 963
516 552
516 555
516 631
516 713
516 732
516 769
516 786
516 842
516 929
517 534
517 661
517 733
517 752
517 792
518 527
518 546
518 566
518 708
518 763
518 771
518 772
518 816
518 843
518 863
518 960
519 594
519 691
519 761
519 774
519 784
519 829
519 873
519 880
519 912
519 940
519 976
519 981
520 696
520 823
520 867
520 968
521 524
521 542
521 573
521 578
521 688
521 746
521 827
521 849
521 888
521 933
522 585
522 982
523 551
523 554
523 676
524 542
524 573
524 578
524 658
524 746
524 766
524 839
524 933
525 549
525 556
525 590
525 621
525 648
525 740
525 825
525 923
525 941
525 951
526 571
526 626
526 630
526 705
526 720
526 738
526 799
526 862
526 914
526 990
527 566
527 606
527 752
527 771
527 772
527 816
527 868
527 887
527 960
528 595
528 637
528 657
528 668
528 730
528 824
528 826
528 937
529 575
529 618
529 660
529 804
529 885
529 901
529 967
530 579
530 707
530 710
530 743
530 789
530 872
530 915
530 922
531 550
531 556
531 677
531 737
531 851
531 858
531 900
531 934
531 951
532 548
532 557
532 583
532 632
532 639
532 715
532 760
532 762
532 820
532 837
532 847
532 855
532 893
532 948
533 589
533 650
533 694
533 731
533 742
533 793
533 798
533 853
533 878
533 905
534 567
534 606
534 661
534 679
534 729
534 733
534 752
534 792
534 868
534 883
534 887
534 953
535 593
535 605
535 663
535 697
535 831
535 906
535 973
535 977
535 980
535 999
536 626
536 757
536 806
536 884
536 892
536 979
537 548
537 671
537 855
538 584
538 586
538 617
538 775
538 882
538 889
538 964
538 995
539 544
540 562
540 569
540 577
540 580
540 591
540 678
540 779
540 815
540 875
541 558
541 619
541 702
541 918
541 927
541 936
541 947
541 969
541 970
541 983
542 573
542 578
542 654
542 662
542 688
542 746
542 827
542 849
543 592
543 624
543 704
543 840
543 856
543 916
543 936
543 947
543 983
545 560
545 571
545 582
545 803
545 914
545 993
546 553
546 708
546 753
546 763
546 771
546 843
546 863
546 960
547 622
547 635
547 714
547 723
547 749
547 819
547 824
547 871
547 904
547 946
548 557
548 583
548 639
548 671
548 760
548 762
548 847
548 855
548 893
548 948
549 581
549 621
549 648
549 717
549 740
549 770
549 825
549 923
549 941
549 994
550 556
550 590
550 677
550 737
550 770
550 773
550 825
550 852
550 857
550 934
550 951
551 554
551 676
552 555
552 631
552 713
552 769
552 786
553 576
553 708
553 753
553 763
553 863
553 960
554 674
554 676
554 704
554 840
555 631
555 713
555 769
555 786
556 590
556 653
556 825
556 857
556 923
556 934
556 951
557 583
557 607
557 632
557 639
557 667
557 715
557 837
557 847
557 893
557 948
558 582
558 619
558 634
558 655
558 673
558 690
558 751
558 803
558 918
558 927
558 970
558 971
559 612
559 627
559 645
559 675
559 721
559 730
559 736
559 909
559 911
559 921
559 943
559 987
560 571
560 582
560 803
560 914
560 993
561 634
561 638
561 647
561 649
561 655
561 683
561 690
561 699
561 790
561 795
561 807
561 902
561 971
561 984
562 569
562 577
562 580
562 591
562 678
562 779
562 815
562 875
563 608
563 638
563 694
563 699
563 795
563 850
563 878
563 939
563 998
564 700
564 706
564 732
564 842
564 885
564 901
564 929
564 955
564 967
565 591
565 672
565 679
565 875
565 965
566 606
566 672
566 679
566 771
566 772
566 816
566 868
566 887
566 953
567 641
567 661
567 679
567 703
567 711
567 729
567 733
567 883
567 965
568 584
568 596
568 600
568 717
568 726
568 834
568 870
568 903
568 938
568 994
568 996
569 577
569 580
569 591
569 678
569 779
569 815
569 875
570 629
570 823
570 860
570 867
570 925
570 940
570 988
571 582
571 914
571 993
572 827
572 849
572 888
573 654
573 662
573 746
573 766
573 849
574 645
574 677
574 737
574 744
574 821
574 852
575 616
575 660
575 748
575 804
575 908
575 924
575 963
575 967
576 753
576 960
577 580
577 678
577 806
577 815
577 892
577 979
578 658
578 688
578 716
578 827
578 933
579 707
579 710
579 743
579 783
579 872
579 874
579 915
579 922
580 591
580 678
580 779
580 806
580 815
580 875
581 621
581 648
581 717
581 718
581 740
581 941
581 956
581 994
582 764
582 803
582 918
582 958
582 993
583 598
583 607
583 632
583 639
583 715
583 762
583 820
583 847
583 893
583 926
583 948
584 596
584 726
584 788
584 870
584 889
584 964
584 996
585 654
585 662
585 701
585 982
586 617
586 775
586 809
586 832
586 889
586 995
587 597
587 684
587 718
587 956
588 776
588 778
588 805
588 895
588 928
588 998
589 650
589 694
589 731
589 742
589 787
589 793
589 798
589 864
589 905
589 935
589 954
590 602
590 648
590 653
590 825
590 857
590 923
590 934
590 951
590 952
591 678
591 779
591 815
591 875
592 670
592 781
592 830
592 916
592 936
592 962
592 969
593 831
593 961
593 973
593 980
593 999
594 691
594 755
594 829
594 873
594 981
595 622
595 637
595 668
595 824
595 826
595 937
596 600
596 611
596 726
596 834
596 870
596 903
596 938
596 996
597 615
597 623
597 684
597 718
597 800
597 839
597 956
598 607
598 632
598 715
598 778
598 820
598 851
598 858
598 893
598 895
598 900
598 926
598 928
599 601
599 623
599 759
599 782
599 791
599 950
600 717
600 726
600 834
600 870
600 903
600 938
600 994
600 996
601 615
601 623
601 658
601 759
601 782
601 800
601 839
601 991
602 648
602 653
602 767
602 857
602 913
602 951
602 952
603 652
603 666
603 768
603 776
603 805
603 808
603 898
604 946
605 620
605 697
605 831
605 845
605 846
605 980
605 999
606 752
606 771
606 772
606 816
606 868
606 887
606 953
607 632
607 715
607 858
607 893
607 895
607 898
607 928
608 633
608 694
608 699
608 742
608 787
608 790
608 794
608 795
608 841
608 878
608 881
609 637
609 645
609 668
609 675
609 686
609 695
609 730
609 813
609 911
610 747
610 809
610 832
610 836
611 695
611 813
611 996
612 627
612 645
612 665
612 675
612 721
612 730
612 736
612 909
612 911
612 921
612 943
612 987
613 689
613 707
613 708
613 763
613 783
613 843
613 863
613 894
613 915
613 959
613 966
614 629
614 687
614 693
614 696
614 823
614 867
614 931
615 623
615 684
615 766
615 800
615 839
616 660
616 804
616 908
616 963
617 642
617 747
617 775
617 809
617 882
617 995
618 644
618 885
618 886
618 901
618 929
618 957
618 967
619 655
619 673
619 685
619 690
619 692
619 702
619 751
619 844
619 902
619 927
619 969
619 970
619 971
619 992
619 997
620 628
620 698
620 725
620 797
620 845
620 949
621 648
621 717
621 740
621 825
621 923
621 941
621 994
622 749
622 819
622 824
622 871
622 937
622 946
623 684
623 766
623 800
623 839
624 640
624 646
624 674
624 704
624 840
624 848
624 856
624 942
624 947
624 983
625 791
625 854
625 913
626 630
626 705
626 720
626 727
626 757
626 884
626 892
627 645
627 657
627 665
627 675
627 721
627 736
627 756
627 760
627 909
627 911
627 921
627 943
627 987
628 697
628 698
628 811
628 906
628 949
629 823
629 860
629 867
629 925
629 931
629 988
630 705
630 720
630 727
630 765
630 835
630 862
630 866
630 990
631 713
631 769
631 786
632 639
632 715
632 820
632 858
632 893
632 900
632 926
632 948
633 634
633 673
633 690
633 699
633 764
633 787
633 790
633 794
633 795
633 803
633 807
633 841
633 881
633 958
634 647
634 655
634 673
634 690
634 751
634 764
634 790
634 794
634 803
634 881
634 971
635 637
635 642
635 686
635 714
635 723
635 749
635 819
635 824
635 871
635 904
635 946
636 719
636 817
636 861
636 891
636 945
637 668
637 686
637 695
637 714
637 730
637 749
637 824
637 937
638 647
638 699
638 795
638 807
638 850
638 939
638 984
639 760
639 762
639 820
639 893
639 926
639 948
640 646
640 738
640 780
640 799
640 848
640 942
641 661
641 679
641 703
641 711
641 729
641 733
641 883
641 965
642 723
642 747
642 749
642 809
642 836
642 904
643 698
643 725
644 885
644 886
644 957
645 675
645 721
645 730
645 736
645 909
645 911
646 704
646 738
646 840
646 848
646 856
646 942
646 947
646 983
647 649
647 655
647 683
647 690
647 699
647 790
647 807
647 844
647 902
647 971
647 984
648 740
648 913
648 923
648 941
648 952
649 655
649 683
649 690
649 692
649 807
649 844
649 902
649 971
649 984
650 694
650 731
650 742
650 787
650 793
650 798
650 864
650 878
650 905
650 935
650 954
651 777
651 890
652 666
652 768
652 776
652 805
652 808
652 814
652 898
653 767
653 853
653 857
653 934
653 951
653 952
654 662
654 701
654 746
654 849
655 673
655 683
655 690
655 692
655 751
655 844
655 902
655 970
655 971
655 997
656 670
656 685
656 702
656 897
656 962
656 969
656 992
656 997
657 665
657 721
657 730
657 736
657 756
657 826
657 943
657 987
658 716
658 933
658 991
659 728
659 899
659 979
660 804
660 908
660 963
660 967
661 679
661 711
661 729
661 733
661 752
661 792
661 883
661 887
661 953
662 701
662 746
662 849
663 697
663 739
663 831
663 906
663 961
663 973
663 977
663 980
663 999
664 810
664 833
664 859
664 877
664 879
665 671
665 721
665 736
665 756
665 760
665 909
665 921
665 943
665 987
666 682
666 768
666 808
666 812
666 814
666 910
667 669
667 680
667 709
667 734
667 754
667 814
667 837
667 847
667 920
667 978
668 686
668 695
668 714
668 730
668 824
668 937
669 680
669 709
669 734
669 754
669 814
669 822
669 920
669 978
670 702
670 781
670 830
670 897
670 916
670 962
670 969
670 992
671 756
671 760
671 855
672 679
672 772
672 868
672 887
672 953
673 690
673 751
673 764
673 790
673 794
673 803
673 844
673 881
673 902
673 971
674 676
674 704
674 840
674 856
674 942
675 721
675 730
675 736
675 909
675 911
675 921
676 785
676 796
676 802
676 828
676 840
677 737
677 744
677 770
677 773
677 825
677 852
677 934
678 779
678 815
678 875
679 729
679 752
679 772
679 868
679 887
679 953
679 965
680 709
680 734
680 754
680 822
680 920
680 978
681 767
681 838
681 986
682 808
682 812
682 910
682 961
682 974
683 690
683 692
683 751
683 844
683 902
683 971
683 997
684 718
684 800
684 956
685 692
685 702
685 844
685 897
685 969
685 970
685 992
685 997
686 695
686 714
686 824
687 693
687 696
687 931
688 716
688 827
688 888
688 933
689 707
689 708
689 783
689 843
689 863
689 894
689 915
689 959
689 966
690 751
690 790
690 807
690 844
690 881
690 902
690 971
691 761
691 774
691 784
691 829
691 873
691 880
691 912
691 940
691 976
691 981
691 988
692 751
692 844
692 902
692 971
692 997
693 696
693 931
694 731
694 742
694 787
694 793
694 795
694 798
694 841
694 864
694 878
694 905
694 935
695 714
695 813
695 882
696 823
696 968
697 811
697 831
697 906
697 949
697 973
697 977
697 980
697 999
698 725
699 790
699 794
699 795
699 807
699 850
699 984
700 706
700 789
700 901
700 907
700 924
700 955
700 967
701 917
701 982
702 897
702 927
702 962
702 969
702 970
702 992
702 997
703 711
703 729
703 765
703 818
703 835
703 883
703 965
704 840
704 856
704 936
704 942
704 947
704 983
705 720
705 780
705 799
705 835
705 862
705 896
705 990
706 732
706 842
706 885
706 901
706 929
706 975
707 719
707 743
707 783
707 817
707 891
707 894
707 922
708 753
708 763
708 843
708 863
708 959
708 966
709 734
709 754
709 837
709 847
709 978
710 743
710 789
710 872
710 874
710 919
710 922
711 729
711 733
711 883
711 965
712 779
712 843
712 894
713 769
713 786
714 749
714 819
714 824
714 937
715 820
715 847
715 858
715 893
715 898
715 948
716 919
716 933
716 972
716 991
717 740
717 834
717 903
717 923
717 938
717 941
717 994
718 741
718 956
719 743
719 783
719 817
719 861
719 891
719 894
720 738
720 799
720 862
720 914
720 990
721 730
721 736
721 909
721 911
721 921
721 943
721 987
722 735
722 797
722 845
722 846
722 865
722 879
723 747
723 749
723 836
723 904
724 741
724 788
724 944
725 797
726 788
726 870
726 889
726 903
726 938
726 964
726 996
727 765
727 806
727 866
727 884
727 892
728 899
728 986
729 733
729 883
729 965
730 736
730 826
730 911
730 987
731 742
731 793
731 798
731 853
731 878
731 905
732 842
732 885
732 886
732 901
732 929
732 957
732 975
733 792
733 883
734 754
734 814
734 822
734 920
734 932
734 978
735 797
735 845
735 846
735 865
735 879
736 756
736 909
736 911
736 921
736 943
736 987
737 744
737 770
737 773
737 821
737 851
737 852
737 900
737 926
737 934
738 780
738 799
738 848
738 862
738 914
739 906
739 930
739 977
740 825
740 923
740 938
740 941
740 994
741 788
741 938
741 956
742 787
742 793
742 798
742 841
742 864
742 878
742 905
742 935
742 954
743 817
743 872
743 874
743 891
743 922
744 820
744 821
744 852
744 900
744 926
745 833
745 859
745 877
746 849
747 775
747 809
747 832
747 995
748 789
748 869
748 915
748 924
748 955
748 959
748 963
748 966
749 819
749 824
749 871
749 904
749 946
750 755
750 758
750 801
750 860
750 925
751 844
751 902
751 970
751 971
751 997
752 816
752 868
752 887
752 953
753 763
753 863
753 959
753 963
753 966
754 814
754 822
754 837
754 920
754 978
755 801
755 860
755 873
755 925
756 760
756 921
756 943
756 987
757 806
757 884
757 892
757 985
758 785
758 796
758 802
758 828
759 782
759 791
759 874
759 950
760 762
760 855
760 909
760 921
760 948
761 774
761 784
761 829
761 880
761 912
761 976
761 981
762 820
762 893
762 909
762 921
762 948
763 843
763 863
763 959
763 966
764 787
764 790
764 794
764 803
764 841
764 864
764 881
764 958
764 993
765 818
765 835
765 866
765 965
766 800
766 839
766 917
767 838
767 986
768 776
768 805
768 808
768 814
768 898
768 928
769 786
770 773
770 825
770 834
770 852
771 772
771 816
771 960
772 816
772 868
772 887
772 953
773 825
773 834
773 852
774 784
774 880
774 940
774 976
774 981
774 988
775 809
775 832
775 882
775 889
775 995
776 805
776 898
776 928
776 939
776 998
777 890
778 851
778 853
778 858
778 895
778 928
779 815
779 875
779 894
780 799
780 862
780 990
781 830
781 916
781 962
782 874
782 919
782 991
783 894
783 915
783 922
784 829
784 880
784 940
784 976
784 981
784 988
785 796
785 802
785 828
785 876
787 790
787 793
787 794
787 795
787 841
787 864
787 881
787 935
787 954
787 958
788 870
788 964
789 869
789 872
789 907
789 924
789 955
790 794
790 795
790 807
790 841
790 881
790 984
791 854
791 950
792 883
793 798
793 841
793 864
793 878
793 905
793 935
793 954
794 795
794 807
794 841
794 864
794 881
794 958
795 807
795 841
795 881
795 984
796 802
796 828
796 876
797 845
797 846
797 865
798 853
798 878
798 905
799 862
799 914
799 990
800 839
801 860
801 989
802 828
802 876
803 881
803 918
803 958
803 993
804 908
804 963
804 967
805 895
805 898
805 928
805 939
805 998
806 815
806 884
806 892
806 979
807 850
807 881
807 984
808 812
808 814
808 898
808 910
808 920
809 832
809 995
811 906
811 949
811 977
812 814
812 822
812 910
812 932
812 961
812 974
813 996
814 822
814 898
814 920
814 978
815 875
816 868
816 887
816 953
817 861
817 891
818 835
818 866
818 896
818 965
818 989
819 824
819 871
819 904
819 946
820 821
820 893
820 900
820 926
820 948
821 900
821 909
821 926
822 920
822 930
822 932
822 974
823 867
823 925
823 940
823 988
824 871
824 937
825 923
825 934
825 941
825 951
826 937
826 943
826 987
827 849
827 888
828 876
829 873
829 880
829 912
829 976
829 981
830 916
831 906
831 973
831 980
831 999
833 859
833 877
834 852
834 903
834 994
834 996
835 866
835 896
835 990
837 847
837 948
837 978
838 986
840 856
840 942
840 947
840 983
841 864
841 881
841 935
841 954
841 958
842 929
842 975
843 863
843 894
844 902
844 971
844 997
845 846
845 865
845 879
846 865
846 879
847 893
847 948
847 978
848 856
848 914
848 942
848 947
849 888
850 939
850 984
851 858
851 895
851 900
851 926
853 857
853 905
854 861
854 899
854 945
854 950
855 948
856 936
856 942
856 947
856 983
857 934
857 951
858 895
858 900
858 926
858 928
859 877
860 925
860 988
861 891
861 899
861 945
862 896
862 990
863 959
863 966
864 935
864 954
864 958
864 985
865 879
866 965
867 925
867 940
867 988
868 887
868 953
869 907
869 915
869 924
869 955
869 966
870 889
870 938
870 964
870 996
871 904
871 946
872 874
872 919
872 922
873 925
873 981
873 988
874 919
878 905
878 998
880 912
880 940
880 976
880 981
881 958
882 995
884 892
884 979
885 886
885 901
885 929
885 957
885 967
886 901
886 929
886 957
887 953
889 964
889 995
892 979
893 900
893 926
893 948
895 928
896 989
896 990
897 962
897 969
897 992
898 928
899 945
900 926
901 929
901 957
901 967
902 971
902 997
903 938
903 994
903 996
904 946
906 949
906 973
906 977
906 980
906 999
907 955
907 972
908 963
909 911
909 921
910 961
912 976
913 952
915 922
915 959
915 966
916 936
917 944
918 927
918 970
919 972
919 991
920 978
921 943
921 987
923 941
923 951
924 955
924 967
925 940
925 988
927 936
927 947
927 969
927 970
927 983
928 998
929 957
930 932
930 974
932 961
932 974
933 991
934 951
935 954
935 958
935 985
936 947
936 983
938 941
938 994
938 996
939 998
940 981
940 988
941 994
942 947
943 987
947 983
949 977
954 958
954 985
958 993
959 966
961 973
961 974
962 969
962 992
969 970
969 992
970 992
972 975
973 977
973 980
973 999
976 981
977 999
980 999
981 988
992 997
