63 234
63 758
63 42
63 891
63 189
63 470
63 868
63 843
63 991
63 81
434 659
434 358
434 763
434 196
434 389
434 802
434 303
434 217
434 377
434 976
312 177
312 471
312 787
312 216
312 139
312 454
312 427
312 607
312 504
312 356
909 283
909 862
909 440
909 828
909 714
909 538
909 724
909 560
909 999
909 19
463 489
463 690
463 391
463 445
463 355
463 470
463 958
463 619
463 538
463 170
553 248
553 22
553 878
553 356
553 723
553 735
553 483
553 207
553 813
553 955
480 930
480 771
480 175
480 745
480 184
480 679
480 68
480 989
480 777
480 161
722 353
722 825
722 92
722 129
722 619
722 905
722 66
722 479
722 876
722 799
121 266
121 6
121 289
121 202
121 18
121 279
121 197
121 451
121 517
121 273
789 255
789 464
789 651
789 406
789 72
789 135
789 613
789 728
789 880
789 528
186 311
186 316
186 9
186 649
186 74
186 829
186 305
186 615
186 51
186 817
918 280
918 558
918 368
918 914
918 528
918 231
918 389
918 217
918 766
918 519
401 472
401 666
401 853
401 864
401 849
401 739
401 603
401 360
401 854
401 624
843 4
843 605
843 580
843 68
843 296
843 859
843 373
843 898
843 189
456 12
456 982
456 690
456 292
456 400
456 151
456 686
456 534
456 462
456 872
513 450
513 189
513 829
513 966
513 443
513 792
513 588
513 570
513 649
513 841
98 74
98 741
98 314
98 239
98 6
98 767
98 841
98 846
98 429
98 415
805 644
805 792
805 601
805 286
805 556
805 178
805 748
805 984
805 524
805 951
612 741
612 229
612 963
612 0
612 543
612 987
612 676
612 216
612 856
612 599
797 571
797 27
797 815
797 100
797 627
797 228
797 381
797 717
797 169
797 19
25 881
25 828
25 419
25 8
25 706
25 152
25 391
25 732
25 446
25 283
34 394
34 653
34 184
34 450
34 397
34 388
34 266
34 700
34 200
34 638
326 608
326 453
326 339
326 717
326 8
326 638
326 77
326 363
326 607
326 614
491 965
491 297
491 780
491 56
491 960
491 338
491 206
491 472
491 587
491 567
507 871
507 125
507 713
507 968
507 270
507 88
507 912
507 623
507 779
507 479
251 745
251 254
251 441
251 118
251 704
251 992
251 979
251 81
251 344
251 846
791 498
791 106
791 781
791 519
791 64
791 200
791 598
791 711
791 411
791 317
361 938
361 438
361 743
361 272
361 533
361 239
361 912
361 631
361 498
361 540
397 516
397 270
397 22
397 562
397 985
397 483
397 146
397 366
397 831
130 763
130 675
130 92
130 261
130 549
130 533
130 721
130 373
130 973
130 542
730 875
730 838
730 592
730 512
730 133
730 708
730 841
730 509
730 65
730 118
724 699
724 360
724 114
724 766
724 106
724 135
724 616
724 969
724 363
974 620
974 626
974 209
974 958
974 828
974 837
974 679
974 37
974 277
974 336
295 364
295 625
295 376
295 145
295 212
295 848
295 589
295 618
295 102
295 863
568 692
568 529
568 362
568 853
568 664
568 957
568 932
568 520
568 759
568 756
420 988
420 829
420 955
420 798
420 595
420 325
420 259
420 96
420 509
420 441
977 884
977 483
977 886
977 681
977 541
977 731
977 23
977 136
977 193
977 190
322 831
322 528
322 274
322 796
322 374
322 52
322 574
322 811
322 932
322 119
442 552
442 406
442 421
442 582
442 880
442 747
442 668
442 692
442 315
442 617
41 621
41 22
41 851
41 280
41 794
41 899
41 718
41 861
41 289
41 983
163 771
163 465
163 614
163 99
163 504
163 168
163 365
163 973
163 170
163 598
5 217
5 127
5 926
5 91
5 158
5 897
5 604
5 169
5 346
5 872
469 59
469 622
469 275
469 971
469 90
469 674
469 718
469 321
469 257
469 161
357 798
357 309
357 188
357 0
357 848
357 711
357 198
357 191
357 26
357 857
399 84
399 887
399 821
399 207
399 96
399 180
399 265
399 640
399 119
399 790
697 855
697 537
697 144
697 228
697 239
697 714
697 937
697 89
697 654
697 289
962 922
962 330
962 502
962 702
962 189
962 661
962 907
962 527
962 84
962 149
586 991
586 429
586 31
586 981
586 906
586 423
586 988
586 963
586 398
586 949
865 7
865 233
865 278
865 712
865 388
865 972
865 873
865 864
865 998
865 209
149 78
149 176
149 464
149 242
149 50
149 644
149 166
149 189
149 813
864 998
864 748
864 798
864 124
864 428
864 580
864 341
864 893
80 788
80 297
80 443
80 490
80 745
80 10
80 552
80 402
80 521
80 207
764 894
764 385
764 410
764 588
764 594
764 30
764 743
764 503
764 178
764 215
160 36
160 78
160 472
160 794
160 525
160 709
160 984
160 635
160 798
160 866
235 991
235 674
235 618
235 148
235 704
235 232
235 635
235 132
235 277
235 426
159 281
159 466
159 975
159 428
159 660
159 629
159 100
159 654
159 292
159 267
276 776
276 268
276 46
276 659
276 944
276 845
276 848
276 671
276 854
276 457
342 751
342 307
342 636
342 57
342 859
342 143
342 928
342 695
342 495
342 351
760 948
760 458
760 210
760 516
760 273
760 61
760 794
760 779
760 263
760 592
910 145
910 762
910 558
910 427
910 645
910 443
910 387
910 652
910 954
910 127
99 102
99 334
99 195
99 468
99 758
99 426
99 414
99 432
99 417
117 976
117 664
117 106
117 139
117 670
117 128
117 201
117 715
117 404
117 989
40 658
40 594
40 960
40 405
40 546
40 411
40 712
40 621
40 89
40 698
934 265
934 111
934 198
934 639
934 717
934 502
934 92
934 254
934 412
934 452
337 318
337 267
337 609
337 120
337 106
337 57
337 515
337 412
337 636
337 840
403 152
403 945
403 849
403 740
403 484
403 732
403 310
403 880
403 627
403 66
810 310
810 293
810 384
810 672
810 781
810 132
810 339
810 690
810 596
810 30
852 750
852 672
852 811
852 265
852 429
852 885
852 908
852 753
852 317
852 896
122 416
122 832
122 458
122 785
122 547
122 732
122 338
122 364
122 64
122 497
249 643
249 693
249 959
249 978
249 965
249 734
249 930
249 745
249 904
249 51
762 958
762 453
762 422
762 349
762 662
762 343
762 708
762 981
762 733
203 569
203 107
203 593
203 441
203 599
203 616
203 0
203 776
203 751
203 348
213 624
213 695
213 823
213 378
213 446
213 689
213 242
213 530
213 439
213 438
754 707
754 519
754 546
754 695
754 137
754 128
754 189
754 204
754 85
754 114
111 169
111 945
111 616
111 473
111 778
111 76
111 268
111 640
111 906
477 948
477 78
477 678
477 123
477 416
477 651
477 192
477 608
477 316
477 931
551 558
551 540
551 120
551 135
551 134
551 869
551 549
551 737
551 731
551 199
749 718
749 21
749 486
749 512
749 608
749 903
749 704
749 698
749 621
749 825
430 172
430 305
430 859
430 343
430 112
430 78
430 97
430 680
430 387
430 344
459 712
459 944
459 185
459 8
459 775
459 242
459 877
459 427
459 465
459 917
354 582
354 509
354 675
354 653
354 355
354 464
354 505
354 334
354 891
354 695
878 419
878 619
878 452
878 890
878 460
878 405
878 329
878 366
878 266
21 591
21 18
21 277
21 731
21 557
21 70
21 781
21 935
21 753
291 613
291 294
291 928
291 193
291 179
291 896
291 959
291 903
291 705
291 618
529 605
529 242
529 874
529 915
529 573
529 699
529 36
529 646
529 447
247 50
247 822
247 171
247 415
247 232
247 72
247 332
247 382
247 610
247 702
218 589
218 175
218 740
218 43
218 129
218 104
218 137
218 422
218 691
218 157
953 240
953 376
953 396
953 423
953 503
953 222
953 945
953 109
953 574
953 849
518 157
518 199
518 338
518 927
518 165
518 118
518 406
518 391
518 885
518 778
693 739
693 421
693 883
693 642
693 467
693 594
693 68
693 416
693 347
226 471
226 241
226 192
226 712
226 567
226 338
226 137
226 155
226 206
226 816
935 999
935 975
935 436
935 263
935 557
935 404
935 739
935 888
935 779
340 443
340 408
340 880
340 943
340 425
340 71
340 84
340 131
340 873
340 458
542 331
542 892
542 92
542 18
542 4
542 942
542 143
542 200
542 732
395 894
395 888
395 541
395 514
395 999
395 770
395 892
395 416
395 885
395 931
478 394
478 757
478 93
478 468
478 481
478 883
478 728
478 555
478 243
478 798
110 119
110 16
110 338
110 570
110 386
110 219
110 572
110 17
110 770
110 971
494 37
494 759
494 400
494 913
494 314
494 197
494 6
494 646
494 819
494 466
966 884
966 281
966 355
966 973
966 841
966 778
966 464
966 677
966 275
274 681
274 925
274 429
274 177
274 549
274 227
274 967
274 624
274 223
309 984
309 721
309 997
309 501
309 26
309 585
309 975
309 821
309 940
485 792
485 454
485 943
485 936
485 867
485 516
485 580
485 848
485 756
485 599
758 379
758 46
758 113
758 723
758 333
758 287
758 77
758 135
32 916
32 854
32 836
32 532
32 1
32 766
32 248
32 952
32 176
32 603
961 536
961 782
961 277
961 82
961 734
961 744
961 609
961 666
961 832
961 116
44 628
44 374
44 838
44 541
44 393
44 635
44 969
44 873
44 574
44 737
786 129
786 913
786 150
786 383
786 523
786 404
786 968
786 997
786 306
786 987
286 376
286 421
286 504
286 911
286 316
286 656
286 191
286 192
286 173
548 398
548 87
548 239
548 265
548 350
548 827
548 177
548 580
548 185
548 138
271 569
271 103
271 327
271 690
271 184
271 766
271 931
271 946
271 148
271 523
425 816
425 52
425 623
425 179
425 792
425 575
425 866
425 717
425 713
629 243
629 336
629 261
629 454
629 196
629 571
629 807
629 9
629 659
658 292
658 173
658 161
658 924
658 980
658 164
658 609
658 234
658 214
250 26
250 969
250 493
250 444
250 601
250 244
250 387
250 638
250 95
250 768
694 897
694 143
694 719
694 992
694 162
694 168
694 888
694 804
694 677
694 336
787 504
787 237
787 15
787 594
787 570
787 785
787 27
787 363
787 665
330 986
330 563
330 867
330 175
330 885
330 445
330 468
330 106
330 621
776 815
776 216
776 146
776 339
776 400
776 944
776 71
776 827
204 273
204 885
204 844
204 47
204 860
204 352
204 3
204 282
204 907
371 809
371 418
371 225
371 66
371 15
371 182
371 643
371 87
371 402
371 33
168 217
168 941
168 739
168 637
168 346
168 24
168 897
168 822
448 385
448 348
448 963
448 224
448 369
448 867
448 333
448 795
448 577
448 986
527 37
527 207
527 822
527 796
527 564
527 965
527 844
527 444
527 29
795 701
795 770
795 792
795 252
795 613
795 965
795 293
795 994
795 565
492 821
492 368
492 888
492 161
492 745
492 297
492 841
492 815
492 481
492 248
545 504
545 660
545 855
545 427
545 512
545 17
545 151
545 509
545 310
545 547
304 659
304 165
304 449
304 715
304 863
304 26
304 419
304 705
304 809
304 883
723 982
723 487
723 830
723 156
723 248
723 503
723 691
723 224
13 197
13 741
13 373
13 328
13 906
13 589
13 950
13 400
13 35
13 214
22 387
22 521
22 508
22 583
22 932
22 2
22 320
180 305
180 952
180 398
180 630
180 534
180 578
180 284
180 428
180 896
703 358
703 176
703 530
703 302
703 602
703 691
703 331
703 579
703 172
703 123
957 755
957 924
957 838
957 714
957 804
957 285
957 347
957 446
957 308
101 246
101 421
101 767
101 783
101 390
101 554
101 714
101 352
101 305
101 367
394 932
394 466
394 125
394 200
394 687
394 588
394 508
394 563
45 294
45 734
45 259
45 580
45 328
45 667
45 260
45 30
45 230
45 785
499 254
499 676
499 740
499 153
499 95
499 708
499 659
499 645
499 336
499 930
67 768
67 56
67 678
67 540
67 296
67 706
67 19
67 272
67 582
67 426
258 662
258 683
258 673
258 419
258 457
258 899
258 50
258 879
258 916
258 254
210 69
210 307
210 392
210 613
210 556
210 728
210 891
210 190
210 404
566 277
566 158
566 763
566 856
566 937
566 137
566 673
566 528
566 133
566 139
53 3
53 457
53 234
53 261
53 790
53 195
53 600
53 78
53 396
53 471
94 755
94 378
94 381
94 821
94 86
94 985
94 578
94 207
94 665
94 558
506 378
506 214
506 836
506 108
506 20
506 288
506 38
506 978
506 18
506 385
564 348
564 950
564 162
564 647
564 370
564 280
564 544
564 144
564 940
82 651
82 284
82 590
82 645
82 144
82 154
82 450
82 27
82 47
502 257
502 65
502 508
502 979
502 423
502 161
502 904
502 879
59 275
59 505
59 531
59 257
59 510
59 677
59 959
59 539
59 118
784 655
784 433
784 495
784 393
784 514
784 803
784 901
784 777
784 842
784 234
140 609
140 948
140 194
140 875
140 870
140 87
140 732
140 375
140 129
140 914
857 604
857 673
857 406
857 898
857 81
857 162
857 413
857 710
857 575
73 9
73 773
73 515
73 800
73 384
73 438
73 408
73 887
73 436
73 87
803 903
803 679
803 474
803 300
803 955
803 820
803 774
803 9
803 905
260 252
260 104
260 455
260 205
260 227
260 995
260 580
260 987
260 147
31 344
31 626
31 682
31 93
31 429
31 181
31 427
31 588
31 889
806 301
806 114
806 422
806 684
806 952
806 741
806 619
806 808
806 311
806 446
155 781
155 360
155 87
155 187
155 793
155 811
155 414
155 24
155 178
384 11
384 839
384 662
384 432
384 242
384 976
384 55
384 348
325 526
325 411
325 595
325 998
325 923
325 436
325 660
325 683
325 72
410 30
410 419
410 132
410 763
410 539
410 387
410 738
410 458
410 860
573 984
573 546
573 899
573 51
573 409
573 211
573 636
573 813
573 376
83 465
83 372
83 543
83 195
83 148
83 406
83 866
83 334
83 538
83 166
215 541
215 844
215 808
215 387
215 278
215 224
215 435
215 524
215 141
669 266
669 369
669 721
669 16
669 72
669 653
669 181
669 620
669 892
669 147
689 514
689 104
689 631
689 419
689 956
689 818
689 383
689 408
689 887
171 947
171 109
171 879
171 969
171 705
171 807
171 380
171 793
171 489
449 663
449 783
449 307
449 978
449 718
449 931
449 963
449 591
449 750
484 725
484 444
484 590
484 790
484 588
484 441
484 717
484 929
484 327
680 486
680 598
680 617
680 537
680 920
680 182
680 904
680 516
680 421
678 720
678 838
678 870
678 969
678 253
678 905
678 382
678 956
35 23
35 581
35 2
35 767
35 589
35 78
35 931
35 800
35 409
282 479
282 572
282 50
282 978
282 219
282 835
282 56
282 132
282 225
834 836
834 591
834 827
834 181
834 351
834 263
834 585
834 849
834 287
834 796
914 523
914 474
914 732
914 956
914 997
914 441
914 964
914 862
433 610
433 147
433 238
433 514
433 134
433 350
433 268
433 736
433 777
570 279
570 608
570 915
570 585
570 729
570 539
570 0
61 113
61 305
61 339
61 779
61 599
61 240
61 922
61 621
61 744
927 43
927 854
927 614
927 390
927 886
927 618
927 901
927 3
927 176
290 150
290 437
290 774
290 200
290 686
290 813
290 7
290 933
290 781
290 543
313 79
313 744
313 329
313 698
313 642
313 833
313 562
313 373
313 604
313 103
919 662
919 599
919 229
919 736
919 227
919 378
919 196
919 333
919 837
919 350
349 688
349 495
349 696
349 453
349 632
349 528
349 981
349 157
349 896
576 517
576 659
576 248
576 559
576 828
576 441
576 765
576 269
576 715
576 993
299 281
299 119
299 911
299 191
299 687
299 579
299 405
299 720
299 740
299 158
755 106
755 72
755 630
755 591
755 560
755 522
755 412
755 436
555 728
555 106
555 146
555 50
555 746
555 692
555 644
555 900
555 314
681 280
681 976
681 58
681 815
681 429
681 278
681 318
681 446
482 473
482 128
482 178
482 991
482 742
482 498
482 579
482 980
482 173
482 398
876 241
876 716
876 550
876 987
876 328
876 825
876 150
876 234
876 995
889 823
889 885
889 661
889 664
889 89
889 33
889 959
889 428
889 588
971 224
971 338
971 413
971 859
971 33
971 698
971 280
971 837
70 823
70 920
70 461
70 454
70 788
70 619
70 46
70 253
70 731
868 599
868 347
868 14
868 721
868 619
868 560
868 847
868 515
868 346
600 731
600 854
600 457
600 552
600 915
600 190
600 191
600 955
600 355
460 414
460 695
460 57
460 405
460 811
460 655
460 75
460 143
460 938
565 777
565 81
565 613
565 317
565 916
565 696
565 412
565 79
565 39
327 704
327 457
327 607
327 462
327 808
327 577
327 766
327 224
938 57
938 296
938 653
938 543
938 695
938 441
938 983
938 142
142 108
142 147
142 761
142 997
142 813
142 393
142 686
142 552
142 968
929 870
929 830
929 757
929 92
929 407
929 872
929 538
929 451
929 725
379 362
379 677
379 679
379 18
379 225
379 33
379 996
379 275
379 86
752 181
752 580
752 775
752 208
752 131
752 66
752 252
752 952
752 964
752 816
858 759
858 907
858 125
858 146
858 496
858 911
858 23
858 300
858 559
858 928
359 321
359 36
359 289
359 877
359 642
359 980
359 64
359 234
359 984
359 498
634 39
634 994
634 487
634 702
634 174
634 415
634 913
634 182
634 911
634 655
801 998
801 428
801 223
801 939
801 285
801 81
801 56
801 877
801 414
801 747
979 4
979 606
979 0
979 833
979 65
979 334
979 967
979 879
875 710
875 49
875 413
875 948
875 514
875 842
875 813
875 616
928 746
928 895
928 519
928 562
928 447
928 859
928 23
245 329
245 908
245 365
245 849
245 872
245 603
245 138
245 692
245 831
245 521
761 577
761 86
761 748
761 960
761 534
761 631
761 863
761 496
761 587
6 296
6 577
6 804
6 908
6 781
6 839
6 424
240 624
240 14
240 509
240 481
240 246
240 743
240 157
240 671
474 701
474 632
474 147
474 100
474 127
474 661
474 813
474 54
584 626
584 932
584 657
584 769
584 871
584 725
584 590
584 533
584 999
584 369
368 888
368 821
368 956
368 275
368 534
368 916
368 519
368 822
211 331
211 172
211 190
211 293
211 184
211 320
211 208
211 582
211 920
884 483
884 829
884 468
884 692
884 731
884 338
884 954
884 374
48 906
48 575
48 78
48 585
48 52
48 901
48 461
48 336
48 287
48 12
597 833
597 202
597 936
597 170
597 315
597 404
597 254
597 100
597 69
597 440
208 941
208 747
208 311
208 552
208 861
208 620
208 415
208 845
488 686
488 817
488 845
488 422
488 887
488 435
488 438
488 682
488 3
488 782
869 174
869 633
869 725
869 710
869 949
869 540
869 496
869 777
869 320
372 825
372 618
372 930
372 402
372 220
372 848
372 709
372 172
372 132
377 273
377 575
377 838
377 471
377 980
377 18
377 995
377 751
377 100
772 558
772 493
772 740
772 970
772 413
772 496
772 185
772 15
772 557
772 547
201 637
201 846
201 798
201 311
201 735
201 904
201 511
201 533
201 396
812 103
812 585
812 177
812 992
812 675
812 738
812 341
812 380
812 24
812 265
643 900
643 268
643 468
643 613
643 131
643 202
643 422
643 154
468 591
468 827
468 72
468 622
468 983
333 738
333 525
333 84
333 29
333 187
333 287
333 254
473 435
473 256
473 114
473 616
473 792
473 747
473 481
473 537
835 706
835 465
835 958
835 156
835 525
835 511
835 855
835 221
835 47
269 844
269 743
269 894
269 380
269 601
269 912
269 887
269 317
269 197
946 138
946 62
946 706
946 906
946 197
946 153
946 3
946 161
946 639
345 450
345 194
345 233
345 311
345 596
345 413
345 206
345 930
345 605
345 653
712 832
712 727
712 615
712 996
712 594
712 123
606 616
606 601
606 20
606 907
606 705
606 625
606 683
606 637
606 900
982 742
982 899
982 691
982 275
982 154
982 985
982 790
982 686
601 411
601 444
601 603
601 321
601 751
601 192
638 951
638 720
638 143
638 200
638 943
638 915
638 676
726 388
726 732
726 392
726 975
726 687
726 141
726 144
726 369
726 202
726 516
818 209
818 563
818 76
818 774
818 103
818 592
818 886
818 157
818 479
710 148
710 846
710 972
710 236
710 320
710 12
710 413
154 640
154 190
154 27
154 33
154 261
154 975
154 239
363 866
363 444
363 428
363 118
363 19
363 137
363 405
272 231
272 765
272 183
272 175
272 533
272 205
272 670
272 622
219 183
219 684
219 667
219 97
219 216
219 672
219 195
219 572
236 343
236 493
236 581
236 602
236 626
236 736
236 12
236 10
236 645
890 561
890 951
890 995
890 452
890 533
890 970
890 571
890 76
890 931
882 132
882 238
882 952
882 672
882 476
882 177
882 767
882 178
882 520
882 24
636 790
636 242
636 984
636 413
636 538
636 557
636 20
780 443
780 118
780 691
780 307
780 455
780 360
780 464
780 863
780 917
877 980
877 768
877 825
877 560
877 619
877 673
877 264
96 42
96 382
96 23
96 796
96 978
96 538
96 112
96 503
544 252
544 814
544 716
544 407
544 402
544 223
544 367
544 306
544 156
476 720
476 790
476 622
476 231
476 520
476 661
476 596
476 737
476 785
49 807
49 241
49 842
49 66
49 567
49 940
49 37
49 921
49 179
138 631
138 198
138 839
138 536
138 153
138 38
138 708
105 169
105 532
105 402
105 26
105 264
105 300
105 991
105 628
105 937
105 989
713 91
713 26
713 582
713 7
713 541
713 867
713 845
713 381
531 165
531 199
531 89
531 665
531 280
531 654
531 293
531 466
531 232
592 509
592 11
592 630
592 563
592 578
592 698
592 809
593 788
593 614
593 298
593 109
593 407
593 417
593 508
593 965
593 683
652 381
652 874
652 715
652 497
652 436
652 175
652 956
652 546
652 232
1 603
1 113
1 229
1 766
1 588
1 826
1 662
1 378
1 861
511 230
511 942
511 150
511 8
511 667
511 571
511 126
511 390
648 733
648 57
648 289
648 343
648 17
648 822
648 546
648 587
648 193
648 88
847 366
847 227
847 51
847 838
847 660
847 362
847 347
847 856
847 479
86 666
86 626
86 381
86 748
86 436
86 18
86 828
569 920
569 745
569 311
569 630
569 644
569 438
569 886
569 400
968 302
968 135
968 62
968 679
968 390
968 561
968 43
696 970
696 981
696 879
696 93
696 421
696 925
696 54
696 90
131 605
131 781
131 952
131 71
131 955
131 283
131 265
742 825
742 339
742 207
742 202
742 520
742 602
742 908
742 432
46 991
46 287
46 920
46 51
46 653
46 153
46 970
375 975
375 261
375 15
375 324
375 14
375 578
375 376
375 720
375 381
238 324
238 356
238 450
238 51
238 589
238 922
238 436
238 268
316 243
316 280
316 917
316 12
316 175
316 230
316 656
141 234
141 347
141 388
141 571
141 285
141 709
141 731
141 672
383 393
383 88
383 807
383 365
383 104
383 999
383 225
383 293
799 925
799 365
799 197
799 436
799 644
799 62
799 298
799 955
799 905
319 528
319 489
319 75
319 577
319 685
319 572
319 774
319 973
319 293
319 181
496 103
496 759
496 350
496 217
496 30
496 539
288 267
288 978
288 871
288 615
288 604
288 220
288 266
288 501
288 239
554 479
554 541
554 949
554 317
554 793
554 579
554 382
554 321
554 526
367 145
367 814
367 409
367 767
367 709
367 945
367 416
367 549
108 656
108 880
108 815
108 212
108 292
108 535
108 816
108 608
526 631
526 655
526 822
526 560
526 193
526 20
526 436
526 116
611 623
611 426
611 336
611 454
611 479
611 382
611 192
611 33
611 925
611 607
331 816
331 721
331 69
331 804
331 445
331 521
331 653
364 816
364 963
364 552
364 820
364 30
364 585
364 267
364 51
512 353
512 838
512 373
512 525
512 495
512 660
512 695
424 607
424 179
424 205
424 88
424 223
424 792
424 900
424 886
424 7
563 862
563 351
563 676
563 916
563 785
563 497
649 829
649 270
649 682
649 253
649 685
649 908
649 841
649 255
561 530
561 415
561 560
561 915
561 646
561 134
561 589
561 24
389 517
389 256
389 408
389 441
389 811
389 646
389 453
389 699
557 987
557 905
557 435
557 47
557 532
557 418
744 604
744 458
744 266
744 103
744 307
744 830
744 996
255 965
255 261
255 980
255 674
255 706
255 517
255 174
255 97
498 628
498 252
498 500
498 292
498 321
498 270
2 633
2 705
2 188
2 386
2 993
2 92
2 300
2 715
52 318
52 237
52 422
52 866
52 632
52 169
52 923
194 993
194 123
194 64
194 605
194 708
194 917
194 344
194 958
222 416
222 314
222 175
222 819
222 633
222 93
222 702
222 106
222 423
58 907
58 579
58 516
58 851
58 393
58 537
58 756
58 588
58 306
627 682
627 873
627 487
627 3
627 556
627 156
627 609
627 811
684 685
684 388
684 903
684 287
684 580
684 667
684 594
684 836
800 453
800 472
800 475
800 205
800 119
800 897
800 793
800 458
170 283
170 951
170 259
170 537
170 989
170 42
170 489
804 816
804 699
804 854
804 315
804 74
804 769
113 300
113 719
113 501
113 341
113 739
113 124
113 177
270 338
270 234
270 76
270 881
270 913
270 774
524 369
524 778
524 487
524 406
524 179
524 973
524 727
524 881
807 630
807 191
807 37
807 437
807 614
807 166
535 387
535 259
535 278
535 318
535 228
535 534
535 986
535 687
535 151
902 833
902 714
902 874
902 960
902 941
902 983
902 840
902 720
902 873
902 741
727 558
727 42
727 604
727 900
727 828
727 317
727 172
727 746
709 996
709 690
709 528
709 637
709 905
709 620
165 667
165 471
165 558
165 715
165 940
165 503
165 27
581 903
581 444
581 944
581 521
581 672
581 522
581 90
581 490
391 166
391 778
391 244
391 675
391 828
391 230
391 955
500 574
500 924
500 796
500 489
500 711
500 994
500 412
500 8
500 390
206 615
206 335
206 164
206 537
206 922
206 14
206 38
353 701
353 514
353 382
353 562
353 380
353 189
353 756
353 416
739 871
739 95
739 596
739 603
739 100
853 874
853 792
853 608
853 432
853 7
853 759
853 840
853 214
451 729
451 490
451 964
451 954
451 475
451 191
451 166
451 665
400 493
400 827
400 467
400 891
400 903
107 443
107 738
107 933
107 187
107 676
107 453
107 293
107 828
107 650
990 663
990 997
990 128
990 68
990 596
990 178
990 102
990 547
990 705
990 355
202 405
202 437
202 936
202 262
202 900
998 257
998 85
998 738
998 637
998 870
998 259
11 445
11 705
11 965
11 872
11 352
11 895
11 262
11 654
174 952
174 62
174 692
174 60
174 559
174 12
174 182
936 969
936 404
936 585
936 103
936 632
936 523
936 192
574 734
574 8
574 856
574 167
574 783
574 651
75 489
75 305
75 239
75 376
75 590
75 735
75 137
75 102
112 135
112 39
112 114
112 750
112 895
112 188
112 489
112 610
522 748
522 404
522 753
522 501
522 436
522 603
522 475
522 602
572 595
572 958
572 951
572 926
572 558
572 281
161 860
161 842
161 19
161 937
300 845
300 948
300 964
300 17
300 135
644 654
644 855
644 963
644 808
644 517
942 360
942 332
942 185
942 955
942 532
942 981
942 18
942 892
921 595
921 671
921 859
921 321
921 985
921 28
921 386
921 883
921 819
256 676
256 158
256 458
256 848
256 811
256 233
256 664
256 912
308 14
308 74
308 68
308 814
308 192
308 836
308 947
308 347
308 647
445 728
445 501
445 958
445 901
445 533
445 898
653 993
653 253
653 733
883 370
883 827
883 976
883 495
883 302
883 980
212 422
212 12
212 663
212 76
212 216
212 906
212 447
212 608
598 896
598 91
598 446
598 841
598 100
598 885
598 435
16 3
16 147
16 71
16 594
16 17
16 214
16 268
16 656
370 426
370 162
370 532
370 773
370 630
370 501
370 406
370 862
945 549
945 702
945 268
945 440
945 706
945 358
832 609
832 279
832 429
832 164
832 829
832 315
832 859
120 490
120 850
120 737
120 937
120 47
120 664
120 156
120 393
770 610
770 842
770 508
770 314
770 626
770 885
770 771
129 825
129 854
129 57
129 732
129 444
129 81
775 589
775 199
775 964
775 839
775 323
775 837
775 735
775 166
220 768
220 618
220 596
220 136
220 893
220 267
220 872
220 769
893 827
893 18
893 124
893 169
893 133
893 281
893 567
893 341
550 150
550 167
550 862
550 539
550 578
550 253
550 959
550 686
550 392
894 380
894 958
894 230
894 385
894 673
894 937
894 302
196 332
196 700
196 802
196 750
196 355
196 262
196 334
657 224
657 419
657 509
657 607
657 567
657 145
657 95
657 794
657 237
335 417
335 351
335 943
335 324
335 747
335 360
335 198
335 164
335 510
964 428
964 802
964 195
964 819
964 190
840 609
840 969
840 418
840 439
840 262
840 56
840 633
15 376
15 92
15 381
15 777
15 682
15 328
323 385
323 462
323 827
323 405
323 661
323 388
323 763
323 986
323 69
617 315
617 715
617 725
617 352
617 820
617 438
617 152
617 906
587 145
587 57
587 663
587 91
587 136
587 960
587 700
663 516
663 167
663 821
663 639
663 199
663 596
301 783
301 532
301 628
301 289
301 126
301 124
301 711
301 735
301 616
306 997
306 943
306 221
306 183
306 264
306 967
306 704
89 640
89 324
89 415
89 704
89 959
89 232
386 28
386 520
386 402
386 923
386 751
386 666
386 633
406 839
406 995
406 538
736 56
736 666
736 624
736 281
736 615
736 774
736 793
216 24
216 880
216 109
216 164
216 471
185 952
185 148
185 820
185 906
185 207
185 528
895 347
895 757
895 369
895 521
895 641
895 311
895 777
284 594
284 173
284 225
284 378
284 599
284 579
284 350
284 995
385 920
385 708
385 39
385 158
385 369
505 820
505 310
505 899
505 65
505 350
505 114
505 944
505 622
923 655
923 897
923 947
923 881
923 540
923 88
923 42
188 167
188 244
188 817
188 836
188 279
188 143
188 135
671 277
671 233
671 241
671 846
671 43
671 624
671 501
802 659
802 184
802 674
802 437
802 402
802 457
802 262
830 901
830 528
830 261
830 106
830 237
830 145
830 862
719 418
719 328
719 440
719 922
719 650
719 901
719 654
719 536
39 871
39 783
39 407
39 985
39 453
39 182
809 302
809 217
809 402
809 589
809 666
809 539
809 348
954 625
954 687
954 692
954 26
954 166
954 773
954 38
559 692
559 146
559 916
559 248
559 702
559 454
559 651
104 374
104 177
104 817
104 630
104 887
104 137
257 873
257 183
257 850
257 145
257 773
257 179
718 102
718 621
718 307
718 975
718 92
718 158
198 943
198 339
198 263
198 743
198 289
198 334
844 324
844 747
844 541
844 412
844 767
844 229
972 941
972 515
972 549
972 737
972 944
972 183
972 851
972 84
602 475
602 29
602 421
602 646
602 305
602 933
782 503
782 608
782 700
782 817
782 24
782 725
782 967
782 136
225 947
225 479
225 989
225 472
225 157
324 571
324 181
324 850
324 137
324 60
508 297
508 207
508 407
508 95
508 583
950 227
950 605
950 246
950 734
950 88
950 346
950 29
950 620
970 374
970 116
970 948
970 655
970 533
970 777
205 987
205 234
205 793
205 405
205 12
205 765
615 311
615 285
615 123
615 164
615 664
765 987
765 747
765 937
765 698
765 716
765 221
765 599
924 303
924 95
924 382
924 838
924 68
924 714
924 911
988 582
988 819
988 209
988 66
988 14
988 820
988 486
988 926
303 969
303 898
303 187
303 729
303 365
303 227
303 577
303 193
341 318
341 738
341 124
341 699
341 677
341 631
753 944
753 814
753 829
753 30
753 393
753 265
753 421
464 227
464 297
464 655
464 624
464 392
682 3
682 588
682 685
682 901
682 556
23 190
23 746
23 181
23 29
23 796
408 897
408 850
408 517
408 438
408 441
408 887
467 845
467 217
467 246
467 88
467 233
467 228
467 646
467 867
431 567
431 411
431 144
431 731
431 763
431 85
431 913
431 994
431 360
431 336
647 539
647 297
647 344
647 668
647 280
647 187
647 940
647 471
114 173
114 632
114 509
114 501
711 679
711 670
711 781
711 191
711 695
711 362
62 967
62 771
62 382
62 793
62 93
62 109
521 273
521 90
521 768
521 242
769 708
769 967
769 725
769 501
769 164
769 633
769 688
908 610
908 773
908 917
908 897
908 396
263 292
263 119
263 343
263 992
263 273
263 200
88 398
88 388
88 217
470 172
470 396
470 162
470 750
470 47
470 279
470 157
470 667
989 352
989 525
989 167
989 579
989 817
937 33
937 670
937 992
55 607
55 347
55 751
55 870
55 859
55 339
55 900
55 294
55 620
481 176
481 633
481 737
481 66
481 177
481 583
637 510
637 189
637 861
637 683
637 437
824 911
824 794
824 148
824 329
824 556
824 466
824 867
824 605
824 886
824 995
90 536
90 827
90 292
90 444
90 793
90 831
596 701
596 457
596 95
483 664
483 757
483 976
483 731
483 992
483 369
318 582
318 57
318 228
318 591
318 528
870 510
870 751
870 746
870 829
870 54
540 283
540 556
540 665
540 771
540 423
243 461
243 831
243 189
243 28
243 691
243 343
243 777
850 209
850 604
850 231
850 833
850 547
850 264
994 759
994 423
994 740
994 462
994 515
994 757
393 855
393 462
393 152
543 279
543 983
543 248
543 166
543 440
543 74
147 635
147 510
147 193
147 38
119 534
119 996
119 991
119 622
187 631
187 838
187 811
187 404
187 604
771 4
771 655
771 546
771 623
771 701
4 490
4 344
4 987
4 582
4 297
4 334
949 402
949 228
949 952
949 704
949 199
949 589
949 28
166 659
166 520
715 28
715 839
715 993
51 27
51 173
51 904
661 60
661 588
661 523
661 10
661 97
788 705
788 362
788 10
788 639
788 610
788 823
788 30
842 84
842 948
842 244
842 336
842 439
184 956
184 259
184 745
184 530
184 224
836 14
836 650
836 533
836 419
839 996
839 532
839 907
839 264
148 532
148 132
148 866
148 700
779 162
779 676
779 254
779 310
779 901
779 872
901 796
901 888
116 774
116 829
116 267
116 514
116 348
116 223
116 773
444 253
444 815
487 978
487 489
487 409
487 984
487 692
487 725
729 132
729 103
729 939
729 452
729 412
729 520
729 625
552 546
552 670
552 287
552 214
390 8
390 714
390 439
390 854
390 879
567 133
567 558
567 595
567 193
976 867
976 826
976 880
976 351
475 699
475 903
475 164
475 118
475 925
475 253
177 993
177 672
688 872
688 280
688 77
688 621
688 728
688 164
688 530
688 913
751 510
751 940
751 738
960 981
960 486
960 91
960 462
960 285
374 948
374 541
374 14
374 358
374 674
973 79
973 229
973 666
973 102
973 609
426 69
426 183
426 125
426 428
426 314
455 984
455 223
455 278
455 699
455 315
455 815
455 466
455 915
93 84
93 642
93 266
93 268
93 495
65 668
65 650
65 820
65 346
65 622
65 504
704 493
704 366
704 825
861 440
861 311
861 983
861 382
861 794
861 620
179 321
179 792
179 273
179 933
992 986
992 756
992 307
992 143
667 162
667 768
667 898
667 30
915 874
915 900
915 87
915 537
562 746
562 892
562 217
562 29
562 620
562 37
633 916
633 986
633 642
125 991
125 717
125 328
125 178
125 822
125 632
632 766
632 152
632 623
632 714
947 605
947 577
947 380
947 991
947 618
947 118
969 228
969 50
685 741
685 280
685 143
685 265
685 279
685 621
182 296
182 244
182 720
182 128
182 294
348 310
348 454
348 741
348 221
287 670
287 77
287 84
815 816
815 100
815 672
817 109
817 305
817 628
817 446
525 398
525 640
525 418
525 411
525 228
246 462
246 450
246 176
246 896
246 728
246 750
9 137
9 43
9 344
9 493
9 926
9 700
578 912
578 536
578 630
578 645
578 640
97 150
97 874
97 706
97 674
97 721
97 733
556 951
556 716
556 677
556 546
517 241
517 845
517 891
517 441
933 700
933 69
933 826
933 273
933 266
933 838
19 827
19 14
19 702
19 610
19 405
892 515
892 329
892 72
892 18
892 28
77 43
77 785
77 828
77 735
77 603
77 860
79 134
79 103
79 317
79 510
79 127
79 81
79 230
766 229
766 30
766 486
926 707
926 414
926 376
926 848
926 683
926 796
583 305
583 376
583 320
583 267
583 360
583 621
583 416
826 965
826 85
826 956
826 134
826 707
826 302
826 423
435 537
435 443
435 0
435 646
435 358
662 429
662 293
662 490
662 402
662 378
407 115
407 985
407 930
407 452
407 356
85 888
85 328
85 167
85 189
85 136
85 905
549 676
549 102
549 624
549 346
595 369
595 224
595 607
595 233
595 747
418 14
418 504
418 536
418 541
418 447
885 227
885 338
939 768
939 109
939 733
939 625
939 808
939 922
939 899
939 447
996 881
996 848
996 43
996 728
133 716
133 677
133 503
133 702
133 167
133 871
687 392
687 862
687 504
687 819
687 158
896 785
896 747
896 891
896 558
298 427
298 871
298 229
298 12
298 614
298 863
298 794
298 305
676 183
676 254
20 767
20 740
20 278
20 640
20 538
20 748
29 0
29 153
29 126
29 84
668 466
668 846
668 504
668 948
668 440
668 497
668 115
462 763
462 698
462 91
899 153
899 720
899 743
899 123
355 183
355 610
355 7
355 91
773 237
773 239
773 356
773 437
346 985
346 941
346 454
346 955
599 516
599 0
904 465
904 192
904 453
904 930
904 846
510 351
510 625
510 577
144 763
144 516
144 352
144 965
144 930
262 674
262 124
262 897
262 651
262 750
655 139
655 158
624 666
624 656
958 756
958 465
197 192
197 767
197 906
197 134
227 654
227 427
191 440
191 916
191 100
907 24
907 639
907 516
907 660
329 493
329 27
329 127
329 898
329 344
625 109
625 605
625 47
625 279
37 277
37 254
37 178
37 978
332 702
332 943
332 461
332 64
332 734
332 28
332 362
195 414
195 925
195 352
195 917
195 898
190 728
190 103
190 230
127 523
127 701
127 457
127 539
127 267
296 200
296 851
296 626
296 275
296 27
622 721
622 43
622 651
967 645
967 292
967 221
967 241
808 437
808 285
808 912
808 674
808 641
486 821
486 819
486 579
486 756
486 60
362 446
362 232
362 695
362 645
223 157
223 230
223 845
223 209
328 813
328 233
328 358
695 734
585 575
585 514
585 217
590 825
590 351
590 932
590 757
590 993
590 733
642 321
642 855
642 68
642 307
642 74
515 860
515 560
515 413
515 920
259 176
259 42
259 999
259 691
74 855
74 963
74 913
74 975
178 630
178 814
819 209
819 78
819 837
707 575
707 941
707 743
707 242
707 71
707 136
707 546
472 139
472 307
472 452
472 983
472 437
409 931
409 825
409 767
409 860
409 145
409 781
537 874
537 289
60 279
60 995
60 940
60 816
60 536
60 64
948 607
33 38
33 538
33 427
64 234
64 283
64 56
64 831
26 635
26 721
26 152
768 447
768 417
768 151
750 450
750 54
750 591
873 278
873 360
873 903
873 628
497 930
497 356
497 10
497 339
497 785
497 126
461 851
461 575
461 683
461 614
461 28
461 199
231 828
231 209
231 984
231 314
231 591
231 871
237 833
237 891
237 520
237 790
237 639
244 200
244 162
244 192
244 778
244 746
986 43
986 530
986 150
986 414
887 438
887 419
887 686
645 150
645 38
645 427
879 774
879 673
879 72
879 411
620 152
620 849
714 675
714 641
604 833
604 665
997 656
997 851
997 314
997 230
27 275
27 849
905 891
905 580
905 181
387 666
387 748
387 241
943 302
943 628
943 365
665 366
665 398
665 232
665 490
36 501
36 471
36 356
36 798
36 415
36 519
36 242
831 701
831 856
831 81
831 748
490 903
490 24
490 725
705 47
705 547
833 737
833 338
833 639
438 439
438 139
302 365
302 115
302 123
911 534
911 344
911 415
911 794
126 495
126 17
126 102
126 352
126 917
126 0
631 931
631 229
631 42
846 523
846 373
846 465
320 855
320 336
320 423
320 416
320 534
618 310
618 253
618 493
452 673
452 115
452 735
452 396
150 635
150 745
317 264
317 156
317 886
281 479
281 152
281 959
281 175
626 157
626 366
626 314
415 446
415 232
900 746
900 741
913 268
913 987
913 738
95 930
95 447
95 646
392 702
392 650
392 959
392 214
392 925
285 38
285 495
285 571
285 859
785 874
785 881
519 56
519 814
519 862
519 233
577 898
577 294
414 993
414 132
414 823
495 145
495 841
28 78
28 951
925 851
925 955
925 981
233 358
233 656
339 143
339 813
509 87
509 109
691 352
691 798
691 176
493 465
493 43
207 735
207 821
575 854
575 571
575 136
978 683
978 453
310 855
310 533
310 822
984 209
102 547
102 737
650 811
650 920
650 503
650 404
650 699
229 675
229 837
932 396
932 221
932 993
932 466
439 398
439 10
439 523
439 57
439 388
686 672
686 412
686 232
422 242
422 866
422 69
523 532
523 427
453 951
733 863
733 743
733 814
733 173
759 646
759 829
759 278
759 84
447 922
447 176
447 867
777 725
347 820
347 68
757 369
757 42
757 376
757 798
823 941
823 613
823 72
823 774
823 845
167 193
167 698
167 897
716 664
716 677
716 837
716 358
716 252
132 175
224 660
224 728
321 981
321 432
209 8
358 530
358 115
157 199
841 790
841 253
109 423
248 115
248 651
248 146
675 886
675 571
675 641
675 266
888 999
888 920
888 24
708 351
708 848
708 863
466 267
466 735
162 891
162 381
183 740
183 356
547 985
547 975
547 334
279 621
732 940
732 416
965 68
176 614
912 871
912 659
912 743
912 69
366 373
366 380
366 239
366 254
560 72
560 619
560 264
128 737
128 700
128 536
128 720
128 173
906 76
350 315
350 609
350 656
350 692
673 866
673 651
673 683
267 679
145 294
199 851
199 277
396 10
396 666
396 432
920 591
748 241
748 76
720 534
741 623
741 151
164 193
294 421
294 640
294 230
294 106
690 297
690 293
690 432
690 158
690 866
849 763
849 880
849 54
546 956
746 613
746 641
458 273
458 146
458 641
941 378
941 860
941 698
856 963
856 38
856 81
856 221
856 881
975 228
854 916
398 66
398 343
241 623
241 135
756 71
756 796
756 7
991 214
985 289
985 931
297 10
297 428
277 783
277 139
534 388
356 635
356 471
735 837
700 608
700 334
465 778
465 292
891 981
289 794
881 778
881 479
881 42
619 679
619 520
536 660
536 381
252 91
252 677
252 214
252 76
706 863
706 50
706 471
365 76
365 123
365 530
221 175
221 200
221 641
821 745
821 851
214 275
417 886
417 136
417 670
417 898
417 76
417 747
432 283
432 874
432 153
903 594
47 793
47 639
794 352
118 674
118 699
579 152
579 793
623 814
623 115
623 68
628 916
628 980
628 641
898 944
952 10
373 944
373 917
373 380
503 54
503 151
134 862
134 880
134 654
134 610
860 532
860 679
860 670
146 273
146 717
146 867
639 813
639 778
343 17
343 12
343 589
859 640
87 351
87 423
87 701
115 92
115 993
115 609
983 956
983 253
983 440
413 169
413 872
514 71
514 922
999 314
999 440
999 172
863 275
863 411
660 580
660 654
411 774
411 412
17 124
17 922
17 382
641 670
641 169
814 143
814 940
421 816
450 66
450 172
450 50
651 454
851 614
315 822
315 670
315 656
181 582
181 293
837 701
837 56
169 717
169 866
264 956
264 987
264 137
351 591
951 173
951 153
731 530
69 897
69 489
92 66
783 139
783 261
783 734
783 963
454 344
820 283
820 278
228 153
153 42
796 608
530 123
378 721
378 614
54 743
54 457
54 699
54 811
931 78
571 336
265 740
265 429
539 239
539 136
429 745
654 855
778 980
845 7
360 8
123 261
380 71
380 266
781 672
848 278
100 91
679 659
151 656
151 504
151 193
151 613
520 790
156 311
156 50
156 603
156 3
405 721
437 738
437 7
124 959
124 790
124 443
173 635
7 135
767 664
872 917
798 862
734 963
734 8
419 738
717 616
717 443
71 443
71 698
886 607
940 283
283 541
867 381
334 139
630 922
446 232
635 677
635 38
81 995
995 646
874 701
594 683
538 582
880 610
605 763
613 674
616 0
616 489
10 917
388 959
404 139
292 980
152 737
792 261
603 871
822 981
136 944
457 3
740 640
664 158
268 91
428 412
172 50
172 56
57 307
