403 439
403 568
403 422
403 730
403 821
403 564
403 727
403 487
403 223
403 663
502 533
502 272
502 592
502 468
502 226
502 555
502 324
502 95
502 899
502 269
334 327
334 241
334 844
334 144
334 570
334 970
334 508
334 438
334 729
334 518
668 272
668 979
668 912
668 215
668 327
668 419
668 488
668 949
668 88
668 950
512 157
512 747
512 963
512 704
512 281
512 602
512 803
512 294
512 527
512 402
674 216
674 697
674 156
674 431
674 341
674 596
674 823
674 556
674 974
674 828
765 767
765 656
765 113
765 360
765 217
765 287
765 591
765 474
765 326
765 254
854 995
854 21
854 853
854 624
854 346
854 877
854 741
854 364
854 900
854 96
167 524
167 236
167 164
167 142
167 581
167 530
167 391
167 880
167 351
167 891
676 872
676 361
676 580
676 559
676 164
676 343
676 487
676 814
676 22
676 839
883 915
883 442
883 305
883 638
883 949
883 729
883 296
883 830
883 441
883 65
967 401
967 958
967 257
967 87
967 169
967 360
967 831
967 592
967 299
967 139
184 214
184 241
184 265
184 492
184 871
184 653
184 41
184 61
184 528
184 174
966 320
966 935
966 867
966 372
966 826
966 743
966 131
966 812
966 944
966 780
621 90
621 0
621 834
621 926
621 165
621 30
621 179
621 579
621 451
621 596
738 188
738 606
738 490
738 682
738 722
738 768
738 540
738 563
738 87
738 103
459 372
459 802
459 859
459 501
459 59
459 520
459 736
459 971
459 558
459 628
905 610
905 484
905 466
905 142
905 210
905 444
905 789
905 945
905 803
905 220
299 266
299 79
299 536
299 224
299 796
299 38
299 884
299 376
299 903
687 742
687 125
687 4
687 272
687 166
687 108
687 876
687 858
687 820
687 401
404 808
404 47
404 173
404 661
404 470
404 743
404 363
404 666
404 585
404 568
740 904
740 784
740 149
740 858
740 6
740 632
740 515
740 925
740 118
740 364
13 297
13 657
13 729
13 782
13 793
13 307
13 650
13 723
13 961
13 354
330 506
330 671
330 109
330 162
330 46
330 174
330 539
330 749
330 834
330 161
362 824
362 388
362 347
362 312
362 721
362 451
362 186
362 814
362 363
362 999
972 76
972 71
972 511
972 456
972 480
972 626
972 707
972 868
972 107
972 934
207 770
207 301
207 842
207 595
207 443
207 458
207 987
207 316
207 779
207 41
869 537
869 716
869 92
869 876
869 748
869 390
869 655
869 352
869 229
869 798
66 232
66 822
66 529
66 63
66 218
66 492
66 739
66 382
66 480
66 673
866 926
866 241
866 68
866 944
866 476
866 784
866 605
866 128
866 73
866 953
74 555
74 367
74 747
74 746
74 477
74 449
74 45
74 495
74 974
74 809
461 352
461 506
461 780
461 642
461 121
461 863
461 913
461 412
461 715
461 372
864 462
864 868
864 154
864 587
864 440
864 624
864 618
864 101
864 922
864 297
799 375
799 395
799 245
799 469
799 316
799 574
799 22
799 612
799 679
799 430
865 562
865 638
865 42
865 98
865 908
865 632
865 896
865 784
865 142
865 627
40 273
40 735
40 684
40 251
40 766
40 101
40 389
40 175
40 173
40 287
584 430
584 653
584 734
584 788
584 437
584 67
584 487
584 692
584 795
584 120
644 669
644 308
644 891
644 711
644 496
644 806
644 605
644 105
644 388
644 373
698 654
698 323
698 107
698 877
698 492
698 709
698 671
698 842
698 172
698 147
630 78
630 753
630 503
630 719
630 269
630 616
630 658
630 877
630 394
630 478
800 304
800 795
800 649
800 112
800 984
800 34
800 25
800 692
800 724
800 454
162 858
162 834
162 282
162 360
162 418
162 197
162 322
162 595
162 749
695 752
695 534
695 594
695 787
695 689
695 951
695 475
695 468
695 214
695 847
576 110
576 783
576 104
576 310
576 233
576 47
576 750
576 881
576 307
576 158
685 587
685 264
685 742
685 269
685 158
685 991
685 641
685 917
685 648
685 12
37 853
37 951
37 973
37 533
37 662
37 705
37 99
37 542
37 532
37 666
407 55
407 912
407 749
407 920
407 293
407 574
407 128
407 802
407 187
407 973
137 38
137 476
137 714
137 731
137 229
137 28
137 977
137 734
137 409
137 161
759 324
759 940
759 242
759 587
759 504
759 218
759 421
759 238
759 59
759 406
546 782
546 122
546 558
546 311
546 790
546 900
546 811
546 249
546 672
546 322
29 62
29 172
29 240
29 593
29 189
29 969
29 640
29 357
29 931
29 183
408 107
408 320
408 788
408 230
408 879
408 356
408 200
408 777
408 78
408 93
89 411
89 373
89 76
89 708
89 815
89 60
89 877
89 839
89 510
89 748
947 871
947 980
947 595
947 844
947 126
947 714
947 785
947 63
947 510
947 187
507 376
507 447
507 756
507 80
507 780
507 939
507 891
507 352
507 566
507 561
706 337
706 951
706 544
706 704
706 131
706 742
706 703
706 209
706 409
706 590
117 446
117 750
117 289
117 469
117 316
117 984
117 895
117 448
117 601
117 357
413 161
413 122
413 62
413 387
413 989
413 470
413 818
413 8
413 691
413 281
263 348
263 400
263 699
263 653
263 119
263 504
263 294
263 734
263 269
263 925
467 742
467 78
467 973
467 157
467 965
467 183
467 194
467 801
467 430
467 364
712 359
712 106
712 849
712 521
712 811
712 339
712 891
712 17
712 813
712 182
309 873
309 16
309 908
309 469
309 519
309 77
309 916
309 470
309 401
309 244
583 938
583 731
583 7
583 829
583 327
583 505
583 176
583 325
583 55
583 98
870 973
870 428
870 825
870 652
870 653
870 921
870 58
870 47
870 445
870 822
879 568
879 134
879 382
879 241
879 793
879 955
879 230
879 213
879 422
667 733
667 641
667 813
667 839
667 377
667 482
667 17
667 984
667 764
667 311
816 127
816 598
816 380
816 505
816 874
816 482
816 86
816 568
816 876
816 660
314 945
314 672
314 91
314 197
314 480
314 863
314 829
314 585
314 848
314 427
368 274
368 301
368 549
368 719
368 976
368 266
368 975
368 290
368 98
368 15
178 317
178 807
178 31
178 528
178 845
178 861
178 126
178 65
178 956
178 432
773 669
773 195
773 422
773 473
773 856
773 748
773 828
773 604
773 589
773 896
315 878
315 946
315 541
315 160
315 705
315 6
315 9
315 218
315 255
315 484
778 298
778 711
778 444
778 267
778 376
778 910
778 923
778 992
778 804
778 172
222 58
222 763
222 884
222 358
222 646
222 517
222 570
222 522
222 379
222 853
550 807
550 42
550 10
550 873
550 274
550 347
550 818
550 862
550 422
550 80
516 554
516 490
516 586
516 278
516 756
516 21
516 781
516 770
516 493
516 414
768 223
768 412
768 392
768 525
768 817
768 400
768 151
768 87
768 873
810 851
810 380
810 381
810 269
810 788
810 51
810 311
810 291
810 180
810 192
986 179
986 627
986 76
986 889
986 628
986 360
986 347
986 174
986 295
986 275
18 789
18 933
18 725
18 572
18 217
18 785
18 984
18 282
18 595
18 979
262 284
262 188
262 67
262 949
262 448
262 238
262 482
262 370
262 141
262 993
509 649
509 51
509 997
509 912
509 580
509 277
509 24
509 606
509 601
509 517
994 133
994 36
994 186
994 539
994 825
994 269
994 232
994 4
994 774
994 680
397 122
397 254
397 298
397 859
397 871
397 457
397 406
397 326
397 675
397 655
524 211
524 131
524 807
524 457
524 754
524 917
524 780
524 802
524 571
302 845
302 958
302 318
302 784
302 806
302 64
302 795
302 372
302 166
302 969
664 258
664 372
664 598
664 522
664 750
664 818
664 662
664 694
664 340
664 665
562 210
562 270
562 564
562 769
562 4
562 691
562 152
562 125
562 183
776 711
776 283
776 828
776 255
776 959
776 847
776 570
776 431
776 628
776 462
148 654
148 542
148 443
148 737
148 655
148 855
148 772
148 396
148 103
148 940
907 727
907 786
907 3
907 595
907 928
907 213
907 989
907 968
907 50
907 578
724 506
724 656
724 602
724 548
724 22
724 376
724 603
724 454
724 598
774 296
774 498
774 730
774 426
774 147
774 978
774 434
774 787
774 645
94 602
94 837
94 427
94 406
94 102
94 118
94 495
94 63
94 209
94 113
607 440
607 304
607 995
607 248
607 494
607 720
607 110
607 530
607 665
607 783
45 790
45 202
45 61
45 848
45 92
45 877
45 372
45 834
45 311
353 571
353 268
353 141
353 274
353 670
353 337
353 176
353 429
353 876
353 792
494 273
494 138
494 626
494 203
494 466
494 670
494 357
494 671
494 343
69 495
69 647
69 169
69 930
69 563
69 24
69 457
69 476
69 642
69 211
735 582
735 784
735 868
735 881
735 493
735 254
735 930
735 511
735 406
688 956
688 588
688 604
688 819
688 118
688 182
688 619
688 140
688 639
688 416
713 976
713 420
713 520
713 308
713 243
713 923
713 179
713 289
713 900
713 629
895 889
895 473
895 859
895 217
895 541
895 248
895 806
895 109
895 938
44 987
44 915
44 875
44 135
44 465
44 28
44 238
44 464
44 491
44 189
116 62
116 141
116 745
116 874
116 786
116 490
116 294
116 760
116 629
116 952
258 997
258 575
258 351
258 974
258 995
258 76
258 4
258 615
258 199
696 375
696 617
696 946
696 708
696 201
696 631
696 528
696 71
696 101
696 835
833 592
833 301
833 382
833 856
833 181
833 59
833 244
833 501
833 940
833 954
654 375
654 488
654 385
654 311
654 835
654 709
654 737
654 669
836 715
836 4
836 119
836 689
836 424
836 871
836 181
836 529
836 891
836 514
286 789
286 618
286 243
286 370
286 612
286 394
286 32
286 939
286 338
286 50
440 551
440 234
440 105
440 659
440 728
440 331
440 750
440 417
115 253
115 145
115 523
115 61
115 271
115 709
115 366
115 936
115 608
115 896
558 282
558 921
558 0
558 697
558 937
558 992
558 339
558 379
838 892
838 417
838 656
838 758
838 79
838 278
838 938
838 770
838 106
838 430
39 478
39 158
39 332
39 1
39 850
39 542
39 351
39 247
39 14
39 585
977 470
977 217
977 635
977 389
977 633
977 808
977 969
977 785
977 424
123 637
123 32
123 279
123 876
123 805
123 784
123 6
123 205
123 622
123 248
153 331
153 250
153 868
153 817
153 354
153 892
153 164
153 247
153 606
153 662
434 296
434 631
434 113
434 619
434 910
434 605
434 336
434 50
434 850
954 112
954 157
954 988
954 577
954 202
954 962
954 736
954 356
954 221
365 693
365 14
365 536
365 229
365 732
365 786
365 749
365 427
365 156
365 565
93 477
93 10
93 802
93 360
93 797
93 155
93 825
93 557
93 47
395 102
395 919
395 525
395 852
395 962
395 628
395 379
395 120
395 448
84 548
84 114
84 618
84 401
84 456
84 376
84 673
84 418
84 852
84 470
841 480
841 298
841 709
841 671
841 235
841 430
841 537
841 633
841 936
841 638
225 619
225 445
225 26
225 173
225 993
225 80
225 518
225 859
225 234
225 617
551 245
551 793
551 53
551 842
551 448
551 505
551 968
551 376
551 729
827 303
827 192
827 350
827 313
827 144
827 402
827 195
827 323
827 902
827 556
885 402
885 538
885 903
885 554
885 564
885 641
885 489
885 646
885 52
885 792
340 963
340 87
340 598
340 651
340 847
340 85
340 684
340 608
340 470
797 606
797 249
797 599
797 505
797 545
797 322
797 823
797 619
797 635
50 757
50 406
50 732
50 655
50 325
50 968
50 835
964 802
964 700
964 835
964 272
964 666
964 237
964 479
964 427
964 532
964 623
7 944
7 627
7 538
7 156
7 544
7 956
7 638
7 354
7 589
328 457
328 220
328 364
328 75
328 639
328 143
328 980
328 205
328 587
328 388
614 976
614 633
614 11
614 411
614 573
614 96
614 971
614 366
614 803
614 62
777 552
777 488
777 496
777 811
777 563
777 692
777 872
777 962
777 487
182 451
182 490
182 323
182 722
182 351
182 803
182 186
182 121
127 296
127 532
127 571
127 660
127 342
127 419
127 856
127 661
127 640
918 75
918 564
918 705
918 690
918 876
918 294
918 984
918 279
918 638
918 845
378 458
378 216
378 347
378 248
378 547
378 956
378 803
378 213
378 55
378 747
500 424
500 747
500 112
500 469
500 58
500 647
500 9
500 575
500 627
500 752
860 59
860 370
860 65
860 478
860 27
860 518
860 485
860 942
860 453
860 296
426 846
426 204
426 929
426 594
426 168
426 707
426 839
426 796
426 132
433 54
433 538
433 561
433 971
433 612
433 714
433 737
433 343
433 111
433 919
371 982
371 51
371 230
371 79
371 26
371 254
371 280
371 525
371 104
371 85
497 511
497 4
497 63
497 448
497 721
497 138
497 793
497 718
497 411
497 189
233 513
233 837
233 956
233 573
233 938
233 224
233 147
233 429
233 273
267 266
267 344
267 389
267 275
267 5
267 35
267 435
267 256
267 476
739 155
739 839
739 798
739 554
739 660
739 308
739 17
739 85
739 54
331 91
331 843
331 751
331 27
331 657
331 232
331 359
331 503
894 355
894 166
894 471
894 388
894 998
894 305
894 704
894 867
894 981
894 136
952 175
952 276
952 655
952 350
952 789
952 20
952 323
952 902
952 868
33 218
33 324
33 771
33 245
33 98
33 638
33 248
33 559
33 853
33 646
623 612
623 72
623 310
623 481
623 717
623 646
623 489
623 159
623 236
792 832
792 641
792 46
792 369
792 863
792 110
792 661
792 675
280 90
280 419
280 523
280 651
280 254
280 149
280 917
280 542
280 590
846 929
846 109
846 60
846 101
846 421
846 976
846 146
846 246
846 648
911 730
911 171
911 873
911 355
911 401
911 305
911 350
911 248
911 181
911 878
390 344
390 53
390 896
390 441
390 624
390 982
390 448
390 955
390 552
631 761
631 345
631 965
631 400
631 441
631 565
631 344
631 411
670 444
670 273
670 398
670 455
670 232
670 417
670 306
670 185
914 128
914 710
914 749
914 188
914 595
914 308
914 380
914 157
914 313
914 337
260 455
260 692
260 279
260 852
260 488
260 28
260 393
260 732
260 919
260 772
521 130
521 100
521 255
521 318
521 355
521 175
521 891
521 324
521 532
466 370
466 700
466 829
466 160
466 751
466 228
466 107
466 649
626 880
626 19
626 229
626 678
626 981
626 163
626 422
626 149
396 982
396 61
396 277
396 728
396 209
396 519
396 714
396 547
396 186
452 881
452 9
452 556
452 837
452 90
452 760
452 534
452 594
452 422
452 439
691 953
691 649
691 480
691 981
691 909
691 960
691 387
691 594
292 191
292 224
292 852
292 721
292 851
292 552
292 769
292 845
292 316
292 989
383 919
383 857
383 32
383 936
383 20
383 694
383 59
383 291
383 253
383 183
857 650
857 191
857 38
857 270
857 361
857 769
857 672
857 632
857 482
429 202
429 598
429 484
429 138
429 863
429 811
429 313
429 543
744 528
744 151
744 704
744 134
744 250
744 618
744 259
744 215
744 861
744 54
682 536
682 183
682 935
682 829
682 493
682 199
682 950
682 680
682 600
248 875
248 279
248 213
248 214
24 851
24 348
24 398
24 317
24 205
24 781
24 619
24 530
924 750
924 568
924 756
924 296
924 508
924 411
924 795
924 36
924 140
924 77
285 723
285 578
285 43
285 955
285 951
285 884
285 938
285 849
285 23
285 229
699 472
699 945
699 559
699 392
699 48
699 807
699 859
699 847
699 307
99 339
99 208
99 297
99 858
99 758
99 444
99 643
99 16
99 787
381 619
381 372
381 135
381 984
381 121
381 937
381 58
381 311
381 755
932 818
932 789
932 200
932 635
932 492
932 252
932 534
932 788
932 133
932 564
809 786
809 445
809 251
809 678
809 910
809 104
809 179
809 181
809 321
475 284
475 628
475 811
475 192
475 771
475 71
475 540
475 572
475 517
567 369
567 999
567 458
567 320
567 948
567 163
567 385
567 708
567 138
567 985
499 599
499 535
499 887
499 31
499 275
499 541
499 257
499 129
499 392
499 522
259 457
259 298
259 261
259 944
259 632
259 439
259 321
259 861
259 812
683 505
683 926
683 859
683 820
683 802
683 844
683 265
683 716
683 278
683 748
746 370
746 648
746 363
746 49
746 573
746 843
746 980
746 785
746 783
801 758
801 389
801 250
801 708
801 540
801 557
801 736
801 625
801 949
185 164
185 415
185 820
185 484
185 63
185 725
185 893
185 850
185 147
239 751
239 700
239 634
239 686
239 273
239 75
239 482
239 578
239 172
239 412
19 420
19 5
19 771
19 745
19 896
19 880
19 536
19 166
19 548
701 589
701 658
701 526
701 113
701 205
701 616
701 58
701 990
701 216
701 634
767 851
767 572
767 656
767 279
767 80
767 766
767 853
767 970
767 501
600 889
600 411
600 651
600 545
600 726
600 441
600 917
600 47
600 730
868 618
868 78
868 212
868 140
868 505
892 710
892 671
892 230
892 375
892 432
892 525
892 633
892 214
976 876
976 151
976 301
976 779
976 711
976 979
690 634
690 843
690 983
690 201
690 400
690 930
690 814
690 577
690 823
761 199
761 318
761 391
761 240
761 348
761 42
761 112
761 411
761 549
252 358
252 157
252 517
252 492
252 399
252 389
252 859
252 666
252 707
535 495
535 563
535 785
535 345
535 605
535 85
535 337
535 316
535 956
21 613
21 815
21 709
21 904
21 96
21 641
21 388
21 615
134 564
134 921
134 678
134 829
134 405
134 568
134 677
134 428
282 189
282 919
282 490
282 908
282 719
282 36
282 68
414 796
414 720
414 611
414 789
414 978
414 937
414 68
414 219
414 795
177 489
177 565
177 327
177 482
177 851
177 425
177 971
177 119
177 817
177 909
886 79
886 450
886 923
886 339
886 483
886 953
886 385
886 679
886 769
886 858
221 882
221 958
221 79
221 343
221 646
221 243
221 658
221 100
221 742
992 156
992 834
992 453
992 681
992 725
992 689
992 727
992 73
129 781
129 446
129 321
129 702
129 76
129 791
129 58
129 633
129 963
586 689
586 266
586 899
586 934
586 989
586 951
586 766
586 936
586 803
247 164
247 342
247 645
247 999
247 884
247 195
247 538
247 829
57 737
57 884
57 826
57 723
57 622
57 506
57 729
57 266
57 899
57 457
417 143
417 517
417 114
417 405
417 945
417 666
417 627
235 711
235 218
235 969
235 984
235 669
235 925
235 923
235 363
235 902
423 174
423 349
423 428
423 741
423 811
423 693
423 790
423 324
423 752
423 737
317 28
317 861
317 125
317 244
317 382
317 646
317 321
317 904
758 906
758 821
758 63
758 889
758 352
758 938
758 410
14 529
14 223
14 580
14 138
14 904
14 845
14 1
14 639
720 187
720 887
720 27
720 669
720 32
720 663
720 961
720 52
159 288
159 54
159 978
159 17
159 788
159 656
159 587
159 111
159 721
815 570
815 522
815 373
815 141
815 329
815 711
815 64
815 625
154 449
154 946
154 867
154 441
154 843
154 436
154 757
154 485
154 555
471 289
471 493
471 896
471 34
471 902
471 970
471 906
471 27
471 960
525 727
525 750
525 431
525 132
525 537
525 717
643 85
643 733
643 787
643 173
643 277
643 272
643 8
643 707
643 409
474 572
474 278
474 597
474 935
474 858
474 622
474 254
474 862
474 430
826 863
826 736
826 266
826 62
826 81
826 547
826 779
826 342
73 719
73 734
73 219
73 230
73 261
73 256
73 195
73 283
253 808
253 110
253 150
253 559
253 335
253 217
253 666
253 542
243 361
243 526
243 904
243 38
243 679
243 175
243 985
275 400
275 415
275 36
275 472
275 76
275 30
275 921
882 825
882 634
882 204
882 762
882 617
882 589
882 927
882 585
882 484
998 346
998 742
998 722
998 539
998 693
998 437
998 4
998 203
998 442
898 249
898 620
898 296
898 410
898 209
898 238
898 684
898 160
898 274
898 560
356 578
356 632
356 872
356 48
356 174
356 366
356 293
356 298
726 110
726 300
726 90
726 721
726 293
726 30
726 620
726 649
726 983
307 48
307 456
307 783
307 933
307 920
307 703
307 219
541 124
541 941
541 16
541 56
541 749
541 832
541 152
669 175
669 420
669 559
669 71
669 144
775 899
775 568
775 725
775 480
775 218
775 297
775 553
775 565
775 942
775 68
831 756
831 375
831 547
831 272
831 601
831 256
831 205
831 257
831 901
43 320
43 332
43 171
43 508
43 352
43 367
43 968
43 906
43 476
387 240
387 980
387 913
387 931
387 0
387 969
387 837
387 490
510 680
510 164
510 571
510 820
510 737
510 862
510 610
510 906
533 271
533 798
533 478
533 55
533 812
533 5
533 335
533 532
284 16
284 849
284 824
284 987
284 345
284 585
284 989
284 448
715 110
715 360
715 346
715 919
715 220
715 200
715 119
715 195
300 942
300 811
300 410
300 468
300 463
300 350
300 70
300 530
300 594
659 519
659 573
659 722
659 449
659 529
659 337
659 68
659 896
659 359
88 310
88 363
88 144
88 850
88 441
88 538
88 896
88 617
88 188
251 160
251 468
251 181
251 198
251 158
251 910
251 721
251 853
82 161
82 931
82 899
82 472
82 829
82 360
82 962
82 717
82 916
82 847
436 265
436 20
436 844
436 209
436 785
436 310
436 926
436 242
436 72
455 430
455 887
455 336
455 582
455 769
455 42
455 733
455 513
6 327
6 9
6 953
6 867
6 526
6 830
6 910
855 62
855 59
855 393
855 723
855 276
855 805
855 425
855 760
855 960
513 228
513 641
513 598
513 425
513 896
513 169
513 501
513 853
64 321
64 369
64 30
64 405
64 624
64 625
64 276
64 556
12 451
12 610
12 457
12 443
12 495
12 364
12 60
12 681
12 957
377 553
377 795
377 645
377 411
377 171
377 578
377 734
377 610
377 748
270 72
270 889
270 650
270 125
270 374
270 934
270 501
270 166
672 508
672 675
672 692
672 580
672 293
672 829
672 343
960 652
960 545
960 840
960 8
960 217
960 351
960 265
46 197
46 132
46 640
46 254
46 170
46 27
46 90
46 730
146 373
146 526
146 702
146 421
146 530
146 229
146 83
146 355
146 385
264 271
264 625
264 473
264 609
264 448
264 295
264 462
264 933
264 991
329 437
329 613
329 142
329 764
329 343
329 322
329 151
329 871
329 962
763 237
763 402
763 458
763 335
763 814
763 697
763 825
763 493
763 278
955 144
955 23
955 100
955 476
955 81
955 520
955 51
75 211
75 145
75 704
75 420
75 843
75 929
75 692
554 308
554 490
554 988
554 241
554 437
554 756
554 573
257 876
257 161
257 900
257 760
257 569
257 245
257 52
450 143
450 943
450 421
450 511
450 787
450 144
450 0
450 126
450 993
660 899
660 711
660 335
660 156
660 187
660 979
660 613
67 107
67 835
67 149
67 840
67 832
67 837
67 565
67 959
326 863
326 486
326 31
326 172
326 144
326 132
326 928
326 997
26 909
26 237
26 904
26 784
26 544
26 963
26 191
26 210
288 447
288 540
288 553
288 462
288 204
288 485
288 140
288 319
288 489
220 878
220 100
220 2
220 91
220 457
220 538
220 963
504 223
504 811
504 100
504 704
504 850
504 881
504 87
504 276
201 400
201 454
201 804
201 839
201 987
201 748
201 823
201 192
786 536
786 23
786 114
786 945
786 906
786 174
915 544
915 92
915 465
915 710
915 405
915 987
915 936
915 837
464 956
464 20
464 453
464 610
464 637
464 782
464 974
464 978
464 832
901 77
901 412
901 0
901 304
901 194
901 15
901 946
901 764
901 214
151 780
151 176
151 729
151 909
151 526
151 717
348 794
348 109
348 432
348 971
348 476
348 948
348 491
689 733
689 10
689 822
689 132
689 131
689 305
136 101
136 304
136 242
136 11
136 916
136 781
136 87
136 559
136 596
281 971
281 130
281 193
281 303
281 478
281 122
281 704
281 743
306 27
306 135
306 917
306 539
306 566
306 844
306 697
306 573
306 336
463 754
463 488
463 577
463 629
463 678
463 757
463 788
463 723
463 697
718 548
718 928
718 748
718 443
718 498
718 875
718 87
718 963
718 86
902 386
902 993
902 922
902 821
902 357
902 287
212 76
212 937
212 603
212 665
212 973
212 435
212 722
212 388
212 985
276 743
276 561
276 132
276 795
276 164
276 209
415 432
415 360
415 228
415 297
415 850
415 486
415 428
415 34
635 553
635 675
635 890
635 157
635 135
635 447
635 697
234 814
234 342
234 192
234 619
234 804
234 283
234 56
234 893
560 271
560 145
560 198
560 152
560 661
560 196
560 469
560 822
560 906
514 665
514 76
514 624
514 481
514 975
514 625
514 336
514 366
514 261
794 828
794 678
794 160
794 290
794 228
794 604
794 271
794 5
794 919
897 256
897 406
897 845
897 316
897 130
897 910
897 867
897 694
897 749
897 398
923 910
923 519
923 858
923 819
923 522
923 385
35 244
35 295
35 940
35 34
35 950
35 25
35 725
35 634
35 933
579 561
579 23
579 293
579 47
579 427
579 203
579 856
579 149
579 0
375 366
375 839
375 569
375 498
375 152
684 745
684 722
684 42
684 751
684 520
684 138
684 189
180 880
180 969
180 460
180 820
180 213
180 847
180 104
180 374
180 71
445 425
445 791
445 991
445 132
445 926
445 273
445 308
503 565
503 957
503 969
503 211
503 544
503 458
503 872
503 921
341 700
341 126
341 813
341 242
341 653
341 636
341 70
341 208
341 8
807 479
807 347
807 157
807 320
807 887
807 49
651 999
651 501
651 224
651 549
651 419
651 325
651 982
454 141
454 65
454 271
454 714
454 211
454 244
454 926
32 540
32 205
32 677
32 748
32 599
32 743
587 216
587 421
587 931
587 416
587 125
333 278
333 747
333 124
333 476
333 989
333 736
333 10
333 764
333 711
333 379
515 820
515 349
515 95
515 824
515 736
515 929
515 374
515 484
515 298
460 552
460 358
460 401
460 370
460 391
460 199
460 620
460 677
460 878
741 293
741 675
741 61
741 601
741 54
741 124
741 168
741 862
479 673
479 313
479 852
479 312
479 268
479 42
479 294
479 552
754 552
754 393
754 959
754 861
754 389
754 819
754 888
754 191
168 266
168 601
168 708
168 483
168 352
168 839
168 752
168 594
303 751
303 265
303 581
303 742
303 805
303 601
303 298
303 804
993 453
993 0
993 439
993 849
993 733
993 889
983 732
983 692
983 472
983 91
983 322
983 613
983 867
983 72
25 297
25 216
25 702
25 42
25 909
25 465
25 577
25 617
412 663
412 997
412 245
412 418
412 965
412 647
11 472
11 204
11 179
11 508
11 771
11 139
11 553
11 589
477 83
477 790
477 48
477 78
477 982
477 170
477 787
477 238
198 486
198 526
198 95
198 128
198 793
198 564
198 920
198 942
2 22
2 538
2 968
2 598
2 468
2 465
2 769
2 80
2 355
428 636
428 599
428 141
428 23
428 557
428 347
208 844
208 884
208 22
208 126
208 802
208 250
208 852
208 488
409 345
409 360
409 147
409 215
409 601
409 369
409 611
523 875
523 751
523 441
523 308
523 145
523 106
523 844
523 552
875 608
875 319
875 951
875 837
875 498
875 671
996 595
996 637
996 737
996 912
996 205
996 556
996 109
996 662
996 95
996 518
934 501
934 249
934 615
934 505
934 618
934 961
934 295
597 762
597 223
597 193
597 935
597 266
597 858
597 568
597 232
597 124
988 435
988 641
988 953
988 293
988 663
988 271
988 949
988 425
652 481
652 119
652 202
652 549
652 237
652 274
652 108
652 569
108 930
108 939
108 622
108 569
108 648
108 620
108 121
108 888
531 289
531 442
531 181
531 163
531 437
531 566
531 728
531 171
531 110
531 877
893 731
893 549
893 593
893 529
893 211
893 269
893 361
893 899
757 195
757 431
757 336
757 86
757 287
757 887
757 608
832 547
832 641
832 316
832 124
832 743
832 978
437 517
437 171
437 877
437 465
437 791
878 585
878 711
878 95
878 311
878 592
878 681
199 366
199 917
199 358
199 874
199 54
199 604
142 34
142 764
142 602
142 325
142 149
142 716
421 277
421 582
421 320
421 143
421 808
650 357
650 862
650 209
650 28
650 942
650 909
650 835
665 215
665 261
665 808
665 731
665 820
665 9
588 819
588 416
588 294
588 367
588 231
588 453
588 917
588 639
588 529
386 589
386 419
386 473
386 373
386 710
386 922
386 532
386 753
386 553
781 606
781 619
781 577
781 663
781 401
781 76
31 552
31 609
31 861
31 528
31 295
31 822
31 228
324 745
324 708
324 219
324 813
324 995
609 133
609 380
609 948
609 823
609 255
609 484
609 884
609 943
190 36
190 349
190 790
190 30
190 945
190 982
190 906
190 748
190 163
190 462
611 27
611 796
611 363
611 354
611 729
611 310
611 449
611 762
379 350
379 975
379 97
379 49
379 3
379 646
818 483
818 840
818 940
818 92
818 694
818 926
825 109
825 843
825 424
825 418
825 931
606 662
606 575
606 997
606 702
606 751
942 928
942 585
942 518
942 563
942 186
70 36
70 350
70 399
70 647
70 580
70 639
70 120
70 451
373 823
373 206
373 339
373 20
373 804
265 636
265 231
265 926
265 697
265 469
1 228
1 943
1 821
1 323
1 577
1 48
1 730
1 850
730 296
730 411
730 112
730 990
91 950
91 555
91 556
91 821
91 53
91 49
256 632
256 856
256 953
256 547
256 323
256 219
913 927
913 634
913 294
913 703
913 156
913 821
913 793
913 216
242 700
242 506
242 615
242 925
242 133
242 304
591 873
591 77
591 642
591 399
591 605
591 121
591 104
591 709
591 398
903 23
903 793
903 707
903 92
903 657
903 350
903 204
903 102
496 596
496 394
496 214
496 338
496 555
496 908
496 105
496 958
527 332
527 837
527 312
527 216
527 582
527 511
527 402
527 989
527 936
384 224
384 508
384 491
384 27
384 382
384 749
384 171
384 268
384 705
384 645
175 766
175 824
175 548
175 236
175 22
961 602
961 793
961 589
961 193
961 15
961 642
961 575
109 462
109 518
109 842
109 806
301 625
301 325
301 920
301 169
301 821
301 814
548 22
548 425
548 859
548 929
548 323
605 772
605 468
605 555
605 121
605 90
959 81
959 97
959 680
959 647
959 813
959 658
959 357
603 173
603 416
603 166
603 124
603 649
603 598
603 3
603 22
620 805
620 766
620 20
620 8
620 939
620 204
122 188
122 359
122 987
122 107
122 782
122 613
990 112
990 916
990 862
990 751
990 581
990 345
990 483
990 170
921 622
921 808
921 962
921 176
921 246
629 228
629 963
629 700
629 657
629 332
629 945
629 647
246 806
246 566
246 559
246 106
246 289
246 203
246 900
246 355
733 210
733 238
733 399
733 627
733 950
399 96
399 478
399 511
399 245
399 100
399 622
975 980
975 226
975 957
975 410
975 705
975 867
975 540
327 890
327 873
327 444
327 238
327 206
806 147
806 824
806 196
806 85
806 398
272 277
272 81
272 150
272 210
528 835
528 172
528 723
528 700
528 861
51 96
51 335
51 723
51 406
51 49
51 424
642 355
642 817
642 845
642 657
642 556
642 840
49 218
49 941
49 615
49 705
49 458
48 787
48 808
48 941
48 83
48 847
493 278
493 537
493 912
493 545
493 930
731 552
731 291
731 899
731 104
731 871
731 956
295 442
295 555
295 772
295 933
295 157
658 805
658 909
658 958
658 965
658 963
658 791
798 978
798 231
798 130
798 624
798 71
798 56
798 705
681 679
681 979
681 420
681 843
681 111
681 236
681 534
354 311
354 604
354 723
354 745
354 939
354 953
572 495
572 320
572 771
572 820
572 973
572 830
104 369
104 694
104 612
104 822
480 444
480 232
480 487
480 298
111 472
111 106
111 982
111 336
111 788
111 211
111 332
231 114
231 639
231 753
231 637
231 784
231 647
231 532
357 969
357 155
357 34
357 55
519 308
519 790
519 472
519 140
519 81
519 999
636 571
636 783
636 236
636 98
636 484
636 702
636 764
112 900
112 844
112 60
112 261
113 938
113 928
113 900
113 999
113 852
113 927
249 549
249 779
249 164
249 581
249 728
249 645
347 363
347 179
347 580
347 163
139 537
139 625
139 508
139 87
139 121
139 183
139 416
139 319
922 569
922 849
922 889
922 451
922 596
922 710
922 418
927 931
927 351
927 130
927 427
927 145
927 103
927 790
196 814
196 58
196 424
196 655
196 200
196 155
196 197
196 544
228 632
228 138
228 150
128 557
128 261
128 77
128 958
128 663
128 962
985 708
985 557
985 890
985 937
985 367
985 796
985 997
725 56
725 438
725 842
725 427
725 308
287 79
287 908
287 789
287 54
287 140
287 211
760 214
760 476
760 714
760 890
760 655
760 55
226 61
226 920
226 673
226 376
226 36
226 573
226 197
226 847
78 359
78 346
78 170
78 438
78 355
102 420
102 828
102 486
102 559
102 478
102 817
102 446
714 278
714 166
714 402
714 997
432 274
432 125
432 118
432 98
432 813
432 343
589 578
589 140
589 553
349 978
349 430
349 974
349 156
349 971
349 473
349 98
574 158
574 980
574 647
574 639
574 862
574 170
574 612
574 54
938 506
938 325
938 145
156 63
156 152
156 974
950 566
950 53
950 518
950 291
950 569
679 999
679 540
679 237
679 422
679 616
679 261
991 863
991 83
991 193
991 337
991 830
991 277
991 34
250 769
250 147
250 547
250 796
250 105
250 662
814 305
814 56
814 727
752 575
752 308
752 787
752 951
752 53
752 164
981 313
981 269
981 979
981 23
981 557
981 358
981 737
34 447
34 943
34 320
97 487
97 491
97 202
97 849
97 593
97 856
97 613
97 41
491 677
491 213
491 704
491 361
491 345
491 549
435 458
435 571
435 749
435 569
435 133
435 405
435 916
291 929
291 227
291 919
291 427
291 352
291 692
707 940
707 559
707 485
707 107
707 132
465 337
465 702
465 872
465 165
465 943
645 322
645 406
645 138
645 119
645 624
194 206
194 227
194 101
194 780
194 72
194 81
194 52
194 487
545 662
545 671
545 179
545 821
545 443
545 925
599 795
599 920
599 431
599 737
599 788
599 214
367 796
367 703
367 686
367 206
367 561
367 834
473 484
473 158
473 859
473 195
473 805
339 602
339 393
339 483
339 392
339 216
374 517
374 492
374 71
374 120
374 520
374 931
374 90
344 42
344 719
344 580
344 430
344 394
344 962
344 90
489 143
489 187
489 534
489 708
489 204
489 92
995 534
995 615
995 313
995 166
995 289
995 130
236 55
236 581
236 601
236 764
236 727
602 444
602 884
602 3
602 227
189 852
189 842
189 637
189 0
189 556
120 544
120 420
120 15
120 565
120 218
120 72
717 385
717 544
717 481
717 957
717 230
717 165
543 439
543 488
543 529
543 56
543 172
543 887
543 783
543 283
543 598
820 28
820 858
268 382
268 361
268 351
268 552
268 419
268 446
268 909
615 352
615 997
615 772
615 210
677 673
677 508
677 141
677 482
677 363
677 617
756 321
756 830
756 107
756 294
756 77
30 812
30 304
30 971
30 625
30 530
908 68
908 946
908 254
908 751
908 165
941 405
941 485
941 106
941 766
941 472
941 195
941 946
766 419
766 418
766 594
766 279
193 935
193 81
193 822
193 79
193 105
193 937
103 822
103 604
103 772
103 313
103 442
103 335
103 948
790 686
790 769
790 332
290 727
290 593
290 289
290 549
290 881
290 925
290 160
290 721
616 59
616 719
616 100
616 828
616 227
616 957
616 804
106 416
106 582
106 453
106 613
795 318
795 304
890 444
890 680
890 873
890 172
890 987
890 557
848 469
848 114
848 819
848 549
848 352
848 940
848 703
848 770
880 585
880 38
880 79
880 849
880 536
880 4
559 305
663 101
663 398
663 852
663 209
834 56
834 165
834 161
834 52
608 95
608 47
608 951
608 105
608 755
608 481
346 53
346 877
346 522
346 59
346 569
346 492
888 661
888 173
888 188
888 716
888 920
888 686
888 145
888 495
511 965
511 582
511 389
511 441
965 488
965 145
965 887
965 83
965 422
382 192
382 205
382 419
382 980
716 910
716 254
716 656
716 624
716 486
716 458
845 495
845 622
845 418
366 835
366 447
366 41
366 486
732 10
732 41
732 42
732 772
732 764
732 956
557 335
557 593
557 155
852 561
319 498
319 671
319 8
319 537
319 457
319 518
319 261
916 737
916 244
916 968
916 458
916 824
83 933
83 416
83 847
83 338
83 446
675 728
675 508
675 28
675 873
675 277
338 743
338 577
338 517
338 210
338 637
338 72
338 283
498 41
498 796
498 563
498 443
498 930
438 141
438 542
438 447
438 232
438 813
438 843
438 997
92 764
92 770
92 538
92 448
213 335
213 462
213 532
213 863
200 160
200 686
200 195
200 657
200 155
200 594
978 782
978 245
978 405
925 203
925 160
925 325
925 163
165 624
165 770
165 929
165 627
165 47
693 389
693 425
693 336
693 181
693 971
693 483
693 372
968 822
968 912
968 342
968 862
637 205
637 15
637 753
637 98
577 782
577 909
577 219
618 539
618 904
618 666
618 22
447 508
447 529
447 133
447 937
3 538
3 405
3 486
3 824
3 343
3 36
935 79
935 169
935 788
935 529
935 747
227 469
227 59
227 442
227 785
227 10
227 532
181 424
181 666
181 401
17 782
17 850
17 812
17 8
17 218
17 564
52 195
52 780
52 753
52 28
52 224
401 126
401 358
238 150
238 610
238 9
694 578
694 705
694 678
694 891
694 680
917 392
917 851
917 217
86 358
86 273
86 796
86 538
86 840
86 973
86 646
469 970
469 192
359 891
359 152
359 881
359 811
359 823
68 468
68 944
68 601
68 943
872 488
872 817
872 42
872 391
872 592
38 342
38 571
38 949
38 420
38 853
232 219
232 63
232 135
590 506
590 144
590 266
590 410
590 224
590 534
590 311
590 53
710 85
710 380
710 808
710 743
710 388
130 526
130 255
130 318
130 456
187 119
187 980
187 680
187 204
187 23
705 581
705 283
656 939
656 495
656 956
656 484
536 41
536 539
536 481
536 188
110 458
110 197
110 997
472 98
472 204
369 686
369 240
369 289
369 155
369 570
944 973
944 953
944 61
944 745
944 974
131 55
131 439
131 946
131 279
131 812
131 446
63 851
63 729
648 10
648 999
648 336
648 779
648 555
648 392
783 125
783 722
783 133
783 970
657 16
657 999
657 912
657 582
380 62
380 639
380 948
380 680
380 255
311 842
673 72
673 490
673 318
673 764
673 830
202 323
202 468
202 791
202 483
202 598
593 920
593 335
593 640
593 653
593 60
830 8
830 456
830 575
830 943
183 919
183 723
183 779
183 804
837 987
837 312
114 649
114 703
114 0
114 342
114 640
566 462
566 770
566 861
566 15
566 23
840 632
840 711
840 483
840 647
840 661
772 5
772 788
772 953
953 785
54 418
54 192
16 784
16 936
16 858
16 592
16 787
152 173
152 963
152 203
152 722
849 65
849 126
849 192
625 313
625 150
95 770
95 163
95 877
95 700
337 241
337 655
337 789
41 492
41 634
41 322
244 703
244 125
244 542
244 595
753 749
753 931
753 585
753 747
753 639
805 823
805 393
805 678
805 385
771 5
771 634
771 957
771 336
771 47
862 470
862 601
140 540
140 873
140 296
60 575
60 476
60 974
60 4
60 158
449 342
449 400
449 297
449 517
449 214
449 312
518 186
518 100
80 376
80 817
80 223
80 358
80 446
126 939
126 628
126 661
81 138
81 364
81 530
424 782
424 779
424 406
534 982
534 828
534 352
191 203
191 680
191 928
191 10
191 812
191 144
325 728
325 203
325 230
22 751
427 420
427 418
173 388
173 124
173 884
596 640
596 370
596 522
596 351
596 709
703 842
703 649
703 389
255 23
255 874
255 680
255 350
931 485
931 843
842 933
842 655
884 470
171 318
171 877
171 274
171 420
937 529
937 943
937 305
147 802
147 769
147 85
537 780
537 132
537 638
537 169
36 197
36 929
483 803
483 580
462 277
462 392
569 85
569 241
946 376
946 298
946 223
312 762
312 582
312 819
312 101
312 793
141 278
141 343
930 563
930 229
930 568
930 398
364 632
364 188
364 871
364 150
958 77
958 394
958 345
958 639
904 734
904 361
904 118
933 851
933 755
933 206
98 627
237 906
237 304
237 743
237 391
237 210
486 828
486 929
486 861
779 451
779 310
779 812
722 526
722 632
505 671
505 53
505 843
633 808
633 856
633 802
633 149
633 481
957 443
957 400
957 835
957 298
485 391
485 296
485 867
485 149
188 704
188 166
728 161
728 224
728 867
728 277
802 85
887 87
887 321
887 526
780 318
780 565
970 750
970 71
970 241
970 578
970 653
320 431
320 230
321 791
321 628
321 982
439 418
439 640
439 158
439 791
492 570
492 457
56 358
56 573
56 867
400 488
400 653
186 443
186 526
186 241
186 90
822 653
441 979
441 105
410 76
410 119
410 900
410 100
410 174
363 610
363 90
393 279
393 948
393 121
393 416
393 150
889 294
889 482
889 77
909 782
542 727
542 217
542 580
316 863
316 150
316 161
571 164
571 271
571 984
678 570
678 727
678 5
702 355
702 662
702 755
702 948
638 748
638 297
638 939
229 734
229 721
229 394
240 962
240 561
240 289
240 520
240 101
240 273
135 174
135 53
135 622
135 613
135 649
948 522
948 617
948 821
157 700
157 874
451 119
451 163
451 563
446 351
446 274
446 540
581 143
581 553
581 71
581 392
215 394
215 564
215 580
215 563
215 999
215 873
943 824
943 96
206 293
206 612
206 900
206 891
206 851
828 5
828 163
987 490
987 736
310 385
310 293
310 170
310 121
444 425
444 192
750 804
750 470
750 261
101 158
124 736
124 812
124 361
422 58
422 87
861 411
145 874
145 79
481 155
481 755
481 949
949 655
949 762
949 478
370 9
370 556
370 821
495 547
549 859
155 392
155 612
318 844
318 617
770 729
770 592
640 416
640 336
640 273
204 293
121 544
478 96
478 641
490 385
573 532
573 55
853 736
853 910
791 210
791 604
791 896
223 762
223 172
223 487
143 27
143 736
143 793
143 747
850 297
850 501
963 230
20 804
20 254
20 594
20 856
273 789
172 819
28 721
28 456
448 697
170 653
170 169
170 176
170 945
742 824
742 613
742 419
27 274
442 874
442 77
442 278
442 419
361 105
361 203
617 217
617 839
391 729
391 856
391 612
391 808
224 304
224 835
874 62
874 389
874 388
851 755
351 604
627 540
627 628
662 876
662 708
132 62
974 59
974 398
582 211
582 453
928 539
928 520
928 570
928 289
345 940
345 769
345 305
641 555
150 72
150 216
342 920
342 539
125 563
125 755
388 456
402 245
402 936
402 969
402 719
65 619
65 727
65 468
65 138
65 313
15 482
15 161
15 634
15 989
133 161
133 453
133 622
297 283
4 570
595 530
595 789
585 456
107 169
107 940
425 332
425 876
819 179
819 785
819 520
824 661
945 350
945 517
745 77
745 939
745 899
745 322
416 279
555 174
61 214
61 697
61 322
784 813
443 951
443 305
332 360
332 723
332 813
10 920
10 539
209 176
209 829
179 163
179 96
804 647
962 980
100 431
666 431
666 468
561 871
561 747
561 734
197 118
197 166
197 813
634 482
283 58
283 762
283 8
980 205
305 803
274 118
803 269
803 358
96 335
96 556
646 72
646 926
219 613
219 323
219 661
604 506
604 398
755 372
755 912
755 578
430 871
575 747
575 984
575 271
53 709
47 149
881 906
881 568
881 160
881 624
782 817
592 456
592 811
592 501
520 785
520 456
203 304
169 376
169 158
839 686
322 973
470 891
570 812
610 661
610 906
610 628
847 594
817 622
817 355
979 216
979 709
979 160
553 211
553 612
697 218
700 149
71 217
939 174
176 261
176 372
176 501
176 5
829 271
62 118
385 398
539 926
649 118
230 506
951 704
431 394
431 823
969 686
394 719
394 936
313 762
453 530
453 55
405 564
405 343
762 9
762 269
245 671
245 796
294 787
719 844
719 547
392 5
547 900
856 863
487 9
487 734
323 929
619 721
406 506
989 266
989 8
871 105
279 912
241 982
692 522
692 919
544 565
936 910
912 708
709 0
899 565
743 984
940 628
9 823
277 530
210 734
578 686
58 973
686 105
522 350
118 971
144 119
