269 633
269 820
269 139
269 635
269 47
269 84
269 981
269 231
269 300
269 507
273 563
273 7
273 274
273 773
273 562
273 201
273 188
273 398
273 51
273 299
494 900
494 414
494 224
494 792
494 163
494 77
494 786
494 767
494 919
494 416
620 748
620 808
620 57
620 176
620 842
620 862
620 218
620 508
620 709
620 804
29 41
29 629
29 596
29 684
29 722
29 310
29 768
29 234
29 448
29 829
32 970
32 415
32 17
32 399
32 950
32 795
32 883
32 626
32 268
32 771
270 646
270 719
270 389
270 163
270 134
270 890
270 805
270 832
270 765
270 341
912 290
912 985
912 3
912 655
912 257
912 579
912 226
912 167
912 205
912 618
265 544
265 268
265 684
265 722
265 116
265 392
265 869
265 820
265 768
265 294
568 957
568 454
568 897
568 561
568 510
568 255
568 976
568 856
568 823
568 751
383 117
383 986
383 393
383 984
383 58
383 103
383 951
383 196
383 682
383 125
789 361
789 892
789 151
789 743
789 183
789 398
789 469
789 508
789 653
789 654
322 432
322 525
322 72
322 920
322 42
322 2
322 73
322 718
322 113
322 331
550 725
550 366
550 766
550 161
550 657
550 154
550 91
550 894
550 827
550 527
406 743
406 142
406 723
406 544
406 258
406 11
406 694
406 410
406 500
406 892
692 478
692 118
692 112
692 261
692 223
692 540
692 142
692 42
692 741
692 904
10 586
10 310
10 382
10 794
10 31
10 684
10 785
10 549
10 629
10 722
459 574
459 76
459 309
459 662
459 741
459 164
459 97
459 877
459 551
459 690
784 524
784 894
784 676
784 829
784 808
784 176
784 498
784 442
784 538
784 356
712 509
712 314
712 788
712 262
712 128
712 654
712 268
712 694
712 782
712 765
735 608
735 182
735 495
735 234
735 410
735 558
735 511
735 109
735 186
735 28
846 314
846 580
846 304
846 192
846 416
846 839
846 570
846 883
846 477
846 209
964 128
964 860
964 578
964 140
964 216
964 857
964 687
964 455
964 456
964 713
124 42
124 781
124 770
124 758
124 172
124 660
124 202
124 731
124 874
124 910
979 928
979 602
979 680
979 748
979 117
979 106
979 303
979 40
979 22
979 536
862 578
862 628
862 218
862 731
862 804
862 48
862 748
862 709
862 57
908 539
908 220
908 538
908 402
908 496
908 224
908 949
908 438
908 493
908 733
56 326
56 894
56 516
56 991
56 556
56 488
56 72
56 769
56 483
56 742
286 711
286 533
286 582
286 944
286 73
286 198
286 261
286 488
286 341
286 573
387 683
387 117
387 839
387 867
387 864
387 845
387 749
387 698
387 259
387 797
800 578
800 19
800 191
800 287
800 484
800 737
800 151
800 340
800 892
800 186
104 11
104 794
104 914
104 977
104 743
104 723
104 816
104 258
104 637
104 997
219 891
219 540
219 638
219 772
219 864
219 671
219 111
219 628
219 439
219 157
298 92
298 2
298 184
298 118
298 938
298 468
298 48
298 159
298 250
298 989
987 460
987 466
987 953
987 435
987 806
987 701
987 760
987 538
987 679
987 407
512 346
512 807
512 66
512 787
512 951
512 719
512 319
512 291
512 969
512 621
916 133
916 628
916 153
916 647
916 689
916 233
916 385
916 178
916 875
916 716
405 391
405 126
405 532
405 688
405 9
405 486
405 791
405 203
405 982
405 989
484 986
484 737
484 186
484 340
484 12
484 394
484 510
484 287
484 578
854 591
854 285
854 343
854 113
854 144
854 141
854 969
854 584
854 88
854 960
216 314
216 468
216 304
216 524
216 662
216 687
216 341
216 331
216 740
810 466
810 983
810 8
810 338
810 772
810 947
810 829
810 417
810 296
810 688
427 114
427 899
427 595
427 909
427 458
427 53
427 103
427 736
427 639
427 564
993 753
993 741
993 972
993 213
993 28
993 504
993 890
993 325
993 140
993 688
572 938
572 545
572 577
572 763
572 229
572 727
572 463
572 369
572 306
572 906
859 631
859 548
859 379
859 687
859 716
859 939
859 438
859 700
859 907
859 408
465 637
465 890
465 296
465 502
465 590
465 557
465 101
465 514
465 892
465 621
467 511
467 959
467 841
467 547
467 710
467 378
467 89
467 174
467 464
467 865
555 870
555 115
555 184
555 808
555 227
555 154
555 558
555 92
555 874
555 610
626 390
626 125
626 829
626 676
626 304
626 127
626 924
626 210
626 817
295 83
295 246
295 68
295 763
295 777
295 118
295 943
295 588
295 291
295 746
931 585
931 873
931 386
931 275
931 630
931 725
931 489
931 82
931 778
931 836
55 645
55 538
55 896
55 909
55 544
55 212
55 84
55 792
55 106
55 799
424 803
424 151
424 294
424 905
424 613
424 288
424 994
424 253
424 224
424 360
249 359
249 33
249 519
249 604
249 386
249 187
249 579
249 663
249 331
249 860
411 392
411 64
411 78
411 276
411 301
411 12
411 913
411 837
411 116
411 492
276 548
276 323
276 681
276 759
276 12
276 86
276 69
276 157
276 646
285 664
285 520
285 88
285 591
285 141
285 241
285 671
285 570
285 343
223 764
223 850
223 791
223 927
223 757
223 795
223 540
223 246
223 746
947 109
947 162
947 584
947 984
947 548
947 656
947 963
947 962
947 469
534 96
534 969
534 648
534 528
534 707
534 368
534 34
534 807
534 202
534 592
580 452
580 514
580 9
580 792
580 416
580 116
580 323
580 209
580 348
138 980
138 271
138 677
138 482
138 814
138 355
138 147
138 988
138 245
138 919
926 618
926 18
926 573
926 85
926 157
926 537
926 380
926 803
926 21
926 693
229 906
229 751
229 577
229 244
229 545
229 892
229 709
229 727
229 763
469 38
469 511
469 584
469 694
469 330
469 697
469 434
469 911
91 693
91 827
91 599
91 766
91 725
91 366
91 894
91 161
91 103
239 379
239 268
239 471
239 224
239 716
239 847
239 237
239 331
239 413
239 501
335 352
335 441
335 353
335 708
335 909
335 444
335 130
335 693
335 654
335 548
599 21
599 868
599 154
599 584
599 320
599 130
599 452
599 587
599 869
329 156
329 915
329 730
329 212
329 673
329 199
329 468
329 645
329 977
329 179
821 131
821 66
821 189
821 952
821 895
821 455
821 524
821 323
821 0
821 129
100 952
100 189
100 895
100 345
100 703
100 0
100 826
100 143
100 354
100 455
998 969
998 703
998 669
998 485
998 162
998 776
998 616
998 279
998 130
998 832
796 453
796 808
796 861
796 228
796 222
796 296
796 464
796 350
796 851
796 133
930 752
930 82
930 624
930 447
930 275
930 77
930 27
930 574
930 613
930 724
732 390
732 763
732 121
732 885
732 210
732 197
732 924
732 134
732 817
732 897
945 205
945 226
945 832
945 290
945 515
945 257
945 655
945 412
945 845
945 3
638 122
638 472
638 372
638 67
638 374
638 111
638 651
638 842
638 864
758 731
758 172
758 431
758 864
758 770
758 781
758 42
758 874
758 660
588 342
588 957
588 256
588 861
588 114
588 591
588 375
588 26
588 893
937 79
937 240
937 714
937 477
937 486
937 107
937 838
937 575
937 18
937 231
891 111
891 794
891 454
891 982
891 67
891 439
891 126
891 391
891 502
798 921
798 946
798 951
798 222
798 84
798 875
798 420
798 414
798 252
798 883
868 508
868 21
868 608
868 587
868 869
868 79
868 130
868 848
868 499
756 263
756 776
756 346
756 432
756 718
756 872
756 41
756 541
756 114
756 834
871 19
871 58
871 860
871 118
871 242
871 896
871 212
871 954
871 904
871 107
238 548
238 508
238 449
238 977
238 569
238 972
238 323
238 693
238 461
238 496
180 866
180 149
180 630
180 370
180 139
180 365
180 448
180 807
180 491
180 267
940 881
940 769
940 326
940 991
940 150
940 516
940 866
940 23
940 563
940 556
307 189
307 345
307 306
307 321
307 502
307 562
307 101
307 673
307 910
307 691
486 643
486 621
486 136
486 441
486 291
486 86
486 338
486 447
553 48
553 827
553 787
553 13
553 711
553 652
553 741
553 471
553 791
553 893
956 476
956 627
956 953
956 825
956 184
956 699
956 218
956 968
956 119
956 81
914 141
914 260
914 575
914 425
914 882
914 48
914 232
914 558
914 963
935 105
935 674
935 178
935 851
935 155
935 911
935 443
935 380
935 761
935 282
518 293
518 262
518 619
518 557
518 631
518 169
518 360
518 705
518 97
518 4
706 476
706 81
706 968
706 388
706 132
706 965
706 289
706 47
706 119
706 699
201 589
201 773
201 7
201 299
201 188
201 51
201 398
201 274
201 686
999 981
999 919
999 767
999 703
999 9
999 463
999 123
999 645
999 775
999 457
492 532
492 913
492 392
492 618
492 943
492 837
492 328
492 849
492 64
214 381
214 793
214 584
214 112
214 529
214 537
214 215
214 78
214 809
214 939
443 845
443 835
443 885
443 308
443 654
443 483
443 157
443 163
443 694
324 477
324 92
324 468
324 213
324 596
324 714
324 869
324 378
324 768
324 453
840 611
840 858
840 384
840 445
840 812
840 301
840 453
840 433
840 887
840 938
418 263
418 242
418 280
418 62
418 429
418 779
418 878
418 934
418 191
418 66
889 400
889 903
889 80
889 425
889 513
889 381
889 813
889 587
889 63
889 408
204 590
204 472
204 196
204 730
204 222
204 106
204 674
204 158
204 478
204 172
371 364
371 730
371 566
371 768
371 503
371 977
371 199
371 835
371 754
371 594
407 806
407 433
407 685
407 774
407 690
407 757
407 642
407 92
407 813
959 272
959 663
959 710
959 89
959 549
959 645
959 292
959 460
959 841
506 674
506 225
506 911
506 242
506 763
506 105
506 93
506 282
506 155
506 14
672 818
672 234
672 349
672 292
672 437
672 612
672 356
672 344
672 256
672 856
43 436
43 514
43 328
43 260
43 614
43 901
43 637
43 747
43 531
43 788
682 112
682 125
682 22
682 826
682 308
682 531
682 420
682 593
682 788
571 170
571 968
571 476
571 119
571 289
571 132
571 388
571 81
571 803
571 441
838 350
838 395
838 384
838 451
838 752
838 363
838 529
838 474
838 330
240 775
240 231
240 609
240 79
240 477
240 920
240 714
240 716
240 13
967 368
967 640
967 277
967 619
967 517
967 641
967 522
967 515
967 542
967 50
6 190
6 170
6 765
6 670
6 603
6 481
6 495
6 624
6 456
6 134
251 616
251 770
251 941
251 805
251 574
251 283
251 719
251 946
251 622
251 191
833 279
833 87
833 369
833 815
833 727
833 577
833 600
833 616
833 7
833 545
333 992
333 45
333 348
333 131
333 918
333 16
333 713
333 185
333 715
333 922
902 435
902 68
902 974
902 787
902 875
902 11
902 194
902 744
902 989
902 586
429 774
429 319
429 934
429 36
429 182
429 66
429 62
429 779
429 878
610 844
610 631
610 25
610 409
610 321
610 438
610 876
610 24
610 623
107 79
107 446
107 654
107 339
107 231
107 659
107 346
107 477
330 737
330 384
330 809
330 176
330 529
330 350
330 363
330 395
198 341
198 300
198 192
198 881
198 944
198 130
198 711
198 533
198 261
677 259
677 369
677 814
677 193
677 357
677 988
677 963
677 482
677 147
46 557
46 774
46 804
46 134
46 140
46 59
46 984
46 890
46 257
46 409
320 886
320 629
320 560
320 668
320 478
320 671
320 509
320 830
320 923
45 54
45 243
45 713
45 185
45 922
45 715
45 808
45 131
45 404
849 913
849 943
849 250
849 64
849 990
849 837
849 290
849 989
849 549
661 884
661 635
661 536
661 653
661 440
661 266
661 200
661 535
661 47
661 657
852 374
852 501
852 847
852 71
852 237
852 471
852 780
852 77
852 413
852 497
378 145
378 220
378 86
378 328
378 252
378 309
378 165
378 388
500 749
500 683
500 797
500 738
500 259
500 863
500 252
500 698
500 679
278 851
278 865
278 47
278 948
278 650
278 627
278 961
278 389
278 412
278 118
505 614
505 264
505 983
505 397
505 479
505 559
505 634
505 430
505 896
505 755
5 881
5 254
5 573
5 134
5 170
5 318
5 495
5 786
5 113
5 624
403 768
403 826
403 472
403 934
403 112
403 118
403 770
403 481
403 468
403 361
60 880
60 532
60 896
60 927
60 227
60 85
60 942
60 61
60 473
60 966
110 848
110 375
110 200
110 137
110 729
110 366
110 554
110 549
110 598
110 905
146 33
146 517
146 50
146 519
146 522
146 775
146 542
146 934
146 720
146 458
150 85
150 397
150 61
150 676
150 227
150 927
150 921
150 375
150 473
475 312
475 898
475 144
475 39
475 248
475 617
475 27
475 74
475 347
475 855
554 242
554 137
554 157
554 921
554 262
554 172
554 379
554 951
554 420
936 93
936 452
936 111
936 664
936 361
936 112
936 966
936 733
936 156
936 41
949 254
949 296
949 733
949 220
949 741
949 401
949 493
949 539
949 402
559 755
559 614
559 264
559 397
559 634
559 983
559 430
559 721
559 485
962 41
962 293
962 826
962 306
962 581
962 173
962 452
962 700
962 42
586 521
586 382
586 722
586 77
586 629
586 115
586 310
586 684
799 318
799 498
799 128
799 433
799 708
799 37
799 989
799 331
799 551
316 772
316 44
316 90
316 882
316 837
316 83
316 974
316 346
316 997
316 193
975 327
975 503
975 194
975 236
975 504
975 382
975 490
975 15
975 932
975 290
181 724
181 208
181 759
181 433
181 168
181 879
181 806
181 523
181 404
181 4
750 917
750 606
750 811
750 450
750 824
750 819
750 446
750 546
750 448
750 753
470 728
470 694
470 332
470 700
470 449
470 206
470 581
470 925
470 235
470 173
624 670
624 607
624 170
624 134
624 551
624 765
624 495
102 973
102 870
102 958
102 726
102 496
102 367
102 662
102 93
102 569
102 373
228 507
228 92
228 370
228 647
228 130
228 196
228 13
228 787
228 116
272 673
272 745
272 872
272 639
272 248
272 981
272 841
272 601
272 831
905 793
905 294
905 360
905 366
905 994
905 253
905 288
905 613
313 8
313 563
313 108
313 297
313 625
313 421
313 762
313 951
313 708
313 515
906 727
906 828
906 545
906 577
906 463
906 47
906 369
906 549
670 170
670 12
670 134
670 495
670 547
670 841
670 456
670 866
461 932
461 803
461 15
461 990
461 194
461 647
461 327
461 490
461 972
511 772
511 237
511 434
511 38
511 412
511 451
511 497
479 804
479 328
479 368
479 976
479 261
479 11
479 344
479 77
479 441
565 434
565 641
565 583
565 247
565 148
565 30
565 813
565 883
565 893
565 656
561 751
561 603
561 950
561 910
561 36
561 370
561 856
561 832
561 118
863 749
863 698
863 683
863 8
863 259
863 655
863 290
863 3
863 252
487 526
487 857
487 509
487 98
487 543
487 49
487 195
487 853
487 95
487 978
685 192
685 280
685 83
685 642
685 258
685 1
685 918
685 221
685 185
328 84
328 724
328 145
328 489
328 309
328 441
21 587
21 27
21 130
21 779
21 869
21 608
21 438
691 14
691 155
691 497
691 766
691 456
691 282
691 673
691 752
691 12
241 591
241 152
241 757
241 570
241 88
241 343
241 787
241 141
241 520
400 607
400 652
400 841
400 80
400 4
400 903
400 425
400 408
400 513
34 96
34 648
34 707
34 700
34 592
34 242
34 665
34 528
34 202
336 69
336 190
336 164
336 302
336 480
336 510
336 304
336 739
336 907
336 747
850 764
850 566
850 159
850 774
850 338
850 421
850 843
850 389
850 757
858 611
858 78
858 230
858 966
858 318
858 166
858 843
858 301
858 887
473 61
473 77
473 227
473 901
473 880
473 85
473 942
473 927
642 192
642 455
642 918
642 757
642 63
642 75
642 992
642 434
178 260
178 543
178 133
178 689
178 647
178 385
178 153
178 16
516 742
516 769
516 991
516 390
516 326
516 483
516 35
516 556
623 409
623 25
623 876
623 321
623 438
623 844
623 631
623 24
623 697
815 573
815 669
815 576
815 625
815 702
815 616
815 279
815 137
815 402
933 82
933 92
933 764
933 825
933 365
933 491
933 109
933 149
933 807
933 267
37 736
37 377
37 217
37 458
37 564
37 686
37 639
37 627
37 53
462 848
462 717
462 314
462 58
462 919
462 248
462 323
462 317
462 742
462 123
245 120
245 482
245 814
245 355
245 919
245 980
245 271
245 928
245 147
640 641
640 542
640 277
640 126
640 720
640 50
640 522
640 619
640 517
922 992
922 791
922 752
922 54
922 185
922 131
922 48
922 918
44 997
44 346
44 193
44 995
44 974
44 986
44 882
44 83
44 90
357 978
357 782
357 381
357 143
357 934
357 952
357 74
357 426
357 88
783 721
783 870
783 293
783 678
783 52
783 415
783 600
783 576
783 152
783 396
925 173
925 332
925 206
925 728
925 581
925 153
925 707
925 235
925 114
80 63
80 513
80 607
80 903
80 408
80 381
80 425
80 111
135 524
135 665
135 399
135 415
135 970
135 27
135 771
135 744
135 795
135 950
439 391
439 67
439 111
439 129
439 794
439 126
439 671
439 982
519 386
519 860
519 604
519 579
519 602
519 33
519 187
519 663
530 426
530 280
530 527
530 274
530 551
530 745
530 302
530 767
530 894
530 96
866 493
866 491
866 548
866 456
866 453
866 803
866 538
136 507
136 988
136 305
136 621
136 291
136 447
136 615
136 86
136 788
481 244
481 608
481 309
481 65
481 811
481 401
481 125
481 996
208 879
208 300
208 759
208 168
208 175
208 717
208 875
208 323
208 523
361 495
361 482
361 430
361 61
361 542
361 256
361 669
828 900
828 177
828 812
828 179
828 777
828 705
828 20
828 985
828 740
171 641
171 441
171 948
171 349
171 192
171 602
171 386
171 436
171 665
171 870
704 801
704 75
704 337
704 70
704 243
704 447
704 393
704 659
704 876
704 653
831 426
831 116
831 787
831 785
831 566
831 35
831 780
831 549
831 464
215 145
215 710
215 112
215 683
215 254
215 389
215 539
215 493
215 220
710 471
710 939
710 141
710 174
710 89
710 547
710 225
702 625
702 485
702 669
702 616
702 170
702 87
702 137
702 826
702 279
604 663
604 386
604 579
604 389
604 33
604 187
604 359
604 996
24 876
24 697
24 438
24 321
24 25
24 495
24 903
24 409
351 266
351 211
351 109
351 657
351 38
351 440
351 535
351 884
351 57
351 339
527 608
527 597
527 766
527 827
527 366
527 899
527 161
527 894
761 893
761 175
761 886
761 671
761 356
761 923
761 830
761 478
761 488
152 292
152 341
152 396
152 576
152 600
152 870
152 678
152 52
546 824
546 428
546 819
546 811
546 446
546 606
546 450
546 989
546 917
997 398
997 787
997 193
997 142
997 882
997 346
997 90
177 740
177 474
177 728
177 666
177 451
177 777
177 900
177 541
177 20
310 943
310 684
310 629
310 382
310 722
310 636
310 250
583 713
583 148
583 656
583 813
583 883
583 876
583 985
583 179
583 247
127 966
127 176
127 649
127 306
127 41
127 562
127 207
127 115
127 558
489 82
489 202
489 836
489 275
489 778
489 724
489 441
489 630
302 739
302 69
302 514
302 164
302 480
302 747
302 499
302 907
490 504
490 242
490 15
490 194
490 932
490 68
490 236
490 327
16 715
16 153
16 647
16 385
16 207
16 689
16 133
16 865
658 325
658 601
658 460
658 422
658 790
658 436
658 23
658 233
658 634
658 651
715 452
715 713
715 131
715 185
715 263
715 918
715 207
221 192
221 248
221 159
221 261
221 548
221 793
221 960
221 994
221 743
767 457
767 224
767 775
767 703
767 123
767 1
767 919
423 334
423 453
423 695
423 99
423 842
423 358
423 675
423 597
423 311
423 646
284 440
284 372
284 654
284 816
284 657
284 123
284 985
284 939
284 294
284 870
823 751
823 856
823 263
823 203
823 897
823 314
823 976
823 255
823 647
377 686
377 331
377 217
377 639
377 564
377 736
377 627
377 458
377 53
785 802
785 118
785 414
785 845
785 94
785 281
785 832
785 867
729 109
729 308
729 334
729 822
729 695
729 47
729 311
729 842
729 816
944 417
944 64
944 304
944 261
944 652
944 582
944 711
944 533
179 148
179 191
179 247
179 509
179 359
179 120
179 985
248 169
248 717
248 75
248 872
248 210
248 720
19 603
19 77
19 159
19 954
19 2
19 338
19 676
19 525
30 7
30 247
30 148
30 883
30 892
30 939
30 872
30 579
30 656
879 168
879 717
879 759
879 256
879 300
879 743
879 175
879 523
888 726
888 973
888 885
888 596
888 373
888 791
888 367
888 569
888 496
888 835
122 725
122 673
122 737
122 363
122 595
122 268
122 453
122 190
122 543
680 106
680 536
680 22
680 40
680 303
680 117
680 595
680 928
680 602
318 573
318 791
318 196
318 167
318 299
318 892
318 458
592 746
592 202
592 665
592 648
592 96
592 368
592 528
592 707
362 422
362 325
362 289
362 963
362 651
362 233
362 790
362 812
362 601
362 801
369 463
369 915
369 727
369 577
369 545
369 896
793 288
793 780
793 133
793 103
793 613
793 994
793 192
457 904
457 776
457 435
457 919
457 1
457 123
457 816
457 760
606 428
606 972
606 826
606 450
606 446
606 824
606 811
606 213
149 491
149 807
149 448
149 370
149 365
149 162
149 733
149 267
734 822
734 188
734 543
734 376
734 598
734 645
734 350
734 636
734 589
734 510
0 952
0 303
0 354
0 910
0 455
0 895
0 189
0 143
235 901
235 173
235 728
235 581
235 700
235 449
235 206
235 332
678 182
678 52
678 90
678 600
678 101
678 396
678 576
678 745
340 394
340 737
340 986
340 186
340 287
340 982
340 578
340 848
731 660
731 172
731 733
731 873
731 2
731 770
731 42
35 496
35 116
35 991
35 787
35 296
35 426
35 101
35 541
95 978
95 225
95 195
95 857
95 98
95 526
95 853
95 139
95 49
158 636
158 426
158 589
158 598
158 877
158 376
158 822
158 929
158 633
431 909
431 444
431 33
431 593
431 353
431 342
431 733
431 352
431 696
601 812
601 790
601 233
601 981
601 23
601 422
601 651
594 977
594 364
594 233
594 69
594 605
594 503
594 989
594 754
594 730
525 73
525 314
525 498
525 200
525 72
525 113
525 718
525 432
898 312
898 144
898 74
898 855
898 39
898 347
898 372
898 839
898 28
211 943
211 57
211 266
211 535
211 884
211 976
211 38
211 440
211 573
442 160
442 374
442 524
442 234
442 689
442 250
442 666
442 674
442 648
339 566
339 419
339 401
339 567
339 190
339 275
339 65
339 94
627 686
627 53
627 543
627 736
627 217
627 639
297 108
297 70
297 8
297 628
297 421
297 515
297 654
297 762
297 708
667 159
667 508
667 453
667 445
667 54
667 637
667 992
667 232
667 121
667 308
622 509
622 109
622 805
622 191
622 76
622 941
622 283
622 719
622 574
952 354
952 143
952 345
952 455
952 426
952 895
632 281
632 275
632 834
632 836
632 778
632 441
632 548
632 724
632 630
632 82
225 98
225 49
225 745
225 978
225 853
225 857
225 352
498 72
498 331
498 432
498 356
498 73
498 113
498 368
961 510
961 389
961 851
961 521
961 948
961 188
961 412
961 650
961 865
445 664
445 82
445 69
445 292
445 689
445 234
445 172
445 133
501 847
501 780
501 497
501 471
501 413
501 428
501 928
501 237
105 282
105 488
105 791
105 911
105 674
105 155
105 14
105 200
847 413
847 167
847 153
847 497
847 510
847 237
847 471
344 420
344 356
344 292
344 437
344 349
344 123
344 818
344 612
70 108
70 708
70 160
70 421
70 659
70 337
70 654
70 900
560 886
560 524
560 923
560 246
560 478
560 176
560 668
560 509
560 932
531 116
531 896
531 788
531 514
531 637
531 31
531 901
531 436
955 780
955 8
955 17
955 334
955 355
955 414
955 120
955 47
955 466
955 129
438 631
438 876
438 321
438 25
958 293
958 569
958 973
958 662
958 20
958 373
958 367
958 835
958 693
28 558
28 996
28 855
28 504
28 144
28 103
28 590
334 646
334 99
334 842
334 695
334 311
334 597
334 358
444 352
444 696
444 825
444 764
444 353
444 593
444 466
444 909
197 368
197 924
197 385
197 210
197 817
197 250
197 390
197 121
197 960
520 570
520 293
520 591
520 391
520 343
520 781
520 141
520 88
853 978
853 543
853 526
853 98
853 857
853 195
853 49
917 27
917 819
917 824
917 446
917 665
917 540
917 428
917 366
174 464
174 385
174 907
174 579
174 841
174 628
174 547
174 89
802 867
802 338
802 488
802 281
802 832
802 696
802 872
802 263
802 417
293 262
293 600
293 509
293 156
293 169
753 342
753 417
753 213
753 196
753 644
753 450
753 725
753 325
230 545
230 587
230 887
230 63
230 301
230 166
230 809
230 611
230 843
855 681
855 617
855 144
855 39
855 312
855 74
855 347
345 354
345 455
345 910
345 895
345 189
345 315
345 143
711 965
711 652
711 830
711 533
711 582
711 261
790 651
790 770
790 812
790 325
790 422
790 233
790 23
62 36
62 934
62 878
62 66
62 598
62 161
62 280
62 779
224 417
224 965
224 786
224 801
224 721
312 779
312 90
312 839
312 88
312 617
312 422
312 347
745 714
745 786
745 256
745 687
745 563
745 142
552 881
552 514
552 739
552 222
552 873
552 644
552 573
552 907
552 271
552 575
990 145
990 775
990 953
990 4
990 144
990 414
990 74
990 347
206 449
206 173
206 587
206 728
206 581
206 332
206 564
582 533
582 319
582 521
582 596
582 410
582 261
582 652
915 896
915 212
915 995
915 449
915 370
915 254
915 132
915 644
117 22
117 106
117 303
117 602
117 536
117 928
281 71
281 832
281 309
281 845
281 867
281 870
281 551
66 280
66 36
66 779
66 874
66 934
528 707
528 96
528 202
528 160
528 404
528 595
528 648
635 47
635 507
635 834
635 820
635 910
635 981
635 74
635 139
992 131
992 703
992 918
992 185
992 547
992 480
305 621
305 447
305 86
305 291
305 779
305 615
305 11
305 811
305 433
266 657
266 535
266 38
266 884
266 440
266 338
266 63
233 651
233 812
233 716
233 422
577 612
577 545
577 727
577 463
577 763
11 544
11 723
11 637
11 743
11 258
319 772
319 58
319 968
319 825
319 472
319 904
319 764
183 654
183 394
183 843
183 681
183 896
183 776
183 488
183 768
183 574
539 529
539 220
539 493
539 657
539 145
539 254
539 848
877 376
877 929
877 856
877 822
877 664
877 636
877 598
877 255
86 291
86 246
86 963
86 621
86 447
980 147
980 988
980 814
980 120
980 355
980 271
980 482
980 294
1 744
1 897
1 969
1 123
1 813
1 976
1 399
190 566
190 629
190 401
190 567
190 788
190 65
686 639
686 217
686 736
686 38
686 154
686 53
818 597
818 356
818 721
818 437
818 292
818 612
818 349
818 808
264 755
264 397
264 634
264 430
264 614
264 864
264 364
264 983
829 579
829 502
829 768
829 892
829 549
829 814
454 957
454 274
454 548
454 331
454 843
454 332
454 904
454 31
720 517
720 50
720 304
720 619
720 7
720 277
720 522
816 881
816 890
816 315
816 875
816 904
816 2
128 420
128 703
128 314
128 199
128 562
128 609
128 256
941 574
941 805
941 76
941 109
941 283
941 719
941 191
941 946
736 639
736 217
736 53
736 458
736 564
760 538
760 701
760 860
760 460
760 985
760 435
760 679
760 953
391 126
391 67
391 972
391 452
391 982
391 600
762 300
762 108
762 421
762 882
762 515
762 894
762 8
762 139
372 436
372 434
372 668
372 985
372 718
372 384
372 562
160 628
160 575
160 159
160 47
160 533
160 23
160 374
995 590
995 673
995 683
995 256
995 193
995 781
995 593
995 966
187 33
187 860
187 359
187 988
187 386
187 579
187 663
474 20
474 363
474 666
474 772
474 395
474 541
474 605
474 451
413 237
413 471
413 379
413 510
413 497
413 780
356 612
356 721
356 437
356 349
660 172
660 42
660 874
660 770
660 363
660 918
660 231
650 412
650 851
650 806
650 948
650 865
650 389
650 521
650 721
878 885
878 125
878 774
878 934
878 763
878 779
878 242
14 911
14 618
14 659
14 826
14 674
14 155
14 282
163 890
163 414
163 764
163 36
163 140
163 809
163 681
649 64
649 759
649 213
649 983
649 115
649 730
649 306
649 558
649 41
393 954
393 873
393 337
393 75
393 801
393 653
393 243
393 659
700 673
700 332
700 581
700 173
700 93
255 976
255 899
255 924
255 856
255 897
255 751
255 996
777 740
777 451
777 541
777 165
777 20
777 308
777 666
811 819
811 450
811 428
811 901
811 446
119 81
119 388
119 968
119 132
119 699
119 289
119 476
277 50
277 676
277 641
277 522
277 619
277 542
277 517
609 165
609 13
609 97
609 65
609 856
609 920
609 744
609 701
502 791
502 129
502 648
502 213
502 396
502 101
437 234
437 612
437 971
437 349
437 103
437 292
26 436
26 331
26 585
26 342
26 114
26 375
26 861
26 893
26 268
209 585
209 792
209 348
209 9
209 27
209 182
209 570
209 416
71 776
71 65
71 899
71 567
71 681
71 12
71 196
71 401
267 162
267 448
267 984
267 365
267 807
267 491
267 751
537 118
537 544
537 39
537 258
537 913
537 809
537 549
537 694
724 630
724 778
724 275
724 441
724 836
96 775
96 13
96 368
96 64
96 881
232 996
232 875
232 985
232 159
232 585
232 483
232 57
232 508
435 953
435 806
435 701
435 396
435 460
435 679
566 94
566 401
566 567
566 419
566 65
244 701
244 763
244 113
244 676
244 953
244 567
244 419
244 338
156 982
156 92
156 93
156 304
156 263
156 741
156 87
390 121
390 755
390 817
390 564
390 924
390 210
499 907
499 508
499 68
499 296
499 480
499 875
499 608
499 747
311 646
311 842
311 175
311 99
311 358
311 695
311 597
141 88
141 824
141 343
141 591
504 300
504 556
504 15
504 932
504 194
504 236
226 167
226 655
226 257
226 290
226 414
226 965
226 3
226 205
253 360
253 151
253 994
253 615
253 59
253 294
253 288
253 613
663 154
663 860
663 386
663 33
663 359
186 394
186 986
186 63
186 737
186 287
186 544
299 963
299 309
299 51
299 575
299 716
299 188
299 274
607 425
607 983
607 513
607 40
607 162
607 668
607 408
207 728
207 464
207 109
207 865
207 647
207 76
207 434
913 954
913 837
913 64
913 618
913 392
913 943
363 384
363 395
363 529
363 404
363 759
379 15
379 410
379 237
379 497
379 716
379 919
373 973
373 726
373 596
373 246
373 569
373 367
373 496
260 605
260 94
260 436
260 59
260 514
260 637
260 697
631 876
631 705
631 25
631 321
631 409
521 412
521 754
521 960
521 851
521 865
521 948
195 526
195 49
195 857
195 845
195 98
195 289
195 543
687 93
687 911
687 939
687 166
687 92
687 8
97 169
97 752
97 957
97 705
97 557
97 4
97 262
115 306
115 819
115 434
115 41
115 558
115 966
523 938
523 323
523 911
523 168
523 256
523 175
523 759
392 213
392 837
392 602
392 881
392 64
392 884
972 359
972 881
972 920
972 396
972 315
82 101
82 836
82 630
82 275
746 263
746 169
746 246
746 142
746 268
746 698
746 714
739 13
739 747
739 164
739 892
739 69
739 907
739 752
787 116
787 426
18 618
18 79
18 463
18 433
18 222
18 231
18 738
18 714
843 887
843 611
843 291
843 301
843 681
844 212
844 25
844 869
844 643
844 529
844 321
844 876
844 22
595 464
595 472
595 776
595 786
595 897
595 99
742 483
742 395
742 556
742 769
742 676
742 326
742 991
398 274
398 188
398 51
398 773
398 7
398 563
283 191
283 805
283 719
283 384
283 540
283 76
283 946
921 212
921 547
921 615
921 782
921 984
921 108
921 951
205 3
205 382
205 900
205 257
205 12
205 290
205 167
974 90
974 909
974 193
974 83
974 64
974 346
974 882
236 68
236 194
236 327
236 563
236 932
236 15
236 532
287 737
287 513
287 986
287 765
287 394
287 578
48 252
48 971
48 834
48 54
48 584
493 482
493 402
493 254
493 145
493 220
773 188
773 51
773 7
773 778
773 384
773 681
773 274
932 68
932 194
932 15
932 327
262 557
262 705
262 4
262 169
262 782
690 203
690 644
690 342
690 164
690 76
690 315
690 721
690 873
69 664
69 747
69 480
69 164
40 303
40 954
40 801
40 928
40 22
40 776
40 536
636 633
636 929
636 589
636 598
636 376
636 822
996 837
996 359
996 381
996 668
996 585
59 151
59 325
59 717
59 300
59 984
59 129
59 969
857 49
857 98
857 978
857 526
634 397
634 755
634 430
634 477
634 200
634 614
804 247
804 748
804 709
804 57
804 218
804 99
567 401
567 65
567 419
567 94
567 111
814 988
814 355
814 120
814 271
814 147
701 165
701 953
701 460
701 679
701 77
524 923
524 954
524 304
524 449
765 495
765 170
765 268
765 768
765 134
666 13
666 740
666 20
666 541
666 165
666 451
8 352
8 593
8 466
899 468
899 982
899 920
899 564
899 809
899 52
994 294
994 151
994 288
994 613
994 360
200 675
200 848
200 47
200 167
200 196
425 903
425 813
425 513
425 408
425 633
317 882
317 538
317 738
317 605
317 78
317 154
317 812
317 836
317 176
154 463
154 83
154 210
154 121
585 570
585 343
585 416
585 9
585 644
696 874
696 909
696 488
696 872
696 593
696 353
696 352
478 671
478 668
478 923
478 886
478 830
825 772
825 764
825 880
825 781
825 31
825 143
337 659
337 243
337 801
337 549
337 151
337 653
337 75
259 58
259 797
259 749
259 698
259 252
259 683
653 243
653 659
653 151
653 801
653 75
643 864
643 693
643 131
643 769
643 488
643 803
643 533
643 68
615 984
615 579
615 402
615 771
615 396
615 603
659 199
659 951
659 243
669 485
669 616
669 279
669 625
669 87
669 137
147 120
147 988
147 355
147 482
147 271
325 109
325 651
325 234
325 422
380 808
380 246
380 885
380 308
380 694
380 463
380 157
380 282
533 261
533 341
533 652
884 440
884 38
884 535
884 657
884 969
112 826
112 42
112 472
112 468
718 432
718 331
718 562
718 73
718 72
718 113
365 370
365 448
365 162
365 807
365 491
365 754
738 591
738 929
738 203
738 332
738 79
738 538
738 125
887 611
887 31
887 78
887 166
887 301
887 300
61 85
61 532
61 786
61 227
61 880
61 942
668 671
668 886
668 830
668 923
415 954
415 950
415 744
415 795
415 399
415 17
415 970
611 301
611 166
611 886
611 296
611 78
420 139
420 57
420 551
420 951
420 703
726 367
726 791
726 496
726 662
726 569
726 973
726 957
148 656
148 382
148 813
148 247
148 874
148 985
140 890
140 456
140 774
140 809
140 213
140 920
271 120
271 355
271 482
271 573
603 440
603 612
603 617
603 674
603 456
603 142
87 137
87 485
87 162
87 279
87 616
87 625
782 984
782 618
782 27
782 909
782 733
782 705
101 296
101 966
101 621
101 217
166 538
166 809
166 382
166 301
166 78
432 920
432 73
432 72
432 113
432 645
965 861
965 960
965 703
965 652
965 590
965 42
399 744
399 950
399 795
399 970
399 17
399 771
788 436
788 901
788 514
788 637
728 173
728 449
728 929
728 581
621 291
621 447
621 835
51 7
51 274
51 188
51 563
51 584
455 189
455 895
455 354
90 83
90 142
90 346
90 193
202 707
202 770
202 665
202 648
395 529
395 741
395 364
395 384
395 350
422 651
422 23
422 812
664 385
664 744
664 376
664 584
664 450
388 699
388 289
388 81
388 132
388 476
388 968
218 57
218 176
218 709
218 766
218 557
218 748
39 839
39 74
39 617
39 347
39 144
39 648
108 515
108 900
108 708
108 625
108 421
795 771
795 348
795 17
795 950
795 970
845 832
845 338
845 662
845 867
257 655
257 167
257 3
257 633
257 290
452 982
452 869
452 587
452 234
675 477
675 261
675 464
675 755
675 890
675 250
675 848
675 31
314 562
314 861
314 803
860 33
860 359
860 381
280 988
280 83
280 873
280 126
280 12
164 480
164 414
164 747
164 907
807 491
807 368
807 448
730 364
730 989
730 503
730 977
730 835
326 483
326 488
326 681
326 556
326 991
326 769
185 918
185 713
185 131
185 417
296 162
296 709
976 751
976 897
976 182
976 856
76 805
76 191
76 551
76 946
681 234
681 220
347 617
347 144
347 839
347 74
103 515
103 971
103 161
103 951
161 472
161 366
161 766
161 827
161 873
289 476
289 699
289 81
289 132
382 684
382 722
382 629
589 376
589 929
589 633
589 598
589 747
589 822
247 883
247 458
247 84
247 656
743 410
743 723
743 575
743 258
151 360
151 613
769 556
769 991
769 508
769 483
665 368
665 707
665 648
665 27
645 646
645 304
645 673
645 212
189 354
189 895
189 143
189 910
755 430
755 370
755 614
755 983
920 72
920 2
920 88
359 33
359 938
536 928
536 848
536 303
536 22
536 106
695 842
695 358
695 99
695 597
695 646
695 453
872 809
872 203
872 939
872 263
946 191
946 719
946 883
946 805
946 574
646 727
646 99
646 597
303 928
303 22
303 106
303 602
880 786
880 85
880 927
880 942
880 227
880 532
416 792
416 570
416 9
416 348
416 526
121 456
121 924
121 210
121 817
121 184
157 694
157 308
157 713
157 885
541 165
541 740
541 20
541 451
13 507
13 820
13 775
939 809
939 93
939 716
367 662
367 973
367 496
367 569
367 835
557 169
557 4
557 309
557 705
754 977
754 488
754 957
754 364
754 89
754 503
775 919
775 614
775 123
404 684
404 864
404 759
404 168
404 971
404 300
353 352
353 381
353 441
353 593
353 466
353 909
17 263
17 970
17 771
17 950
17 744
428 417
428 450
428 824
428 819
428 446
605 786
605 748
605 94
605 709
605 184
605 176
827 464
827 366
827 725
827 766
827 894
360 288
360 449
360 294
360 613
717 300
717 629
717 243
717 447
717 323
67 381
67 111
67 184
67 126
67 794
67 246
370 768
370 491
370 973
950 771
950 744
950 970
394 125
394 986
394 737
394 989
394 578
617 839
617 74
617 776
617 144
343 2
343 942
343 591
343 88
655 548
655 963
655 3
655 290
655 456
689 385
689 153
689 133
689 54
689 647
969 231
969 346
969 433
203 856
203 125
203 698
203 873
203 751
535 38
535 440
535 315
535 657
535 573
497 471
497 237
497 780
23 874
23 651
23 315
23 875
168 759
168 971
168 175
168 323
168 938
515 421
515 900
515 708
633 376
633 162
633 929
633 822
688 332
688 448
688 192
688 12
688 466
688 943
688 890
733 971
733 145
733 402
20 740
20 451
20 165
42 839
797 679
797 683
797 820
797 749
797 901
797 971
797 698
389 948
389 851
389 341
402 220
402 145
402 254
402 396
196 58
196 167
196 986
217 458
217 564
217 53
217 639
279 137
279 616
279 625
279 485
99 358
99 842
99 597
752 2
752 644
752 805
752 350
778 836
778 275
778 630
778 988
778 540
986 578
986 737
938 118
938 250
938 175
938 89
419 983
419 65
419 129
419 94
419 401
419 31
662 341
662 835
662 551
458 639
458 53
873 358
873 573
352 909
352 466
352 593
598 929
598 822
598 376
698 252
698 683
698 749
460 817
460 806
460 679
460 953
83 869
83 882
824 450
824 596
824 819
824 446
837 716
837 64
837 943
757 375
757 774
757 725
757 764
757 397
830 584
830 671
830 54
830 886
830 923
722 684
722 629
722 250
722 927
817 210
817 291
817 564
817 924
587 869
587 608
587 130
707 780
707 397
707 648
358 507
358 842
358 509
358 597
900 421
900 708
900 73
791 764
464 341
464 547
529 434
529 350
529 384
719 792
719 805
719 574
495 134
495 170
50 676
50 542
50 522
50 619
50 517
781 772
781 883
781 763
781 874
781 910
886 671
886 923
886 509
723 875
723 9
723 593
723 544
723 410
723 258
766 894
766 366
766 954
618 703
618 943
618 120
63 544
63 903
63 513
63 434
73 113
73 72
73 410
496 569
496 973
4 169
4 705
4 803
786 942
786 703
867 574
867 693
867 832
867 970
867 309
895 143
895 354
895 910
593 466
397 430
397 614
397 774
973 569
973 596
2 355
2 875
716 79
7 125
7 288
81 699
81 132
81 476
81 968
53 639
53 564
834 820
834 84
834 507
834 306
834 558
834 981
960 590
960 159
960 192
960 576
960 52
901 436
901 637
901 514
162 448
243 575
243 801
243 75
342 375
342 417
342 114
342 421
342 893
426 608
426 129
426 116
36 142
36 779
36 93
36 934
36 885
693 803
693 31
693 92
354 772
354 652
354 143
41 306
41 966
41 558
748 709
748 176
748 348
748 57
472 341
472 315
472 468
58 644
58 562
58 749
58 252
822 376
822 929
751 897
751 856
49 978
49 54
49 98
49 526
881 106
881 848
315 644
315 153
315 923
771 839
771 970
771 727
430 614
430 983
430 928
805 191
212 951
212 27
212 896
764 890
145 220
145 254
52 182
52 576
52 600
52 870
52 396
820 981
820 84
820 507
820 139
656 510
656 963
656 192
656 883
671 210
366 894
896 348
79 477
79 714
79 231
436 893
485 616
485 137
485 625
485 375
374 924
374 93
374 468
374 741
374 575
374 433
608 130
608 116
446 450
446 819
957 699
957 697
957 386
957 31
139 978
139 981
139 507
72 113
72 676
549 839
94 433
94 401
94 65
747 907
747 480
93 741
332 581
332 173
155 408
155 282
155 911
155 674
155 9
450 819
614 983
904 864
904 776
904 242
904 903
740 451
740 165
740 812
907 480
727 463
727 545
199 480
199 641
199 482
199 188
199 3
199 84
396 576
977 364
977 503
977 780
697 25
697 409
697 794
697 222
697 414
338 222
338 417
447 652
447 291
306 562
306 558
222 563
222 808
222 409
570 348
570 9
570 591
417 184
982 126
982 263
15 194
15 453
15 327
170 134
170 456
885 308
885 153
885 694
410 812
410 258
410 544
133 153
133 647
133 385
772 434
651 749
246 569
246 282
988 503
851 865
851 412
851 948
927 85
927 942
927 227
927 503
510 250
510 776
544 258
714 231
714 477
714 213
414 792
22 106
22 602
75 882
75 801
75 948
84 981
84 309
123 596
123 919
376 929
480 288
647 385
327 563
327 98
327 194
327 538
381 254
381 513
184 806
184 874
184 654
137 625
137 364
172 644
172 590
172 770
85 942
85 532
85 227
386 33
386 780
220 254
545 463
545 808
252 683
252 749
408 903
408 813
408 532
841 547
841 89
841 628
841 673
612 721
612 304
612 349
792 348
792 9
792 182
274 563
274 188
167 237
167 3
576 870
576 600
576 182
556 628
556 483
556 991
749 683
129 705
129 268
129 31
584 54
551 409
551 309
574 109
288 294
288 613
924 210
924 954
540 27
540 794
540 77
540 985
449 581
449 173
120 509
120 355
596 836
596 142
637 514
476 968
476 132
476 699
290 3
876 321
876 25
471 237
471 741
468 808
193 346
193 142
193 882
591 88
641 542
641 619
641 522
641 517
903 513
903 813
543 526
543 864
543 978
713 918
713 131
713 971
892 508
57 709
78 966
78 301
78 991
836 630
836 275
65 401
562 725
503 835
503 364
165 451
165 526
616 625
54 708
54 368
893 375
893 861
893 114
619 517
619 542
619 923
984 819
984 774
466 250
861 590
861 375
861 897
861 114
629 684
258 826
978 98
971 292
971 483
364 835
130 869
679 491
679 806
679 953
227 942
227 532
826 12
308 694
308 433
38 657
38 440
412 948
412 865
412 590
768 268
813 513
114 832
114 375
721 806
721 349
547 89
547 628
737 578
578 125
176 709
794 652
794 111
794 126
966 508
213 725
774 628
744 970
153 385
282 911
282 674
676 323
182 348
182 600
321 409
321 25
526 98
421 708
384 350
657 440
989 159
865 948
763 92
143 910
673 453
725 175
89 864
89 77
355 482
897 68
806 953
963 575
963 242
111 126
448 491
801 954
928 602
159 242
522 848
522 517
522 542
131 918
483 991
770 590
942 532
705 169
106 602
911 674
630 256
630 275
684 350
294 613
934 779
842 597
175 759
175 256
542 517
803 68
292 349
292 234
968 132
968 699
477 231
409 25
68 194
74 144
349 301
350 943
132 699
581 173
507 981
169 579
644 575
870 600
