496 905
496 797
496 798
496 215
496 950
496 565
496 328
496 254
496 126
496 293
730 150
730 309
730 356
730 803
730 960
730 986
730 126
730 389
730 862
730 907
59 803
59 456
59 271
59 446
59 317
59 62
59 524
59 709
59 651
59 888
729 480
729 630
729 899
729 558
729 42
729 639
729 812
729 562
729 556
729 843
447 900
447 781
447 440
447 284
447 905
447 318
447 511
447 922
447 640
447 720
545 212
545 523
545 826
545 297
545 17
545 491
545 90
545 715
545 898
545 53
369 87
369 305
369 537
369 209
369 989
369 986
369 536
369 607
369 653
369 513
625 965
625 610
625 99
625 556
625 284
625 273
625 603
625 738
625 627
625 680
682 370
682 459
682 950
682 964
682 419
682 810
682 37
682 446
682 117
682 391
856 767
856 554
856 954
856 817
856 352
856 646
856 138
856 342
856 912
856 911
508 935
508 675
508 116
508 801
508 450
508 406
508 970
508 77
508 831
508 62
969 14
969 592
969 468
969 245
969 579
969 951
969 475
969 26
969 846
969 453
195 873
195 224
195 314
195 660
195 217
195 883
195 507
195 533
195 499
195 479
509 136
509 23
509 732
509 584
509 995
509 761
509 404
509 807
509 601
509 717
469 890
469 542
469 395
469 742
469 385
469 650
469 259
469 151
469 792
469 188
977 262
977 857
977 520
977 557
977 235
977 280
977 601
977 604
977 734
977 891
343 797
343 595
343 605
343 267
343 642
343 25
343 565
343 142
343 104
343 691
609 243
609 516
609 774
609 247
609 840
609 984
609 418
609 838
609 45
609 994
501 884
501 855
501 629
501 880
501 264
501 452
501 695
501 309
501 562
501 187
966 340
966 365
966 941
966 420
966 869
966 285
966 376
966 850
966 490
966 34
21 739
21 704
21 148
21 234
21 988
21 54
21 293
21 624
21 13
21 130
329 280
329 493
329 557
329 220
329 86
329 748
329 419
329 446
329 929
329 693
702 243
702 994
702 695
702 221
702 840
702 838
702 102
702 715
702 247
702 934
956 480
956 760
956 844
956 991
956 475
956 944
956 739
956 486
956 257
956 855
433 776
433 849
433 760
433 660
433 841
433 16
433 635
433 818
433 690
433 783
502 588
502 727
502 762
502 846
502 202
502 848
502 939
502 41
502 768
502 866
42 764
42 330
42 766
42 352
42 772
42 380
42 314
42 284
42 892
388 492
388 794
388 9
388 589
388 669
388 870
388 992
388 405
388 175
388 550
698 687
698 359
698 699
698 833
698 529
698 504
698 154
698 18
698 251
698 120
958 546
958 105
958 273
958 353
958 895
958 114
958 785
958 794
958 9
958 405
381 640
381 412
381 333
381 829
381 725
381 732
381 411
381 510
381 568
381 476
985 936
985 792
985 946
985 363
985 516
985 225
985 962
985 371
985 669
985 881
348 201
348 344
348 814
348 592
348 829
348 476
348 912
348 901
348 669
348 341
579 852
579 535
579 894
579 192
579 222
579 503
579 289
579 961
579 973
790 136
790 853
790 602
790 532
790 768
790 654
790 300
790 753
790 131
790 423
924 8
924 624
924 446
924 942
924 39
924 186
924 891
924 271
924 572
924 676
122 39
122 32
122 640
122 158
122 8
122 436
122 183
122 244
122 993
122 851
236 183
236 203
236 270
236 327
236 823
236 70
236 711
236 807
236 262
236 836
163 845
163 2
163 309
163 937
163 404
163 913
163 471
163 137
163 750
163 249
799 626
799 305
799 574
799 197
799 339
799 848
799 664
799 801
799 850
799 561
867 174
867 13
867 256
867 935
867 130
867 78
867 80
867 797
867 33
867 476
638 586
638 846
638 126
638 887
638 709
638 778
638 824
638 823
638 618
638 464
466 671
466 789
466 408
466 680
466 975
466 744
466 232
466 613
466 330
466 952
692 91
692 628
692 765
692 110
692 568
692 998
692 321
692 979
692 971
692 752
283 620
283 129
283 526
283 755
283 518
283 548
283 587
283 201
283 354
283 376
4 79
4 849
4 928
4 35
4 885
4 581
4 464
4 41
4 266
4 878
338 571
338 684
338 212
338 726
338 886
338 78
338 818
338 583
338 834
338 268
157 428
157 124
157 931
157 712
157 522
157 24
157 489
157 861
157 824
157 384
580 395
580 852
580 124
580 949
580 75
580 300
580 917
580 296
580 910
580 872
19 411
19 635
19 918
19 70
19 710
19 336
19 486
19 449
19 512
19 939
875 234
875 570
875 530
875 574
875 512
875 728
875 671
875 386
875 854
875 901
396 763
396 909
396 756
396 328
396 187
396 422
396 107
396 594
396 188
396 94
633 239
633 250
633 166
633 63
633 161
633 410
633 139
633 481
633 932
633 296
5 556
5 837
5 695
5 353
5 923
5 914
5 40
5 555
5 645
5 927
482 269
482 62
482 602
482 834
482 844
482 40
482 44
482 241
482 795
482 362
445 612
445 263
445 888
445 352
445 92
445 391
445 842
445 253
445 112
445 47
983 561
983 852
983 728
983 114
983 287
983 324
983 265
983 113
983 306
983 734
519 686
519 968
519 704
519 938
519 358
519 999
519 464
519 48
519 889
519 700
932 136
932 166
932 525
932 514
932 233
932 690
932 885
932 517
932 302
132 199
132 448
132 31
132 941
132 452
132 640
132 308
132 336
132 553
132 695
523 212
523 394
523 491
523 715
523 297
523 472
523 53
523 914
523 341
398 812
398 235
398 471
398 707
398 441
398 8
398 993
398 770
398 390
398 76
413 230
413 325
413 176
413 909
413 712
413 427
413 49
413 943
413 271
413 426
240 914
240 449
240 775
240 844
240 65
240 783
240 324
240 904
240 517
240 281
241 194
241 464
241 362
241 901
241 541
241 372
241 749
241 581
241 671
584 934
584 98
584 531
584 123
584 761
584 43
584 347
584 151
584 147
805 160
805 850
805 210
805 335
805 975
805 1
805 418
805 177
805 906
805 108
88 813
88 797
88 118
88 608
88 387
88 800
88 786
88 629
88 170
88 185
331 443
331 110
331 694
331 188
331 678
331 172
331 401
331 465
331 505
331 256
359 901
359 699
359 687
359 120
359 480
359 18
359 251
359 154
359 406
754 75
754 54
754 572
754 213
754 453
754 616
754 73
754 775
754 440
754 812
50 135
50 487
50 816
50 357
50 556
50 980
50 548
50 429
50 577
50 705
346 315
346 507
346 349
346 644
346 161
346 673
346 67
346 778
346 114
346 527
431 903
431 571
431 583
431 996
431 181
431 563
431 787
431 322
431 715
431 605
940 709
940 792
940 793
940 410
940 324
940 529
940 657
940 230
940 362
940 780
25 278
25 640
25 62
25 207
25 742
25 524
25 397
25 643
25 679
289 535
289 894
289 973
289 961
289 948
289 222
289 852
289 182
289 503
169 775
169 873
169 798
169 709
169 168
169 273
169 456
169 78
169 237
169 745
764 201
764 852
764 869
764 352
764 485
764 583
764 415
764 772
764 972
857 766
857 351
857 193
857 442
857 159
857 113
857 274
857 56
857 393
111 642
111 551
111 697
111 596
111 307
111 762
111 380
111 15
111 489
111 834
477 416
477 909
477 968
477 651
477 177
477 273
477 980
477 133
477 988
477 210
528 767
528 878
528 576
528 341
528 931
528 955
528 971
528 202
528 291
528 831
994 470
994 840
994 243
994 838
994 831
994 418
994 247
994 102
382 378
382 543
382 408
382 784
382 810
382 586
382 77
382 74
382 352
382 216
711 259
711 674
711 997
711 416
711 568
711 534
711 421
711 577
711 374
400 761
400 268
400 28
400 357
400 912
400 393
400 451
400 355
400 321
400 296
701 935
701 179
701 745
701 165
701 70
701 939
701 899
701 64
701 112
701 265
422 715
422 328
422 909
422 244
422 708
422 107
422 594
422 763
422 756
220 693
220 929
220 86
220 337
220 848
220 468
220 419
220 493
220 748
770 269
770 260
770 390
770 95
770 602
770 362
770 861
770 165
770 299
714 577
714 743
714 898
714 389
714 171
714 765
714 672
714 819
714 364
714 925
258 688
258 622
258 69
258 327
258 317
258 100
258 957
258 635
258 597
258 96
473 517
473 529
473 615
473 520
473 415
473 657
473 652
473 778
473 73
473 334
134 526
134 427
134 92
134 458
134 930
134 886
134 788
134 49
134 819
134 412
703 758
703 697
703 807
703 925
703 228
703 847
703 909
703 438
703 846
703 821
216 785
216 292
216 170
216 118
216 803
216 378
216 185
216 813
216 800
247 838
247 99
247 877
247 816
247 840
247 243
247 102
276 7
276 593
276 596
276 410
276 183
276 788
276 944
276 804
276 773
276 567
298 984
298 490
298 127
298 82
298 668
298 991
298 77
298 121
298 99
298 906
606 291
606 470
606 30
606 646
606 733
606 920
606 127
606 767
606 947
606 811
845 937
845 792
845 2
845 335
845 249
845 385
845 137
845 750
845 913
943 863
943 909
943 11
943 712
943 426
943 310
943 230
943 325
943 814
275 660
275 705
275 821
275 315
275 437
275 495
275 854
275 906
275 66
275 407
827 490
827 948
827 695
827 407
827 357
827 510
827 761
827 387
827 123
827 731
569 104
569 688
569 69
569 142
569 214
569 171
569 624
569 15
569 205
569 743
779 811
779 585
779 48
779 435
779 793
779 522
779 708
779 192
779 736
779 765
500 52
500 673
500 947
500 542
500 43
500 706
500 68
500 395
500 238
500 159
945 834
945 660
945 176
945 506
945 299
945 198
945 98
945 36
945 266
945 95
902 465
902 837
902 185
902 663
902 14
902 257
902 175
902 26
902 967
902 809
925 847
925 430
925 511
925 72
925 591
925 872
925 378
925 705
824 489
824 124
824 618
824 778
824 697
824 384
824 861
824 823
115 631
115 855
115 647
115 891
115 139
115 0
115 483
115 818
115 457
115 217
316 312
316 982
316 749
316 834
316 697
316 136
316 667
316 318
316 959
316 453
119 273
119 718
119 704
119 99
119 713
119 742
119 566
119 242
119 933
119 430
435 696
435 452
435 448
435 765
435 610
435 976
435 456
435 784
435 505
11 762
11 230
11 437
11 909
11 565
11 903
11 273
11 325
11 426
527 988
527 66
527 58
527 817
527 497
527 14
527 74
527 61
527 475
903 598
903 664
903 915
903 583
903 356
903 830
903 504
903 563
76 897
76 554
76 971
76 218
76 116
76 811
76 626
76 839
76 718
738 385
738 131
738 699
738 485
738 871
738 578
738 147
738 158
738 273
184 264
184 399
184 319
184 224
184 550
184 253
184 61
184 996
184 670
184 632
537 173
537 141
537 285
537 305
537 87
537 209
537 607
537 653
537 986
497 74
497 442
497 990
497 14
497 532
497 475
497 811
497 488
497 971
768 180
768 704
768 69
768 688
768 423
768 96
768 171
768 597
848 309
848 844
848 207
848 815
848 905
848 354
848 202
432 252
432 306
432 853
432 383
432 613
432 742
432 313
432 125
432 223
432 880
787 896
787 851
787 996
787 926
787 0
787 679
787 982
787 408
787 970
270 1
270 576
270 100
270 823
270 930
270 198
270 597
270 643
270 660
725 683
725 61
725 816
725 71
725 470
725 200
725 342
725 865
725 197
190 288
190 265
190 303
190 734
190 136
190 92
190 13
190 879
190 138
190 308
207 56
207 667
207 478
207 585
207 223
207 838
207 48
207 27
365 964
365 813
365 869
365 568
365 912
365 29
365 998
365 233
365 941
733 144
733 872
733 670
733 470
733 210
733 997
733 598
733 734
733 193
483 746
483 15
483 718
483 642
483 463
483 20
483 406
483 815
483 374
954 326
954 1
954 999
954 911
954 825
954 665
954 248
954 75
954 229
751 416
751 246
751 917
751 566
751 904
751 373
751 538
751 720
751 425
751 549
890 866
890 659
890 378
890 560
890 655
890 639
890 542
890 244
890 423
360 451
360 895
360 117
360 923
360 885
360 999
360 208
360 249
360 494
360 511
739 126
739 879
739 295
739 760
739 148
739 599
739 690
739 255
174 49
174 130
174 212
174 439
174 256
174 33
174 80
174 78
174 13
505 465
505 930
505 562
505 110
505 690
505 172
505 610
505 136
614 146
614 429
614 69
614 878
614 772
614 385
614 364
614 286
614 542
614 390
777 950
777 263
777 756
777 802
777 771
777 494
777 588
777 757
777 995
777 244
225 364
225 936
225 193
225 356
225 810
225 923
225 972
225 946
225 371
443 353
443 992
443 73
443 963
443 870
443 699
443 825
443 379
443 309
82 839
82 79
82 876
82 1
82 345
82 552
82 984
82 307
82 935
623 618
623 233
623 560
623 31
623 862
623 666
623 81
623 836
623 928
623 351
44 342
44 406
44 675
44 63
44 265
44 121
44 66
44 906
44 676
102 243
102 461
102 455
102 561
102 838
102 418
102 840
402 387
402 815
402 335
402 933
402 317
402 490
402 85
402 683
402 434
402 395
978 405
978 182
978 553
978 860
978 200
978 684
978 716
978 35
978 847
978 664
278 647
278 197
278 815
278 64
278 822
278 783
278 735
278 39
278 281
454 597
454 586
454 172
454 104
454 255
454 795
454 705
454 822
454 311
454 194
401 678
401 188
401 172
401 457
401 987
401 465
401 110
401 642
401 720
472 450
472 158
472 600
472 832
472 819
472 947
472 868
472 989
472 30
670 479
670 172
670 632
670 489
670 322
670 144
670 889
670 181
199 897
199 191
199 448
199 615
199 73
199 720
199 24
199 244
199 197
282 705
282 935
282 392
282 908
282 29
282 540
282 342
282 792
282 71
282 648
6 250
6 987
6 57
6 332
6 675
6 731
6 89
6 689
6 949
6 968
116 823
116 377
116 326
116 913
116 155
116 651
116 636
116 468
152 491
152 533
152 58
152 920
152 549
152 459
152 611
152 863
152 510
152 314
170 629
170 800
170 387
170 244
170 786
170 185
170 813
170 118
140 303
140 864
140 260
140 529
140 429
140 138
140 677
140 964
140 177
140 245
870 843
870 778
870 817
870 992
870 668
870 589
870 380
870 175
55 588
55 605
55 673
55 774
55 31
55 78
55 498
55 915
55 106
55 409
237 238
237 772
237 93
237 592
237 588
237 98
237 406
237 442
237 168
662 645
662 719
662 462
662 279
662 916
662 865
662 108
662 65
662 208
662 972
686 38
686 351
686 446
686 490
686 302
686 208
686 121
686 953
686 299
51 962
51 363
51 194
51 511
51 621
51 36
51 223
51 342
51 478
51 655
532 608
532 736
532 340
532 246
532 990
532 947
532 367
532 704
665 911
665 229
665 75
665 825
665 248
665 52
665 279
665 999
665 1
691 616
691 358
691 964
691 302
691 267
691 720
691 428
691 938
691 651
375 659
375 694
375 85
375 650
375 948
375 296
375 895
375 397
375 923
375 234
858 67
858 211
858 571
858 859
858 165
858 953
858 350
858 141
858 261
858 394
226 93
226 485
226 73
226 504
226 812
226 591
226 847
226 150
226 679
226 654
277 373
277 878
277 458
277 355
277 64
277 849
277 393
277 28
277 627
277 321
138 798
138 29
138 437
138 335
138 591
138 303
138 513
393 357
393 991
393 43
393 321
393 761
393 28
393 355
685 328
685 743
685 481
685 728
685 955
685 335
685 459
685 450
685 386
685 699
791 458
791 921
791 581
791 491
791 416
791 549
791 455
791 131
791 851
791 637
575 889
575 303
575 931
575 46
575 114
575 367
575 674
575 164
575 826
575 964
919 808
919 227
919 72
919 366
919 368
919 128
919 661
919 771
919 196
919 438
750 937
750 913
750 137
750 249
750 91
750 560
750 471
750 2
287 734
287 742
287 521
287 577
287 100
287 342
287 306
287 749
287 265
637 101
637 481
637 320
637 279
637 310
637 12
637 105
637 860
637 955
135 541
135 720
135 453
135 745
135 525
135 968
135 859
135 553
135 81
997 534
997 674
997 590
997 621
997 374
997 689
997 421
997 516
150 309
150 363
150 752
150 591
150 891
150 263
150 541
150 847
753 131
753 64
753 654
753 426
753 939
753 817
753 242
753 530
753 467
976 627
976 549
976 951
976 189
976 274
976 590
976 58
976 323
976 700
326 836
326 825
326 221
326 898
326 167
326 762
326 307
326 263
457 16
457 930
457 660
457 526
457 266
457 300
457 796
457 201
186 611
186 642
186 718
186 168
186 949
186 347
186 809
186 829
186 218
420 126
420 658
420 484
420 200
420 143
420 444
420 231
420 133
420 666
544 91
544 65
544 336
544 850
544 915
544 126
544 970
544 498
544 246
544 621
291 127
291 774
291 214
291 550
291 988
291 740
291 778
291 831
355 321
355 411
355 761
355 357
355 142
355 28
355 744
227 869
227 128
227 196
227 85
227 179
227 991
227 708
227 366
227 72
599 796
599 667
599 652
599 412
599 37
599 721
599 389
599 198
599 740
377 678
377 142
377 726
377 490
377 913
377 759
377 308
377 486
377 281
543 77
543 578
543 113
543 73
543 307
543 759
543 380
543 215
543 555
173 814
173 975
173 0
173 920
173 604
173 235
173 242
173 855
173 646
484 257
484 149
484 229
484 600
484 741
484 872
484 632
484 759
484 891
233 731
233 15
233 514
233 624
233 810
233 679
233 912
535 961
535 868
535 177
535 648
535 894
535 222
535 973
535 852
112 136
112 888
112 842
112 745
112 612
112 391
112 92
112 253
474 615
474 894
474 803
474 414
474 846
474 844
474 126
474 952
474 304
474 957
196 661
196 72
196 438
196 808
196 368
196 632
196 128
196 366
589 992
589 539
589 9
589 861
589 794
589 405
589 492
589 16
471 137
471 249
471 937
471 817
471 974
471 712
471 2
206 723
206 255
206 684
206 315
206 162
206 62
206 311
206 608
206 352
206 397
782 178
782 980
782 801
782 836
782 722
782 719
782 302
782 212
782 568
782 437
219 675
219 351
219 129
219 371
219 889
219 998
219 194
219 143
219 479
219 990
721 117
721 974
721 245
721 179
721 441
721 503
721 84
721 81
721 972
546 938
546 785
546 266
546 349
546 504
546 3
546 995
546 564
546 144
511 796
511 327
511 900
511 775
511 127
511 221
600 995
600 602
600 95
600 819
600 149
600 175
600 998
600 741
304 847
304 232
304 451
304 581
304 37
304 314
304 749
304 67
304 649
536 488
536 671
536 990
536 960
536 531
536 349
536 73
536 655
536 354
780 29
780 926
780 193
780 136
780 616
780 640
780 58
780 73
780 571
210 989
210 906
210 455
210 440
210 927
210 980
210 372
379 459
379 224
379 748
379 340
379 900
379 529
379 390
379 877
379 347
330 179
330 744
330 573
330 652
330 358
330 411
330 476
330 789
710 874
710 975
710 887
710 896
710 872
710 177
710 63
710 425
710 752
177 737
177 416
177 109
177 961
177 201
202 524
202 820
202 617
202 476
202 767
202 576
202 542
154 18
154 251
154 874
154 687
154 352
154 63
154 699
154 120
156 784
156 434
156 191
156 646
156 319
156 832
156 952
156 106
156 541
156 328
264 640
264 79
264 840
264 863
264 982
264 487
264 959
264 655
83 880
83 448
83 864
83 960
83 920
83 146
83 428
83 378
83 675
83 201
829 238
829 507
829 284
829 743
829 347
829 495
829 380
663 757
663 850
663 389
663 668
663 203
663 460
663 672
663 636
663 837
557 437
557 262
557 250
557 887
557 576
557 906
557 322
557 468
942 160
942 221
942 825
942 389
942 161
942 801
942 296
942 467
942 707
631 139
631 3
631 647
631 144
631 904
631 855
631 700
631 818
631 79
944 763
944 257
944 31
944 991
944 798
944 451
944 811
944 813
307 921
307 719
307 651
307 596
307 636
307 79
783 653
783 570
783 749
783 142
783 965
783 911
783 137
176 271
176 299
176 36
176 95
176 713
176 603
176 774
176 314
485 352
485 109
485 147
485 832
485 403
485 322
485 468
93 648
93 808
93 97
93 147
93 221
93 411
93 889
93 621
450 235
450 77
450 85
450 863
450 678
450 192
450 30
84 836
84 336
84 560
84 547
84 893
84 658
84 974
84 334
84 403
896 63
896 874
896 515
896 749
896 949
896 57
896 868
896 222
38 481
38 728
38 719
38 86
38 618
38 538
38 46
38 884
38 191
551 182
551 892
551 325
551 731
551 24
551 823
551 248
551 141
551 327
763 107
763 830
763 328
763 94
763 339
763 756
763 594
955 765
955 498
955 772
955 481
955 158
955 105
955 320
361 735
361 399
361 963
361 850
361 452
361 608
361 842
361 785
361 324
361 996
386 728
386 613
386 198
386 615
386 736
386 671
386 865
386 27
121 274
121 101
121 490
121 8
121 406
121 63
121 756
7 295
7 183
7 788
7 773
7 593
7 410
7 64
7 617
7 804
567 139
567 719
567 593
567 66
567 541
567 771
567 814
567 981
567 492
612 391
612 428
612 598
612 842
612 641
612 821
612 888
612 253
69 597
69 96
69 263
69 622
69 957
69 688
106 517
106 487
106 409
106 695
106 144
106 866
106 911
106 525
234 747
234 923
234 704
234 707
234 85
234 395
234 906
439 618
439 510
439 724
439 467
439 256
439 353
439 636
439 33
439 596
417 666
417 981
417 168
417 657
417 223
417 931
417 708
417 47
417 554
417 836
560 91
560 335
560 931
560 336
560 266
560 982
802 372
802 403
802 769
802 317
802 889
802 367
802 816
802 52
802 58
521 317
521 204
521 622
521 165
521 756
521 696
521 828
521 267
521 861
617 159
617 40
617 541
617 621
617 645
617 644
617 613
617 593
493 627
493 337
493 929
493 891
493 419
493 86
493 693
493 892
555 586
555 840
555 425
555 230
555 556
555 901
555 578
555 697
438 495
438 807
438 661
438 368
438 808
438 846
438 128
619 263
619 203
619 104
619 878
619 747
619 550
619 897
619 900
619 372
619 837
676 872
676 395
676 8
676 831
676 866
676 344
676 851
676 101
905 158
905 952
905 900
905 462
905 604
905 319
905 922
487 217
487 409
487 762
487 672
487 807
487 218
487 318
740 129
740 39
740 46
740 771
740 776
740 628
740 314
740 681
60 887
60 583
60 426
60 871
60 470
60 424
60 879
60 285
60 467
60 712
407 334
407 357
407 917
407 784
407 335
407 194
407 807
407 347
841 406
841 865
841 603
841 288
841 192
841 570
841 427
841 811
841 965
972 566
972 356
972 534
972 47
972 373
972 636
280 448
280 61
280 513
280 929
280 145
280 959
280 960
280 71
269 916
269 114
269 462
269 720
269 651
269 602
269 907
269 362
517 775
517 525
517 254
517 303
517 926
517 499
153 821
153 635
153 918
153 938
153 33
153 178
153 566
153 70
153 760
153 180
571 935
571 73
571 261
571 953
571 350
571 211
442 948
442 56
442 159
442 886
442 245
442 464
442 201
92 412
92 886
92 578
92 621
92 819
92 531
332 250
332 717
332 731
332 452
332 89
332 968
332 835
332 689
332 987
229 999
229 938
229 368
229 539
229 248
229 891
229 825
337 419
337 693
337 61
337 929
337 86
337 235
337 626
337 627
198 95
198 274
198 506
198 299
198 98
198 36
758 244
758 204
758 650
758 749
758 231
758 970
758 444
758 448
758 658
327 317
327 897
327 512
327 892
327 684
327 429
643 727
643 572
643 8
643 776
643 131
643 681
643 880
643 397
46 475
46 772
46 448
46 988
46 934
46 74
46 645
630 899
630 639
630 562
630 333
630 75
630 812
630 918
630 803
630 510
693 748
693 626
693 627
693 419
693 86
693 929
628 880
628 367
628 448
628 717
628 341
628 480
628 149
628 992
539 993
539 601
539 727
539 452
539 814
539 244
539 43
539 205
620 587
620 746
620 518
620 376
620 354
620 224
620 755
620 877
620 504
574 766
574 499
574 559
574 530
574 570
574 512
574 305
574 755
461 288
461 749
461 255
461 624
461 603
461 761
461 696
461 988
461 462
424 822
424 838
424 65
424 440
424 141
424 397
424 608
424 97
424 467
818 647
818 886
818 412
818 0
818 139
818 855
795 217
795 24
795 572
795 172
795 882
795 335
795 812
795 726
990 922
990 608
990 175
990 43
990 31
990 488
595 380
595 797
595 142
595 223
595 605
595 986
595 877
595 565
595 104
333 732
333 503
333 23
333 803
333 498
333 404
333 75
333 364
636 317
636 864
636 522
636 651
636 774
109 832
109 37
109 308
109 762
109 796
109 541
109 468
109 596
928 776
928 893
928 581
928 423
928 912
928 656
928 293
928 37
741 644
741 970
741 915
741 757
741 35
741 781
741 927
741 149
713 718
713 603
713 908
713 774
713 319
713 416
713 573
713 658
117 367
117 524
117 618
117 453
117 948
117 215
117 267
246 727
246 980
246 456
246 904
246 336
246 680
246 681
933 908
933 242
933 540
933 125
933 392
933 564
933 71
933 272
87 607
87 653
87 209
87 305
87 986
87 141
87 418
87 989
582 648
582 634
582 312
582 748
582 136
582 429
582 583
582 20
582 851
582 723
534 690
534 459
534 674
534 374
534 515
534 621
534 421
143 910
143 444
143 133
143 214
143 658
143 200
143 231
143 700
660 286
660 437
660 309
660 877
261 878
261 859
261 849
261 211
261 67
261 165
261 350
261 953
652 456
652 601
652 547
652 476
652 187
652 883
652 745
757 54
757 290
757 642
757 771
757 499
757 949
757 776
155 340
155 684
155 901
155 297
155 45
155 16
155 37
155 704
155 158
936 57
936 646
936 881
936 516
936 371
936 946
936 28
936 436
766 449
766 561
766 844
766 98
766 274
766 148
766 351
516 946
516 31
516 371
516 274
516 881
516 363
878 52
878 849
878 705
878 837
722 397
722 127
722 412
722 854
722 872
722 705
722 403
722 441
722 89
10 967
10 697
10 61
10 372
10 862
10 167
10 706
10 294
10 828
10 228
23 602
23 415
23 120
23 601
23 732
23 404
23 926
23 639
648 20
648 815
648 260
648 96
648 910
648 605
634 562
634 884
634 583
634 558
634 723
634 479
634 504
634 334
634 982
641 57
641 182
641 279
641 948
641 778
641 463
641 408
641 888
641 350
883 499
883 366
883 217
883 556
883 224
883 533
883 716
883 873
781 627
781 35
781 806
781 440
781 570
781 669
781 164
781 910
668 380
668 460
668 161
668 586
668 345
668 203
668 451
123 49
123 68
123 43
123 373
123 761
123 531
123 151
123 934
839 506
839 410
839 296
839 784
839 885
839 728
839 794
839 373
425 744
425 743
425 874
425 259
425 411
425 260
425 915
881 31
881 371
881 946
881 962
881 274
881 640
881 363
357 161
357 761
357 321
357 28
673 588
673 323
673 213
673 526
673 830
673 949
673 349
85 301
85 959
85 815
85 923
85 265
548 708
548 129
548 518
548 354
548 376
548 755
548 490
548 917
843 980
843 793
843 145
843 707
843 208
843 515
843 288
843 657
460 312
460 74
460 806
460 594
460 573
460 695
460 578
460 408
996 963
996 58
996 458
996 683
996 498
996 880
515 34
515 657
515 322
515 844
515 851
515 455
515 918
666 884
666 263
666 892
666 949
666 981
666 312
666 52
45 696
45 653
45 53
45 48
45 616
45 301
45 882
45 865
488 671
488 31
488 64
488 568
488 391
488 428
488 677
3 411
3 110
3 144
3 293
3 655
3 644
3 995
3 559
262 437
262 52
262 478
262 250
262 570
262 113
262 887
80 13
80 183
80 189
80 797
80 78
80 130
80 256
80 104
30 987
30 882
30 203
30 749
30 947
30 930
30 816
853 252
853 507
853 775
853 742
853 880
853 306
853 383
853 313
0 647
0 855
0 568
0 960
0 149
0 139
193 809
193 616
193 56
193 573
193 239
193 113
444 133
444 404
444 200
444 231
444 658
444 688
444 214
907 34
907 323
907 974
907 89
907 504
907 406
907 403
907 591
32 158
32 677
32 547
32 99
32 259
32 879
32 452
32 851
32 611
145 724
145 960
145 707
145 547
145 90
145 656
145 40
145 793
68 344
68 531
68 403
68 479
68 197
68 43
68 934
68 151
98 720
98 36
98 299
98 506
98 95
408 923
408 525
408 982
408 724
408 358
251 529
251 687
251 700
251 18
251 833
251 120
251 699
297 632
297 715
297 524
297 964
297 53
297 17
297 491
830 494
830 514
830 94
830 737
830 526
830 349
830 284
288 694
288 572
288 267
288 675
288 265
288 319
717 568
717 453
717 520
717 689
717 113
717 817
717 987
334 415
334 99
334 616
334 166
334 344
334 340
604 814
604 851
604 869
604 362
604 891
604 951
604 759
427 885
427 672
427 716
427 310
427 24
427 49
427 318
566 129
566 273
566 300
566 274
566 704
566 494
22 54
22 889
22 56
22 180
22 28
22 737
22 520
22 538
22 677
22 223
746 811
746 639
746 271
746 187
746 376
746 585
746 587
746 518
218 29
218 927
218 876
218 554
218 718
218 345
218 290
392 242
392 429
392 540
392 908
392 272
392 564
392 125
392 54
286 146
286 886
286 975
286 912
286 542
286 522
286 373
286 773
563 451
563 573
563 181
563 146
563 372
563 680
563 559
563 572
874 699
874 915
874 583
874 948
874 687
874 96
962 463
962 621
962 735
962 371
962 363
962 90
962 946
192 811
192 353
192 868
192 646
192 191
192 268
376 642
376 587
376 129
376 518
376 315
101 12
101 833
101 481
101 860
101 105
101 320
101 645
64 650
64 300
64 815
64 735
864 90
864 675
864 752
864 603
864 866
864 428
864 459
110 465
110 172
110 678
110 354
110 188
383 12
383 313
383 700
383 814
383 742
383 252
383 464
383 306
846 14
846 578
846 807
846 26
160 518
160 696
160 815
160 893
160 588
160 462
160 593
160 503
279 576
279 810
279 816
279 624
279 107
279 428
918 409
918 899
918 939
918 266
918 734
918 510
91 209
91 514
91 683
91 498
91 34
91 1
876 592
876 260
876 290
876 29
876 927
876 65
876 553
876 254
900 340
900 748
900 613
900 74
900 390
862 967
862 372
862 657
862 828
862 706
862 167
862 294
965 62
965 596
965 899
965 356
965 556
965 178
965 601
89 656
89 731
89 320
89 849
89 968
89 689
520 49
520 724
520 475
520 611
520 771
520 683
325 230
325 909
325 712
325 458
325 426
325 308
178 910
178 265
178 734
178 296
178 524
178 786
178 964
183 851
183 804
183 295
183 773
183 705
378 436
378 916
378 451
378 785
378 649
744 108
744 789
744 159
744 411
744 232
744 975
860 481
860 735
860 105
860 12
860 820
860 806
860 141
921 585
921 292
921 736
921 15
921 549
921 324
921 56
921 387
239 66
239 161
239 917
239 223
239 416
239 380
239 984
239 671
585 826
585 56
585 656
585 351
585 736
585 294
863 189
863 798
863 301
863 611
863 892
863 245
185 866
185 800
185 813
185 118
185 26
185 322
470 510
470 148
470 133
470 311
470 723
929 168
929 86
929 627
929 419
211 194
211 849
211 67
211 953
211 165
211 859
211 350
873 162
873 224
873 558
873 716
873 499
873 533
873 217
63 826
63 129
63 231
63 949
128 368
128 105
128 808
128 366
128 72
128 661
984 941
984 243
984 723
984 397
984 162
984 311
530 570
530 659
530 512
530 915
530 626
530 238
530 697
626 835
626 478
626 86
626 168
626 419
410 804
410 593
410 773
410 788
410 295
938 587
938 221
938 724
938 358
938 290
167 967
167 828
167 549
167 706
167 372
167 294
167 292
988 950
988 475
988 74
988 734
349 34
349 526
349 308
349 960
349 796
164 303
164 627
164 510
164 677
164 201
164 476
164 879
164 399
653 607
653 81
653 209
653 865
653 882
898 825
898 952
898 108
898 58
898 552
898 77
898 657
914 675
914 834
914 53
914 974
914 394
914 695
914 774
581 901
581 455
581 41
581 849
581 70
743 39
743 394
743 335
743 915
743 871
747 822
747 268
747 467
747 618
747 801
747 552
747 724
747 646
113 809
113 865
113 667
113 213
238 926
238 804
238 639
238 215
238 565
238 608
760 339
760 679
760 635
760 263
760 616
760 807
809 213
809 971
809 723
809 200
809 168
809 347
97 822
97 290
97 166
97 503
97 100
97 820
97 468
97 854
491 715
491 267
491 53
491 212
491 17
47 736
47 180
47 687
47 651
47 253
47 223
47 373
899 836
899 639
899 562
899 939
899 812
368 661
368 808
368 479
368 366
368 249
991 149
991 708
991 257
991 490
991 72
294 61
294 390
294 706
294 967
294 826
294 937
776 301
776 771
776 90
776 681
776 684
755 354
755 129
755 499
755 587
755 256
755 808
835 86
835 419
835 374
835 95
835 570
835 362
835 409
835 844
871 939
871 952
871 41
871 426
871 14
871 335
871 455
999 248
999 347
999 825
999 724
999 911
103 436
103 26
103 57
103 39
103 850
103 882
103 884
103 353
103 148
103 205
656 27
656 793
656 816
656 632
656 293
656 707
252 306
252 709
252 570
252 887
252 171
252 313
252 880
494 540
494 756
494 514
494 897
494 284
494 737
130 256
130 716
130 78
130 13
130 293
130 33
162 723
162 148
162 48
162 397
162 611
162 255
162 311
189 65
189 681
189 462
189 414
189 235
189 759
189 917
558 1
558 562
558 373
558 810
558 981
558 14
558 506
53 17
53 394
53 212
53 715
147 344
147 934
147 314
147 151
147 212
147 832
394 266
394 341
394 629
394 142
394 727
300 930
300 13
300 458
300 395
300 127
540 71
540 242
540 564
540 272
540 125
540 908
554 981
554 718
554 615
554 892
554 197
554 959
387 629
387 118
387 813
387 339
387 800
428 679
428 950
428 624
598 181
598 816
598 659
598 409
598 341
598 15
598 429
611 590
611 172
611 771
611 821
142 565
142 104
142 605
831 866
831 834
831 801
831 344
831 547
265 159
265 734
66 561
66 313
66 456
66 486
66 726
492 290
492 992
492 861
492 794
492 9
492 405
492 16
675 36
675 310
732 803
732 926
732 601
732 998
732 342
732 404
784 820
784 267
784 817
784 947
784 647
31 310
31 590
506 720
506 299
506 356
506 36
506 95
436 573
436 706
436 463
436 998
436 244
436 690
562 347
562 812
562 639
205 669
205 39
205 891
205 525
205 423
205 877
205 166
587 518
587 596
587 354
587 129
731 250
731 987
731 689
731 968
320 12
320 481
320 772
320 105
320 920
320 981
616 745
616 622
616 302
12 735
12 105
12 281
12 645
12 481
680 745
680 982
680 232
680 796
680 789
680 975
724 40
724 467
724 28
319 832
319 952
319 268
319 541
319 191
916 677
916 719
916 257
916 65
916 462
916 718
916 71
649 430
649 451
649 108
649 434
649 232
649 314
649 895
649 201
478 654
478 384
478 228
478 409
478 658
478 681
909 426
909 594
255 58
255 822
255 603
255 886
255 367
608 974
608 489
608 577
214 133
214 171
214 67
214 127
214 674
214 200
52 159
52 34
52 769
52 650
285 126
285 683
285 305
285 986
285 647
285 65
285 820
635 345
635 463
635 904
635 705
635 775
434 441
434 683
434 930
434 525
434 709
434 266
434 895
384 489
384 175
384 697
384 209
384 124
384 34
384 861
385 865
385 57
385 605
385 49
385 16
385 380
769 910
769 981
769 745
769 968
769 833
769 159
769 27
769 356
950 801
950 826
950 468
950 263
950 588
922 221
922 613
922 654
922 939
922 41
922 228
922 786
963 340
963 920
963 191
963 650
963 412
963 399
963 462
34 57
34 677
34 547
272 561
272 449
272 564
272 792
272 71
272 125
272 242
17 465
17 513
17 678
17 982
17 586
17 715
39 8
39 212
39 734
979 820
979 767
979 175
979 35
979 259
979 971
979 674
979 374
979 24
573 312
573 74
573 254
573 806
930 684
930 696
930 266
512 559
512 904
512 570
512 681
512 572
920 815
920 700
920 981
920 18
347 669
347 213
107 54
107 328
107 339
107 187
107 594
107 613
935 108
935 592
935 79
935 77
594 613
594 187
594 328
594 756
118 813
118 800
118 341
118 629
118 222
804 295
804 639
804 773
804 593
804 788
222 716
222 868
222 973
222 961
222 894
299 995
299 95
299 36
706 967
706 61
706 998
706 828
533 556
533 716
533 217
533 499
533 995
533 224
245 421
245 310
245 235
245 593
245 774
671 281
671 538
671 479
697 124
697 489
882 243
882 209
882 48
882 879
882 728
315 771
315 495
315 507
315 926
315 677
315 821
254 20
254 934
254 423
254 624
254 215
254 525
759 891
759 578
759 235
759 964
759 785
224 654
224 499
224 217
358 230
358 906
358 321
358 181
358 982
430 201
430 659
430 456
430 726
430 437
430 817
430 232
463 168
463 90
463 323
463 166
463 350
885 345
885 572
885 915
885 552
885 926
90 318
90 281
90 323
90 166
772 981
772 364
772 495
131 654
131 180
131 602
131 479
131 100
586 415
586 363
586 221
586 141
455 541
455 416
455 459
455 752
56 736
56 618
56 194
895 719
895 356
895 232
895 114
895 208
204 148
204 317
204 180
204 748
204 231
204 828
204 475
204 622
486 257
486 260
486 877
486 503
486 681
486 531
893 462
893 577
893 248
893 911
893 293
893 446
893 892
947 339
947 404
947 823
947 632
762 602
762 868
762 37
762 415
54 696
54 552
54 180
54 661
441 412
441 808
441 823
441 217
441 81
441 664
726 657
726 313
726 704
726 913
726 820
293 139
293 215
293 108
248 1
248 268
248 13
248 911
957 622
957 597
957 414
957 96
957 411
957 100
957 688
564 908
564 449
564 71
564 242
564 125
934 151
934 531
934 43
850 257
850 456
850 77
2 913
2 399
2 137
2 249
2 309
2 937
672 318
672 465
672 35
672 678
672 323
672 507
318 865
318 825
318 952
318 946
421 311
421 175
421 674
421 374
421 518
421 356
844 989
844 657
735 610
735 793
735 213
735 815
937 137
937 108
937 913
937 249
854 100
854 412
854 274
854 826
854 705
854 495
888 253
888 821
888 456
888 414
888 842
694 362
694 602
694 468
694 353
694 75
694 728
694 565
302 370
302 416
302 745
302 267
302 613
789 451
789 877
789 232
789 179
789 75
789 975
869 765
869 418
869 941
869 951
869 568
310 230
310 352
310 24
310 448
43 531
43 151
794 552
794 353
794 9
794 992
794 405
313 399
313 306
313 35
313 742
655 522
655 223
655 993
655 645
655 644
208 708
208 559
208 621
208 203
208 151
892 124
892 20
904 775
904 917
904 980
904 351
146 773
146 292
146 718
146 788
146 364
146 448
370 94
370 459
370 414
370 391
370 179
370 253
370 353
370 228
263 884
260 877
260 897
260 615
260 20
391 253
391 728
391 842
391 40
727 171
727 980
727 41
727 993
727 8
151 531
151 373
340 308
340 748
340 303
339 77
339 632
339 801
339 552
259 659
259 910
259 674
259 700
259 133
553 344
553 927
553 290
553 81
553 29
553 182
341 181
341 974
341 880
622 688
622 414
622 597
622 96
767 820
767 374
767 971
767 79
767 181
959 429
959 281
959 982
959 808
959 981
593 295
593 788
752 40
752 99
752 79
752 887
752 765
836 886
836 679
836 475
821 495
821 188
821 820
674 866
674 374
453 161
453 592
453 390
453 906
456 187
813 800
813 215
788 773
788 149
788 295
910 786
910 267
910 35
503 632
503 973
503 961
926 498
926 970
181 911
181 971
181 322
510 659
510 367
987 250
987 968
987 689
987 559
467 65
467 171
467 618
973 894
973 409
973 868
973 961
973 948
27 549
27 941
27 613
27 810
27 366
27 644
529 699
529 18
529 833
529 120
405 9
405 344
405 992
405 16
986 141
986 989
986 607
986 305
37 707
37 832
37 810
868 446
868 894
868 127
440 806
440 669
440 640
440 524
440 879
819 927
819 389
819 364
819 70
819 374
94 399
94 736
94 797
94 458
94 667
94 610
182 550
182 345
182 281
182 437
182 806
72 366
72 847
72 120
72 771
837 175
837 708
837 624
837 203
837 61
816 817
816 807
709 411
709 464
709 823
709 716
507 719
507 504
507 20
507 842
886 81
886 371
953 67
953 859
953 998
953 165
953 350
179 459
179 661
179 312
179 395
235 832
235 324
601 812
601 404
601 303
642 877
642 81
642 48
399 309
399 951
399 504
41 308
41 654
41 939
41 322
948 688
948 458
578 798
578 785
578 897
658 884
658 650
658 200
139 647
139 855
139 583
961 941
961 852
961 894
749 577
723 148
723 311
723 397
522 931
522 542
522 312
522 576
522 644
884 695
884 57
884 645
462 518
742 306
742 99
887 786
887 712
887 108
423 704
423 459
423 667
423 223
268 191
268 646
268 859
268 796
967 372
967 308
967 464
967 828
353 664
513 828
513 301
513 194
513 667
513 590
513 538
213 221
213 180
213 323
213 525
250 689
250 414
250 577
712 426
712 806
712 230
615 550
615 415
615 303
615 20
618 736
572 773
572 681
792 951
792 941
792 872
792 71
842 785
842 197
842 253
610 889
610 577
610 480
610 452
610 215
690 366
690 1
690 418
690 952
20 654
20 415
295 773
295 908
295 879
28 321
28 415
607 305
607 209
607 141
607 342
607 989
917 373
917 949
917 414
228 14
228 514
228 26
228 879
228 778
1 108
389 364
389 390
389 336
389 765
664 15
664 801
664 414
664 561
664 941
232 975
232 451
801 552
363 621
363 371
363 946
678 172
678 57
678 465
812 639
834 36
834 547
834 171
75 296
75 577
524 446
524 640
524 215
188 825
188 465
188 35
188 531
828 194
828 372
538 650
538 296
538 549
538 931
538 970
437 798
13 78
13 256
820 647
458 166
458 798
941 292
659 826
659 149
659 866
931 576
931 964
931 970
197 960
197 244
197 775
9 861
9 344
9 290
9 992
822 221
822 194
822 367
822 550
100 96
100 597
100 166
71 125
559 592
559 271
559 81
559 596
592 168
592 547
592 367
127 395
127 872
847 591
847 807
847 449
16 992
16 354
16 605
849 165
849 775
215 480
716 518
716 292
449 908
449 48
449 995
449 793
308 796
514 737
514 284
514 114
514 549
912 800
912 29
912 26
33 960
33 351
33 256
33 78
33 158
688 96
688 597
840 838
840 418
840 243
695 324
499 217
105 481
105 446
906 104
273 99
273 191
737 231
737 292
737 429
737 526
737 284
292 785
292 364
292 661
974 137
974 632
974 281
669 718
669 865
669 476
8 993
8 624
144 667
144 995
144 158
144 403
823 49
312 136
312 806
312 74
808 661
644 271
644 70
644 806
590 323
590 951
590 58
590 667
590 301
345 552
345 161
345 793
345 281
708 114
708 203
498 803
498 15
498 683
526 284
526 159
526 231
657 62
647 855
786 952
786 149
786 797
786 81
35 970
832 894
832 541
40 923
40 645
40 479
203 271
203 161
707 810
707 993
707 793
603 774
603 715
603 390
380 366
311 356
311 397
311 148
125 627
125 908
125 242
26 951
26 800
26 14
550 778
550 480
550 576
897 191
897 429
897 301
344 495
677 65
677 547
301 951
301 667
301 323
728 306
212 684
180 915
180 317
806 911
231 200
231 133
629 800
629 480
629 859
629 880
242 908
390 748
86 419
852 894
852 583
852 949
137 249
137 14
989 209
989 305
989 141
351 274
351 70
683 803
683 833
475 74
171 765
171 306
73 591
336 70
336 464
336 452
303 489
452 70
814 126
814 321
814 901
166 679
650 561
650 296
465 172
946 371
946 547
489 124
489 861
889 406
889 403
761 696
58 62
77 552
99 490
168 350
322 403
322 468
57 720
79 913
79 975
479 923
646 191
646 811
209 305
78 256
15 596
15 778
476 48
476 542
645 689
18 833
18 120
18 700
18 687
970 556
796 24
796 745
267 651
602 362
654 939
700 464
960 661
133 200
133 980
971 998
971 321
67 165
67 859
67 350
61 817
414 736
317 651
266 504
412 605
542 576
542 811
350 859
859 165
591 798
591 403
591 404
684 681
684 352
576 253
565 104
565 797
565 605
810 993
49 826
49 271
314 774
314 284
418 838
418 243
756 328
756 187
249 913
257 798
257 588
596 354
364 765
696 833
696 406
126 148
689 968
797 104
748 24
687 901
687 699
687 120
597 96
980 159
362 114
861 124
793 48
323 367
826 129
927 29
927 923
927 290
342 404
342 480
951 324
309 556
36 95
588 409
588 561
149 495
525 324
409 866
995 495
998 568
549 416
879 158
230 426
187 855
187 328
24 993
993 324
62 964
62 561
480 901
833 803
833 120
290 29
124 175
124 679
271 446
679 415
243 838
785 161
719 851
719 114
395 872
