684 914
684 527
684 737
684 967
684 479
684 630
684 541
684 40
684 536
684 808
781 473
781 485
781 607
781 168
781 978
781 212
781 86
781 908
781 225
781 306
104 871
104 603
104 651
104 352
104 237
104 414
104 250
104 410
104 69
104 71
206 263
206 472
206 697
206 902
206 793
206 683
206 721
206 915
206 906
206 5
7 240
7 404
7 125
7 635
7 656
7 127
7 518
7 278
7 431
7 514
273 235
273 72
273 797
273 407
273 221
273 842
273 695
273 863
273 890
273 496
215 525
215 914
215 624
215 953
215 625
215 77
215 808
215 52
215 858
215 850
976 953
976 802
976 194
976 846
976 749
976 186
976 464
976 13
976 95
976 855
163 823
163 550
163 926
163 861
163 158
163 195
163 144
163 409
163 623
163 484
786 481
786 952
786 406
786 692
786 448
786 301
786 349
786 387
786 47
786 796
22 335
22 279
22 772
22 181
22 95
22 720
22 190
22 986
22 384
22 771
810 763
810 928
810 287
810 729
810 602
810 886
810 375
810 959
810 367
810 905
330 647
330 394
330 355
330 130
330 738
330 650
330 710
330 204
330 528
330 251
963 854
963 503
963 849
963 226
963 396
963 55
963 53
963 248
963 806
963 630
37 703
37 33
37 889
37 410
37 697
37 480
37 372
37 772
37 666
37 794
152 608
152 708
152 474
152 423
152 650
152 296
152 609
152 661
152 86
152 703
388 598
388 617
388 427
388 223
388 983
388 885
388 505
388 283
388 568
388 903
904 365
904 841
904 24
904 209
904 239
904 371
904 369
904 550
904 429
904 308
930 724
930 292
930 747
930 626
930 765
930 521
930 667
930 98
930 415
930 664
958 625
958 711
958 310
958 628
958 176
958 957
958 329
958 499
958 268
958 722
135 5
135 3
135 535
135 18
135 366
135 448
135 302
135 439
135 832
135 602
458 722
458 746
458 789
458 406
458 775
458 666
458 657
458 608
458 279
458 417
459 100
459 753
459 928
459 741
459 948
459 401
459 111
459 952
459 300
459 950
555 512
555 214
555 156
555 636
555 674
555 924
555 344
555 871
555 267
555 26
323 793
323 673
323 166
323 564
323 783
323 631
323 379
323 399
323 91
323 806
923 546
923 888
923 91
923 198
923 491
923 444
923 204
923 271
923 727
923 239
211 193
211 723
211 571
211 570
211 707
211 373
211 442
211 437
211 266
211 855
453 693
453 669
453 429
453 831
453 298
453 719
453 508
453 841
453 830
453 85
256 159
256 572
256 12
256 228
256 983
256 720
256 238
256 788
256 312
256 153
869 709
869 236
869 957
869 799
869 607
869 74
869 886
869 688
869 912
869 402
286 431
286 100
286 219
286 90
286 340
286 421
286 445
286 909
286 230
286 561
977 70
977 316
977 603
977 383
977 180
977 939
977 203
977 728
977 940
977 14
184 447
184 848
184 681
184 115
184 552
184 629
184 799
184 656
184 948
184 968
966 713
966 308
966 428
966 233
966 284
966 162
966 217
966 844
966 949
966 861
800 832
800 218
800 882
800 990
800 84
800 133
800 118
800 686
800 429
800 6
969 119
969 535
969 288
969 61
969 877
969 795
969 230
969 625
969 615
969 31
101 368
101 398
101 834
101 370
101 214
101 604
101 845
101 110
101 779
101 926
931 336
931 637
931 53
931 887
931 794
931 414
931 722
931 645
931 263
931 675
769 486
769 140
769 988
769 55
769 314
769 550
769 932
769 35
769 48
769 212
838 444
838 939
838 64
838 655
838 733
838 860
838 477
838 796
838 280
838 385
452 911
452 975
452 36
452 782
452 860
452 520
452 76
452 998
452 616
452 451
636 846
636 320
636 402
636 632
636 304
636 655
636 431
636 662
636 593
621 60
621 153
621 589
621 170
621 495
621 77
621 183
621 588
621 53
621 738
859 82
859 940
859 495
859 672
859 905
859 729
859 602
859 778
859 529
859 753
96 552
96 549
96 12
96 502
96 587
96 932
96 386
96 501
96 832
96 144
220 970
220 926
220 508
220 491
220 450
220 122
220 997
220 972
220 244
220 200
151 700
151 500
151 548
151 307
151 399
151 431
151 780
151 427
151 883
151 821
644 424
644 823
644 346
644 228
644 613
644 515
644 134
644 422
644 662
644 778
247 91
247 94
247 558
247 77
247 183
247 47
247 324
247 911
247 499
247 753
389 349
389 254
389 753
389 94
389 190
389 233
389 333
389 177
389 394
389 417
155 689
155 642
155 801
155 992
155 269
155 321
155 207
155 56
155 75
155 842
191 768
191 198
191 217
191 546
191 404
191 188
191 248
191 664
191 345
191 69
982 878
982 659
982 718
982 106
982 847
982 796
982 443
982 964
982 544
982 962
177 981
177 525
177 472
177 394
177 595
177 597
177 134
177 109
177 840
818 275
818 711
818 938
818 756
818 983
818 477
818 547
818 500
818 288
818 619
466 24
466 582
466 745
466 169
466 248
466 420
466 478
466 331
466 874
466 857
692 116
692 207
692 349
692 223
692 387
692 47
692 64
692 274
692 973
419 310
419 505
419 857
419 352
419 473
419 586
419 533
419 176
419 46
419 887
580 858
580 507
580 602
580 513
580 803
580 530
580 411
580 905
580 506
580 760
704 766
704 392
704 918
704 697
704 15
704 776
704 472
704 716
704 669
704 183
978 322
978 99
978 473
978 672
978 1
978 521
978 578
978 581
978 995
354 899
354 93
354 979
354 483
354 381
354 280
354 533
354 82
354 992
354 200
865 746
865 619
865 979
865 246
865 554
865 366
865 674
865 836
865 487
865 883
123 575
123 648
123 426
123 980
123 421
123 973
123 679
123 124
123 634
123 757
703 857
703 197
703 140
703 169
703 204
703 71
703 616
703 941
145 603
145 56
145 222
145 837
145 716
145 450
145 791
145 407
145 214
145 157
462 655
462 866
462 587
462 297
462 144
462 645
462 325
462 626
462 829
462 522
334 537
334 881
334 17
334 955
334 345
334 427
334 370
334 48
334 278
334 479
81 436
81 756
81 503
81 979
81 1
81 150
81 433
81 67
81 89
81 299
706 576
706 283
706 514
706 294
706 382
706 76
706 119
706 207
706 537
706 111
493 804
493 400
493 194
493 228
493 47
493 75
493 822
493 899
493 131
493 789
916 907
916 469
916 114
916 362
916 61
916 871
916 557
916 837
916 994
916 349
51 579
51 696
51 679
51 333
51 575
51 182
51 734
51 980
51 757
51 664
719 85
719 372
719 984
719 80
719 641
719 594
719 122
719 192
719 375
185 332
185 294
185 592
185 917
185 411
185 947
185 925
185 754
185 758
185 380
426 271
426 217
426 162
426 410
426 567
426 687
426 983
426 529
426 913
606 549
606 501
606 919
606 386
606 847
606 581
606 587
606 973
606 524
606 112
685 900
685 18
685 43
685 663
685 240
685 826
685 735
685 170
685 635
685 450
652 761
652 833
652 812
652 314
652 774
652 596
652 89
652 299
652 801
652 798
801 213
801 798
801 89
801 596
801 94
801 299
801 833
801 314
284 17
284 308
284 97
284 748
284 939
284 255
284 281
284 465
284 713
405 166
405 945
405 83
405 750
405 553
405 4
405 505
405 395
405 894
405 289
430 852
430 24
430 236
430 371
430 513
430 188
430 44
430 128
430 643
430 815
113 764
113 305
113 463
113 953
113 429
113 777
113 974
113 178
113 132
113 327
523 797
523 863
523 492
523 235
523 150
523 355
523 409
523 72
523 379
523 265
192 254
192 199
192 984
192 990
192 94
192 204
192 85
192 372
192 594
816 338
816 727
816 656
816 413
816 603
816 265
816 568
816 648
816 539
816 421
734 771
734 757
734 579
734 575
734 182
734 550
734 980
734 696
734 639
870 536
870 630
870 171
870 148
870 997
870 257
870 238
870 35
870 600
870 402
632 264
632 212
632 670
632 526
632 648
632 236
632 559
632 662
632 304
822 306
822 733
822 879
822 971
822 759
822 948
822 841
822 900
822 806
563 599
563 228
563 78
563 404
563 723
563 515
563 265
563 854
563 522
563 298
988 618
988 785
988 478
988 445
988 102
988 922
988 970
988 943
988 174
337 43
337 19
337 378
337 809
337 847
337 68
337 830
337 836
337 285
337 473
416 319
416 221
416 144
416 676
416 506
416 910
416 295
416 905
416 574
416 868
208 702
208 909
208 866
208 526
208 302
208 671
208 404
208 884
208 391
208 245
531 298
531 87
531 1
531 879
531 385
531 633
531 943
531 629
531 196
531 974
660 912
660 489
660 456
660 661
660 714
660 351
660 239
660 554
660 840
660 511
139 1
139 748
139 762
139 665
139 880
139 335
139 464
139 506
139 872
139 120
634 124
634 496
634 726
634 940
634 504
634 679
634 993
634 578
634 825
868 111
868 953
868 788
868 588
868 254
868 574
868 686
868 340
868 932
0 532
0 830
0 95
0 772
0 272
0 771
0 983
0 806
0 955
0 141
767 240
767 784
767 589
767 537
767 670
767 258
767 278
767 571
767 730
767 442
8 654
8 172
8 755
8 768
8 921
8 514
8 805
8 437
8 708
8 342
591 465
591 302
591 394
591 486
591 331
591 100
591 936
591 442
591 31
591 701
49 276
49 953
49 425
49 343
49 519
49 993
49 308
49 87
49 736
49 748
888 736
888 560
888 448
888 687
888 773
888 176
888 324
888 839
888 915
994 471
994 862
994 600
994 242
994 907
994 120
994 726
994 872
994 50
21 892
21 457
21 146
21 653
21 583
21 150
21 705
21 638
21 577
21 232
826 650
826 272
826 735
826 91
826 450
826 754
826 682
826 460
826 105
62 408
62 460
62 499
62 693
62 498
62 789
62 744
62 845
62 778
62 340
827 921
827 592
827 539
827 149
827 39
827 498
827 47
827 711
827 593
827 19
346 499
346 639
346 839
346 585
346 772
346 650
346 971
346 188
346 451
357 620
357 288
357 254
357 297
357 893
357 238
357 403
357 133
357 422
357 59
444 424
444 272
444 283
444 95
444 91
444 839
444 933
444 320
892 136
892 638
892 577
892 232
892 705
892 457
892 146
892 442
892 653
216 470
216 737
216 442
216 849
216 938
216 863
216 742
216 349
216 417
216 165
9 200
9 777
9 844
9 731
9 815
9 259
9 949
9 197
9 647
9 901
708 661
708 147
708 149
708 260
708 675
708 296
708 249
708 919
31 849
31 570
31 249
31 217
31 356
31 433
31 470
31 486
201 468
201 814
201 198
201 187
201 514
201 325
201 70
201 450
201 317
201 404
311 35
311 852
311 616
311 304
311 655
311 188
311 246
311 402
311 165
311 392
484 326
484 910
484 819
484 940
484 929
484 605
484 251
484 712
484 445
548 399
548 431
548 268
548 158
548 851
548 259
548 307
548 125
548 432
335 181
335 986
335 391
335 190
335 279
335 560
335 720
335 528
612 628
612 849
612 197
612 946
612 635
612 717
612 598
612 42
612 875
612 674
32 41
32 812
32 997
32 304
32 126
32 702
32 336
32 598
32 376
32 948
840 474
840 371
840 80
840 16
840 153
840 387
840 743
840 613
627 837
627 143
627 391
627 362
627 689
627 393
627 723
627 57
627 896
627 318
986 442
986 276
986 720
986 279
986 26
986 771
986 181
986 190
902 5
902 906
902 793
902 973
902 721
902 176
902 681
902 118
902 226
925 783
925 843
925 338
925 48
925 385
925 296
925 866
925 418
925 332
835 713
835 369
835 538
835 620
835 707
835 415
835 73
835 246
835 895
835 556
935 308
935 194
935 343
935 811
935 893
935 56
935 663
935 267
935 116
935 129
235 593
235 695
235 863
235 221
235 797
235 471
235 72
235 408
381 992
381 264
381 967
381 280
381 82
381 759
381 483
381 200
381 93
413 727
413 421
413 338
413 324
413 294
413 223
413 391
413 417
413 415
653 146
653 150
653 583
653 232
653 651
653 705
653 638
653 60
243 541
243 889
243 864
243 844
243 435
243 176
243 411
243 333
243 319
243 186
730 121
730 571
730 823
730 589
730 991
730 784
730 885
730 258
730 970
518 189
518 116
518 172
518 294
518 352
518 987
518 467
518 711
518 494
897 733
897 582
897 454
897 67
897 505
897 828
897 999
897 293
897 672
897 27
209 317
209 751
209 584
209 429
209 236
209 920
209 759
209 124
209 875
594 85
594 915
594 372
594 94
594 806
594 641
594 984
594 199
530 262
530 760
530 506
530 665
530 411
530 558
530 917
530 295
530 507
945 83
945 300
945 683
945 128
945 553
945 395
945 894
945 4
945 853
566 557
566 887
566 529
566 436
566 698
566 610
566 52
566 792
566 3
566 694
602 905
602 729
602 763
602 287
602 407
602 886
24 600
24 207
24 491
24 817
24 820
24 848
24 320
319 87
319 511
319 581
319 300
319 519
319 276
319 224
319 403
282 223
282 599
282 752
282 193
282 751
282 552
282 228
282 890
282 194
282 95
843 436
843 698
843 272
843 711
843 998
843 699
843 694
843 30
843 792
312 478
312 377
312 658
312 675
312 91
312 574
312 527
312 630
312 230
722 597
722 240
722 316
722 804
722 912
722 320
722 336
851 399
851 743
851 144
851 307
851 700
851 547
851 433
851 427
851 48
889 782
889 697
889 559
889 186
889 410
889 36
889 666
889 864
241 832
241 949
241 762
241 168
241 380
241 345
241 278
241 255
241 143
241 17
253 873
253 793
253 903
253 271
253 287
253 61
253 345
253 187
253 723
253 394
142 296
142 268
142 645
142 341
142 817
142 918
142 297
142 115
142 14
142 992
432 127
432 551
432 137
432 342
432 637
432 279
432 611
432 239
432 259
367 287
367 567
367 842
367 375
367 763
367 20
367 180
367 729
367 959
779 845
779 926
779 604
779 214
779 834
779 110
779 858
779 368
779 398
138 929
138 390
138 90
138 766
138 590
138 675
138 690
138 967
138 960
138 259
956 972
956 358
956 914
956 226
956 727
956 819
956 290
956 401
956 788
956 641
78 498
78 543
78 127
78 571
78 689
78 854
78 862
78 491
78 887
676 364
676 867
676 589
676 496
676 506
676 40
676 487
676 949
676 407
578 364
578 173
578 212
578 819
578 990
578 326
578 533
578 856
962 443
962 159
962 964
962 659
962 809
962 40
962 106
962 544
962 490
277 318
277 362
277 651
277 974
277 666
277 837
277 542
277 393
277 497
277 896
970 996
970 537
970 589
970 571
970 6
970 784
970 258
874 858
874 795
874 746
874 342
874 257
874 239
874 937
874 36
874 680
960 491
960 590
960 390
960 690
960 259
960 385
960 90
960 967
960 709
547 280
547 845
547 642
547 94
547 738
547 534
547 324
547 350
741 893
741 183
741 202
741 339
741 340
741 414
741 84
741 488
741 12
105 82
105 164
105 230
105 210
105 254
105 204
105 983
105 272
105 680
900 631
900 794
900 35
900 951
900 743
900 635
900 576
900 441
325 996
325 998
325 505
325 137
325 194
325 331
325 546
325 187
674 946
674 875
674 42
674 306
674 924
674 717
674 628
540 203
540 519
540 677
540 322
540 997
540 45
540 943
540 442
540 915
540 333
562 780
562 971
562 281
562 999
562 603
562 73
562 305
562 533
562 93
562 950
156 457
156 856
156 934
156 355
156 34
156 226
156 581
156 586
156 276
572 165
572 219
572 928
572 252
572 26
572 88
572 765
572 839
572 650
196 276
196 893
196 633
196 934
196 69
196 534
196 648
196 255
196 353
910 922
910 479
910 714
910 995
910 682
910 755
910 183
910 516
901 927
901 80
901 270
901 715
901 92
901 509
901 954
901 397
901 154
554 464
554 94
554 369
554 360
554 291
554 550
554 857
554 513
739 839
739 709
739 100
739 480
739 670
739 133
739 193
739 420
739 997
739 173
785 365
785 447
785 374
785 675
785 955
785 793
785 56
785 107
785 678
274 194
274 890
274 642
274 598
274 528
274 251
274 356
274 236
274 559
128 188
128 553
128 907
128 486
128 395
128 115
128 750
128 894
631 400
631 355
631 934
631 83
631 119
631 673
631 122
631 112
549 847
549 501
549 524
549 332
549 386
549 587
549 758
549 595
624 350
624 47
624 891
624 492
624 29
624 10
624 965
624 315
624 14
807 338
807 58
807 42
807 903
807 373
807 347
807 820
807 75
807 329
807 122
919 424
919 487
919 451
919 623
919 120
919 546
919 597
919 893
108 65
108 15
108 358
108 359
108 475
108 961
108 449
108 117
108 890
108 92
918 400
918 56
918 107
918 324
918 687
918 981
918 929
918 394
281 18
281 308
281 595
281 617
281 441
281 939
281 73
281 746
809 106
809 65
809 74
809 443
809 659
809 964
809 544
809 490
363 102
363 160
363 99
363 690
363 446
363 2
363 622
363 813
363 989
363 38
619 370
619 364
619 288
619 697
619 469
619 34
619 883
619 505
981 742
981 710
981 195
981 341
981 629
981 11
981 394
981 353
290 214
290 932
290 693
290 238
290 662
290 218
290 403
290 656
290 772
403 236
403 860
403 263
403 669
403 772
403 297
403 45
691 237
691 749
691 296
691 815
691 379
691 423
691 54
691 500
691 497
691 668
577 457
577 705
577 146
577 232
577 638
577 384
577 598
577 749
15 890
15 449
15 475
15 359
15 358
15 961
15 65
15 117
57 438
57 366
57 607
57 723
57 718
57 175
57 702
57 532
57 30
92 856
92 397
92 270
92 954
92 715
92 509
92 927
92 173
565 804
565 271
565 180
565 455
565 249
565 28
565 775
565 561
565 25
565 147
63 204
63 640
63 658
63 574
63 149
63 920
63 701
63 731
63 164
63 775
744 657
744 909
744 711
744 434
744 38
744 137
744 39
744 171
744 539
999 733
999 746
999 479
999 268
999 376
999 805
999 844
999 293
850 261
850 317
850 721
850 150
850 662
850 937
850 106
850 808
850 914
164 313
164 233
164 320
164 197
164 437
164 350
164 944
164 230
670 595
670 278
670 740
670 891
670 131
670 91
670 480
927 270
927 954
927 154
927 564
927 509
927 397
927 715
927 751
482 440
482 790
482 961
482 344
482 731
482 348
482 952
482 255
482 972
482 129
876 352
876 310
876 441
876 937
876 743
876 794
876 250
876 576
876 476
876 951
227 385
227 189
227 678
227 536
227 486
227 656
227 996
227 774
227 296
227 921
586 620
586 654
586 942
586 157
586 390
586 46
586 400
586 217
361 732
361 791
361 846
361 103
361 425
361 161
361 787
361 804
361 23
361 468
815 949
815 254
815 844
815 647
815 509
815 130
815 557
293 67
293 27
293 558
293 276
293 479
293 546
293 454
293 672
262 687
262 60
262 917
262 760
262 710
262 665
262 507
262 433
262 411
649 202
649 895
649 442
649 299
649 131
649 686
649 646
649 261
649 393
649 985
989 38
989 2
989 622
989 230
989 813
989 687
989 716
989 446
989 561
50 862
50 880
50 120
50 804
50 872
50 726
50 678
50 242
50 806
172 832
172 229
172 198
172 805
172 768
172 258
172 514
172 291
965 98
965 492
965 29
965 46
965 891
965 350
965 315
965 651
965 10
373 581
373 770
373 898
373 371
373 834
373 478
373 538
373 588
825 477
825 776
825 802
825 944
825 364
825 535
825 382
825 197
825 212
154 751
154 954
154 509
154 397
154 270
154 515
154 812
154 715
229 121
229 758
229 439
229 508
229 295
229 377
229 77
229 686
229 839
109 382
109 341
109 599
109 525
109 168
109 806
109 89
109 353
109 187
752 789
752 811
752 595
752 504
752 861
752 94
752 365
752 883
752 582
871 355
871 808
871 467
871 237
871 118
871 251
871 753
378 836
378 569
378 285
378 43
378 119
378 68
378 19
378 598
378 659
474 571
474 166
474 867
474 647
474 479
474 267
474 496
474 118
584 385
584 406
584 448
584 207
584 844
584 687
584 592
584 504
584 429
971 533
971 948
971 289
971 950
971 193
971 646
971 318
74 550
74 778
74 823
74 639
74 987
74 409
74 517
74 957
879 683
879 629
879 950
879 545
879 558
879 402
879 723
879 643
360 695
360 272
360 318
360 914
360 264
360 832
360 915
360 35
360 505
517 409
517 823
517 288
517 150
517 301
517 866
517 244
517 957
517 635
350 315
350 10
350 29
350 117
350 891
350 408
618 399
618 56
618 222
618 773
618 377
618 117
618 814
618 35
618 263
750 783
750 553
750 395
750 166
750 83
750 4
750 115
750 894
39 159
39 909
39 443
39 682
39 539
39 783
39 490
39 964
777 126
777 821
777 305
777 463
777 699
777 178
777 327
777 764
507 687
507 411
507 665
507 760
507 854
507 917
507 506
882 412
882 45
882 134
882 488
882 605
882 187
882 16
882 461
882 819
435 833
435 628
435 864
435 614
435 613
435 467
435 186
435 541
435 985
713 418
713 76
713 255
713 666
713 538
713 556
713 406
944 251
944 412
944 895
944 725
944 773
944 364
944 805
944 87
820 657
820 54
820 269
820 500
820 342
820 668
820 423
820 841
112 43
112 936
112 735
112 298
112 33
112 898
112 934
112 623
245 473
245 633
245 522
245 678
245 803
245 187
245 975
245 620
245 928
784 571
784 36
784 589
784 258
784 853
784 537
784 410
175 908
175 607
175 702
175 438
175 997
175 30
175 718
175 532
175 93
694 436
694 529
694 535
694 3
694 610
694 698
694 742
694 792
829 199
829 522
829 136
829 401
829 106
829 456
829 34
829 431
829 984
589 75
589 571
589 537
589 258
55 689
55 806
55 102
55 789
55 396
55 485
55 234
55 98
613 864
613 972
613 186
613 467
613 614
613 541
613 59
583 232
583 909
583 150
583 384
583 705
583 638
583 802
583 457
321 639
321 317
321 296
321 167
321 217
321 470
321 617
321 485
321 911
998 470
998 975
998 417
998 304
998 637
998 236
998 404
489 387
489 796
489 615
489 174
489 576
489 481
489 885
489 941
489 526
582 331
582 467
582 384
582 260
582 790
582 69
582 478
11 567
11 673
11 343
11 519
11 83
11 942
11 400
11 495
11 496
543 294
543 996
543 661
543 300
543 353
543 574
543 332
543 107
543 803
893 759
893 711
893 557
893 688
893 803
4 894
4 83
4 553
4 395
4 289
4 166
4 251
718 438
718 908
718 30
718 532
718 607
718 76
718 702
25 992
25 561
25 366
25 180
25 205
25 249
25 455
25 972
25 147
828 317
828 498
828 454
828 67
828 672
828 921
828 758
828 79
828 27
30 116
30 532
30 607
30 438
30 702
30 349
677 737
677 585
677 219
677 824
677 157
677 26
677 165
677 450
677 252
387 481
387 53
387 721
387 352
387 349
387 941
645 297
645 675
645 932
645 626
645 637
645 693
645 454
721 937
721 246
721 793
721 5
721 906
721 127
202 640
202 414
202 261
202 340
202 680
202 642
202 343
202 121
626 628
626 724
626 292
626 747
626 490
626 521
626 420
242 932
242 726
242 326
242 329
242 862
242 120
242 872
242 471
121 787
121 23
121 103
121 715
121 468
121 161
121 732
428 237
428 737
428 611
428 996
428 412
428 179
428 41
428 414
428 798
608 693
608 996
608 342
608 567
608 657
608 972
608 99
608 749
14 115
14 203
14 70
14 940
14 316
14 728
14 383
36 679
36 143
36 339
36 455
36 782
36 320
332 561
332 35
332 783
332 996
332 180
332 391
20 46
20 269
20 596
20 214
20 974
20 283
20 934
20 587
20 386
790 58
790 297
790 731
790 344
790 377
790 348
790 440
790 238
376 695
376 913
376 193
376 60
376 234
376 477
376 953
376 100
654 291
654 805
654 162
654 514
654 861
654 768
654 148
654 71
536 269
536 681
536 609
536 441
536 418
536 939
536 401
791 468
791 103
791 846
791 162
791 732
791 787
791 23
791 161
520 701
520 144
520 883
520 913
520 917
520 183
520 129
520 714
520 292
783 304
783 579
783 472
783 166
783 806
732 225
732 161
732 787
732 53
732 845
732 103
732 23
607 438
607 532
607 702
607 908
671 564
671 830
671 263
671 93
671 929
671 143
671 600
671 469
671 689
5 793
5 440
5 320
5 13
5 906
5 896
380 225
380 423
380 881
380 908
380 88
380 990
380 993
380 647
3 792
3 698
3 529
3 436
3 384
3 610
3 557
678 804
678 872
678 862
678 141
678 726
678 661
61 615
61 625
61 877
61 23
61 836
61 535
61 795
88 857
88 210
88 878
88 356
88 736
88 725
88 248
88 75
420 203
420 397
420 593
420 263
420 650
420 316
420 183
737 858
737 316
737 52
737 529
737 41
737 609
19 43
19 601
19 661
19 569
19 285
19 836
19 68
393 909
393 896
393 124
393 837
393 318
393 362
393 542
161 255
161 787
161 103
161 114
161 468
161 23
725 857
725 153
725 374
725 782
725 412
725 418
725 248
725 736
494 873
494 477
494 504
494 339
494 500
494 205
494 82
494 130
494 938
622 40
622 683
622 446
622 38
622 289
622 560
622 2
622 160
396 246
396 789
396 924
396 947
396 6
396 226
396 102
396 579
501 386
501 587
501 149
501 720
501 847
501 873
501 434
422 748
422 213
422 778
422 675
422 12
422 567
422 252
422 324
171 680
171 913
171 306
171 64
171 137
171 369
171 657
171 343
275 895
275 917
275 756
275 766
275 451
275 336
275 985
275 683
275 723
561 249
561 147
561 738
561 180
561 366
689 294
689 310
689 269
689 260
689 283
343 748
343 545
343 680
343 939
343 858
614 467
614 701
614 742
614 842
614 864
614 541
614 186
614 447
59 300
59 114
59 297
59 496
59 515
59 746
59 467
59 880
267 465
267 774
267 404
267 512
267 996
267 938
267 95
858 269
858 639
858 772
858 52
179 884
179 991
179 168
179 993
179 949
179 728
179 374
179 146
179 237
745 961
745 98
745 924
745 438
745 246
745 943
745 928
745 102
745 748
280 200
280 99
280 483
280 93
280 992
280 487
797 439
797 942
797 221
797 72
797 863
797 407
797 695
328 667
328 415
328 295
328 521
328 377
328 198
328 680
328 724
328 747
328 292
464 756
464 203
464 285
464 510
464 73
464 316
464 528
369 975
369 873
369 239
369 341
369 895
369 429
761 314
761 89
761 724
761 299
761 833
761 596
761 597
761 798
761 400
556 54
556 272
556 169
556 811
556 774
556 356
556 947
556 471
853 410
853 487
853 310
853 401
853 813
853 471
853 799
853 852
437 364
437 118
437 41
437 846
437 723
437 633
437 832
440 348
440 344
440 731
440 952
440 873
440 527
440 58
641 860
641 372
641 984
641 469
641 898
641 85
641 199
170 740
170 480
170 28
170 18
170 33
170 987
170 663
170 303
665 917
665 340
665 411
665 855
665 715
665 760
759 841
759 481
759 82
759 510
759 352
759 557
174 468
174 515
174 766
174 949
174 997
174 148
174 593
174 379
936 898
936 538
936 770
936 498
936 52
936 260
936 754
936 503
98 292
98 667
98 724
98 542
98 521
98 100
513 991
513 643
513 524
513 852
513 371
513 44
513 188
985 351
985 526
985 434
985 497
985 932
985 451
985 723
454 147
454 469
454 27
454 67
454 526
454 672
697 469
697 921
697 669
697 306
697 950
802 41
802 650
802 499
802 407
802 102
802 477
802 535
178 699
178 637
178 305
178 327
178 126
178 764
178 463
178 532
762 183
762 568
762 40
762 1
762 690
762 433
762 709
762 567
558 377
558 992
558 219
558 2
558 620
558 207
754 735
754 557
754 407
754 90
754 52
754 450
754 996
770 609
770 898
770 538
770 987
770 771
770 260
770 991
770 831
157 470
157 911
157 217
157 450
157 620
157 476
157 421
824 252
824 165
824 377
824 219
824 86
824 585
824 666
824 349
824 26
570 701
570 34
570 811
570 124
570 849
570 733
570 875
570 129
993 928
993 225
993 929
993 124
993 40
993 748
102 924
102 246
102 928
102 947
659 964
659 106
659 544
659 443
659 159
659 490
85 199
85 356
85 984
85 372
85 400
257 938
257 35
257 187
257 148
257 70
257 195
257 886
257 131
947 884
947 356
947 244
947 246
947 693
947 385
511 856
511 813
511 912
511 107
511 666
511 353
511 975
511 581
534 69
534 831
534 244
534 573
534 793
534 933
534 141
534 385
461 390
461 134
461 45
461 937
461 997
461 605
461 469
461 16
461 819
880 975
880 114
880 972
880 778
880 803
880 913
880 95
54 668
54 500
54 181
54 423
54 69
54 162
54 497
66 261
66 326
66 700
66 379
66 942
66 597
66 149
66 195
66 545
66 758
951 743
951 111
951 476
951 576
951 441
951 310
951 937
951 794
991 158
991 391
991 588
991 433
991 382
991 173
140 338
140 492
140 127
140 912
140 407
140 955
140 911
140 679
483 661
483 979
483 82
483 508
483 736
483 189
483 992
244 299
244 418
244 12
244 385
244 573
244 491
896 12
896 317
896 837
896 362
896 318
896 542
471 169
471 434
471 160
471 72
471 176
475 117
475 449
475 772
475 961
475 58
475 358
475 65
475 359
44 688
44 643
44 371
44 852
44 929
44 188
44 908
44 234
667 747
667 521
667 292
667 415
667 724
667 473
667 864
398 423
398 588
398 926
398 604
398 110
398 834
398 845
398 368
899 400
899 756
899 709
899 460
899 279
899 314
899 953
899 849
133 709
133 733
133 990
133 480
133 655
133 712
133 288
601 317
601 481
601 107
601 451
601 301
601 597
601 308
601 757
601 980
508 593
508 830
508 339
508 552
508 915
508 693
663 740
663 480
663 28
663 18
663 33
663 194
663 228
225 525
225 261
225 505
225 990
225 647
225 212
224 519
224 814
224 648
224 465
224 289
224 495
224 637
224 796
224 894
611 270
611 333
611 182
611 144
611 214
611 973
611 141
611 150
717 331
717 949
717 946
717 143
717 875
717 588
717 628
717 503
233 79
233 712
233 313
233 266
233 197
233 635
233 640
845 604
845 595
845 110
845 368
129 849
129 477
129 742
129 289
129 657
129 550
199 907
199 933
199 372
199 557
199 984
327 764
327 463
327 126
327 699
327 94
327 305
327 132
443 106
443 544
443 159
443 490
443 964
979 992
979 189
979 200
979 333
979 836
979 854
615 877
615 795
615 336
615 625
615 753
615 941
615 535
846 855
846 71
846 630
846 103
846 680
97 478
97 787
97 527
97 955
97 68
97 597
97 639
97 987
97 524
920 204
920 324
920 753
920 60
920 263
920 1
920 921
920 813
946 875
946 42
946 71
946 657
946 75
946 849
946 628
792 529
792 491
792 610
792 436
792 169
792 698
448 560
448 268
448 973
448 796
448 588
448 406
392 688
392 776
392 410
392 766
392 402
392 559
392 855
392 758
959 287
959 763
959 375
959 811
959 729
959 886
959 817
959 905
512 738
512 823
512 234
512 623
512 701
512 228
512 782
512 296
338 434
338 968
338 727
338 421
338 539
371 646
371 643
371 213
371 188
417 470
417 973
417 370
417 742
417 943
424 84
424 669
424 974
424 91
424 623
424 503
424 205
514 551
514 119
514 805
514 768
16 939
16 605
16 485
16 45
16 238
16 819
16 134
42 223
42 173
42 875
42 75
42 628
42 200
193 100
193 552
193 173
193 913
193 234
80 309
80 834
80 116
80 306
80 885
80 877
80 710
929 365
929 47
929 370
929 796
449 358
449 961
449 117
449 701
449 65
449 890
449 359
84 425
84 126
84 609
84 639
84 342
84 974
84 147
856 933
856 955
856 912
856 973
856 226
856 581
219 252
219 26
219 165
219 681
219 585
226 239
226 881
226 912
226 973
222 593
222 848
222 35
222 372
222 716
222 13
222 656
222 746
231 362
231 141
231 418
231 866
231 600
231 46
231 942
231 107
231 552
231 760
122 160
122 765
122 450
122 197
122 189
122 758
433 490
433 579
433 567
433 144
451 597
451 817
451 860
451 616
162 218
162 352
162 136
162 527
162 91
143 115
143 772
143 600
143 885
143 873
352 237
352 232
352 168
239 937
239 314
239 912
585 165
585 633
585 487
585 26
585 252
585 875
463 71
463 305
463 126
463 699
463 313
463 132
86 331
86 650
86 821
86 322
86 302
86 485
86 742
757 579
757 182
757 575
757 696
757 980
757 679
339 635
339 309
339 593
339 552
339 69
339 425
814 527
814 470
814 347
814 141
814 377
814 195
814 382
326 302
326 780
326 940
326 2
326 391
326 617
446 909
446 832
446 38
446 560
446 309
446 813
446 2
28 987
28 132
28 480
28 18
28 33
28 110
28 740
298 673
298 522
298 669
298 633
298 481
298 476
347 167
347 17
347 261
347 775
347 210
347 640
347 646
347 272
33 269
33 728
33 480
33 740
33 132
867 150
867 12
867 402
867 130
867 365
867 159
867 683
867 516
90 968
90 390
90 642
90 590
90 45
90 778
250 310
250 429
250 438
250 794
250 651
250 488
250 551
250 70
425 309
425 304
425 948
425 260
425 681
425 987
573 303
573 934
573 664
573 831
573 260
573 116
573 385
573 264
76 526
76 852
76 418
76 834
76 774
76 173
351 364
351 808
351 479
351 995
351 118
351 525
351 368
351 643
395 289
395 166
395 83
395 553
395 894
223 148
223 564
223 617
223 740
223 599
688 322
688 710
688 488
688 841
688 776
688 560
679 182
679 575
679 980
679 268
699 126
699 114
699 132
699 268
699 305
933 765
933 110
933 210
933 709
933 180
933 141
881 341
881 866
881 983
881 248
881 309
881 412
881 56
465 48
465 302
465 60
465 938
465 789
465 401
574 48
574 795
574 204
574 788
574 658
938 873
938 701
938 861
938 948
794 576
794 743
794 441
794 310
648 539
648 599
648 568
648 421
648 727
712 217
712 957
712 640
712 522
712 887
712 265
712 698
447 655
447 686
447 605
447 38
447 766
447 313
447 681
456 301
456 854
456 788
456 269
456 390
456 455
456 412
456 990
17 261
17 255
17 748
17 716
17 775
17 414
302 391
302 445
302 221
302 803
600 788
600 906
600 524
600 587
409 213
409 957
409 639
409 700
409 823
409 238
941 716
941 877
941 795
941 872
941 672
941 204
309 716
309 903
309 861
309 306
309 87
532 702
532 438
532 908
629 855
629 401
629 633
629 64
629 746
629 169
702 438
702 908
182 980
182 575
182 696
182 579
182 329
656 592
656 552
656 383
656 848
427 399
427 700
427 984
427 922
427 307
427 48
103 468
103 130
103 787
103 23
545 210
545 878
545 303
545 974
545 950
545 758
545 158
374 884
374 402
374 47
374 132
374 950
374 271
374 333
668 237
668 423
668 497
668 317
668 342
668 370
668 500
707 214
707 131
707 266
707 149
707 160
707 855
707 6
707 77
95 771
95 715
95 848
559 358
559 776
559 710
559 766
559 251
559 804
885 842
885 258
885 909
885 213
885 322
159 106
159 149
159 964
159 544
365 168
365 502
365 344
365 406
365 504
205 848
205 735
205 658
205 841
205 485
205 746
205 249
774 968
774 10
774 996
774 324
774 71
503 144
503 658
503 134
503 1
503 254
616 640
616 165
616 71
616 817
616 599
616 197
291 592
291 333
291 303
291 148
291 861
291 686
291 359
492 10
492 560
492 265
492 891
492 29
492 315
408 943
408 29
408 13
408 891
408 315
408 710
408 498
729 287
729 842
729 886
729 905
729 763
495 496
495 519
495 687
495 551
495 294
495 749
38 2
38 23
38 813
38 160
903 301
903 12
903 804
903 481
903 107
903 300
799 353
799 852
799 115
799 283
799 218
799 895
799 709
40 498
40 504
40 288
40 839
218 921
218 908
218 429
218 633
218 662
218 150
460 304
460 210
460 370
460 272
460 141
460 789
460 598
130 683
130 647
130 207
130 849
130 953
382 168
382 669
382 173
382 567
382 111
568 539
568 895
568 983
568 727
568 345
568 187
455 288
455 234
455 782
455 249
455 147
455 180
651 131
651 504
651 410
651 12
651 551
116 436
116 342
116 912
116 496
213 798
213 266
213 89
213 603
213 833
383 364
383 728
383 111
383 592
383 316
383 70
383 203
914 115
914 510
914 77
914 486
914 808
240 972
240 756
240 804
240 773
240 635
240 488
340 837
340 909
340 189
340 506
317 236
317 921
331 82
331 646
331 664
331 41
423 342
423 497
423 500
646 141
646 27
646 261
646 418
646 79
735 407
735 181
735 884
735 315
735 522
238 297
238 485
238 504
499 234
499 137
499 56
499 711
499 260
630 967
630 839
630 377
630 527
630 808
468 320
468 23
468 787
183 696
183 477
866 942
866 823
866 957
866 391
83 553
83 894
83 166
635 637
635 181
637 173
637 510
637 476
13 798
13 657
13 214
13 716
13 855
13 194
576 743
576 476
576 441
576 310
913 669
913 29
913 861
913 860
780 533
780 755
780 524
780 650
780 915
780 322
780 788
620 402
620 445
620 921
620 236
695 439
695 863
695 817
695 221
695 72
45 605
45 819
45 939
45 937
542 538
542 837
542 64
542 132
542 318
542 362
812 537
812 87
812 738
812 504
812 883
812 502
812 666
588 592
588 926
588 110
928 246
928 100
928 924
952 58
952 344
952 662
952 73
952 731
952 348
597 149
597 294
348 264
348 58
348 344
348 731
348 73
348 603
300 153
300 599
300 6
300 673
592 686
592 883
592 47
587 386
587 847
587 524
60 53
60 738
60 439
60 77
640 775
640 429
640 528
640 934
747 415
747 817
747 521
747 724
747 73
747 292
813 581
813 160
813 2
604 510
604 926
604 434
604 368
604 834
604 110
764 821
764 34
764 125
764 124
764 126
764 305
345 187
345 515
345 6
345 473
345 271
553 894
553 166
553 289
476 441
476 625
476 743
476 470
127 230
127 99
127 186
127 439
127 263
546 445
546 120
546 137
546 111
546 366
569 765
569 773
569 43
569 836
569 285
569 252
569 68
569 434
662 27
662 434
662 527
830 593
830 141
830 379
830 46
830 915
932 114
932 596
932 693
276 519
276 87
276 753
276 675
710 943
710 153
710 716
768 664
768 961
768 805
768 198
768 210
675 749
675 661
58 731
58 344
58 73
58 610
308 844
308 939
308 811
434 873
434 259
599 522
599 470
599 525
590 967
590 690
590 445
590 937
590 259
590 390
590 295
842 811
842 198
842 71
842 906
307 399
307 610
307 789
307 194
307 341
307 700
544 106
544 839
544 964
544 490
596 798
596 89
596 299
596 833
596 314
714 167
714 995
714 922
714 144
714 755
714 682
714 516
188 404
188 643
504 10
79 782
79 560
79 136
79 672
79 67
79 27
79 418
609 990
609 329
609 595
609 263
609 473
258 537
258 571
258 564
478 124
478 922
478 261
478 303
964 106
964 490
788 412
788 787
788 898
961 117
961 359
961 65
34 295
34 775
34 197
34 924
34 126
6 973
6 808
6 68
6 755
107 515
107 56
107 834
907 313
907 212
907 114
907 491
907 415
907 322
406 726
406 657
406 731
406 344
751 158
751 715
751 397
751 954
751 509
751 564
487 875
487 228
487 968
487 264
862 120
862 872
862 726
862 804
862 41
477 67
477 56
283 883
283 189
283 505
283 167
877 148
877 625
877 753
877 795
877 535
125 628
125 431
125 974
125 169
125 362
125 341
125 64
160 539
160 796
160 158
415 292
415 724
415 521
341 803
341 353
341 515
472 776
472 647
472 301
472 683
472 723
472 693
131 359
131 533
131 972
131 551
400 442
400 401
386 488
386 524
386 847
386 617
322 158
322 551
322 915
864 186
864 623
864 541
864 467
439 863
439 841
439 72
439 221
860 669
860 975
860 297
860 313
260 266
260 831
766 997
766 251
766 683
526 782
526 848
526 884
526 673
625 535
625 119
625 795
655 581
655 605
655 796
655 522
873 753
873 551
375 905
375 287
375 763
375 886
375 817
375 431
234 776
234 782
234 552
680 811
680 64
680 306
803 832
803 349
803 266
884 934
884 673
884 336
884 485
642 793
642 404
642 942
642 384
642 410
821 878
821 831
821 356
821 987
821 118
821 728
189 643
189 895
189 41
120 1
120 726
120 872
701 948
701 65
765 99
765 270
765 693
765 488
765 990
740 736
740 18
740 498
740 480
949 278
949 266
399 673
399 700
399 48
682 995
682 922
682 167
682 755
682 516
682 137
715 954
715 270
778 401
778 67
778 852
1 617
1 324
502 906
502 763
502 412
502 776
502 537
502 895
502 527
773 839
773 136
773 370
773 296
773 118
73 603
73 528
485 617
485 610
72 863
72 806
72 221
153 295
153 412
153 906
153 173
70 203
70 316
70 603
70 728
297 975
537 571
167 516
167 228
167 738
167 922
167 755
207 957
207 46
207 2
728 316
728 203
728 943
605 266
605 819
605 134
303 364
303 124
303 168
303 18
303 955
887 52
887 698
887 265
887 137
887 149
550 329
550 304
550 633
285 43
285 355
285 68
285 836
285 516
265 940
265 289
265 934
265 854
911 738
911 47
911 987
911 470
911 379
266 805
266 134
315 237
315 10
315 29
315 891
793 906
564 509
564 954
564 847
564 397
65 358
65 117
65 359
304 313
450 742
758 115
758 598
401 819
598 119
598 68
384 638
384 232
384 394
384 705
878 940
878 255
878 974
878 210
878 983
878 356
336 528
336 248
336 190
336 700
696 579
696 575
696 52
696 980
696 942
657 137
305 132
305 126
136 195
136 442
136 296
136 431
136 733
527 288
516 43
516 922
516 995
516 755
519 87
519 736
519 673
995 557
995 479
995 755
995 623
524 203
524 847
358 359
358 117
358 890
359 890
922 176
922 755
418 666
748 48
748 278
271 249
271 412
271 333
271 149
486 709
486 479
486 324
486 77
248 736
248 857
248 510
709 967
940 445
940 817
664 379
664 805
664 623
664 749
643 852
643 414
844 647
844 217
844 557
134 595
134 819
817 329
48 700
194 498
313 295
313 198
313 114
898 320
898 749
898 831
898 538
356 212
356 114
538 263
538 473
538 581
836 68
836 43
187 268
852 259
834 368
834 195
2 100
795 254
795 535
833 314
833 89
833 798
833 299
742 727
742 295
955 278
955 912
955 137
181 720
181 279
181 190
181 771
673 942
252 26
252 165
252 560
394 278
394 264
968 355
968 198
968 610
968 551
968 210
500 497
500 268
617 52
617 204
270 509
270 94
270 954
756 314
756 841
756 488
756 515
349 301
146 638
146 457
146 705
146 168
146 232
506 411
506 760
506 666
255 776
255 53
658 848
658 119
658 541
658 974
658 776
510 915
510 353
510 808
510 329
491 289
491 498
329 53
329 366
720 279
720 190
720 623
720 789
53 230
53 77
934 370
254 320
254 64
772 639
782 560
980 579
980 575
700 27
370 111
318 837
318 362
318 41
467 186
467 541
228 948
29 552
29 891
29 10
711 12
711 176
997 743
166 894
716 372
883 661
883 505
246 924
316 203
190 831
190 279
190 771
379 924
379 46
372 984
942 264
119 525
119 497
496 407
496 515
264 603
264 114
314 990
93 221
93 457
93 82
93 200
610 698
610 436
967 690
967 479
967 390
457 705
457 414
457 975
854 481
854 301
854 410
368 77
368 110
368 926
811 690
811 169
99 230
99 353
99 650
99 972
906 872
268 269
749 237
749 294
23 787
875 628
71 855
521 724
521 292
158 823
158 681
158 890
41 926
525 295
525 118
525 533
895 805
775 528
775 445
775 261
987 975
251 528
251 736
27 67
27 672
841 488
705 232
705 638
118 236
669 469
68 43
91 808
738 169
249 180
249 147
18 480
18 639
849 953
633 473
278 595
436 698
436 529
823 957
831 771
831 148
847 46
301 950
301 481
541 681
541 186
210 272
726 414
726 872
855 214
950 469
950 46
743 441
551 533
690 687
690 259
690 390
390 259
683 647
681 197
681 948
488 983
441 111
522 355
731 344
497 397
497 342
939 937
310 533
362 837
796 481
575 579
575 567
431 421
169 857
237 69
366 147
366 832
366 111
26 165
26 353
404 198
306 124
306 64
687 287
736 857
438 908
954 397
954 509
176 623
176 943
89 299
89 798
771 279
921 445
87 115
87 917
638 232
638 686
727 421
727 539
287 763
287 886
886 763
886 905
943 924
411 760
411 917
698 529
421 539
953 148
147 180
377 490
230 75
200 82
200 992
905 763
857 75
595 686
414 294
469 195
69 355
69 64
75 891
148 861
957 391
195 733
195 35
168 861
863 355
863 221
567 217
848 528
848 746
593 733
733 10
288 760
724 292
661 212
52 529
917 760
269 132
10 891
798 299
509 397
212 984
926 110
117 890
909 100
67 672
402 364
333 686
