104 382
104 949
104 658
104 402
104 593
104 422
104 130
104 754
104 535
104 858
206 127
206 114
206 857
206 738
206 462
206 446
206 461
206 719
206 551
206 128
235 499
235 992
235 76
235 844
235 852
235 941
235 610
235 478
235 454
235 297
689 127
689 290
689 461
689 71
689 114
689 706
689 738
689 774
689 949
689 630
730 176
730 785
730 667
730 228
730 59
730 962
730 486
730 205
730 252
730 876
897 349
897 793
897 969
897 652
897 517
897 129
897 886
897 286
897 362
897 210
34 886
34 277
34 296
34 578
34 472
34 648
34 63
34 643
34 103
34 255
147 163
147 276
147 186
147 746
147 185
147 690
147 328
147 827
147 442
147 889
456 366
456 43
456 841
456 113
456 634
456 564
456 230
456 316
456 399
456 813
513 518
513 958
513 82
513 395
513 94
513 974
513 328
513 551
513 244
513 246
459 516
459 210
459 72
459 405
459 192
459 923
459 114
459 931
459 196
459 770
784 495
784 332
784 471
784 927
784 995
784 661
784 662
784 672
784 426
784 688
721 502
721 961
721 25
721 45
721 174
721 839
721 496
721 167
721 472
721 744
969 94
969 122
969 454
969 10
969 164
969 194
969 575
969 46
969 993
280 609
280 376
280 231
280 489
280 9
280 707
280 909
280 360
280 799
280 951
674 723
674 701
674 810
674 463
674 117
674 796
674 178
674 664
674 469
674 815
299 581
299 627
299 560
299 246
299 383
299 684
299 551
299 520
299 671
299 263
687 746
687 223
687 603
687 479
687 997
687 287
687 467
687 99
687 496
687 190
362 286
362 831
362 267
362 778
362 517
362 129
362 349
362 886
362 415
743 557
743 888
743 132
743 768
743 328
743 87
743 316
743 889
743 254
743 803
128 114
128 857
128 127
128 462
128 966
128 446
128 738
128 461
128 551
576 996
576 650
576 227
576 148
576 724
576 828
576 963
576 763
576 647
576 498
348 658
348 437
348 433
348 691
348 520
348 500
348 601
348 895
348 121
348 419
808 772
808 145
808 514
808 580
808 933
808 344
808 7
808 22
808 318
808 429
57 326
57 541
57 977
57 633
57 435
57 537
57 816
57 394
57 66
57 769
107 810
107 973
107 813
107 793
107 125
107 319
107 947
107 525
107 719
107 375
339 709
339 567
339 818
339 247
339 579
339 775
339 512
339 88
339 787
339 440
759 521
759 845
759 447
759 968
759 913
759 987
759 840
759 552
759 229
759 971
172 504
172 195
172 860
172 434
172 680
172 4
172 912
172 106
172 658
172 608
582 894
582 38
582 724
582 164
582 768
582 153
582 10
582 46
582 122
582 487
718 911
718 408
718 781
718 746
718 310
718 243
718 315
718 994
718 908
718 365
792 27
792 616
792 357
792 16
792 26
792 135
792 980
792 858
792 390
792 44
526 595
526 410
526 187
526 477
526 411
526 141
526 309
526 337
526 514
526 412
972 308
972 928
972 220
972 96
972 577
972 747
972 515
972 155
972 386
972 614
493 604
493 964
493 804
493 791
493 256
493 363
493 866
493 935
493 611
493 745
795 765
795 341
795 893
795 522
795 283
795 329
795 708
795 126
795 586
795 834
166 587
166 236
166 392
166 312
166 728
166 937
166 758
166 919
166 289
166 753
400 81
400 397
400 620
400 217
400 930
400 706
400 401
400 61
400 660
400 636
199 954
199 394
199 557
199 867
199 249
199 547
199 66
199 916
199 416
199 51
201 232
201 63
201 920
201 821
201 21
201 149
201 899
201 739
201 24
201 794
623 331
623 353
623 918
623 900
623 13
623 628
623 830
623 316
623 225
623 538
242 161
242 30
242 961
242 167
242 530
242 744
242 472
242 701
242 313
242 765
395 82
395 244
395 518
395 328
395 246
395 453
395 551
395 94
395 974
375 973
375 125
375 31
375 793
375 319
375 719
375 525
375 30
375 464
924 320
924 913
924 945
924 611
924 504
924 106
924 608
924 195
924 912
924 273
639 446
639 635
639 566
639 703
639 672
639 77
639 304
639 350
639 532
639 354
741 20
741 478
741 757
741 174
741 555
741 939
741 294
741 780
741 749
741 233
234 589
234 373
234 737
234 487
234 953
234 815
234 252
234 183
234 803
234 142
921 72
921 40
921 631
921 873
921 562
921 883
921 421
921 139
921 476
921 919
542 183
542 589
542 371
542 737
542 154
542 626
542 497
542 44
542 480
542 370
137 471
137 927
137 423
137 16
137 132
137 320
137 662
137 59
137 888
137 915
988 458
988 427
988 914
988 262
988 929
988 391
988 508
988 273
988 985
988 530
151 976
151 604
151 441
151 74
151 427
151 643
151 860
151 261
151 835
151 179
657 212
657 293
657 619
657 384
657 827
657 174
657 729
657 408
657 676
657 605
141 954
141 867
141 595
141 477
141 695
141 411
141 632
141 187
141 309
878 98
878 532
878 944
878 37
878 200
878 544
878 73
878 510
878 260
878 449
650 963
650 996
650 828
650 148
650 498
650 724
650 763
650 647
650 112
755 259
755 371
755 183
755 154
755 210
755 249
755 497
755 370
755 737
755 589
488 953
488 145
488 874
488 318
488 429
488 22
488 7
488 344
488 364
488 136
693 590
693 863
693 935
693 724
693 640
693 159
693 150
693 317
693 681
693 655
465 403
465 281
465 679
465 197
465 227
465 705
465 915
465 826
465 777
465 308
709 567
709 816
709 787
709 818
709 291
709 775
709 579
709 88
709 440
544 944
544 449
544 260
544 37
544 98
544 73
544 216
544 532
544 510
776 539
776 184
776 648
776 748
776 950
776 324
776 102
776 898
776 484
776 171
165 957
165 583
165 460
165 406
165 801
165 847
165 494
165 109
165 848
165 965
834 765
834 126
834 300
834 522
834 572
834 586
834 708
834 341
834 329
527 227
527 434
527 762
527 528
527 334
527 380
527 902
527 389
527 25
527 733
661 474
661 887
661 565
661 398
661 925
661 471
661 823
661 378
661 945
444 704
444 715
444 815
444 321
444 233
444 158
444 982
444 222
444 218
444 778
892 271
892 374
892 90
892 231
892 803
892 909
892 26
892 637
892 951
892 929
842 435
842 916
842 421
842 249
842 84
842 416
842 438
842 547
842 879
842 651
938 702
938 384
938 625
938 589
938 152
938 858
938 853
938 305
938 619
938 907
42 737
42 244
42 246
42 389
42 518
42 981
42 606
42 158
42 328
42 487
885 585
885 563
885 561
885 367
885 259
885 872
885 282
885 356
885 303
885 192
138 97
138 173
138 23
138 766
138 668
138 79
138 731
138 427
138 443
138 622
593 535
593 355
593 311
593 130
593 496
593 764
593 605
593 783
593 402
284 305
284 907
284 162
284 690
284 310
284 152
284 454
284 998
284 858
284 710
647 702
647 148
647 996
647 828
647 649
647 963
647 498
647 112
270 986
270 696
270 570
270 774
270 482
270 455
270 981
270 880
270 302
270 16
483 716
483 771
483 751
483 421
483 266
483 991
483 873
483 736
483 168
483 131
727 895
727 419
727 601
727 121
727 942
727 691
727 751
727 258
727 500
727 454
159 863
159 724
159 903
159 588
159 150
159 617
159 388
159 590
159 418
881 291
881 120
881 140
881 802
881 156
881 611
881 868
881 340
881 202
881 439
782 372
782 274
782 205
782 481
782 53
782 629
782 143
782 346
782 524
782 251
763 963
763 599
763 828
763 148
763 895
763 525
763 498
763 996
766 622
766 590
766 173
766 232
766 668
766 193
766 443
766 101
766 891
157 394
157 89
157 769
157 786
157 559
157 850
157 625
157 100
157 475
157 537
956 665
956 401
956 871
956 33
956 556
956 0
956 272
956 906
956 55
956 819
21 385
21 739
21 24
21 412
21 899
21 354
21 346
21 232
21 149
129 831
129 886
129 286
129 267
129 517
129 652
129 349
129 415
820 823
820 798
820 862
820 239
820 656
820 628
820 237
820 418
820 115
820 991
591 519
591 870
591 940
591 833
591 967
591 405
591 470
591 420
591 414
591 433
14 884
14 29
14 315
14 870
14 879
14 253
14 258
14 613
14 438
14 655
907 589
907 861
907 858
907 162
907 152
907 690
907 710
907 305
564 43
564 230
564 366
564 113
564 214
564 841
564 813
564 634
564 474
822 392
822 592
822 221
822 673
822 556
822 130
822 612
822 979
822 812
822 45
189 891
189 744
189 600
189 805
189 12
189 111
189 686
189 300
189 52
189 839
386 254
386 96
386 306
386 220
386 155
386 577
386 662
386 308
386 725
6 314
6 773
6 105
6 312
6 480
6 413
6 492
6 943
6 844
6 905
679 197
679 934
679 476
679 403
679 915
679 826
679 809
679 705
679 281
900 790
900 651
900 869
900 628
900 331
900 538
900 317
900 830
900 381
515 577
515 96
515 388
515 155
515 928
515 308
515 747
515 306
515 220
785 176
785 205
785 898
785 472
785 252
785 667
785 228
785 578
785 962
133 817
133 694
133 108
133 56
133 458
133 699
133 708
133 342
133 651
133 854
491 424
491 68
491 928
491 904
491 946
491 332
491 671
491 361
491 861
491 169
196 583
196 72
196 931
196 496
196 473
196 770
196 139
196 628
196 516
314 943
314 801
314 105
314 905
314 773
314 492
314 480
314 413
314 844
502 925
502 830
502 979
502 13
502 790
502 353
502 975
502 918
502 331
636 397
636 880
636 571
636 81
636 930
636 123
636 401
636 111
636 620
967 420
967 833
967 337
967 405
967 470
967 519
967 414
967 326
967 517
837 175
837 52
837 814
837 368
837 642
837 369
837 789
837 832
837 940
837 692
957 943
957 801
957 583
957 494
957 768
957 847
957 10
957 848
957 372
50 728
50 756
50 475
50 919
50 146
50 236
50 838
50 289
50 587
50 312
843 676
843 935
843 804
843 604
843 745
843 198
843 363
843 964
843 786
843 866
770 487
770 516
770 931
770 72
770 923
770 139
770 779
770 210
903 61
903 555
903 294
903 20
903 673
903 418
903 939
903 749
903 320
47 7
47 760
47 638
47 64
47 543
47 613
47 875
47 978
47 490
47 758
279 652
279 132
279 423
279 475
279 662
279 433
279 927
279 411
279 779
279 471
272 257
272 556
272 871
272 819
272 982
272 665
272 33
272 180
272 55
663 240
663 118
663 890
663 666
663 212
663 295
663 0
663 466
663 116
663 942
131 476
131 421
131 873
131 883
131 46
131 991
131 59
131 676
131 40
54 625
54 771
54 205
54 228
54 667
54 876
54 217
54 865
54 176
54 486
440 512
440 247
440 815
440 780
440 609
440 818
440 579
440 926
587 937
587 919
587 236
587 753
587 728
587 312
587 289
587 615
241 917
241 298
241 528
241 453
241 523
241 200
241 275
241 856
241 345
241 621
266 925
266 865
266 716
266 736
266 269
266 168
266 115
266 59
266 771
31 497
31 183
31 371
31 91
31 793
31 973
31 550
31 125
31 719
685 726
685 968
685 936
685 376
685 41
685 38
685 436
685 229
685 597
685 641
807 902
807 762
807 733
807 25
807 953
807 883
807 334
807 928
807 389
807 227
906 254
906 606
906 596
906 599
906 158
906 948
906 715
906 285
906 702
269 771
269 572
269 716
269 865
269 168
269 194
269 925
269 412
269 59
23 97
23 668
23 876
23 443
23 173
23 79
23 622
23 726
23 700
43 113
43 991
43 142
43 634
43 219
43 230
43 841
43 366
222 325
222 704
222 321
222 778
222 294
222 105
222 982
222 213
222 233
926 572
926 245
926 475
926 514
926 265
926 828
926 780
926 75
926 283
323 863
323 149
323 487
323 681
323 150
323 698
323 232
323 590
323 388
323 538
978 758
978 824
978 760
978 752
978 64
978 566
978 354
978 875
978 490
63 578
63 920
63 255
63 103
63 48
63 277
63 296
63 633
610 499
610 365
610 852
610 941
610 227
610 76
610 992
610 478
610 692
450 447
450 545
450 418
450 811
450 659
450 85
450 245
450 618
450 182
450 735
790 331
790 641
790 353
790 830
790 975
790 13
790 869
790 392
343 797
343 529
343 185
343 186
343 777
343 503
343 276
343 163
343 654
343 36
664 463
664 810
664 469
664 274
664 701
664 723
664 178
664 117
664 815
562 72
562 421
562 476
562 873
562 883
562 139
562 40
562 391
562 631
642 369
642 789
642 940
642 358
642 573
642 832
642 52
642 814
642 553
960 933
960 342
960 720
960 22
960 876
960 67
960 761
960 528
960 683
960 580
457 144
457 877
457 387
457 965
457 359
457 836
457 901
457 711
457 257
457 432
115 925
115 865
115 575
115 716
115 736
115 168
115 771
115 59
533 520
533 263
533 505
533 531
533 426
533 627
533 383
533 684
533 560
533 958
680 30
680 966
680 550
680 615
680 91
680 609
680 692
680 39
680 431
1 334
1 19
1 947
1 389
1 227
1 442
1 902
1 25
1 380
1 999
819 714
819 532
819 556
819 665
819 55
819 217
819 33
819 871
11 85
11 30
11 55
11 461
11 603
11 87
11 101
11 556
11 714
11 651
46 993
46 40
46 575
46 10
46 122
46 164
46 94
683 346
683 761
683 143
683 292
683 219
683 720
683 528
683 67
683 337
655 590
655 117
655 701
655 991
655 219
655 382
655 905
655 68
912 504
912 608
912 106
912 4
912 435
912 658
912 292
912 195
347 677
347 697
347 821
347 379
347 510
347 28
347 317
347 404
347 245
347 981
796 117
796 757
796 810
796 482
796 380
796 103
796 708
796 747
796 723
3 470
3 490
3 100
3 98
3 797
3 824
3 216
3 260
3 844
3 37
986 455
986 570
986 71
986 774
986 302
986 696
986 983
986 482
986 173
177 653
177 910
177 381
177 449
177 78
177 452
177 501
177 445
177 645
177 846
41 38
41 936
41 160
41 268
41 896
41 678
41 641
41 714
41 436
460 345
460 109
460 965
460 801
460 168
460 506
460 828
460 848
460 583
60 315
60 989
60 385
60 310
60 243
60 994
60 253
60 908
60 911
60 781
473 254
473 91
473 512
473 30
473 615
473 536
473 717
473 682
473 39
5 995
5 264
5 373
5 984
5 87
5 977
5 80
5 648
5 824
5 864
537 769
537 850
537 494
537 625
537 435
537 394
537 378
537 66
426 995
426 78
426 958
426 505
426 862
426 688
426 495
426 531
238 366
238 368
238 559
238 100
238 786
238 89
238 475
238 850
238 813
238 857
745 363
745 676
745 964
745 611
745 935
745 316
745 804
745 303
53 629
53 251
53 143
53 524
53 274
53 752
53 481
53 351
53 346
699 198
699 955
699 4
699 509
699 342
699 725
699 817
699 764
699 262
543 624
543 364
543 2
543 553
543 703
543 669
543 617
543 574
543 92
563 872
563 282
563 192
563 640
563 585
563 367
563 259
563 356
563 788
359 836
359 965
359 711
359 901
359 257
359 35
359 432
359 387
359 504
643 427
643 976
643 179
643 74
643 441
643 261
643 860
643 835
707 713
707 231
707 358
707 271
707 422
707 951
707 637
707 52
707 90
602 215
602 425
602 438
602 209
602 546
602 970
602 952
602 188
602 717
602 884
914 173
914 932
914 112
914 508
914 530
914 983
914 985
914 393
914 880
696 482
696 570
696 302
696 16
696 571
696 455
696 223
696 882
285 568
285 948
285 119
285 333
285 191
285 599
285 596
285 448
285 158
712 899
712 920
712 626
712 8
712 794
712 540
712 114
712 739
712 124
712 203
706 660
706 290
706 217
706 949
706 401
706 630
706 620
706 738
971 714
971 229
971 987
971 521
971 968
971 840
971 896
971 273
971 552
637 520
637 271
637 26
637 90
637 951
637 231
637 929
637 909
2 17
2 624
2 644
2 617
2 800
2 56
2 92
2 364
2 574
360 512
360 554
360 489
360 376
360 290
360 799
360 310
360 734
360 103
476 873
476 631
476 421
476 40
476 883
476 919
237 656
237 239
237 638
237 898
237 991
237 798
237 327
237 681
237 740
9 432
9 609
9 140
9 554
9 898
9 734
9 799
9 376
9 868
521 273
521 913
521 229
521 552
521 840
521 968
521 987
521 845
468 378
468 474
468 565
468 823
468 887
468 710
468 406
468 945
468 798
468 398
806 218
806 511
806 640
806 541
806 190
806 258
806 507
806 870
806 981
806 754
757 749
757 939
757 320
757 418
757 294
757 536
757 555
757 20
71 767
71 630
71 570
71 949
71 762
71 455
71 774
71 302
581 848
581 684
581 263
581 560
581 520
581 627
581 671
581 436
581 383
764 496
764 311
764 355
764 783
764 130
764 224
764 535
764 605
750 322
750 415
750 831
750 849
750 252
750 267
750 606
750 32
750 422
750 569
869 202
869 889
869 156
869 628
869 802
869 320
869 415
869 868
669 882
669 256
669 364
669 574
669 732
669 617
669 35
669 624
669 92
944 310
944 260
944 98
944 688
944 505
944 449
944 311
944 716
18 324
18 62
18 134
18 539
18 950
18 484
18 184
18 648
18 748
18 694
425 188
425 410
425 970
425 428
425 546
425 713
425 607
425 952
425 215
350 703
350 635
350 304
350 93
350 65
350 700
350 77
350 959
350 672
935 44
935 866
935 964
935 363
935 804
935 839
224 56
224 800
224 58
224 28
224 494
224 644
224 677
224 17
224 855
301 121
301 618
301 283
301 747
301 598
301 949
301 321
301 649
301 307
301 341
430 742
430 377
430 485
430 702
430 922
430 181
430 15
430 69
430 211
430 95
635 93
635 700
635 171
635 959
635 703
635 77
635 304
635 65
19 889
19 902
19 947
19 363
19 136
19 334
19 549
19 999
19 25
835 441
835 860
835 261
835 179
835 976
835 427
835 665
835 74
671 860
671 560
671 383
671 627
671 854
671 569
671 263
761 720
761 510
761 825
761 67
761 529
761 826
761 226
761 208
73 260
73 629
73 37
73 532
73 226
73 449
73 216
73 98
27 16
27 882
27 851
27 135
27 477
27 616
27 357
27 980
27 390
756 312
756 146
756 871
756 728
756 240
756 838
756 753
756 289
756 236
805 600
805 300
805 726
805 891
805 686
805 12
805 974
805 111
805 937
585 259
585 367
585 356
585 561
585 981
585 872
585 857
585 377
694 377
694 714
694 715
694 894
694 160
694 742
694 702
694 352
829 259
829 367
829 254
829 192
829 108
829 140
829 788
829 872
829 561
829 356
501 445
501 910
501 336
501 556
501 783
501 974
501 278
501 980
501 381
700 959
700 231
700 672
700 703
700 65
700 304
700 864
322 434
322 32
322 849
322 569
322 422
322 606
322 584
322 677
322 368
994 315
994 310
994 335
994 253
994 243
994 781
994 204
994 908
110 448
110 948
110 119
110 191
110 326
110 853
110 722
110 333
110 633
110 568
549 947
549 999
549 136
549 889
549 33
549 751
549 442
549 608
549 775
292 554
292 171
292 4
292 195
292 608
292 106
292 405
292 504
297 640
297 454
297 218
297 124
297 511
297 340
297 754
297 507
297 487
154 183
154 589
154 370
154 44
154 497
154 737
154 760
154 371
592 392
592 45
592 673
592 221
592 812
592 161
592 441
592 612
592 979
448 213
448 191
448 65
448 326
448 333
448 119
448 948
448 599
355 130
355 605
355 783
355 58
355 838
355 402
355 535
355 311
740 638
740 722
740 557
740 681
740 898
740 327
740 239
740 656
740 798
330 579
330 88
330 758
330 153
330 567
330 672
330 851
330 997
330 99
330 590
710 152
710 305
710 943
710 162
710 181
710 858
710 690
486 228
486 176
486 205
486 244
486 962
486 876
486 252
486 667
180 536
180 39
180 439
180 365
180 621
180 736
180 155
180 747
180 555
887 378
887 398
887 565
887 197
887 945
887 823
887 474
887 406
36 528
36 503
36 390
36 276
36 186
36 163
36 797
36 291
36 654
613 84
613 209
613 884
613 438
613 879
613 167
613 89
613 29
75 70
75 598
75 682
75 649
75 401
75 365
75 675
75 307
75 435
541 849
541 888
541 394
541 891
541 435
541 254
541 381
541 391
118 848
118 466
118 83
118 0
118 352
118 942
118 890
118 894
118 666
911 243
911 253
911 310
911 225
911 908
911 989
911 315
911 781
536 540
536 550
536 418
536 39
536 720
536 431
536 91
670 296
670 48
670 633
670 578
670 357
670 630
670 374
670 16
670 390
670 851
874 644
874 407
874 22
874 318
874 429
874 344
874 145
874 933
874 7
894 866
894 51
894 33
894 742
894 715
894 160
894 352
225 153
225 538
225 691
225 500
225 316
225 228
225 419
225 121
256 604
256 233
256 732
256 804
256 92
256 624
256 363
256 617
469 723
469 418
469 810
469 701
469 463
469 628
469 178
469 974
845 552
845 531
845 864
845 998
845 575
845 868
845 70
845 160
422 454
422 44
422 569
422 589
422 797
422 32
207 80
207 264
207 451
207 916
207 977
207 417
207 984
207 373
207 722
207 717
616 419
616 26
616 357
616 121
616 135
616 44
616 895
616 691
64 752
64 566
64 875
64 614
64 738
64 824
64 760
64 490
567 816
567 818
567 8
567 579
567 775
567 787
567 88
508 594
508 929
508 985
508 530
508 932
508 791
508 534
508 214
729 384
729 827
729 58
729 575
729 212
729 619
729 408
729 293
729 174
899 232
899 24
899 124
899 437
899 114
899 739
899 920
607 713
607 952
607 410
607 188
607 428
607 970
607 990
607 546
607 340
367 872
367 561
367 788
367 356
367 192
367 303
955 458
955 213
955 817
955 396
955 262
955 198
955 566
955 509
955 108
59 925
59 865
59 736
59 716
839 961
839 744
839 12
839 300
839 891
839 472
839 686
144 948
144 387
144 979
144 877
144 257
144 277
144 901
144 432
144 38
388 698
388 24
388 590
388 150
388 681
388 232
388 149
83 890
83 666
83 922
83 316
83 37
83 116
83 466
83 0
83 153
149 24
149 863
149 739
149 698
149 681
149 232
855 677
855 634
855 399
855 494
855 28
855 800
855 644
855 17
855 606
387 257
387 836
387 901
387 965
387 432
387 608
387 877
560 383
560 684
560 505
560 627
560 263
560 531
15 211
15 485
15 69
15 922
15 45
15 181
15 95
15 250
15 193
917 200
917 74
917 529
917 621
917 136
917 856
917 345
917 298
917 523
786 625
786 100
786 559
786 841
786 850
786 89
786 772
794 203
794 920
794 739
794 123
794 626
794 8
794 437
794 124
464 880
464 719
464 973
464 319
464 525
464 826
464 125
464 793
464 631
780 489
780 376
780 247
780 734
780 512
780 611
780 799
499 692
499 365
499 580
499 478
499 852
499 76
499 992
499 941
966 609
966 615
966 39
966 431
966 550
966 30
966 886
966 91
278 847
278 910
278 336
278 78
278 645
278 445
278 846
278 990
278 653
509 262
509 817
509 458
509 108
509 198
509 342
509 943
509 396
514 933
514 751
514 928
514 953
514 382
514 371
514 142
722 90
722 417
722 79
722 451
722 619
722 264
722 984
271 803
271 929
271 951
271 90
271 231
271 26
271 909
735 811
735 618
735 93
735 182
735 245
735 659
735 447
735 335
735 545
265 379
265 510
265 821
265 351
265 660
265 697
265 252
265 962
265 472
308 306
308 614
308 96
308 577
308 220
308 155
407 427
407 208
407 506
407 338
407 859
407 226
407 74
407 248
407 825
799 376
799 734
799 489
799 441
799 554
799 140
975 918
975 353
975 571
975 248
975 830
975 13
975 698
975 331
250 211
250 181
250 485
250 880
250 698
250 193
250 117
250 922
250 95
275 649
275 143
275 382
275 856
275 682
275 523
275 453
275 777
275 621
788 282
788 303
788 259
788 192
788 872
788 561
788 356
853 248
853 191
853 13
853 119
853 568
853 390
853 326
853 333
216 449
216 190
216 532
216 98
216 470
216 37
216 86
215 428
215 713
215 546
215 952
215 188
215 410
215 970
215 209
402 49
402 130
402 535
402 496
402 605
402 311
402 698
389 334
389 380
389 227
389 902
389 733
389 25
132 927
132 662
132 423
132 471
132 433
132 135
132 779
404 821
404 697
404 317
404 379
404 77
404 548
404 510
404 184
404 651
324 748
324 184
324 950
324 539
324 134
324 102
324 62
324 484
574 364
574 624
574 382
574 92
574 625
574 882
574 732
204 85
204 335
204 182
204 659
204 811
204 762
204 767
204 570
204 733
923 139
923 510
923 516
923 931
923 652
923 72
923 112
923 210
484 62
484 102
484 748
484 134
484 950
484 539
484 184
977 373
977 717
977 451
977 264
977 80
977 984
977 351
212 293
212 619
212 174
212 384
212 827
212 893
212 408
518 328
518 246
518 82
518 382
518 244
518 117
518 94
51 954
51 309
51 249
51 632
51 916
51 867
51 416
51 547
477 257
477 844
477 867
477 625
477 695
477 595
477 632
937 236
937 753
937 919
937 728
937 289
937 758
937 312
439 120
439 802
439 495
439 202
439 291
439 868
439 340
439 156
453 200
453 345
453 551
453 856
453 523
453 82
453 621
584 925
584 380
584 434
584 828
584 596
584 865
584 398
584 32
584 809
298 529
298 646
298 345
298 621
298 200
298 856
298 866
298 523
413 142
413 773
413 551
413 552
413 943
413 480
413 492
413 105
281 705
281 403
281 809
281 358
281 70
281 211
281 236
281 915
769 816
769 435
769 394
769 850
769 66
769 803
769 396
631 40
631 352
631 883
631 72
631 873
631 421
999 889
999 442
999 778
999 947
999 203
999 136
999 13
872 561
872 356
872 192
872 259
686 600
686 726
686 111
686 891
686 12
686 300
686 725
939 320
939 20
939 749
939 294
939 678
939 555
939 418
28 611
28 800
28 644
28 17
28 981
28 677
28 548
519 414
519 833
519 470
519 692
519 420
519 540
519 405
519 178
947 902
947 227
947 889
947 442
947 492
603 190
603 479
603 287
603 99
603 467
603 223
603 997
603 86
49 325
49 932
49 985
49 749
49 321
49 233
49 791
49 534
49 594
998 690
998 552
998 193
998 779
998 377
998 352
998 961
998 67
511 487
511 870
511 754
511 507
511 704
511 258
511 218
511 640
534 594
534 932
534 393
534 530
534 565
534 791
534 214
534 985
120 156
120 202
120 291
120 851
120 340
120 868
120 802
120 140
420 470
420 833
420 836
420 414
420 405
420 540
420 864
765 273
765 961
765 167
765 304
765 213
765 313
765 744
452 445
452 78
452 381
452 846
452 336
452 645
452 653
452 910
452 399
893 79
893 522
893 329
893 341
893 126
893 586
893 283
893 135
78 910
78 936
78 675
78 645
78 653
78 846
652 286
652 210
652 931
652 415
652 267
652 349
783 443
783 319
783 605
783 311
783 535
783 130
127 949
127 738
127 461
127 630
127 462
127 290
127 114
247 512
247 88
247 965
247 579
247 787
247 775
247 818
875 758
875 658
875 678
875 888
875 490
875 566
875 760
219 351
219 374
219 67
219 253
219 142
219 244
219 905
547 66
547 916
547 416
547 249
547 742
547 867
547 70
434 195
434 380
434 528
434 162
434 4
434 504
361 772
361 946
361 904
361 953
361 424
361 68
361 332
361 169
361 928
896 641
896 936
896 629
896 268
896 714
896 597
896 678
896 436
99 997
99 223
99 467
99 287
99 86
99 746
99 190
614 725
614 96
614 577
614 747
614 752
614 306
614 220
645 445
645 399
645 336
645 846
645 653
645 910
35 836
35 8
35 432
35 711
35 826
35 412
35 877
35 257
150 516
150 590
150 698
150 681
150 863
150 432
601 419
601 20
601 38
601 942
601 720
601 895
601 691
601 520
327 898
327 991
327 656
327 109
327 821
327 798
327 638
327 239
854 313
854 368
854 411
854 121
854 500
854 895
854 569
854 538
768 254
768 164
768 122
768 10
768 194
768 888
768 87
545 245
545 447
545 618
545 85
545 182
545 811
545 335
545 659
787 775
787 394
787 818
787 579
787 816
787 88
125 973
125 525
125 153
125 719
125 793
125 319
93 672
93 447
93 65
93 77
93 304
93 703
93 618
397 620
397 288
397 61
397 81
397 401
397 930
397 660
397 217
849 831
849 32
849 779
849 392
849 633
849 606
849 569
106 658
106 192
106 504
106 4
106 195
106 608
861 169
861 942
861 408
861 725
861 904
861 111
861 332
861 424
568 333
568 672
568 599
568 326
568 119
568 191
568 948
489 512
489 734
489 554
489 376
489 638
489 140
825 248
825 338
825 208
825 226
825 646
825 859
825 588
825 123
962 252
962 205
962 228
962 667
962 176
962 876
503 409
503 185
503 654
503 276
503 163
503 498
503 186
503 313
97 173
97 79
97 668
97 622
97 983
97 731
97 443
97 101
223 467
223 882
223 287
223 86
223 479
223 190
492 905
492 773
492 844
492 105
492 140
492 480
789 369
789 573
789 553
789 814
789 175
789 832
789 52
789 368
682 675
682 307
682 70
682 649
682 684
682 777
682 598
554 140
554 638
554 376
554 734
554 512
17 644
17 56
17 800
17 286
17 58
17 611
910 445
910 381
910 653
910 846
191 557
191 326
191 333
191 599
191 119
797 276
797 186
797 880
797 529
797 409
797 654
341 423
341 586
341 126
341 522
341 283
341 329
112 251
112 816
112 677
112 963
112 996
112 148
918 830
918 331
918 628
918 13
918 538
918 316
918 353
368 454
368 832
368 553
368 566
368 175
615 39
615 609
615 431
615 30
615 91
615 550
209 258
209 879
209 29
209 438
209 884
209 481
209 546
500 419
500 895
500 691
500 942
500 538
500 121
505 958
505 688
505 383
505 995
505 531
505 862
276 163
276 409
276 186
276 185
276 654
442 824
442 136
442 227
442 889
442 372
29 230
29 84
29 884
29 879
29 928
29 651
29 438
102 134
102 171
102 648
102 409
102 748
102 62
102 539
565 474
565 823
565 398
565 378
565 976
565 945
801 109
801 583
801 848
801 847
801 753
801 883
847 886
847 555
847 583
847 372
847 406
847 848
130 535
130 605
130 311
383 627
383 520
383 684
383 263
859 208
859 248
859 588
859 226
859 646
859 506
859 123
859 338
190 479
190 86
190 467
190 287
983 173
983 471
983 922
983 101
983 79
983 213
983 870
162 152
162 989
162 337
162 305
162 858
162 690
752 354
752 490
752 760
752 824
752 566
752 857
69 485
69 95
69 181
69 558
69 211
69 528
69 193
69 922
295 865
295 666
295 116
295 605
295 240
295 751
295 391
295 890
295 0
660 81
660 930
660 61
660 217
660 620
660 401
736 437
736 925
736 771
736 716
736 168
695 187
695 954
695 163
695 632
695 309
695 409
695 595
695 411
646 123
646 523
646 621
646 557
646 506
646 86
646 338
922 485
922 558
922 638
922 95
525 760
525 406
525 711
525 973
525 319
632 595
632 187
632 411
632 309
632 559
632 867
927 779
927 423
927 662
927 433
927 164
927 471
240 176
240 268
240 666
240 116
240 890
240 0
240 714
419 121
419 895
419 691
419 625
732 617
732 92
732 624
732 325
732 882
732 364
732 604
95 558
95 181
95 485
95 211
95 193
940 573
940 52
940 814
940 461
940 446
940 833
940 414
384 174
384 619
384 293
384 990
384 58
384 827
814 358
814 175
814 832
814 573
814 52
814 369
194 87
194 122
194 164
194 254
194 575
194 993
194 888
424 332
424 942
424 904
424 68
424 946
424 772
424 169
771 865
771 168
771 925
771 716
427 179
427 976
427 860
427 261
134 376
134 62
134 539
134 950
134 748
134 665
596 403
596 934
596 119
596 791
596 948
596 158
596 809
588 506
588 437
588 208
588 248
588 338
588 443
588 123
997 472
997 479
997 746
997 467
997 496
997 287
62 748
62 626
62 539
62 913
62 950
884 84
884 76
884 438
884 258
884 879
989 970
989 210
989 243
989 385
989 253
989 781
989 908
337 720
337 346
337 617
337 846
337 67
337 385
594 214
594 530
594 932
594 628
594 791
594 393
594 985
856 529
856 523
856 345
856 200
856 621
930 81
930 217
930 571
930 288
930 620
930 61
171 142
171 539
171 480
171 751
171 959
171 838
827 408
827 33
827 293
827 174
827 619
597 436
597 268
597 936
597 678
597 641
597 38
597 345
597 320
618 182
618 659
618 447
618 811
618 245
667 252
667 176
667 228
667 205
667 876
186 163
186 185
186 654
186 409
391 381
391 435
391 666
391 289
391 704
391 653
951 720
951 803
951 90
951 231
951 909
187 309
187 532
187 411
187 954
187 595
187 867
715 160
715 466
715 742
715 702
715 352
715 377
369 358
369 573
369 52
369 175
369 832
369 553
374 296
374 578
374 255
374 103
374 48
374 277
374 633
959 838
959 754
959 65
959 382
959 828
959 864
90 231
90 929
90 803
90 909
731 668
731 529
731 200
731 622
731 880
731 101
731 934
731 173
992 365
992 353
992 76
992 692
992 941
992 478
992 852
10 164
10 575
10 94
10 993
10 122
109 175
109 583
109 898
109 848
109 239
109 553
67 346
67 720
67 143
67 253
479 287
479 86
479 496
479 467
479 746
830 331
830 454
830 353
830 13
890 0
890 666
890 116
890 176
890 466
934 705
934 403
934 197
934 211
934 809
934 915
934 948
84 916
84 282
84 438
84 303
84 463
84 879
548 379
548 965
548 583
548 304
548 651
548 720
548 168
548 734
161 170
161 612
161 221
161 979
161 313
161 713
161 673
161 812
952 713
952 970
952 546
952 410
952 428
952 438
357 851
357 44
357 16
357 26
357 980
357 390
377 742
377 352
377 690
377 160
377 702
648 274
648 184
648 871
648 539
648 748
264 417
264 984
264 717
264 451
264 80
264 373
213 778
213 673
213 809
213 325
213 333
443 668
443 101
443 622
443 79
831 286
831 886
831 415
831 267
831 517
831 32
313 167
313 961
313 772
313 744
313 82
862 495
862 995
862 688
862 958
862 990
862 531
862 557
678 936
678 436
678 139
678 268
678 641
169 68
169 953
169 772
169 904
169 946
169 332
218 640
218 89
218 258
218 507
218 870
218 754
572 586
572 37
572 126
572 329
572 475
572 283
572 708
556 665
556 714
556 871
556 55
600 111
600 891
600 726
600 529
600 300
600 179
600 12
970 713
970 428
970 546
970 188
58 800
58 401
58 293
58 56
58 174
55 665
55 714
55 33
55 871
55 702
173 446
173 668
178 810
178 723
178 463
178 408
178 815
178 701
627 684
627 531
627 263
627 520
380 733
380 902
380 558
380 334
909 231
909 26
909 170
909 803
774 290
774 455
774 482
774 354
774 630
774 302
573 414
573 52
573 832
573 358
573 553
396 458
396 342
396 198
396 262
396 108
396 817
396 943
863 698
863 681
863 590
863 724
863 677
349 886
349 415
349 32
349 267
349 517
349 286
579 818
579 88
579 775
866 804
866 676
866 363
866 964
866 604
175 832
175 813
175 68
175 553
507 870
507 871
507 754
507 640
507 258
507 487
697 317
697 510
697 821
697 379
697 12
697 675
697 651
864 833
864 540
864 405
864 251
864 274
451 717
451 428
451 373
451 80
451 417
451 984
802 291
802 156
802 202
802 340
802 868
802 30
522 329
522 202
522 126
522 973
522 283
522 586
12 111
12 726
12 891
12 300
876 176
876 205
876 252
221 673
221 612
221 979
221 45
221 170
221 812
221 454
232 739
232 170
232 24
331 13
331 353
331 538
358 108
358 832
358 48
358 52
466 116
466 288
466 666
466 942
466 0
113 841
113 634
113 316
113 230
113 474
113 260
113 366
406 474
406 446
406 583
406 823
406 945
812 673
812 979
812 392
812 612
812 45
812 170
354 824
354 490
354 520
354 760
354 566
882 16
882 364
882 867
882 92
393 214
393 746
393 791
393 852
393 932
393 941
393 530
810 701
810 815
810 117
810 723
987 840
987 229
987 968
987 273
987 711
987 913
987 552
841 634
841 366
841 399
841 813
841 230
101 880
101 668
101 622
101 79
143 346
143 524
143 481
143 351
143 251
56 813
56 644
56 494
56 800
56 760
895 121
895 691
716 168
716 865
644 677
644 494
644 800
990 958
990 410
990 619
990 345
990 170
990 995
417 851
417 373
417 80
417 916
417 984
417 717
877 767
877 995
877 836
877 257
877 901
877 432
692 365
692 941
692 76
692 478
717 80
717 984
717 373
762 570
762 767
762 733
762 302
762 25
762 482
140 868
140 734
179 261
179 860
179 441
179 976
179 74
305 152
305 378
305 858
305 529
305 690
282 857
282 303
282 192
282 463
282 68
282 259
423 160
423 471
423 662
423 433
423 779
665 982
665 33
665 871
326 767
326 333
326 119
37 449
37 98
37 260
96 220
96 306
96 577
96 725
96 747
950 681
950 254
950 184
950 656
72 931
72 139
72 516
319 719
319 793
319 153
319 973
958 531
958 688
958 495
958 995
673 45
673 979
673 612
961 772
961 472
961 167
961 744
617 92
617 624
617 364
103 296
103 255
103 24
103 277
103 578
185 654
185 880
185 409
185 200
185 163
676 274
676 804
676 398
676 421
676 964
399 908
399 634
399 813
399 366
399 230
158 948
158 758
158 606
158 599
158 409
259 561
259 356
203 8
203 920
203 905
203 124
203 437
203 626
203 739
904 946
904 928
904 332
904 68
904 942
244 328
244 246
244 624
244 82
598 307
598 675
598 777
598 649
598 70
598 153
598 851
288 310
288 81
288 217
288 116
288 836
288 571
288 401
490 566
490 726
490 824
85 302
85 570
85 659
85 142
85 811
85 335
506 226
506 338
506 208
506 248
506 123
976 860
976 261
976 74
976 441
524 481
524 351
524 629
524 385
524 251
524 372
524 346
851 390
851 980
851 153
840 946
840 968
840 229
840 487
840 552
840 711
622 382
622 668
622 79
45 979
45 392
45 612
91 30
91 609
91 550
91 39
77 304
77 672
77 65
77 656
77 703
116 0
116 480
116 666
504 4
504 658
504 195
74 441
74 261
74 860
846 445
846 653
846 142
119 333
119 599
558 586
558 638
558 485
558 148
558 181
558 193
458 262
458 198
458 108
458 342
458 817
746 496
746 467
746 287
214 791
214 813
214 985
214 932
214 530
931 210
931 516
931 230
931 139
809 403
809 705
809 915
809 197
848 555
848 583
733 263
733 25
733 334
733 713
338 123
338 208
338 226
338 248
24 739
24 698
24 888
995 495
995 688
306 220
306 577
306 747
306 725
306 155
641 38
641 936
641 268
641 436
512 39
512 734
852 310
852 478
852 941
852 76
852 263
356 303
356 561
964 804
964 604
964 611
964 363
122 993
122 164
122 575
122 94
416 595
416 66
416 867
416 249
416 916
416 954
461 949
461 472
461 462
461 446
653 381
653 445
803 26
803 929
913 229
913 968
913 320
913 273
913 245
373 80
373 984
555 136
555 20
555 749
76 478
76 365
76 941
421 873
421 40
182 245
182 811
182 659
182 335
182 447
569 32
569 267
569 606
569 633
146 728
146 318
146 838
146 372
146 993
146 312
146 753
146 701
638 656
638 898
462 412
462 290
462 949
462 114
462 446
462 738
431 39
431 550
431 370
431 609
431 30
431 447
749 418
749 294
749 658
749 20
929 231
929 87
929 604
428 188
428 410
428 713
428 546
701 117
701 723
580 344
580 318
580 7
580 136
580 933
580 429
580 145
719 153
719 793
719 973
61 217
61 81
61 571
61 620
61 170
126 586
126 708
126 283
126 329
309 867
309 595
309 954
309 411
886 517
886 286
372 481
372 251
372 629
372 274
698 681
412 702
412 249
412 385
412 243
412 205
392 379
392 821
392 612
532 449
532 98
532 260
370 325
370 44
370 589
370 183
370 497
370 371
257 432
257 901
243 315
243 908
243 781
243 385
838 336
838 728
838 312
838 470
599 333
599 948
946 332
946 953
946 928
946 68
268 436
268 714
268 936
268 850
296 48
296 578
296 633
296 255
296 277
945 378
945 823
945 474
945 398
538 628
538 403
620 571
620 217
620 81
724 963
724 996
724 498
724 590
725 408
725 577
725 220
481 346
481 351
481 629
481 274
255 578
255 152
255 277
255 633
255 48
517 286
517 415
517 267
546 188
546 713
48 578
48 277
48 633
48 70
737 497
737 44
737 188
737 371
737 183
437 8
437 626
437 124
437 920
626 124
626 261
626 8
626 920
16 390
16 135
449 98
449 260
100 475
100 850
100 772
100 857
100 89
100 559
857 850
857 89
857 559
403 197
403 915
403 705
629 277
629 351
629 274
570 767
570 302
570 482
919 873
919 289
919 40
919 883
398 474
398 823
398 378
114 446
114 738
342 198
342 744
342 817
342 4
4 608
4 195
344 145
344 933
344 22
344 429
344 7
344 318
666 0
8 124
8 779
8 920
463 723
463 980
463 86
463 815
758 289
758 753
758 658
197 705
197 826
197 291
197 915
467 86
467 287
302 455
302 482
105 844
105 773
105 905
105 943
105 480
229 273
229 552
229 968
817 108
817 198
817 262
982 325
982 321
982 294
982 778
982 704
982 233
818 88
818 775
818 816
183 589
183 371
183 497
826 915
826 167
826 705
826 111
659 335
659 811
659 245
497 325
497 371
497 44
640 754
640 870
640 487
139 516
139 210
708 575
708 751
708 586
708 329
823 474
823 378
754 870
754 382
485 193
485 181
485 211
751 142
751 824
751 675
550 609
550 475
550 39
880 293
933 145
933 772
933 429
933 22
901 836
901 432
901 965
901 711
307 777
307 704
307 70
307 649
307 675
307 321
145 22
145 429
145 318
145 7
495 688
495 557
495 408
495 531
557 688
557 87
557 981
611 340
611 156
208 123
208 248
208 226
79 668
66 378
66 435
66 816
66 394
321 778
321 704
321 325
321 233
152 858
152 690
152 608
739 124
447 87
447 609
260 98
336 167
336 82
336 974
336 381
336 445
630 290
630 949
630 455
630 738
498 33
498 963
498 148
498 996
974 82
974 328
974 551
974 246
711 965
711 836
711 290
800 494
800 677
624 92
624 364
340 202
340 38
340 156
164 94
164 993
523 345
523 621
523 200
744 167
744 472
181 193
181 211
168 888
233 325
233 778
233 704
70 675
70 777
753 236
753 728
753 289
920 124
436 936
436 38
365 478
365 941
32 606
32 779
767 335
767 571
767 455
767 662
813 366
985 932
985 791
985 530
531 688
942 20
236 312
236 289
236 728
539 748
409 163
409 654
703 672
703 304
703 65
654 163
654 649
86 287
198 108
198 262
252 228
228 691
228 249
612 170
612 979
658 20
202 156
202 868
202 291
494 80
494 677
155 220
155 747
155 540
155 577
88 775
88 816
136 7
136 889
953 775
953 332
953 928
781 253
781 310
781 908
781 315
656 991
656 798
656 239
943 773
943 905
148 828
148 996
148 963
702 742
915 705
320 418
320 273
89 475
89 850
89 559
965 836
262 108
262 170
317 651
317 379
317 510
317 821
317 628
33 871
248 226
7 318
7 429
290 949
290 738
993 575
993 283
993 94
996 828
996 963
734 376
160 742
160 352
160 335
351 303
351 251
821 379
821 898
634 230
634 316
634 366
433 414
433 471
433 662
433 779
528 980
528 135
528 195
868 156
273 968
726 891
726 111
726 300
192 561
811 335
811 245
226 123
773 844
773 480
773 905
773 889
798 747
798 981
798 991
798 239
553 454
553 832
605 535
605 311
704 294
704 778
332 68
65 672
65 304
315 385
315 253
315 908
540 470
540 170
540 833
540 414
366 230
261 441
261 860
742 352
742 705
844 905
844 352
723 815
723 117
954 249
954 411
954 595
253 385
621 345
470 833
470 405
294 778
294 410
334 902
334 25
334 963
858 690
277 578
410 446
410 188
535 496
535 311
589 371
824 566
815 117
936 38
167 772
675 777
675 649
941 478
604 363
604 804
210 184
902 227
902 25
325 516
619 174
619 293
571 81
571 455
22 318
22 429
22 184
363 804
274 251
748 184
980 135
980 26
980 390
26 135
991 239
328 246
328 82
551 82
551 246
414 405
414 833
220 577
888 760
888 87
193 211
381 445
408 293
195 608
353 316
353 13
510 379
239 981
239 898
908 385
94 246
20 720
981 482
530 932
850 559
932 791
691 121
415 267
415 286
249 916
925 865
329 586
329 283
312 728
200 529
135 390
258 870
258 879
441 516
662 471
291 684
291 156
142 480
300 891
300 111
777 649
777 382
87 254
482 455
429 318
475 559
651 379
364 92
394 435
394 816
984 80
684 263
684 520
251 346
405 833
188 606
311 625
205 176
595 411
561 303
438 879
883 873
883 40
873 40
174 293
552 968
625 559
153 793
303 267
916 879
81 401
973 793
