445 953
445 823
445 466
445 318
445 716
445 521
445 889
445 779
445 852
445 689
499 557
499 697
499 186
499 694
499 811
499 799
499 253
499 672
499 825
499 902
629 645
629 993
629 114
629 429
629 935
629 141
629 190
629 86
629 791
629 743
845 897
845 899
845 228
845 868
845 996
845 31
845 385
845 194
845 837
845 616
102 288
102 635
102 227
102 393
102 876
102 430
102 523
102 458
102 72
102 664
281 315
281 89
281 426
281 308
281 533
281 237
281 900
281 435
281 53
281 751
63 298
63 543
63 176
63 147
63 986
63 125
63 414
63 222
63 821
63 418
326 42
326 970
326 218
326 323
326 265
326 670
326 760
326 696
326 688
326 680
54 525
54 712
54 481
54 732
54 755
54 650
54 184
54 400
54 77
54 386
735 895
735 545
735 624
735 6
735 581
735 492
735 759
735 422
735 471
735 358
451 732
451 78
451 66
451 754
451 877
451 714
451 637
451 589
451 222
451 198
556 630
556 88
556 153
556 282
556 877
556 277
556 231
556 573
556 780
556 909
693 39
693 851
693 838
693 569
693 832
693 834
693 810
693 577
693 898
693 0
843 345
843 931
843 673
843 698
843 955
843 392
843 57
843 55
843 246
843 364
371 266
371 69
371 93
371 762
371 258
371 329
371 206
371 939
371 267
371 453
563 618
563 17
563 465
563 965
563 631
563 855
563 958
563 303
563 538
563 345
356 933
356 553
356 188
356 887
356 123
356 473
356 439
356 199
356 945
356 846
403 207
403 400
403 100
403 906
403 137
403 251
403 384
403 349
403 736
403 865
503 373
503 921
503 410
503 397
503 944
503 604
503 924
503 591
503 653
503 671
867 234
867 930
867 262
867 937
867 919
867 257
867 976
867 10
867 255
867 623
862 329
862 108
862 285
862 887
862 464
862 506
862 416
862 574
862 604
862 734
247 49
247 208
247 476
247 937
247 695
247 527
247 372
247 292
247 181
247 40
389 434
389 723
389 221
389 401
389 940
389 449
389 56
389 167
389 844
389 273
156 728
156 242
156 994
156 443
156 392
156 710
156 369
156 988
156 509
156 155
759 422
759 471
759 624
759 492
759 545
759 6
759 713
759 177
759 17
598 559
598 132
598 783
598 121
598 619
598 574
598 604
598 139
598 537
598 640
875 94
875 13
875 550
875 12
875 914
875 709
875 773
875 632
875 263
875 816
136 224
136 670
136 393
136 682
136 430
136 752
136 345
136 923
136 5
136 72
521 511
521 987
521 707
521 579
521 114
521 743
521 593
521 794
521 127
301 346
301 983
301 435
301 95
301 177
301 936
301 737
301 925
301 578
301 802
854 486
854 724
854 233
854 116
854 317
854 122
854 126
854 96
854 978
854 344
716 823
716 889
716 298
716 953
716 461
716 173
716 779
716 689
716 740
396 847
396 772
396 851
396 0
396 362
396 810
396 834
396 898
396 569
396 220
633 573
633 712
633 77
633 525
633 968
633 14
633 481
633 429
633 650
633 837
148 238
148 214
148 357
148 229
148 767
148 621
148 125
148 48
148 25
148 241
531 631
531 741
531 259
531 822
531 626
531 559
531 472
531 984
531 991
531 465
528 786
528 478
528 742
528 243
528 442
528 417
528 283
528 828
528 976
528 513
752 783
752 342
752 648
752 777
752 382
752 892
752 9
752 730
752 533
51 739
51 302
51 320
51 667
51 456
51 212
51 173
51 470
51 229
51 143
827 131
827 821
827 9
827 978
827 130
827 805
827 287
827 92
827 547
827 990
174 986
174 8
174 331
174 409
174 282
174 81
174 354
174 259
174 967
174 990
934 654
934 818
934 4
934 249
934 512
934 601
934 999
934 548
934 577
934 68
84 274
84 304
84 910
84 377
84 37
84 351
84 917
84 743
84 614
84 106
223 580
223 850
223 824
223 588
223 658
223 783
223 164
223 691
223 255
223 660
475 763
475 177
475 202
475 244
475 922
475 225
475 306
475 800
475 788
475 594
644 753
644 599
644 832
644 913
644 942
644 750
644 542
644 492
644 552
644 507
819 676
819 977
819 748
819 549
819 252
819 207
819 471
819 100
819 428
819 99
336 15
336 485
336 933
336 288
336 505
336 517
336 162
336 103
336 678
336 911
703 140
703 421
703 833
703 461
703 927
703 864
703 85
703 216
703 111
703 989
704 426
704 72
704 970
704 70
704 877
704 637
704 675
704 309
704 900
704 436
870 652
870 455
870 333
870 463
870 285
870 683
870 413
870 363
870 979
870 10
873 957
873 493
873 209
873 28
873 454
873 260
873 158
873 813
873 547
873 324
657 622
657 388
657 15
657 239
657 36
657 493
657 376
657 2
657 125
657 768
758 164
758 4
758 294
758 103
758 559
758 613
758 798
758 785
758 117
758 920
250 235
250 522
250 798
250 613
250 615
250 804
250 970
250 474
250 920
250 383
636 211
636 508
636 90
636 554
636 903
636 144
636 592
636 583
636 720
636 11
337 916
337 749
337 98
337 191
337 668
337 818
337 532
337 254
337 655
337 888
524 467
524 305
524 853
524 252
524 78
524 299
524 646
524 79
524 394
524 566
43 605
43 707
43 305
43 127
43 576
43 60
43 511
43 222
43 593
43 796
77 837
77 755
77 386
77 164
77 650
77 481
77 525
77 712
452 957
452 283
452 786
452 828
452 945
452 68
452 724
452 575
452 439
452 417
770 142
770 772
770 322
770 307
770 352
770 564
770 701
770 951
770 248
770 757
888 27
888 820
888 976
888 530
888 834
888 721
888 294
888 373
888 560
129 38
129 561
129 436
129 926
129 447
129 83
129 180
129 791
129 631
129 75
760 323
760 511
760 835
760 680
760 218
760 688
760 42
760 696
760 265
74 637
74 877
74 198
74 938
74 589
74 312
74 754
74 732
74 78
74 714
824 850
824 580
824 902
824 317
824 660
824 691
824 284
824 588
824 783
896 660
896 787
896 691
896 952
896 507
896 530
896 783
896 580
896 902
896 508
932 866
932 964
932 46
932 436
932 327
932 587
932 515
932 161
932 28
932 367
29 216
29 100
29 207
29 893
29 137
29 915
29 864
29 111
29 927
29 243
300 433
300 65
300 831
300 726
300 491
300 863
300 975
300 33
300 477
300 68
347 686
347 879
347 918
347 768
347 412
347 878
347 666
347 374
347 217
347 612
119 152
119 488
119 80
119 954
119 892
119 334
119 374
119 969
119 45
119 698
193 913
193 419
193 829
193 390
193 959
193 195
193 956
193 510
193 153
193 101
64 999
64 55
64 266
64 249
64 656
64 240
64 630
64 512
64 382
64 201
257 262
257 945
257 589
257 175
257 623
257 919
257 794
257 930
257 255
99 330
99 546
99 368
99 35
99 565
99 977
99 549
99 537
99 971
480 458
480 263
480 683
480 288
480 781
480 911
480 285
480 333
480 81
480 227
112 1
112 420
112 362
112 700
112 820
112 270
112 438
112 481
112 200
112 497
419 387
419 501
419 273
419 61
419 676
419 330
419 368
419 179
419 568
912 236
912 382
912 848
912 844
912 192
912 949
912 283
912 790
912 803
912 744
997 353
997 679
997 907
997 971
997 171
997 344
997 316
997 205
997 881
997 271
544 137
544 154
544 350
544 240
544 734
544 892
544 506
544 517
544 436
544 298
601 515
601 56
601 999
601 512
601 240
601 249
601 410
601 901
601 795
483 582
483 956
483 559
483 800
483 306
483 745
483 778
483 202
483 169
483 868
591 410
591 921
591 397
591 906
591 774
591 653
591 671
591 924
591 828
162 505
162 678
162 86
162 766
162 103
162 535
162 911
162 517
162 768
950 662
950 813
950 8
950 121
950 197
950 906
950 462
950 998
950 727
950 884
943 455
943 81
943 980
943 643
943 505
943 928
943 267
943 730
943 832
943 470
605 128
605 58
605 127
605 305
605 350
605 894
605 796
605 60
605 568
702 959
702 567
702 166
702 267
702 153
702 261
702 807
702 486
702 82
702 19
195 706
195 101
195 34
195 829
195 510
195 124
195 800
195 948
195 280
309 463
309 143
309 45
309 60
309 426
309 290
309 675
309 658
309 792
803 986
803 623
803 621
803 402
803 175
803 540
803 82
803 238
803 767
838 903
838 187
838 720
838 583
838 168
838 592
838 144
838 692
838 882
319 771
319 139
319 725
319 229
319 299
319 467
319 673
319 659
319 987
319 470
725 438
725 270
725 200
725 659
725 145
725 362
725 125
725 820
725 1
131 164
131 990
131 805
131 572
131 130
131 821
131 978
131 92
131 708
674 922
674 69
674 258
674 93
674 939
674 206
674 202
674 266
674 775
674 177
313 333
313 627
313 668
313 219
313 8
313 659
313 212
313 372
313 320
313 739
422 897
422 545
422 581
422 6
422 23
422 624
422 492
422 895
502 641
502 728
502 961
502 10
502 139
502 462
502 988
502 115
502 155
502 453
846 553
846 945
846 355
846 473
846 199
846 123
846 188
846 439
846 115
818 496
818 25
818 48
818 214
818 229
818 241
818 68
818 238
823 779
823 88
823 277
823 196
823 689
823 889
823 953
823 318
109 966
109 985
109 908
109 423
109 662
109 643
109 663
109 797
109 85
109 801
134 21
134 559
134 992
134 72
134 133
134 765
134 259
134 972
134 178
134 619
324 957
324 737
324 892
324 209
324 493
324 454
324 902
324 28
324 925
961 194
961 962
961 138
961 652
961 26
961 662
961 5
961 97
961 453
761 14
761 169
761 855
761 477
761 467
761 96
761 724
761 209
761 126
761 745
962 41
962 662
962 506
962 603
962 956
962 205
962 372
962 238
962 530
170 960
170 914
170 69
170 967
170 410
170 157
170 872
170 796
170 266
170 520
494 157
494 232
494 299
494 291
494 339
494 62
494 293
494 163
494 733
494 700
617 472
617 559
617 519
617 158
617 892
617 558
617 47
617 13
617 638
617 497
954 55
954 429
954 70
954 318
954 334
954 167
954 685
954 609
954 935
413 429
413 285
413 526
413 595
413 350
413 334
413 652
413 683
413 333
666 374
666 217
666 739
666 719
666 878
666 918
666 686
666 534
666 879
270 438
270 362
270 420
270 820
270 14
270 1
270 762
270 200
399 886
399 244
399 125
399 882
399 993
399 284
399 168
399 330
399 852
399 952
731 711
731 973
731 117
731 537
731 575
731 132
731 22
731 654
731 596
731 260
853 566
853 252
853 394
853 890
853 299
853 305
853 79
853 510
853 787
901 310
901 314
901 52
901 795
901 365
901 571
901 190
901 639
901 62
232 408
232 964
232 697
232 161
232 327
232 883
232 46
232 367
232 264
325 681
325 338
325 746
325 522
325 994
325 133
325 467
325 110
325 721
325 408
80 969
80 275
80 143
80 152
80 45
80 488
80 659
80 748
80 428
685 529
685 655
685 268
685 24
685 497
685 215
685 586
685 708
685 62
489 608
489 110
489 38
489 165
489 444
489 705
489 610
489 721
489 941
489 970
618 442
618 965
618 695
618 871
618 303
618 538
618 631
618 855
618 465
59 562
59 447
59 73
59 737
59 500
59 203
59 860
59 871
59 262
59 114
784 411
784 826
784 61
784 182
784 773
784 782
784 376
784 769
784 587
784 986
293 387
293 235
293 163
293 424
293 27
293 339
293 157
293 699
293 291
91 535
91 183
91 885
91 718
91 628
91 159
91 70
91 440
91 929
91 269
736 400
736 100
736 421
736 251
736 349
736 137
736 207
736 865
736 384
366 142
366 701
366 322
366 248
366 564
366 878
366 625
366 772
366 951
366 861
446 942
446 542
446 750
446 832
446 830
446 599
446 753
446 507
446 764
446 182
204 813
204 111
204 234
204 893
204 639
204 140
204 927
204 87
204 298
204 776
384 207
384 574
384 137
384 349
384 400
384 251
384 865
384 186
322 564
322 701
322 248
322 142
322 861
322 951
322 757
322 625
533 547
533 240
533 89
533 308
533 435
533 237
533 520
533 40
788 306
788 922
788 972
788 177
788 225
788 800
788 212
788 202
788 763
955 246
955 364
955 369
955 55
955 392
955 57
955 23
955 931
955 923
404 908
404 40
404 453
404 138
404 472
404 458
404 5
404 311
404 518
404 841
189 637
189 726
189 477
189 574
189 891
189 587
189 777
189 740
189 436
189 933
749 254
749 817
749 668
749 916
749 532
749 508
749 655
749 98
749 191
296 441
296 982
296 892
296 409
296 585
296 291
296 374
296 244
296 732
296 209
323 769
323 231
323 680
323 764
323 146
323 218
323 835
323 161
908 305
908 518
908 138
908 179
908 453
908 5
908 841
908 194
58 511
58 796
58 81
58 593
58 707
58 60
58 579
58 127
58 576
765 972
765 329
765 619
765 259
765 493
765 21
765 933
765 85
765 178
801 985
801 634
801 78
801 154
801 643
801 663
801 797
801 966
801 151
355 473
355 115
355 439
355 364
355 692
355 188
355 887
355 123
355 553
140 915
140 111
140 172
140 216
140 893
140 989
140 864
140 927
401 940
401 891
401 844
401 434
401 167
401 273
401 449
401 497
401 723
790 387
790 949
790 341
790 409
790 382
790 848
790 236
790 744
790 785
38 286
38 706
38 791
38 926
38 75
38 571
38 329
38 561
738 906
738 276
738 411
738 412
738 53
738 786
738 572
738 945
738 612
738 681
275 616
275 886
275 49
275 526
275 642
275 869
275 365
275 627
275 519
385 421
385 86
385 332
385 538
385 687
385 661
385 764
385 428
385 965
492 895
492 545
492 624
492 931
492 713
492 6
464 353
464 671
464 205
464 108
464 734
464 416
464 574
464 506
464 196
44 729
44 570
44 431
44 651
44 228
44 813
44 372
44 793
44 558
44 105
311 472
311 497
311 740
311 708
311 437
311 558
311 638
311 733
311 519
981 201
981 833
981 375
981 766
981 107
981 756
981 463
981 603
981 252
981 999
360 398
360 721
360 104
360 747
360 194
360 858
360 359
360 859
360 338
360 361
470 632
470 871
470 299
470 267
470 872
470 914
470 242
516 679
516 284
516 834
516 370
516 967
516 85
516 138
516 13
516 983
516 289
52 639
52 314
52 18
52 576
52 234
52 795
52 348
52 485
52 571
757 248
757 142
757 701
757 564
757 774
757 307
757 352
757 659
406 664
406 580
406 310
406 227
406 698
406 728
406 882
406 160
406 27
406 244
989 915
989 893
989 465
989 111
989 927
989 85
989 216
989 864
239 317
239 36
239 388
239 849
239 994
239 622
239 15
239 647
239 376
583 297
583 903
583 720
583 187
583 592
583 606
583 144
583 882
5 453
5 518
5 841
5 194
5 491
5 138
416 972
416 465
416 353
416 125
416 506
416 734
416 574
416 108
113 276
113 97
113 572
113 906
113 595
113 53
113 412
113 692
113 612
113 681
215 713
215 90
215 552
215 24
215 708
215 529
215 62
215 586
215 268
646 125
646 3
646 793
646 316
646 387
646 743
646 143
646 658
646 302
678 103
678 535
678 517
678 766
678 143
678 505
678 911
678 196
178 409
178 103
178 21
178 374
178 619
178 565
178 259
178 660
344 96
344 126
344 486
344 122
344 116
344 724
344 672
344 233
711 260
711 645
711 132
711 117
711 532
711 973
711 654
711 619
711 246
807 166
807 567
807 952
807 19
807 82
807 72
807 153
807 893
807 959
568 393
568 209
568 283
568 887
568 459
568 741
568 304
568 478
56 303
56 996
56 647
56 844
56 449
56 940
56 723
56 167
97 681
97 612
97 276
97 986
97 53
97 572
97 194
97 412
649 648
649 991
649 897
649 741
649 822
649 584
649 984
649 626
649 992
649 849
868 616
868 405
868 31
868 149
868 996
868 899
868 224
868 656
390 829
390 706
390 124
390 913
390 20
390 510
390 34
390 101
390 948
450 727
450 998
450 884
450 429
450 462
450 168
450 938
450 714
450 121
450 8
924 397
924 671
924 410
924 235
924 921
924 944
924 373
924 653
338 886
338 665
338 963
338 746
338 88
338 558
338 7
338 794
454 318
454 486
454 957
454 76
454 209
454 585
454 970
454 28
188 123
188 473
188 439
188 945
188 115
188 887
188 553
398 858
398 721
398 71
398 220
398 562
398 747
398 104
398 359
398 538
468 856
468 278
468 789
468 484
468 328
468 717
468 971
468 495
468 597
468 378
348 795
348 485
348 234
348 172
348 571
348 18
348 602
348 314
348 639
876 857
876 261
876 880
876 214
876 792
876 513
876 828
876 659
876 327
260 973
260 22
260 132
260 575
260 537
260 614
260 117
763 225
763 800
763 289
763 381
763 987
763 552
763 886
763 177
394 79
394 299
394 318
394 252
394 496
394 566
394 890
394 607
461 915
461 926
461 778
461 216
461 941
461 893
461 689
461 864
814 794
814 414
814 457
814 331
814 7
814 768
814 435
814 963
814 242
814 665
881 460
881 205
881 316
881 679
881 353
881 625
881 600
881 484
881 907
0 569
0 577
0 39
0 898
0 851
0 810
0 407
0 432
809 883
809 108
809 331
809 400
809 9
809 860
809 866
809 963
809 665
809 350
55 931
55 369
55 57
55 392
55 364
55 713
748 969
748 488
748 986
748 676
748 428
748 108
748 282
748 152
968 840
968 290
968 744
968 659
968 590
968 894
968 975
968 33
968 477
379 459
379 441
379 982
379 842
379 501
379 135
379 203
379 938
379 905
379 509
576 593
576 127
576 579
576 707
576 487
576 796
576 60
444 194
444 92
444 970
444 110
444 705
444 941
444 610
444 608
444 145
705 48
705 110
705 104
705 608
705 610
705 941
705 289
705 487
67 662
67 673
67 682
67 859
67 907
67 925
67 747
67 104
67 913
67 858
755 184
755 481
755 712
755 525
755 650
755 837
755 213
755 386
276 176
276 412
276 53
276 572
276 681
276 906
276 612
340 947
340 335
340 555
340 777
340 41
340 4
340 540
340 929
340 381
340 230
37 917
37 304
37 377
37 81
37 135
37 565
37 261
37 424
37 614
295 975
295 33
295 894
295 920
295 65
295 863
295 831
295 578
295 840
295 726
878 681
878 698
878 534
878 217
878 918
878 686
878 879
368 179
368 907
368 330
368 847
368 609
368 993
368 35
368 923
76 491
76 653
76 787
76 744
76 684
76 214
76 994
76 199
76 837
430 635
430 288
430 68
430 458
430 393
430 72
430 207
430 664
375 565
375 299
375 982
375 341
375 380
375 756
375 833
375 196
375 958
992 910
992 626
992 584
992 559
992 741
992 984
992 991
992 822
727 998
727 121
727 662
727 939
727 884
727 698
727 462
727 8
922 306
922 202
922 882
922 177
922 800
922 244
922 594
171 350
171 391
171 746
171 658
171 839
171 150
171 869
171 363
171 490
833 565
833 958
833 594
833 756
833 380
833 974
833 196
418 414
418 432
418 176
418 423
418 2
418 222
418 147
418 298
418 771
581 895
581 960
581 90
581 6
581 872
581 792
581 545
581 471
523 664
523 635
523 288
523 227
523 510
523 906
523 550
523 393
523 458
597 745
597 328
597 307
597 971
597 378
597 142
597 423
597 495
597 484
555 658
555 381
555 947
555 230
555 4
555 335
555 14
555 777
555 540
815 624
815 482
815 582
815 87
815 677
815 551
815 611
815 78
815 541
815 719
168 284
168 882
168 219
168 592
168 717
168 187
168 554
369 552
369 931
369 57
369 392
369 364
369 479
369 246
808 387
808 137
808 525
808 688
808 429
808 897
808 431
808 280
808 550
808 587
995 184
995 910
995 210
995 690
995 32
995 71
995 806
995 514
995 402
995 448
627 659
627 320
627 429
627 456
627 212
627 739
627 173
627 662
920 66
920 613
920 474
920 938
920 383
920 522
920 798
817 254
817 916
817 661
817 508
817 147
817 692
817 219
817 98
817 532
175 777
175 264
175 402
175 806
175 282
175 400
175 361
175 279
530 172
530 798
530 201
530 447
530 273
530 552
530 508
312 904
312 141
312 539
312 341
312 883
312 128
312 179
312 645
312 596
764 332
764 750
764 942
764 86
764 697
764 231
764 552
279 812
279 687
279 241
279 395
279 600
279 536
279 208
279 603
279 3
358 520
358 517
358 913
358 791
358 603
358 595
358 219
358 498
358 425
220 810
220 851
220 125
220 421
220 577
220 898
220 696
220 569
946 567
946 500
946 118
946 433
946 504
946 16
946 858
946 172
946 160
946 874
936 95
936 120
936 983
936 507
936 550
936 144
936 346
936 802
936 222
321 602
321 832
321 158
321 24
321 948
321 226
321 139
321 848
321 482
321 606
769 105
769 715
769 61
769 894
769 782
769 457
769 411
769 826
407 713
407 829
407 34
407 706
407 387
407 859
407 948
407 265
407 477
543 15
543 611
543 482
543 582
543 88
543 665
543 956
543 541
543 22
90 692
90 592
90 219
90 728
90 586
90 595
90 436
836 673
836 535
836 351
836 183
836 342
836 929
836 885
836 440
836 628
836 718
434 273
434 167
434 117
434 549
434 449
434 844
434 940
434 723
648 984
648 741
648 822
648 584
648 341
648 991
648 849
648 626
839 869
839 767
839 79
839 746
839 391
839 363
839 490
839 150
839 640
484 971
484 756
484 378
484 856
484 495
484 328
484 789
272 656
272 899
272 588
272 26
272 675
272 224
272 670
272 996
272 405
272 427
476 49
476 935
476 181
476 208
476 910
476 345
476 372
476 292
476 527
714 877
714 589
714 754
714 198
714 732
714 637
714 66
821 978
821 990
821 805
821 547
821 130
821 92
821 258
441 244
441 675
441 766
441 415
441 123
441 509
441 982
441 294
316 108
316 907
316 205
316 318
316 679
316 278
316 353
804 383
804 235
804 474
804 744
804 522
804 613
804 615
804 575
804 798
835 488
835 688
835 122
835 42
835 382
835 680
835 146
835 218
615 613
615 383
615 165
615 522
615 942
615 18
615 139
615 142
670 235
670 789
670 442
670 871
670 2
670 42
670 680
812 192
812 600
812 221
812 603
812 652
812 536
812 395
812 722
812 687
10 930
10 976
10 623
10 391
10 139
10 255
10 262
271 328
271 577
271 427
271 971
271 789
271 953
271 495
271 856
271 378
493 520
493 957
493 298
493 169
493 209
493 28
622 15
622 910
622 994
622 376
622 317
622 560
622 388
622 36
952 153
952 191
952 82
952 199
952 166
952 19
952 959
47 211
47 669
47 774
47 590
47 173
47 469
47 585
47 546
47 30
455 928
455 259
455 343
455 342
455 980
455 297
455 256
455 730
682 278
682 104
682 852
682 747
682 359
682 165
682 858
682 859
737 28
737 802
737 983
737 95
737 346
737 925
737 578
332 607
332 290
332 661
332 733
332 101
332 596
332 453
332 567
106 743
106 512
106 614
106 672
106 304
106 917
106 274
106 351
106 377
806 448
806 210
806 32
806 690
806 185
806 514
806 71
806 402
709 12
709 632
709 914
709 573
709 550
709 773
709 94
709 263
709 816
50 857
50 750
50 467
50 310
50 642
50 641
50 880
50 673
50 460
50 267
93 69
93 719
93 258
93 607
93 775
93 762
93 939
93 206
253 792
253 799
253 825
253 354
253 811
253 186
253 672
253 557
253 694
427 447
427 120
427 905
427 425
427 226
427 3
427 501
427 566
982 244
982 534
982 186
982 231
982 509
982 318
214 229
214 238
214 621
214 241
214 25
214 48
638 66
638 740
638 497
638 472
638 558
638 559
638 519
638 733
380 958
380 132
380 196
380 565
380 756
380 92
380 13
380 974
799 186
799 825
799 557
799 694
799 811
799 902
799 697
799 672
286 547
286 231
286 897
286 811
286 697
286 538
286 672
286 114
286 549
871 245
871 756
871 938
871 562
871 442
871 942
79 299
79 890
79 496
79 305
79 252
79 566
280 139
280 86
280 561
280 913
280 658
280 292
280 525
280 692
797 643
797 151
797 985
797 663
797 268
797 487
797 154
797 966
753 507
753 750
753 114
753 558
753 830
753 942
753 599
753 542
980 730
980 928
980 343
980 40
980 297
980 466
980 256
980 342
560 994
560 14
560 496
560 388
560 376
560 15
560 317
560 907
851 569
851 608
851 39
851 577
851 834
851 898
586 944
586 692
586 62
586 529
586 24
586 708
586 268
988 710
988 443
988 509
988 245
988 242
988 23
988 155
988 728
245 114
245 919
245 971
245 947
245 203
245 730
245 302
245 447
466 288
466 342
466 343
466 198
466 730
466 852
466 208
466 256
107 81
107 412
107 118
107 16
107 160
107 874
107 504
107 621
107 500
17 167
17 498
17 133
17 177
17 303
17 849
17 53
17 775
274 743
274 917
274 304
274 614
274 284
274 377
274 244
274 351
874 786
874 118
874 567
874 500
874 433
874 160
874 16
874 504
180 561
180 3
180 926
180 75
180 14
180 891
180 791
180 341
180 329
687 607
687 722
687 603
687 192
687 395
687 600
687 536
135 905
135 641
135 501
135 713
135 467
135 796
135 938
135 723
944 921
944 373
944 869
944 671
944 515
944 397
944 150
42 218
42 680
42 265
42 688
42 696
42 146
363 746
363 391
363 150
363 490
363 640
363 594
363 869
303 538
303 855
303 465
303 631
303 965
303 695
850 691
850 958
850 783
850 164
850 580
850 660
850 611
850 294
926 561
926 75
926 447
926 549
926 791
926 329
695 465
695 538
695 631
695 910
695 539
695 965
695 855
766 972
766 103
766 768
766 911
766 505
766 517
269 477
269 395
269 785
269 722
269 620
269 221
269 192
269 532
269 661
651 105
651 431
651 813
651 793
651 976
651 729
651 570
651 302
651 228
420 549
420 36
420 417
420 820
420 200
420 362
420 1
420 318
609 904
609 330
609 35
609 847
609 509
609 18
609 721
609 923
985 643
985 154
985 634
985 663
985 487
985 966
985 151
539 128
539 904
539 141
539 179
539 278
539 596
539 645
539 190
20 510
20 101
20 49
20 181
20 34
20 498
20 706
20 913
20 948
590 361
590 958
590 30
590 669
590 585
590 546
590 479
590 469
842 501
842 350
842 198
842 604
842 226
842 910
842 632
842 459
842 905
927 864
927 893
927 216
927 830
927 111
73 197
73 620
73 83
73 203
73 647
73 781
73 213
73 776
73 11
187 144
187 592
187 554
187 882
187 720
187 903
187 153
551 582
551 677
551 841
551 719
551 541
551 98
551 611
551 87
551 482
751 308
751 959
751 294
751 721
751 89
751 426
751 742
751 900
751 237
998 662
998 23
998 588
998 121
998 462
998 884
998 8
393 458
393 227
393 635
393 72
393 664
197 83
197 776
197 647
197 11
197 781
197 203
197 213
197 341
185 32
185 690
185 210
185 448
185 775
185 514
185 820
185 599
185 229
990 92
990 978
990 130
990 805
990 610
990 391
778 70
778 860
778 370
778 436
778 22
778 966
778 938
778 40
124 728
124 706
124 510
124 101
124 948
124 829
124 155
124 34
308 742
308 315
308 900
308 435
308 89
308 237
308 426
885 535
885 440
885 929
885 261
885 718
885 231
885 527
885 628
266 762
266 206
266 69
266 679
266 828
266 690
431 729
431 105
431 793
431 570
431 813
431 318
431 228
164 574
164 712
164 486
164 580
164 481
611 677
611 474
611 541
611 582
611 482
611 87
258 762
258 282
258 939
258 206
258 69
258 775
699 163
699 339
699 226
699 157
699 979
699 207
699 35
699 700
699 291
891 352
891 890
891 165
891 415
891 897
891 411
891 334
652 683
652 285
652 526
652 333
652 425
652 979
816 94
816 573
816 263
816 914
816 550
816 12
816 773
816 719
254 191
254 916
254 910
254 668
254 532
254 655
254 98
775 762
775 607
775 939
775 206
775 453
886 486
886 402
886 459
886 813
886 558
886 642
899 787
899 224
899 405
899 1
899 149
899 996
899 616
387 163
387 691
387 424
387 157
481 650
481 386
481 712
481 184
1 362
1 438
1 200
1 417
1 820
553 123
553 115
553 942
553 473
553 887
553 199
443 728
443 282
443 509
443 155
443 242
443 307
443 710
443 437
534 993
534 217
534 284
534 686
534 918
534 774
534 879
200 362
200 343
200 417
200 820
200 145
776 620
776 203
776 11
776 213
776 83
776 647
776 781
290 928
290 675
290 472
290 733
290 895
290 158
290 33
440 183
440 718
440 628
440 429
440 535
440 159
440 929
529 62
529 24
529 552
529 939
529 268
529 708
529 602
722 536
722 600
722 603
722 221
722 395
722 192
722 661
183 365
183 289
183 718
183 628
183 929
183 535
183 159
314 975
314 571
314 639
314 485
314 133
314 795
314 234
909 635
909 78
909 780
909 23
909 519
909 554
909 720
909 903
909 146
432 771
432 176
432 147
432 298
432 2
432 222
432 423
432 536
9 963
9 723
9 675
9 977
9 120
9 331
9 931
26 235
26 138
26 361
26 85
26 518
26 88
26 841
26 194
330 780
330 35
330 756
330 923
330 133
518 138
518 762
518 620
518 278
518 841
518 414
829 706
829 948
829 510
829 913
829 34
22 654
22 630
22 294
22 973
22 826
22 132
625 248
625 564
625 861
625 402
625 701
625 951
625 352
118 504
118 433
118 172
118 16
118 160
118 500
118 567
858 747
858 104
858 859
858 359
858 721
30 546
30 479
30 469
30 361
30 669
30 211
30 548
30 585
745 956
745 915
745 780
745 378
745 328
745 789
745 977
57 392
57 364
57 246
57 931
57 307
57 39
848 977
848 744
848 382
848 890
848 236
848 832
848 880
684 230
684 974
684 787
684 977
684 947
684 933
684 335
684 442
684 951
717 282
717 357
717 892
717 219
717 692
717 400
717 60
717 774
663 151
663 634
663 487
663 966
663 643
663 154
485 234
485 795
485 248
485 639
485 571
485 18
773 12
773 287
773 94
773 3
773 632
773 914
89 426
89 900
89 435
89 383
89 315
89 237
278 169
278 142
278 993
278 447
278 11
715 640
715 411
715 182
715 840
715 782
715 726
715 415
715 437
715 826
969 287
969 487
969 45
969 987
969 152
969 334
969 488
792 35
792 710
792 496
792 880
792 793
792 658
469 305
469 479
469 593
469 669
469 546
469 562
469 585
913 948
913 101
31 595
31 616
31 405
31 832
31 149
31 656
31 428
31 350
564 772
564 248
564 861
564 951
564 701
11 781
11 213
11 83
11 142
11 938
974 960
974 562
974 520
974 739
974 967
974 370
974 425
262 930
262 976
262 937
262 919
262 623
262 255
41 880
41 777
41 977
41 540
41 230
41 335
41 381
41 4
905 459
905 120
905 425
905 226
905 566
905 501
265 289
265 218
265 754
265 696
265 562
265 688
975 65
975 863
975 894
975 840
975 831
975 33
210 690
210 71
210 724
210 448
210 514
210 32
210 402
810 577
810 898
810 834
810 39
810 141
810 569
263 94
263 573
263 289
263 12
263 632
263 914
339 7
339 157
339 424
339 163
339 700
339 27
339 291
918 923
918 916
918 879
918 686
918 774
918 217
236 382
236 890
236 897
236 391
236 949
236 436
236 70
696 218
696 680
696 880
696 688
696 289
542 750
542 507
542 442
542 599
542 640
542 889
542 942
852 513
852 831
852 282
852 667
852 256
852 877
228 318
228 558
228 570
228 793
228 729
228 813
865 421
865 137
865 207
865 251
865 100
865 349
865 400
993 710
993 243
993 352
993 284
993 935
667 456
667 143
667 302
667 320
667 526
667 780
667 173
667 212
739 243
739 225
739 212
739 456
739 320
370 872
370 3
370 960
370 350
370 40
370 967
370 520
637 754
637 66
637 877
637 589
637 198
249 768
249 999
249 201
249 240
249 68
249 630
249 512
268 708
268 602
268 62
268 604
268 24
75 664
75 561
75 329
75 447
75 791
75 675
18 234
18 639
18 942
18 795
18 509
930 623
930 255
930 976
930 919
930 937
930 437
460 857
460 925
460 642
460 467
460 641
460 673
460 310
460 880
96 527
96 513
96 233
96 122
96 724
96 486
96 126
261 13
261 828
261 785
261 959
261 110
261 935
884 8
884 849
884 508
884 49
884 121
884 462
979 683
979 94
979 333
979 212
979 463
979 953
979 887
983 958
983 346
983 578
983 548
983 925
983 95
377 743
377 304
377 917
377 614
377 351
377 158
653 632
653 921
653 397
653 410
653 671
653 604
53 612
53 681
53 572
53 412
421 251
421 847
421 152
421 349
421 100
424 126
424 291
424 27
424 163
424 578
424 157
208 292
208 345
208 181
208 527
208 49
208 372
161 211
161 28
161 320
161 264
161 408
161 515
161 866
548 117
548 945
548 95
548 346
548 654
548 578
548 960
777 4
777 477
777 540
777 655
694 354
694 557
694 186
694 825
694 672
694 902
694 357
831 33
831 65
831 192
831 491
831 863
831 726
606 565
606 594
606 226
606 130
606 552
606 234
606 879
606 158
602 708
602 192
602 24
602 786
602 62
602 604
549 137
549 273
549 791
549 937
48 767
48 32
48 241
48 847
48 238
48 25
612 681
612 572
612 412
612 906
256 904
256 342
256 343
256 297
256 928
256 559
726 863
726 65
726 840
726 491
726 33
27 163
27 157
27 291
27 700
27 889
589 292
589 754
589 732
589 198
589 66
411 782
411 61
411 415
411 826
411 182
785 382
785 837
785 13
785 428
785 949
785 199
101 575
101 510
101 34
559 607
381 289
381 4
381 540
381 346
381 335
381 230
613 474
613 522
613 798
613 383
613 235
571 234
571 795
571 639
571 587
895 87
895 471
895 624
895 545
895 6
127 707
127 579
127 359
127 511
127 593
121 462
121 537
121 8
121 604
656 365
656 224
656 149
656 405
656 616
656 996
428 327
428 211
428 217
428 488
409 915
409 203
409 294
409 145
409 426
409 565
433 500
433 86
433 172
433 504
433 919
433 159
150 640
150 746
150 391
150 594
150 869
150 490
205 956
205 907
205 108
205 679
205 353
513 172
513 828
513 713
513 897
513 169
513 495
782 496
782 415
782 572
782 182
782 61
782 826
438 373
438 365
438 219
438 820
438 125
438 978
608 110
608 145
608 165
608 970
608 941
608 610
677 133
677 87
677 115
677 582
677 541
677 482
677 719
890 252
890 305
890 566
890 334
264 515
264 964
264 866
264 211
264 46
264 408
264 367
116 724
116 128
116 550
116 126
116 61
116 122
116 40
116 233
328 971
328 378
328 495
328 789
328 856
181 575
181 372
181 345
181 49
181 292
181 527
686 217
686 402
686 410
686 879
686 774
115 123
115 439
115 945
115 473
857 673
857 310
857 634
857 599
857 880
857 642
857 267
388 15
388 994
388 376
388 36
388 834
388 317
202 229
202 177
202 800
202 225
202 306
169 987
169 949
169 805
169 114
169 607
7 457
7 607
7 665
7 331
7 883
7 794
7 963
277 889
277 231
277 953
277 88
277 779
277 958
277 780
277 689
634 681
634 966
634 643
634 154
634 105
634 487
919 976
919 623
919 255
919 937
487 151
487 81
487 960
621 25
621 599
621 238
621 190
621 986
621 241
781 83
781 910
781 213
781 647
781 620
352 701
352 659
352 423
352 307
352 921
742 139
742 978
742 805
742 417
742 883
742 987
742 146
771 414
771 298
771 147
771 509
771 176
771 423
771 2
794 964
794 457
794 588
794 963
794 665
614 284
614 351
614 304
614 917
847 796
847 35
847 414
847 167
847 923
624 206
624 302
624 478
624 545
960 802
960 967
960 520
960 872
283 243
283 439
283 786
283 417
283 478
283 828
729 558
729 217
729 793
729 105
729 570
729 813
935 359
935 345
935 410
935 429
935 796
679 907
679 353
679 225
679 448
787 552
787 285
787 861
787 405
787 595
859 747
859 772
859 721
859 104
859 359
822 626
822 849
822 984
822 584
822 198
822 897
500 504
500 172
500 160
500 159
573 12
573 550
573 94
573 86
573 289
291 65
291 163
291 66
342 730
342 928
342 343
342 297
630 512
630 999
630 456
630 201
630 240
630 744
863 894
863 33
863 65
863 840
863 491
130 92
130 805
130 547
130 978
130 287
747 104
747 721
747 780
747 359
616 405
616 996
616 224
616 149
869 640
869 490
869 746
869 155
928 767
928 730
928 297
928 343
147 2
147 222
147 298
147 176
147 635
246 732
246 23
246 973
246 364
246 86
33 158
33 894
12 94
12 632
12 550
12 914
310 642
310 122
310 641
310 680
310 673
654 117
654 537
654 973
654 562
654 132
15 376
15 36
15 956
248 951
248 772
248 701
166 82
166 570
166 153
166 959
166 567
166 986
166 19
417 243
417 478
417 362
192 600
192 221
192 395
16 143
16 504
16 620
16 160
16 860
16 364
594 662
594 490
594 640
594 740
315 237
315 426
315 872
315 435
315 579
315 900
315 772
216 915
216 864
216 111
216 893
359 104
359 593
620 297
620 213
620 647
620 83
708 62
708 24
386 525
386 172
386 650
386 837
386 712
386 184
541 582
541 87
541 767
541 719
541 482
641 642
641 467
641 938
641 36
641 673
767 490
767 238
767 25
767 165
201 240
201 144
201 512
201 999
201 68
882 14
882 976
882 349
578 95
578 346
578 925
578 19
603 498
603 172
603 395
297 343
297 931
297 730
85 471
85 991
85 104
85 3
660 580
660 733
660 783
660 103
660 691
474 235
474 522
474 94
474 798
474 383
957 892
957 209
957 28
957 579
957 504
146 199
146 218
146 978
146 688
146 680
478 786
478 243
478 498
478 105
478 506
837 712
837 525
837 650
4 335
4 540
4 230
397 774
397 921
397 373
397 671
397 341
395 600
395 536
395 221
82 19
82 668
82 567
82 959
82 153
610 805
610 507
610 941
610 970
610 110
675 569
675 45
675 561
587 498
587 367
587 182
587 463
587 46
786 243
786 498
786 828
457 354
457 883
457 331
457 508
457 963
457 665
676 658
676 477
676 947
676 159
676 488
676 70
676 933
907 894
907 353
971 856
971 378
165 526
165 941
165 145
165 110
13 23
13 575
13 669
13 190
158 744
158 472
158 949
501 226
501 425
501 120
501 459
237 495
237 900
237 933
237 435
437 225
437 21
437 710
437 307
437 155
437 242
746 490
746 391
746 442
900 426
900 435
900 496
584 741
584 626
584 849
584 984
584 341
584 991
402 32
402 504
570 793
570 813
570 691
570 105
575 463
575 442
575 554
789 495
789 378
789 856
789 2
514 690
514 184
514 987
514 448
514 32
514 71
779 889
779 88
779 689
779 365
779 860
779 953
285 526
285 690
285 683
285 333
34 357
34 948
34 706
327 46
327 367
327 768
327 61
327 866
327 964
226 425
226 459
226 120
984 991
984 849
984 626
984 741
546 669
546 479
546 361
546 585
546 211
623 28
623 937
623 255
45 60
45 152
45 334
45 354
45 488
866 367
866 351
866 46
866 964
866 515
320 456
320 212
320 143
320 173
805 547
805 92
72 635
72 496
72 547
28 209
448 32
448 71
448 125
448 690
519 740
519 802
519 497
519 472
519 733
650 525
650 184
650 712
317 994
317 376
317 872
317 374
628 159
628 929
628 527
628 535
628 718
987 532
987 114
987 184
947 540
947 230
947 335
947 828
947 977
669 585
669 211
669 479
669 361
122 126
122 486
122 233
122 724
550 233
557 902
557 697
557 354
557 825
557 284
557 811
707 579
707 593
707 60
707 796
707 511
191 668
191 532
191 655
191 916
191 159
191 98
357 229
357 198
357 830
357 241
357 463
357 25
306 177
306 800
306 994
306 473
306 225
414 222
414 688
414 498
414 762
511 552
511 593
511 114
511 579
700 860
700 81
700 157
700 698
700 163
155 728
155 710
155 242
94 289
70 392
70 436
70 40
70 973
173 302
173 143
173 456
173 212
730 343
723 167
723 449
723 844
723 940
186 811
186 825
186 902
186 672
520 967
520 40
520 911
545 713
545 6
545 471
217 879
217 374
661 221
661 496
661 532
661 856
661 855
811 697
811 798
811 825
811 672
720 554
720 903
720 304
720 592
720 144
378 856
378 307
141 645
141 904
141 596
141 190
141 179
141 128
495 856
495 244
184 712
184 231
538 631
538 965
538 855
841 287
841 194
841 496
841 138
626 741
626 991
626 849
449 105
449 273
449 861
449 940
449 844
741 243
741 991
408 522
408 367
408 964
408 515
408 697
408 46
921 410
921 373
921 671
292 372
292 345
292 527
292 49
218 688
218 680
892 71
892 374
562 600
562 23
562 282
154 643
154 668
154 151
154 966
506 574
506 108
506 137
506 734
973 132
973 117
973 537
392 931
392 956
392 698
373 860
373 267
373 671
123 439
123 887
123 473
213 83
213 647
213 203
334 152
334 488
334 683
672 354
929 159
929 718
929 535
893 915
893 864
151 643
151 252
151 554
151 933
579 60
579 593
855 631
855 965
855 465
697 825
697 902
61 826
61 182
61 415
691 580
691 783
691 588
940 740
940 273
940 844
940 167
259 21
259 619
259 133
259 972
137 349
2 459
2 235
2 176
298 423
535 718
639 795
639 234
465 631
465 965
49 527
49 372
477 479
477 970
941 110
941 145
941 970
527 632
750 942
750 507
750 830
750 599
335 471
335 230
335 540
599 830
599 507
132 537
132 117
879 374
879 774
840 182
840 65
840 491
840 894
525 69
710 860
710 242
710 728
783 588
783 580
235 383
243 287
951 772
951 701
951 861
25 463
25 241
25 238
507 830
152 415
152 488
152 966
665 963
665 883
665 331
898 834
898 577
898 569
898 39
522 798
522 383
939 762
939 69
939 206
19 153
19 906
19 567
19 40
221 536
221 600
221 658
718 244
718 159
925 346
925 802
925 95
288 664
288 225
288 458
288 227
600 536
39 491
39 834
39 577
39 569
78 120
78 566
78 23
78 305
844 273
844 167
120 71
120 425
120 459
861 701
861 795
861 772
683 463
683 333
683 526
655 98
655 668
655 910
655 916
490 391
490 640
906 774
635 458
635 664
635 227
986 423
986 81
287 425
287 3
287 92
287 547
619 978
619 972
619 21
619 133
976 255
199 802
199 160
199 473
517 505
517 233
517 103
517 911
149 405
149 690
149 996
149 224
149 949
467 642
467 229
554 144
554 592
554 903
572 471
572 412
362 145
362 820
872 6
872 967
872 374
32 251
32 71
916 98
916 904
916 668
585 479
585 361
227 508
227 458
227 664
713 604
713 856
331 883
331 963
331 607
937 255
937 219
937 802
645 904
645 128
645 190
645 596
645 179
592 144
592 903
196 698
196 958
196 756
196 565
999 512
999 68
999 240
953 88
953 889
953 689
754 877
754 66
754 198
754 732
832 81
832 505
832 139
46 964
46 515
46 367
991 341
87 482
87 719
87 582
138 453
138 194
251 349
251 207
251 536
251 100
768 911
768 453
768 365
825 902
825 354
887 267
887 439
439 945
956 756
956 780
800 354
800 225
830 772
830 463
830 491
966 643
367 515
367 964
948 706
126 486
126 233
126 724
512 240
512 68
963 883
224 588
224 405
224 996
791 561
791 329
526 780
526 333
526 642
604 537
88 689
88 231
802 346
802 95
977 230
977 880
361 211
361 479
915 864
915 111
967 351
967 917
343 505
491 65
540 230
744 382
744 949
139 574
400 349
400 100
190 596
190 904
190 128
631 965
429 3
36 376
36 834
36 222
798 383
405 996
793 105
793 558
734 108
734 972
734 574
734 353
734 145
333 659
364 949
364 931
133 21
133 972
231 780
143 302
860 698
860 350
349 100
733 497
733 740
733 472
479 647
23 211
994 376
6 442
6 471
304 743
304 917
302 456
302 536
346 95
203 294
203 83
365 889
365 903
365 345
728 242
473 354
299 267
299 252
689 889
689 21
965 442
206 762
206 69
267 880
111 284
111 864
904 128
904 596
307 142
307 14
128 596
128 179
8 923
8 462
157 163
472 497
95 86
114 933
219 692
219 595
456 212
456 35
933 945
914 632
914 273
353 108
595 498
595 350
595 692
207 100
565 958
351 917
351 743
294 426
294 435
482 582
482 719
537 117
423 176
423 740
60 796
436 498
580 588
642 673
3 14
949 382
508 462
508 160
668 98
662 462
504 160
329 561
329 447
972 21
182 826
182 415
917 743
959 153
959 567
582 719
92 547
458 664
690 71
505 103
505 911
242 509
103 911
577 569
877 66
877 282
596 341
647 83
110 145
897 849
566 305
566 252
209 938
179 923
179 607
561 447
229 241
459 425
233 724
233 486
222 176
671 410
240 68
640 391
515 964
415 826
415 658
176 826
756 24
21 35
144 903
883 588
142 14
65 894
86 732
35 923
510 706
238 241
66 732
681 412
372 345
740 497
532 98
62 24
69 698
