54 890
54 887
54 654
54 980
54 314
54 990
54 185
54 758
54 530
54 633
385 664
385 838
385 620
385 316
385 143
385 305
385 767
385 175
385 92
385 36
108 397
108 557
108 408
108 564
108 353
108 289
108 630
108 646
108 964
108 488
850 162
850 765
850 842
850 535
850 512
850 759
850 708
850 266
850 26
850 220
545 719
545 79
545 694
545 140
545 38
545 431
545 745
545 665
545 909
545 80
851 120
851 32
851 752
851 400
851 236
851 416
851 515
851 813
851 136
851 445
97 930
97 295
97 36
97 112
97 86
97 904
97 474
97 34
97 914
97 591
166 457
166 312
166 394
166 220
166 880
166 933
166 126
166 134
166 245
166 892
98 749
98 443
98 430
98 339
98 724
98 547
98 177
98 570
98 128
98 887
805 795
805 740
805 765
805 701
805 619
805 729
805 179
805 759
805 726
805 363
13 369
13 521
13 840
13 798
13 347
13 471
13 794
13 440
13 534
13 393
209 673
209 374
209 161
209 617
209 706
209 272
209 48
209 548
209 974
209 529
101 774
101 948
101 503
101 693
101 518
101 631
101 736
101 742
101 658
101 232
810 397
810 836
810 350
810 333
810 608
810 413
810 613
810 625
810 679
810 870
82 508
82 243
82 281
82 102
82 871
82 673
82 678
82 667
82 775
82 929
568 821
568 702
568 327
568 274
568 890
568 802
568 130
568 824
568 899
568 307
116 598
116 199
116 226
116 716
116 831
116 801
116 90
116 264
116 357
116 498
337 876
337 921
337 981
337 590
337 478
337 416
337 50
337 966
337 617
337 854
454 720
454 526
454 283
454 903
454 691
454 300
454 846
454 519
454 361
454 95
561 355
561 922
561 489
561 435
561 732
561 485
561 682
561 156
561 969
561 876
472 42
472 390
472 709
472 218
472 72
472 414
472 759
472 217
472 153
472 684
615 744
615 677
615 546
615 18
615 645
615 947
615 760
615 884
615 544
615 218
57 192
57 203
57 967
57 506
57 809
57 852
57 373
57 877
57 640
57 528
107 319
107 715
107 569
107 157
107 694
107 161
107 775
107 886
107 890
107 541
265 137
265 845
265 53
265 203
265 317
265 448
265 165
265 710
265 841
265 71
848 914
848 88
848 254
848 361
848 419
848 869
848 452
848 475
848 482
848 28
902 415
902 960
902 16
902 843
902 634
902 334
902 113
902 340
902 0
902 297
89 286
89 111
89 796
89 369
89 920
89 889
89 781
89 147
89 998
89 402
584 198
584 25
584 595
584 739
584 460
584 38
584 1
584 410
584 11
584 579
910 333
910 153
910 169
910 574
910 338
910 302
910 321
910 295
910 336
910 364
962 982
962 968
962 533
962 211
962 647
962 988
962 918
962 666
962 366
962 372
560 224
560 146
560 654
560 391
560 4
560 873
560 272
560 437
560 997
560 121
849 197
849 883
849 37
849 906
849 160
849 551
849 494
849 614
849 958
849 961
324 748
324 285
324 253
324 965
324 290
324 650
324 673
324 525
324 288
324 85
572 789
572 131
572 855
572 212
572 827
572 945
572 536
572 486
572 163
572 64
325 374
325 673
325 761
325 819
325 669
325 924
325 555
325 504
325 213
325 862
982 768
982 807
982 629
982 124
982 926
982 576
982 491
982 609
982 15
660 886
660 109
660 0
660 870
660 667
660 332
660 85
660 27
660 402
660 531
908 638
908 915
908 229
908 169
908 520
908 690
908 673
908 573
908 222
908 44
12 890
12 544
12 771
12 917
12 496
12 225
12 449
12 730
12 985
12 566
872 399
872 488
872 670
872 415
872 696
872 756
872 379
872 651
872 239
872 797
58 576
58 311
58 689
58 947
58 744
58 257
58 707
58 565
58 685
58 507
988 945
988 311
988 501
988 464
988 882
988 999
988 856
988 799
988 535
245 457
245 168
245 881
245 126
245 892
245 210
245 778
245 701
245 134
585 571
585 574
585 553
585 202
585 521
585 84
585 338
585 393
585 151
585 35
195 291
195 246
195 596
195 402
195 192
195 894
195 45
195 499
195 804
195 364
993 709
993 141
993 470
993 95
993 155
993 115
993 287
993 461
993 33
993 46
47 282
47 885
47 277
47 865
47 811
47 185
47 110
47 173
47 695
47 573
829 293
829 369
829 233
829 930
829 453
829 5
829 896
829 144
829 726
829 824
382 575
382 582
382 189
382 936
382 930
382 662
382 170
382 907
382 542
382 759
819 924
819 504
819 555
819 604
819 761
819 669
819 864
819 213
819 252
363 843
363 897
363 424
363 267
363 661
363 250
363 616
363 592
363 582
577 87
577 140
577 723
577 129
577 372
577 943
577 915
577 938
577 642
577 742
91 531
91 635
91 753
91 351
91 944
91 360
91 631
91 562
91 762
91 106
118 32
118 466
118 193
118 600
118 418
118 665
118 690
118 480
118 78
118 192
172 760
172 94
172 200
172 240
172 253
172 603
172 103
172 758
172 966
172 786
716 474
716 918
716 413
716 598
716 199
716 831
716 801
716 498
716 106
342 152
342 972
342 675
342 375
342 857
342 703
342 839
342 388
342 754
342 832
639 123
639 389
639 479
639 704
639 440
639 932
639 999
639 997
639 890
639 783
713 121
713 797
713 289
713 743
713 488
713 111
713 303
713 977
713 738
713 481
811 865
811 173
811 110
811 185
811 885
811 73
811 282
811 695
811 573
817 499
817 147
817 389
817 336
817 525
817 779
817 37
817 926
817 932
817 223
868 75
868 563
868 263
868 121
868 774
868 873
868 421
868 293
868 866
868 308
747 985
747 373
747 145
747 824
747 159
747 771
747 84
747 302
747 449
747 818
809 373
809 877
809 203
809 967
809 640
809 60
809 192
809 521
809 852
527 635
527 19
527 524
527 264
527 671
527 706
527 586
527 710
527 316
527 478
540 141
540 597
540 541
540 198
540 505
540 478
540 654
540 491
540 293
540 832
269 145
269 957
269 340
269 755
269 556
269 227
269 929
269 483
269 176
269 678
770 992
770 284
770 178
770 282
770 846
770 52
770 757
770 612
770 640
770 471
186 650
186 2
186 457
186 282
186 491
186 222
186 542
186 949
186 614
186 654
247 356
247 622
247 117
247 728
247 23
247 492
247 555
247 271
247 176
247 961
52 816
52 725
52 494
52 50
52 456
52 210
52 122
52 22
52 551
235 631
235 414
235 75
235 475
235 499
235 500
235 750
235 793
235 757
235 553
368 233
368 854
368 989
368 214
368 289
368 344
368 350
368 127
368 785
368 763
396 39
396 92
396 532
396 230
396 853
396 593
396 365
396 900
396 528
396 733
996 904
996 546
996 0
996 183
996 77
996 717
996 384
996 298
996 296
996 174
570 430
570 915
570 443
570 339
570 606
570 695
570 990
570 525
570 128
883 791
883 112
883 364
883 494
883 906
883 197
883 321
883 670
883 160
69 252
69 924
69 478
69 240
69 158
69 87
69 526
69 217
69 407
69 617
601 721
601 529
601 6
601 3
601 739
601 1
601 579
601 30
601 755
601 149
148 799
148 249
148 752
148 522
148 458
148 133
148 27
148 565
148 241
148 403
894 882
894 45
894 889
894 596
894 291
894 246
894 789
894 804
894 632
644 866
644 280
644 453
644 750
644 659
644 205
644 749
644 249
644 880
644 843
462 898
462 246
462 555
462 199
462 720
462 694
462 80
462 496
462 435
462 17
532 365
532 230
532 900
532 534
532 656
532 593
532 39
532 733
532 528
178 612
178 56
178 992
178 398
178 757
178 284
178 471
178 219
178 477
773 934
773 310
773 290
773 726
773 135
773 158
773 597
773 92
773 511
773 38
76 788
76 285
76 578
76 362
76 281
76 296
76 212
76 806
76 699
76 426
725 551
725 22
725 599
725 951
725 816
725 122
725 789
725 0
725 295
442 249
442 834
442 386
442 104
442 86
442 571
442 952
442 302
442 885
442 35
645 177
645 440
645 18
645 576
645 884
645 544
645 218
645 314
645 744
653 984
653 343
653 184
653 852
653 931
653 150
653 292
653 152
653 377
653 96
376 372
376 199
376 70
376 151
376 549
376 866
376 319
376 171
376 798
376 859
465 343
465 150
465 184
465 373
465 931
465 984
465 155
465 377
465 152
465 292
147 796
147 369
147 239
147 286
147 402
147 781
147 889
147 920
67 122
67 294
67 370
67 17
67 766
67 22
67 354
67 316
67 456
67 48
124 459
124 106
124 436
124 619
124 927
124 134
124 629
124 878
124 689
349 844
349 348
349 566
349 730
349 433
349 440
349 826
349 141
349 185
349 930
776 358
776 971
776 6
776 417
776 954
776 726
776 372
776 87
776 513
776 139
228 625
228 730
228 450
228 493
228 991
228 410
228 648
228 963
228 315
228 259
486 20
486 536
486 945
486 131
486 163
486 855
486 826
486 212
486 64
439 229
439 286
439 526
439 611
439 341
439 327
439 844
439 863
439 909
439 338
935 229
935 509
935 237
935 911
935 452
935 168
935 878
935 75
935 372
935 352
714 753
714 680
714 319
714 302
714 888
714 219
714 292
714 984
714 356
714 893
874 502
874 746
874 81
874 911
874 878
874 256
874 352
874 356
874 509
874 772
420 830
420 65
420 90
420 621
420 617
420 940
420 783
420 623
420 402
420 890
427 534
427 952
427 294
427 229
427 75
427 237
427 587
427 925
427 950
427 11
791 741
791 891
791 17
791 417
791 951
791 199
791 871
791 383
791 718
828 244
828 401
828 563
828 628
828 44
828 154
828 27
828 592
828 31
828 827
157 133
157 581
157 400
157 161
157 973
157 951
157 68
157 11
157 517
956 241
956 521
956 543
956 367
956 323
956 610
956 345
956 652
956 589
956 190
293 734
293 478
293 194
293 753
293 784
293 654
293 964
322 990
322 971
322 590
322 370
322 220
322 419
322 541
322 478
322 633
322 59
248 331
248 477
248 220
248 641
248 27
248 856
248 207
248 824
248 578
248 294
845 137
845 71
845 203
845 53
845 841
845 448
845 165
845 317
845 726
62 683
62 8
62 463
62 332
62 939
62 168
62 546
62 272
62 808
62 74
840 816
840 789
840 22
840 171
840 456
840 393
840 632
840 961
840 551
313 507
313 697
313 128
313 95
313 519
313 0
313 685
313 658
313 163
313 430
422 701
422 790
422 237
422 740
422 311
422 729
422 165
422 406
422 858
422 179
312 394
312 113
312 134
312 530
312 944
312 246
312 297
312 447
312 457
722 616
722 897
722 380
722 672
722 161
722 624
722 449
722 520
722 668
722 995
9 308
9 624
9 143
9 490
9 180
9 606
9 410
9 901
9 389
9 507
950 105
950 304
950 142
950 372
950 370
950 417
950 308
950 217
950 710
127 350
127 233
127 846
127 854
127 763
127 263
127 785
127 344
127 989
905 114
905 255
905 31
905 181
905 14
905 411
905 771
905 393
905 226
905 434
858 701
858 729
858 485
858 790
858 740
858 804
858 795
858 179
858 406
895 481
895 335
895 132
895 979
895 304
895 860
895 803
895 63
895 438
895 343
204 346
204 421
204 550
204 423
204 553
204 638
204 358
204 378
204 534
204 121
371 217
371 994
371 365
371 490
371 643
371 299
371 777
371 723
371 261
371 556
242 508
242 283
242 246
242 243
242 689
242 871
242 514
242 678
242 102
242 929
663 754
663 375
663 636
663 774
663 839
663 700
663 703
663 972
663 857
663 326
483 948
483 952
483 556
483 755
483 606
483 290
483 503
483 658
483 736
954 692
954 650
954 143
954 629
954 484
954 566
954 441
954 563
954 479
529 685
529 386
529 890
529 332
529 673
529 257
529 6
529 161
841 448
841 476
841 137
841 393
841 317
841 609
841 53
841 603
510 896
510 189
510 973
510 17
510 15
510 539
510 961
510 374
510 156
510 743
599 758
599 253
599 103
599 200
599 891
599 603
599 94
599 240
599 433
320 77
320 408
320 296
320 640
320 384
320 298
320 174
320 862
320 717
320 306
438 304
438 63
438 852
438 979
438 105
438 860
438 335
438 803
438 423
55 569
55 612
55 934
55 571
55 825
55 526
55 539
55 155
55 267
55 792
921 61
921 591
921 407
921 928
921 272
921 139
921 40
921 998
921 41
56 563
56 407
56 992
56 742
56 613
56 284
56 471
56 612
56 900
99 580
99 123
99 538
99 611
99 953
99 164
99 946
99 301
99 668
99 649
150 656
150 184
150 942
150 984
150 343
150 931
150 292
150 377
374 778
374 838
374 896
374 459
374 285
374 305
374 523
674 658
674 736
674 948
674 693
674 742
674 330
674 232
674 503
674 210
674 765
351 42
351 762
351 562
351 966
351 531
351 360
351 106
351 464
351 190
222 474
222 650
222 688
222 550
222 96
222 397
222 380
222 467
266 512
266 759
266 555
266 26
266 162
266 765
266 708
266 27
266 417
323 367
323 610
323 589
323 730
323 241
323 652
323 161
323 219
323 190
216 794
216 426
216 43
216 578
216 885
216 699
216 285
216 523
216 788
216 806
731 738
731 219
731 728
731 457
731 888
731 243
731 329
731 109
731 870
731 680
469 362
469 926
469 305
469 987
469 474
469 491
469 214
469 620
469 319
469 522
911 942
911 509
911 168
911 502
911 352
911 109
911 878
911 421
276 187
276 345
276 517
276 780
276 581
276 161
276 732
276 354
276 970
276 847
782 50
782 633
782 160
782 735
782 300
782 995
782 897
782 96
782 650
782 614
183 547
183 459
183 554
183 497
183 444
183 919
183 864
183 391
183 813
554 497
554 919
554 29
554 44
554 459
554 0
554 813
554 444
554 547
436 919
436 642
436 941
436 316
436 979
436 210
436 455
436 87
436 634
505 567
505 207
505 490
505 387
505 901
505 974
505 981
505 180
505 388
434 869
434 963
434 181
434 411
434 14
434 5
434 96
434 255
434 114
846 861
846 316
846 201
846 734
846 495
846 73
846 153
415 113
415 16
415 340
415 297
415 960
415 634
415 334
415 942
567 518
567 310
567 253
567 180
567 66
567 273
567 407
567 684
567 200
800 433
800 215
800 278
800 467
800 359
800 299
800 787
800 630
800 398
800 405
903 300
903 79
903 145
903 914
903 680
903 691
903 856
903 519
903 283
233 989
233 113
233 40
233 350
233 681
233 344
233 854
267 390
267 707
267 279
267 424
267 592
267 837
267 401
267 31
549 151
549 973
549 171
549 769
549 798
549 347
549 199
549 70
549 859
339 443
339 128
339 887
339 724
339 32
339 430
339 177
339 606
922 51
922 435
922 485
922 945
922 890
922 362
922 732
922 876
922 489
182 300
182 501
182 141
182 649
182 727
182 691
182 575
182 705
182 126
182 450
975 815
975 772
975 501
975 21
975 441
975 583
975 256
975 330
975 626
975 196
498 598
498 357
498 927
498 236
498 801
498 413
498 831
498 90
686 0
686 395
686 227
686 238
686 915
686 231
686 548
686 689
686 460
686 976
262 835
262 125
262 833
262 139
262 270
262 687
262 250
262 627
262 778
262 913
446 341
446 15
446 522
446 142
446 513
446 156
446 491
446 983
446 81
446 539
392 41
392 638
392 423
392 59
392 960
392 346
392 319
392 388
392 550
392 726
970 345
970 847
970 517
970 780
970 187
970 581
970 636
970 133
970 354
258 896
258 14
258 724
258 411
258 5
258 944
258 114
258 980
258 536
258 271
741 100
741 891
741 669
741 647
741 823
741 718
741 383
741 360
741 735
197 37
197 958
197 431
197 875
197 160
197 906
197 494
197 614
390 655
390 862
390 833
390 302
390 294
390 177
390 707
390 198
105 304
105 803
105 832
105 979
105 901
105 566
105 860
105 63
913 912
913 270
913 687
913 833
913 125
913 778
913 279
913 51
913 250
375 754
375 703
375 799
375 857
375 972
375 675
375 832
375 839
508 281
508 243
508 871
508 102
508 514
508 154
508 929
508 678
628 424
628 827
628 44
628 612
628 154
628 764
628 563
628 576
628 279
688 95
688 226
688 755
688 542
688 96
688 980
688 753
688 167
688 758
484 629
484 15
484 973
484 444
484 919
484 582
484 143
484 226
484 835
680 2
680 738
680 888
680 219
680 329
680 754
680 109
170 575
170 582
170 907
170 936
170 189
170 662
170 930
170 408
170 225
978 504
978 569
978 605
978 580
978 743
978 88
978 48
978 709
978 729
978 931
244 738
244 109
244 18
244 26
244 751
244 113
244 827
244 44
244 154
698 672
698 897
698 616
698 691
698 380
698 995
698 359
698 697
698 202
698 134
383 709
383 891
383 718
383 632
383 656
383 100
383 735
383 823
135 158
135 38
135 537
135 597
135 2
135 310
135 92
135 511
135 934
647 793
647 989
647 541
647 360
647 331
647 298
647 942
647 964
181 255
181 14
181 973
181 5
181 896
181 114
181 411
181 440
763 344
763 751
763 854
763 785
763 263
763 350
763 989
763 566
676 364
676 35
676 7
676 784
676 852
676 571
676 321
676 661
676 336
676 542
971 359
971 909
971 541
971 139
971 419
971 513
971 633
971 370
514 255
514 929
514 281
514 102
514 678
514 304
514 871
514 202
909 745
909 719
909 79
909 665
909 431
909 80
909 140
403 440
403 405
403 753
403 589
403 215
403 398
403 278
403 637
403 999
7 677
7 138
7 260
7 825
7 467
7 852
7 278
7 405
7 552
583 330
583 815
583 626
583 772
583 21
583 196
583 288
583 256
583 887
664 620
664 464
664 838
664 305
664 15
664 611
664 767
664 175
664 278
853 32
853 528
853 273
853 321
853 380
853 643
853 522
853 264
853 171
208 231
208 959
208 194
208 425
208 784
208 844
208 951
208 487
208 490
208 291
573 865
573 652
573 695
573 185
573 282
573 173
573 110
535 501
535 765
535 981
535 308
535 39
535 697
535 985
535 273
968 366
968 211
968 432
968 533
968 516
968 918
968 566
968 666
968 159
120 607
120 515
120 752
120 236
120 812
120 445
120 416
120 136
120 400
231 976
231 748
231 455
231 915
231 227
231 689
231 460
231 395
429 677
429 348
429 552
429 260
429 440
429 441
429 251
429 175
429 825
429 138
986 955
986 191
986 318
986 884
986 917
986 799
986 558
986 957
986 654
986 543
79 745
79 80
79 821
79 431
79 140
79 862
79 719
873 998
873 224
873 4
873 121
873 146
873 391
873 997
873 316
662 936
662 582
662 907
662 189
662 575
662 930
662 542
662 661
928 407
928 61
928 414
928 40
928 882
928 684
928 272
928 998
928 618
875 273
875 746
875 751
875 823
875 470
875 513
875 161
875 477
875 511
820 25
820 807
820 588
820 887
820 88
820 711
820 704
820 167
820 33
820 326
992 34
992 612
992 96
992 74
992 737
992 284
992 471
761 924
761 213
761 504
761 555
761 433
761 669
761 785
761 604
699 703
699 788
699 523
699 774
699 509
699 806
699 426
699 285
702 802
702 655
702 649
702 531
702 983
702 735
702 307
702 130
702 799
341 198
341 30
341 844
341 596
341 771
341 563
341 864
341 602
994 490
994 556
994 755
994 723
994 29
994 643
994 25
994 299
994 777
129 268
129 916
129 661
129 214
129 642
129 261
129 712
129 943
129 938
586 264
586 693
586 635
586 706
586 524
586 710
586 401
586 671
586 19
476 71
476 756
476 81
476 961
476 256
476 137
476 53
476 123
476 317
630 353
630 646
630 559
630 408
630 397
630 777
630 557
630 564
94 844
94 240
94 253
94 27
94 200
94 103
94 603
94 16
299 458
299 723
299 643
299 777
299 521
299 556
299 343
104 50
104 205
104 888
104 409
104 600
104 294
104 338
104 885
104 196
766 217
766 338
766 973
766 318
766 456
766 863
766 871
766 559
766 428
877 852
877 192
877 143
877 640
877 437
877 967
877 855
877 203
24 493
24 650
24 159
24 500
24 473
24 518
24 793
24 757
24 524
24 750
240 760
240 253
240 16
240 103
240 603
240 758
306 298
306 200
306 635
306 77
306 174
306 898
306 296
306 881
306 384
892 457
892 126
892 515
892 907
892 134
892 44
892 394
892 17
59 707
59 188
59 818
59 3
59 479
59 319
59 785
59 112
234 458
234 753
234 965
234 447
234 451
234 559
234 461
234 119
234 217
234 142
451 559
451 119
451 965
451 461
451 184
451 458
451 372
451 799
451 447
987 767
987 175
987 36
987 295
987 620
987 362
987 495
987 838
987 305
45 804
45 596
45 246
45 789
45 959
45 710
45 291
45 410
70 347
70 769
70 945
70 859
70 284
70 171
70 798
70 151
19 710
19 524
19 264
19 706
19 635
19 188
19 512
19 671
835 816
835 22
835 467
835 270
835 844
835 734
835 26
835 492
412 257
412 386
412 885
412 685
412 311
412 884
412 947
412 696
412 946
412 565
995 616
995 672
995 359
995 897
995 41
995 449
995 380
51 869
51 254
51 28
51 359
51 482
51 914
51 475
51 712
787 842
787 345
787 277
787 419
787 333
787 95
787 624
787 678
787 14
333 281
333 625
333 613
333 608
333 679
333 738
333 149
473 464
473 518
473 750
473 793
473 159
473 500
473 904
473 757
473 525
706 712
706 501
706 524
706 710
706 684
706 635
984 292
984 152
984 343
984 184
984 377
984 931
310 597
310 934
310 511
310 836
310 537
310 158
310 38
718 632
718 518
718 100
718 497
718 735
718 844
718 891
136 236
136 416
136 515
136 752
136 607
136 445
136 812
136 400
602 343
602 268
602 669
602 579
602 943
602 175
602 641
602 30
602 642
750 757
750 709
750 793
750 159
750 500
750 518
409 338
409 200
409 350
409 762
409 163
409 590
409 273
409 932
409 319
468 238
468 786
468 768
468 985
468 328
468 760
468 891
468 220
468 822
468 387
315 980
315 387
315 23
315 991
315 450
315 493
315 646
315 648
315 963
275 93
275 715
275 169
275 83
275 10
275 923
275 657
275 804
275 404
275 373
187 780
187 354
187 960
187 133
187 938
187 847
187 517
187 581
769 347
769 428
769 859
769 721
769 151
769 3
769 798
769 739
219 96
219 888
219 738
219 367
219 329
492 521
492 748
492 949
492 959
492 606
492 128
492 534
492 611
72 106
72 959
72 790
72 762
72 823
72 799
72 618
72 831
72 582
967 836
967 192
967 474
967 852
967 203
967 640
967 373
328 512
328 985
328 387
328 238
328 786
328 252
328 768
328 509
328 555
893 271
893 356
893 667
893 637
893 302
893 566
893 117
893 728
893 622
194 224
194 487
194 281
194 143
194 784
194 425
194 951
194 168
283 691
283 300
283 102
283 95
283 519
283 927
283 526
598 90
598 915
598 831
598 728
598 413
598 801
598 357
767 838
767 597
767 305
767 533
767 620
767 175
767 36
626 330
626 196
626 772
626 21
626 441
626 81
626 256
626 474
708 26
708 516
708 512
708 117
708 433
708 765
708 162
708 896
84 478
84 22
84 521
84 401
84 332
84 53
84 786
84 864
425 760
425 951
425 784
425 225
425 555
425 153
425 502
425 487
636 857
636 754
636 152
636 703
636 972
636 839
636 516
636 548
901 410
901 507
901 17
901 624
901 389
901 490
901 180
288 162
288 413
288 553
288 503
288 406
288 449
288 496
288 196
652 543
652 589
652 610
652 27
652 211
652 241
652 367
882 574
882 966
882 596
882 485
882 106
882 21
882 704
416 400
416 812
416 236
416 607
416 445
416 515
834 210
834 625
834 870
834 608
834 314
834 613
834 844
834 679
834 232
421 942
421 502
421 109
421 509
421 42
421 121
421 878
949 687
949 823
949 997
949 125
949 35
949 778
949 232
949 250
355 4
355 391
355 319
355 112
355 142
355 86
355 591
355 146
355 81
595 3
595 149
595 1
595 739
595 936
595 579
595 692
595 721
595 453
489 732
489 485
489 589
489 876
489 682
489 435
489 969
489 619
728 667
728 271
728 358
728 117
728 356
728 759
309 637
309 944
309 43
309 814
309 2
309 223
309 705
309 779
309 926
309 932
587 144
587 937
587 75
587 294
587 237
587 952
587 229
587 11
587 925
608 625
608 679
608 720
608 48
608 870
608 217
608 613
256 196
256 81
256 330
256 772
256 21
737 807
737 812
737 588
737 33
737 167
737 326
737 792
737 832
737 711
378 346
378 616
378 46
378 553
378 423
378 550
378 958
378 638
378 358
8 808
8 697
8 531
8 546
8 156
8 683
8 74
8 463
8 679
672 520
672 380
672 413
672 616
672 359
672 897
672 641
205 499
205 866
205 453
205 749
205 880
205 659
205 280
205 1
49 939
49 60
49 546
49 732
49 456
49 824
49 808
49 683
49 463
49 553
151 171
151 798
151 668
151 347
151 859
257 947
257 441
257 565
257 685
257 230
257 311
257 386
329 200
329 159
329 480
329 738
329 888
329 314
329 758
23 980
23 450
23 648
23 493
23 963
23 338
23 936
23 991
916 605
916 10
916 715
916 923
916 622
916 319
916 866
916 169
916 404
64 114
64 131
64 945
64 855
64 163
64 536
64 212
64 20
917 558
917 318
917 957
917 191
917 933
917 654
917 955
917 764
394 6
394 134
394 933
394 752
394 126
394 457
394 43
563 281
563 154
563 44
563 629
191 957
191 357
191 927
191 955
191 764
191 654
191 318
191 558
500 793
500 474
500 364
500 518
500 757
500 159
793 518
793 159
793 757
793 525
223 779
223 932
223 926
223 682
223 814
223 859
223 619
223 637
452 254
452 88
452 482
452 958
452 475
452 361
452 869
452 28
117 622
117 618
117 667
117 356
117 85
117 271
965 959
965 461
965 458
965 447
965 774
965 119
965 559
552 677
552 251
552 825
552 867
552 48
552 138
552 348
552 260
627 417
627 790
627 121
627 833
627 795
627 999
627 110
627 139
627 953
482 28
482 254
482 361
482 73
482 869
482 475
482 210
46 477
46 831
46 574
46 632
46 746
46 470
46 774
46 404
388 16
388 578
388 925
388 32
388 534
388 86
388 857
700 33
700 25
700 326
700 807
700 202
700 167
700 331
700 588
700 711
912 734
912 792
912 495
912 201
912 530
912 165
912 153
912 609
912 861
391 4
391 316
391 146
391 142
391 224
391 997
812 603
812 334
812 445
812 515
812 556
812 400
692 579
692 474
692 30
692 739
692 1
692 974
692 149
692 721
941 904
941 937
941 681
941 277
941 641
941 594
941 775
941 192
941 886
974 255
974 455
974 496
974 827
974 979
974 860
974 803
149 579
149 721
149 3
149 739
149 1
149 30
745 566
745 431
745 140
745 665
745 80
745 719
745 694
37 160
37 906
37 999
37 494
37 958
37 934
37 614
61 990
61 40
61 398
61 777
61 407
61 998
61 271
61 272
632 924
632 823
632 100
632 891
632 701
340 39
340 334
340 960
340 113
340 16
340 297
340 634
796 369
796 920
796 781
796 548
796 889
796 402
796 286
796 764
347 798
347 393
347 171
347 784
347 859
397 687
397 408
397 557
397 564
397 646
397 964
154 44
154 506
154 694
154 726
154 827
981 501
981 464
981 562
981 250
981 207
981 966
981 106
792 559
792 736
792 335
792 539
792 823
792 571
792 521
972 703
972 857
972 839
972 832
972 675
972 754
671 774
671 670
671 710
671 308
671 264
671 635
671 524
682 969
682 977
682 732
682 435
682 485
682 455
682 876
160 670
160 906
160 958
160 614
160 494
466 520
466 690
466 32
466 600
466 480
466 48
466 418
466 78
466 193
132 617
132 940
132 999
132 65
132 830
132 783
132 623
132 621
132 381
404 169
404 715
404 10
404 657
404 923
404 83
404 605
463 74
463 939
463 808
463 546
463 683
463 152
463 88
857 703
857 839
857 754
857 675
929 543
929 102
929 678
929 871
929 243
405 331
405 215
405 641
405 467
405 359
405 398
405 278
289 488
289 743
289 930
289 481
289 977
289 673
289 797
593 900
593 733
593 803
593 528
593 39
593 230
593 161
593 365
983 665
983 522
983 625
983 15
983 539
983 491
983 614
983 408
43 2
43 414
43 16
43 755
43 752
43 538
43 976
477 771
477 831
477 470
477 464
477 746
477 751
5 255
5 14
5 114
5 411
5 973
5 896
955 318
955 225
955 781
955 558
955 156
955 764
955 726
624 925
624 878
624 389
624 507
624 490
624 180
704 592
704 683
704 588
704 827
704 564
704 751
704 743
225 548
225 88
225 836
225 502
225 582
225 501
558 654
558 957
558 648
558 318
558 764
558 675
940 381
940 621
940 60
940 830
940 623
940 783
940 617
940 65
977 488
977 481
977 295
977 506
977 797
977 743
977 111
20 945
20 855
20 867
20 536
20 580
20 131
20 520
20 163
711 326
711 534
711 807
711 588
711 167
711 33
711 458
537 844
537 511
537 92
537 158
537 50
537 934
537 38
537 597
937 641
937 277
937 594
937 775
937 681
937 523
937 886
937 904
437 997
437 143
437 38
437 133
437 855
437 96
437 898
437 712
690 520
690 499
690 78
690 314
690 418
690 600
690 193
206 215
206 842
206 34
206 879
206 720
206 259
206 530
206 221
206 863
206 115
837 592
837 401
837 86
837 68
837 824
837 400
837 279
837 424
837 31
481 797
481 488
481 303
481 111
481 506
481 743
547 497
547 459
547 29
547 273
547 813
547 934
547 444
755 833
755 29
755 125
755 752
411 14
411 896
411 255
411 114
411 207
717 881
717 381
717 862
717 298
717 174
717 384
717 77
717 296
460 419
460 455
460 976
460 689
460 227
460 543
460 395
229 11
229 952
229 925
229 75
229 237
270 531
270 176
270 833
270 125
270 778
270 250
270 687
302 441
302 952
302 145
302 34
666 969
666 87
666 432
666 533
666 202
666 366
666 211
666 918
190 464
190 241
190 521
190 156
190 589
190 308
190 631
196 815
196 959
196 638
196 772
393 798
393 171
393 588
393 369
821 93
821 274
821 327
821 959
821 73
821 802
821 307
821 655
879 221
879 720
879 863
879 259
879 689
879 115
879 842
879 119
879 691
943 625
943 642
943 214
943 261
943 661
943 938
943 268
370 633
370 419
370 541
370 513
370 774
370 933
22 456
22 551
22 816
22 122
504 48
504 604
504 346
504 669
504 735
504 555
237 925
237 952
237 11
237 75
237 211
291 596
291 246
291 959
291 789
291 490
291 115
74 361
74 683
74 808
74 939
74 546
74 332
142 591
142 143
142 522
142 942
142 550
959 164
959 619
207 68
207 201
207 856
207 287
207 268
207 479
243 870
243 871
243 102
243 678
243 891
622 604
622 815
622 356
622 667
622 85
622 271
3 785
3 721
3 1
3 739
3 579
327 802
327 307
327 274
327 423
327 73
327 655
327 130
443 66
443 724
443 887
443 177
443 606
443 430
443 128
387 786
387 768
387 822
387 238
387 32
387 985
494 958
494 867
494 906
494 614
557 353
557 947
557 447
557 564
557 646
557 898
557 760
268 661
268 804
268 642
268 863
268 261
268 938
802 130
802 899
802 307
802 655
802 73
802 274
450 980
450 648
450 963
450 991
450 619
450 493
779 926
779 836
779 705
779 637
779 932
779 814
779 2
795 612
795 740
795 790
795 729
795 179
795 42
795 173
193 32
193 418
193 480
193 600
193 188
193 78
193 520
224 146
224 121
224 669
224 997
224 4
224 316
732 435
732 876
732 188
732 485
77 862
77 904
77 384
77 174
77 881
77 296
453 843
453 880
453 290
453 749
453 280
453 659
723 777
723 870
723 249
723 556
723 643
723 365
830 27
830 617
830 621
830 623
830 783
830 65
830 381
30 263
30 185
30 784
30 721
30 343
866 659
866 843
866 280
866 880
866 749
29 957
29 813
29 459
29 444
29 221
29 184
907 542
907 189
907 575
907 936
907 10
907 582
165 495
165 448
165 201
165 137
165 71
165 53
273 485
273 139
273 799
273 920
63 803
63 87
63 335
63 597
63 860
63 979
63 304
491 141
491 539
491 522
491 15
379 651
379 239
379 569
379 198
379 144
379 756
379 399
379 696
379 440
749 290
749 843
749 280
749 880
749 659
298 862
298 384
298 296
298 174
298 881
251 867
251 348
251 825
251 260
251 768
251 727
251 677
251 138
727 659
727 180
727 649
727 605
727 179
727 657
727 348
727 83
6 139
6 300
6 42
6 691
6 526
6 958
566 516
566 980
854 344
854 350
854 989
854 263
854 785
307 899
307 655
307 130
307 274
307 73
28 406
28 475
28 361
28 869
28 783
28 254
281 202
281 613
281 426
354 517
354 308
354 799
354 345
354 780
354 847
1 739
1 721
1 579
742 693
742 736
742 964
742 503
742 658
742 232
634 297
634 109
634 113
634 455
634 16
634 334
215 278
215 214
215 938
215 398
215 467
215 794
357 90
357 199
357 831
357 413
357 801
357 497
596 789
596 86
596 804
596 246
859 171
859 957
859 798
693 658
693 948
693 503
693 25
693 232
693 736
131 945
131 855
131 748
131 50
131 212
131 163
261 938
261 214
261 556
261 661
261 643
261 642
609 60
609 818
609 861
609 448
609 201
609 495
609 40
919 497
919 444
919 969
919 459
919 813
919 455
344 989
344 785
344 350
344 282
344 263
232 432
232 736
232 503
232 658
932 637
932 926
932 814
932 133
428 794
428 637
428 25
428 292
428 934
428 607
428 677
428 42
578 523
578 806
578 362
578 285
578 426
578 788
502 548
502 878
502 352
502 942
502 509
762 531
762 966
762 106
762 360
762 464
762 562
21 815
21 687
21 441
21 330
21 772
870 625
870 220
870 613
90 413
90 801
90 121
90 199
90 534
475 254
475 88
475 361
475 869
544 218
544 576
544 607
544 744
544 884
544 18
544 284
260 825
260 677
260 246
260 138
260 176
260 867
886 594
886 681
886 775
886 641
886 904
886 277
696 670
696 651
696 399
696 239
696 756
696 198
696 144
884 576
884 218
884 744
884 888
884 18
979 304
979 738
979 860
979 803
447 559
447 898
447 461
447 119
447 458
667 176
667 271
667 356
667 140
259 115
259 221
259 720
259 842
259 863
259 34
259 398
927 576
927 855
927 493
927 678
927 360
927 366
942 331
942 878
942 352
679 625
679 890
679 200
679 613
679 297
991 414
991 619
991 493
991 648
991 618
991 963
71 317
71 249
71 448
71 53
71 335
71 137
346 553
346 794
346 550
346 423
346 358
346 638
522 15
522 34
522 733
444 813
444 155
444 459
444 497
115 221
115 34
115 842
115 863
115 832
360 966
360 531
360 891
360 562
542 41
542 496
542 2
542 575
65 617
65 381
65 445
65 580
65 621
65 623
953 164
953 301
953 538
953 946
953 123
953 580
953 668
953 589
321 364
321 44
321 35
321 574
321 336
321 571
650 518
650 238
650 764
650 467
352 509
352 168
352 130
352 516
352 878
990 36
990 633
990 330
990 836
990 777
990 590
277 775
277 681
277 594
277 220
277 314
543 217
543 590
543 367
543 957
543 610
263 350
263 906
263 408
263 989
946 668
946 123
946 538
946 369
946 301
946 164
946 611
40 407
40 684
40 272
40 998
40 331
78 418
78 4
78 32
78 480
78 600
78 520
618 582
618 551
618 210
618 353
618 669
618 414
167 25
167 326
167 33
167 807
167 588
304 860
304 803
304 335
112 159
112 338
112 86
112 81
112 815
112 330
130 274
130 655
130 899
130 735
358 638
358 794
358 550
358 423
358 553
847 448
847 146
847 939
847 780
847 308
847 517
938 642
938 661
938 214
10 83
10 605
10 923
10 93
10 657
10 715
441 815
441 772
441 490
865 155
865 173
865 110
865 649
865 695
865 185
865 282
395 591
395 915
395 748
395 689
395 227
395 976
395 746
777 162
777 643
777 530
597 511
597 158
597 620
435 969
435 989
435 381
435 516
836 50
836 479
836 36
836 241
887 314
887 66
887 177
887 724
184 292
184 931
184 377
184 152
301 668
301 580
301 611
301 760
301 538
301 164
301 123
424 592
424 279
424 707
424 410
424 31
424 401
649 703
649 497
649 856
649 17
649 212
670 239
670 591
670 399
670 651
670 756
334 900
334 113
334 297
334 960
334 695
780 517
780 581
780 345
780 133
780 145
156 539
156 0
156 764
156 15
480 11
480 520
480 915
480 600
480 418
605 923
605 319
605 715
605 83
605 657
536 163
536 945
536 855
536 212
536 146
914 869
914 254
914 641
914 944
914 213
914 146
816 512
816 17
816 551
816 456
816 122
511 934
511 38
511 92
511 158
95 300
95 526
95 709
95 519
697 838
697 433
697 314
697 188
697 580
697 100
724 430
724 66
724 177
724 606
724 128
925 86
925 11
925 230
925 952
332 603
332 85
332 888
332 361
332 898
562 106
562 531
562 464
562 966
562 220
519 300
519 691
519 145
519 525
519 526
35 336
35 571
35 574
35 550
35 364
771 449
771 176
771 145
771 818
771 826
794 338
794 220
794 553
794 252
122 456
122 50
122 36
122 754
122 551
348 825
348 138
348 707
348 899
348 867
214 661
214 720
214 642
876 656
876 485
876 125
876 969
740 179
740 126
740 701
740 790
740 406
740 729
126 457
126 85
126 134
126 933
729 701
729 406
729 179
729 790
651 756
651 144
651 239
651 252
651 399
651 198
100 823
100 294
100 735
100 891
100 433
227 591
227 689
227 455
227 976
227 748
861 495
861 734
861 826
861 705
861 0
861 153
861 201
221 34
221 863
221 720
221 961
221 842
111 303
111 797
111 202
111 743
111 488
111 506
83 715
83 923
83 169
83 657
83 898
406 179
406 496
406 790
406 701
414 381
414 75
414 775
414 976
433 516
433 758
433 656
640 192
640 373
640 203
640 581
646 353
646 470
646 964
646 495
646 564
952 11
952 75
818 449
818 432
818 521
818 176
818 418
818 303
592 31
592 279
592 401
592 707
175 838
175 305
175 36
175 620
826 158
826 103
826 705
826 93
826 733
826 864
318 957
318 471
318 764
318 303
998 684
998 272
998 407
998 604
538 611
538 311
538 123
538 668
538 164
68 856
68 631
68 48
68 86
68 513
68 961
68 973
377 931
377 152
377 638
377 292
377 839
210 139
210 548
210 551
610 774
610 168
610 730
610 784
610 241
610 367
788 426
788 806
788 285
788 523
788 252
788 933
784 487
784 951
960 898
960 297
960 113
960 705
335 34
335 860
335 781
335 803
786 410
786 768
786 822
786 238
786 985
631 41
631 487
631 944
631 753
631 499
880 280
880 290
880 659
880 843
603 253
603 103
603 760
419 541
419 633
419 976
419 513
751 109
751 192
751 470
751 501
751 746
881 637
881 862
881 296
881 384
881 174
103 760
103 758
103 525
103 253
867 677
867 825
867 138
867 238
948 736
948 832
948 906
948 138
948 658
948 226
735 294
735 823
399 756
399 904
399 198
399 86
399 239
842 720
842 863
842 211
512 689
512 42
512 765
512 26
506 449
506 797
506 933
506 303
506 488
797 303
797 488
797 743
733 39
733 528
733 119
733 900
733 230
189 936
189 961
189 930
189 575
189 496
963 493
963 619
963 648
963 980
153 408
153 495
153 734
153 201
386 565
386 457
386 947
386 707
386 311
386 685
144 161
144 756
144 88
144 239
144 401
621 623
621 381
621 479
621 783
621 617
920 569
920 286
920 889
920 781
920 143
920 369
594 681
594 50
594 413
594 775
594 548
594 904
923 657
923 715
923 93
923 169
574 336
574 571
574 338
574 364
373 852
373 18
373 203
426 285
426 806
426 362
426 523
753 944
753 590
753 980
808 66
808 336
808 683
808 939
808 546
85 202
85 933
85 665
85 524
924 604
924 274
924 87
924 213
924 252
180 389
180 507
180 827
180 490
623 226
623 822
623 96
623 617
60 48
60 92
60 530
60 109
60 81
60 939
790 179
790 701
590 534
590 18
590 823
590 478
642 661
400 515
400 445
400 236
930 936
930 575
822 213
822 709
822 612
822 985
822 768
822 238
140 80
140 719
140 372
140 431
683 939
683 915
683 546
365 295
365 900
365 528
365 137
365 39
66 589
66 669
66 606
66 430
66 177
470 746
470 864
470 580
470 287
110 173
110 885
110 185
110 695
110 827
432 211
432 503
432 295
432 918
432 533
432 366
947 311
947 402
947 685
947 565
719 694
719 431
719 604
719 80
719 665
576 271
576 681
576 897
878 509
201 495
201 734
201 408
250 833
250 125
250 778
250 687
516 93
516 42
516 202
556 864
556 643
133 744
133 517
133 581
658 503
658 736
155 141
155 287
155 461
155 361
155 709
188 18
188 418
188 218
188 843
188 173
449 145
449 303
526 300
526 499
589 241
589 367
249 336
249 539
249 799
249 673
249 832
343 931
343 629
559 656
559 119
559 461
18 744
18 218
684 27
684 294
684 407
684 272
36 305
36 50
533 366
533 918
533 211
533 474
533 530
726 308
726 569
607 119
607 515
607 2
607 445
607 752
675 471
675 14
675 754
675 839
675 287
202 885
804 643
804 4
804 109
92 38
92 934
92 158
75 11
918 211
918 366
918 969
918 41
695 282
695 173
695 185
203 581
203 192
976 915
976 748
487 353
487 951
487 758
487 177
487 168
852 93
513 541
513 633
513 139
213 252
213 308
213 604
213 785
734 814
734 42
734 495
366 255
366 211
366 87
744 525
744 218
744 565
999 783
999 212
999 381
999 440
292 931
292 152
286 264
286 402
286 369
286 889
286 781
565 311
565 402
565 685
241 730
241 367
855 212
459 813
459 497
398 278
398 331
398 467
648 356
648 980
648 493
158 38
856 278
856 34
856 141
856 287
326 33
326 588
326 807
326 25
317 961
317 137
317 218
317 448
317 53
764 957
701 179
807 25
807 588
807 33
613 220
613 625
694 80
694 665
694 961
694 431
479 629
479 284
479 964
479 81
331 474
331 641
331 278
715 657
715 169
367 730
367 41
81 280
359 380
359 897
359 616
638 550
638 423
757 518
757 159
944 824
944 705
944 951
80 665
80 431
656 25
656 730
656 33
656 571
754 832
423 550
423 553
898 200
898 824
162 26
162 765
162 507
162 759
162 417
659 280
659 843
659 290
831 801
831 199
772 330
772 815
389 410
389 534
389 336
389 507
488 303
39 900
39 230
39 528
44 827
119 461
119 176
134 457
134 455
254 703
254 869
254 88
581 345
581 517
600 418
600 520
600 685
280 843
280 290
493 619
665 431
297 113
297 16
125 778
125 833
125 687
575 936
575 582
384 174
384 862
384 296
236 217
236 752
236 515
236 445
705 926
705 456
705 814
41 616
41 530
41 939
345 517
345 555
345 789
53 448
53 137
813 497
813 969
687 833
687 778
408 353
128 606
128 430
128 295
364 571
364 336
102 748
102 678
102 871
239 756
239 198
933 499
933 633
525 499
525 760
523 806
523 507
523 871
356 271
539 15
539 673
775 641
775 681
778 87
588 33
143 226
611 668
611 164
611 123
485 295
814 637
814 926
814 2
814 619
958 614
958 906
668 123
668 164
73 655
73 274
73 121
564 964
564 353
564 712
564 864
311 685
712 290
712 96
712 226
712 864
712 31
838 305
838 362
838 620
677 825
677 138
897 380
897 616
620 362
620 305
17 145
17 743
889 569
889 781
889 369
889 833
496 16
496 936
496 899
739 721
739 579
864 464
31 707
31 410
31 401
759 230
759 26
759 765
752 168
738 279
738 888
655 274
655 899
973 440
973 380
860 839
860 803
285 806
285 295
303 730
530 730
530 964
806 362
806 0
758 253
164 580
164 123
604 252
604 669
169 657
169 93
381 783
230 900
230 528
430 177
430 606
380 616
681 904
681 42
401 279
503 736
709 287
709 141
906 614
863 720
801 264
801 199
801 413
88 548
815 290
815 330
458 461
458 643
458 372
635 264
635 710
635 524
417 26
417 591
417 139
417 372
48 282
515 445
885 888
885 173
869 361
939 546
282 785
569 501
569 781
569 226
591 673
591 748
137 448
138 825
353 964
353 541
471 284
471 612
471 509
657 93
499 629
507 410
176 844
176 145
748 141
14 114
14 896
27 294
314 654
314 629
402 781
579 721
274 899
26 765
580 287
467 217
467 278
238 768
238 985
284 612
284 629
174 296
174 862
931 152
93 774
32 418
703 839
798 171
87 252
768 985
768 746
255 114
255 279
951 824
551 456
300 691
548 2
896 114
272 407
168 746
279 707
200 253
141 287
246 789
173 185
710 524
541 633
218 789
945 163
212 163
899 890
899 691
362 478
528 900
4 316
4 997
4 146
746 501
198 756
461 287
264 524
926 637
783 478
997 146
997 316
226 824
989 350
455 969
966 531
966 106
