45 73
45 486
45 576
45 844
45 841
45 677
45 382
45 76
45 175
45 659
794 861
794 839
794 900
794 320
794 306
794 72
794 308
794 626
794 139
794 202
72 202
72 611
72 762
72 797
72 861
72 839
72 520
72 210
72 900
402 731
402 639
402 417
402 974
402 586
402 706
402 717
402 990
402 263
402 872
135 704
135 158
135 853
135 267
135 202
135 253
135 760
135 295
135 194
135 134
458 157
458 869
458 655
458 223
458 332
458 567
458 738
458 970
458 781
458 113
66 226
66 541
66 319
66 381
66 769
66 909
66 385
66 318
66 969
66 697
624 152
624 165
624 388
624 456
624 565
624 724
624 673
624 682
624 144
624 868
487 842
487 759
487 772
487 991
487 119
487 677
487 964
487 813
487 899
487 642
617 850
617 871
617 226
617 585
617 750
617 251
617 695
617 743
617 399
617 381
280 802
280 812
280 517
280 593
280 27
280 707
280 554
280 512
280 899
280 415
553 266
553 808
553 627
553 634
553 253
553 438
553 306
553 68
553 971
553 570
68 625
68 426
68 770
68 142
68 978
68 305
68 760
68 745
68 884
404 225
404 591
404 462
404 754
404 120
404 469
404 687
404 536
404 564
404 786
177 644
177 540
177 813
177 138
177 508
177 556
177 764
177 11
177 465
177 463
805 1
805 436
805 329
805 110
805 618
805 905
805 835
805 749
805 773
805 626
883 898
883 686
883 443
883 566
883 450
883 930
883 192
883 811
883 557
883 800
967 709
967 290
967 563
967 779
967 440
967 812
967 255
967 109
967 579
967 27
93 347
93 755
93 186
93 609
93 899
93 975
93 349
93 730
93 193
93 258
582 685
582 554
582 976
582 848
582 156
582 552
582 184
582 42
582 228
582 819
187 488
187 971
187 769
187 102
187 529
187 473
187 274
187 231
187 336
187 622
217 626
217 339
217 829
217 508
217 483
217 913
217 248
217 462
217 36
217 4
753 335
753 316
753 650
753 224
753 946
753 931
753 820
753 300
753 298
753 49
857 480
857 867
857 268
857 259
857 676
857 453
857 142
857 670
857 653
857 325
197 743
197 291
197 229
197 466
197 698
197 248
197 200
197 682
197 265
197 880
410 501
410 60
410 298
410 619
410 293
410 737
410 365
410 324
410 595
410 669
683 475
683 590
683 355
683 319
683 16
683 204
683 485
683 126
683 626
683 218
798 728
798 476
798 444
798 865
798 450
798 87
798 733
798 992
798 674
798 434
136 23
136 536
136 557
136 965
136 955
136 365
136 726
136 102
136 223
136 567
171 886
171 976
171 853
171 444
171 852
171 581
171 493
171 893
171 199
171 298
369 142
369 536
369 375
369 18
369 476
369 644
369 837
369 866
369 156
369 505
638 24
638 956
638 141
638 328
638 909
638 339
638 486
638 587
638 960
638 812
621 861
621 83
621 16
621 139
621 355
621 590
621 220
621 475
621 328
621 308
859 191
859 564
859 880
859 416
859 618
859 156
859 527
859 725
859 588
859 865
84 736
84 869
84 228
84 460
84 520
84 948
84 817
84 796
84 510
84 191
920 762
920 659
920 677
920 620
920 359
920 680
920 887
920 447
920 279
920 581
164 206
164 566
164 138
164 951
164 950
164 373
164 815
164 954
164 835
164 519
354 502
354 666
354 275
354 223
354 762
354 535
354 85
354 328
354 320
354 700
752 643
752 714
752 478
752 802
752 281
752 818
752 311
752 439
752 397
752 881
790 294
790 875
790 655
790 42
790 991
790 738
790 117
790 15
790 264
790 168
568 529
568 83
568 239
568 577
568 719
568 86
568 200
568 558
568 589
568 598
969 94
969 124
969 375
969 788
969 1
969 191
969 729
969 541
969 870
125 176
125 796
125 741
125 909
125 776
125 689
125 882
125 257
125 363
125 36
399 251
399 226
399 850
399 245
399 782
399 750
399 695
399 381
399 585
936 79
936 802
936 822
936 26
936 917
936 771
936 248
936 278
936 497
936 678
671 737
671 670
671 962
671 386
671 743
671 513
671 901
671 12
671 747
671 964
801 358
801 807
801 491
801 570
801 340
801 918
801 687
801 785
801 437
801 930
401 558
401 837
401 522
401 632
401 652
401 389
401 958
401 227
401 3
401 816
977 911
977 994
977 916
977 202
977 538
977 48
977 235
977 562
977 531
977 428
528 854
528 879
528 28
528 828
528 449
528 930
528 371
528 596
528 497
528 891
242 886
242 235
242 770
242 836
242 120
242 773
242 891
242 677
242 944
242 71
395 352
395 979
395 129
395 777
395 558
395 706
395 546
395 431
395 929
395 393
636 228
636 667
636 452
636 815
636 748
636 532
636 984
636 760
636 257
636 746
459 124
459 360
459 786
459 665
459 76
459 873
459 279
459 203
459 911
459 976
183 370
183 195
183 289
183 48
183 255
183 814
183 182
183 998
183 697
183 19
754 746
754 378
754 760
754 367
754 761
754 884
754 107
754 908
754 569
766 167
766 867
766 916
766 696
766 736
766 896
766 268
766 316
766 674
766 724
809 690
809 623
809 448
809 100
809 731
809 757
809 585
809 995
809 915
809 293
59 808
59 707
59 642
59 205
59 950
59 203
59 196
59 163
59 819
59 330
166 176
166 205
166 276
166 662
166 941
166 577
166 615
166 397
166 364
166 625
97 58
97 89
97 516
97 997
97 495
97 262
97 313
97 53
97 210
97 285
421 841
421 504
421 497
421 836
421 18
421 549
421 584
421 268
421 434
421 815
28 370
28 854
28 596
28 821
28 783
28 868
28 445
28 412
28 891
587 115
587 927
587 593
587 88
587 315
587 237
587 149
587 339
587 462
368 561
368 476
368 655
368 581
368 911
368 701
368 245
368 240
368 420
368 464
921 932
921 578
921 836
921 62
921 303
921 597
921 121
921 509
921 988
921 103
122 518
122 285
122 807
122 780
122 338
122 438
122 635
122 36
122 699
122 156
599 474
599 836
599 51
599 639
599 686
599 150
599 620
599 823
599 677
599 339
153 713
153 781
153 88
153 810
153 694
153 244
153 492
153 294
153 443
153 71
703 440
703 465
703 109
703 691
703 563
703 26
703 327
703 807
703 514
703 958
190 902
190 739
190 92
190 400
190 891
190 2
190 822
190 145
190 755
190 899
999 392
999 789
999 80
999 833
999 461
999 433
999 295
999 531
999 143
999 922
113 436
113 414
113 724
113 42
113 616
113 598
113 432
113 378
113 615
523 567
523 721
523 852
523 337
523 512
523 422
523 38
523 117
523 91
523 583
539 81
539 650
539 2
539 273
539 640
539 344
539 274
539 980
539 226
539 94
631 814
631 824
631 680
631 44
631 377
631 439
631 447
631 763
631 887
631 741
384 299
384 11
384 239
384 601
384 765
384 159
384 389
384 337
384 431
384 235
757 669
757 654
757 128
757 995
757 718
757 816
757 118
757 573
757 340
345 532
345 184
345 115
345 326
345 724
345 362
345 786
345 721
345 751
345 437
765 949
765 775
765 723
765 109
765 194
765 938
765 253
765 416
765 337
446 935
446 681
446 82
446 788
446 294
446 600
446 281
446 50
446 626
446 274
817 40
817 260
817 927
817 489
817 317
817 695
817 873
817 569
817 670
143 994
143 640
143 970
143 601
143 180
143 158
143 510
143 433
143 445
779 132
779 287
779 61
779 27
779 563
779 831
779 440
779 154
779 888
935 358
935 294
935 222
935 644
935 792
935 739
935 626
935 300
935 681
481 562
481 645
481 43
481 205
481 146
481 860
481 361
481 808
481 442
481 944
774 895
774 530
774 562
774 272
774 350
774 914
774 496
774 428
774 96
774 301
678 248
678 413
678 463
678 159
678 73
678 536
678 783
678 499
678 277
830 592
830 263
830 61
830 597
830 912
830 918
830 214
830 903
830 637
830 965
516 58
516 862
516 313
516 573
516 339
516 89
516 945
516 744
516 986
768 244
768 333
768 808
768 948
768 463
768 271
768 10
768 800
768 252
768 600
170 724
170 959
170 532
170 429
170 453
170 207
170 168
170 412
170 39
170 158
360 702
360 853
360 709
360 482
360 76
360 640
360 195
360 786
360 176
483 474
483 901
483 396
483 595
483 338
483 892
483 23
483 25
483 339
591 432
591 444
591 237
591 645
591 140
591 366
591 690
591 744
591 491
50 626
50 710
50 551
50 460
50 329
50 630
50 982
50 793
50 378
709 195
709 804
709 625
709 519
709 140
709 891
709 85
709 378
229 430
229 230
229 329
229 863
229 104
229 901
229 665
229 611
229 937
711 572
711 943
711 526
711 745
711 325
711 202
711 413
711 330
711 525
711 16
283 912
283 635
283 942
283 173
283 890
283 954
283 231
283 518
283 799
283 293
422 176
422 981
422 63
422 518
422 792
422 557
422 959
422 211
422 990
178 397
178 255
178 383
178 465
178 418
178 871
178 780
178 442
178 233
178 411
894 614
894 893
894 543
894 833
894 804
894 123
894 664
894 90
894 379
894 275
296 996
296 480
296 98
296 874
296 3
296 23
296 622
296 834
296 879
296 848
886 618
886 272
886 974
886 235
886 759
886 443
886 856
886 448
992 491
992 552
992 457
992 965
992 677
992 991
992 7
992 674
992 513
668 443
668 792
668 586
668 306
668 669
668 394
668 14
668 535
668 169
668 864
24 949
24 428
24 411
24 262
24 744
24 185
24 650
24 632
24 412
198 727
198 181
198 174
198 376
198 241
198 464
198 510
198 116
198 424
198 322
189 427
189 288
189 442
189 470
189 710
189 663
189 828
189 303
189 719
189 619
494 246
494 13
494 560
494 708
494 119
494 784
494 913
494 924
494 372
494 604
243 947
243 962
243 318
243 157
243 479
243 792
243 964
243 623
243 103
243 806
730 341
730 193
730 975
730 188
730 15
730 33
730 510
730 347
730 349
31 646
31 998
31 970
31 371
31 326
31 581
31 447
31 747
31 60
31 594
322 603
322 658
322 438
322 260
322 423
322 209
322 439
322 271
322 814
232 341
232 79
232 310
232 862
232 40
232 206
232 791
232 85
232 182
232 147
312 762
312 199
312 899
312 525
312 436
312 961
312 836
312 220
312 55
312 654
583 610
583 115
583 38
583 778
583 380
583 315
583 863
583 665
583 552
835 968
835 86
835 394
835 117
835 566
835 257
835 138
835 373
108 903
108 966
108 697
108 321
108 57
108 428
108 176
108 482
108 409
108 748
542 419
542 994
542 512
542 115
542 145
542 812
542 400
542 239
542 821
542 273
543 261
543 961
543 771
543 799
543 917
543 29
543 231
543 98
543 408
467 878
467 36
467 771
467 912
467 847
467 233
467 914
467 172
467 323
467 383
889 584
889 873
889 932
889 302
889 585
889 448
889 933
889 813
889 42
889 236
121 71
121 509
121 578
121 303
121 984
121 988
121 776
121 932
121 597
252 123
252 196
252 110
252 600
252 333
252 858
252 972
252 223
252 181
324 271
324 418
324 195
324 602
324 569
324 687
324 54
324 298
324 882
840 915
840 38
840 973
840 392
840 549
840 771
840 735
840 100
840 679
840 521
580 510
580 39
580 630
580 473
580 545
580 455
580 909
580 286
580 811
580 193
133 688
133 192
133 588
133 86
133 689
133 727
133 731
133 780
133 241
133 645
720 696
720 41
720 419
720 323
720 78
720 488
720 90
720 21
720 336
720 971
78 336
78 323
78 419
78 41
78 944
78 696
78 21
78 268
78 971
784 366
784 618
784 560
784 547
784 372
784 13
784 246
784 450
784 761
307 541
307 937
307 77
307 525
307 34
307 867
307 837
307 316
307 443
307 665
607 211
607 615
607 848
607 659
607 7
607 199
607 714
607 332
607 364
607 594
957 436
957 65
957 842
957 928
957 321
957 408
957 586
957 352
957 231
957 685
803 490
803 44
803 674
803 363
803 846
803 454
803 729
803 154
803 40
803 795
959 515
959 279
959 205
959 667
959 615
959 728
959 362
959 923
9 832
9 692
9 707
9 435
9 892
9 203
9 819
9 220
9 269
9 722
132 247
132 521
132 137
132 194
132 465
132 540
132 492
132 949
132 658
374 869
374 874
374 907
374 513
374 506
374 221
374 788
374 476
374 124
374 23
640 598
640 209
640 278
640 686
640 898
640 956
640 962
672 852
672 61
672 940
672 759
672 975
672 85
672 646
672 877
672 980
672 540
571 257
571 912
571 284
571 425
571 696
571 301
571 173
571 796
571 647
571 813
838 505
838 698
838 806
838 328
838 225
838 914
838 334
838 620
838 478
838 179
67 726
67 974
67 302
67 930
67 418
67 100
67 634
67 917
67 449
67 510
258 664
258 563
258 137
258 257
258 461
258 271
258 43
258 608
258 423
289 945
289 208
289 386
289 318
289 19
289 872
289 370
289 674
289 450
127 407
127 651
127 613
127 51
127 561
127 63
127 8
127 855
127 628
127 675
797 535
797 551
797 46
797 579
797 690
797 531
797 378
797 205
797 341
471 310
471 998
471 30
471 616
471 847
471 598
471 365
471 304
471 498
471 215
56 442
56 579
56 851
56 159
56 938
56 860
56 315
56 899
56 837
56 751
99 386
99 200
99 449
99 962
99 118
99 508
99 346
99 909
99 759
99 477
162 79
162 657
162 21
162 739
162 565
162 811
162 625
162 42
162 589
162 616
266 237
266 357
266 961
266 253
266 92
266 808
266 392
266 828
266 300
907 897
907 644
907 249
907 705
907 417
907 811
907 91
907 76
907 155
908 760
908 212
908 796
908 520
908 787
908 474
908 620
908 378
908 579
651 814
651 593
651 8
651 561
651 855
651 250
651 407
651 613
651 628
659 903
659 79
659 841
659 677
659 332
659 279
659 389
548 46
548 12
548 538
548 15
548 652
548 272
548 575
548 841
548 915
548 749
975 193
975 353
975 188
975 347
975 349
975 383
975 885
213 776
213 52
213 828
213 2
213 524
213 257
213 310
213 367
213 208
213 346
134 566
134 968
134 253
134 477
134 145
134 437
134 117
134 474
134 996
140 130
140 126
140 600
140 191
140 353
140 955
140 320
140 701
457 531
457 991
457 438
457 414
457 362
457 1
457 240
457 434
457 552
793 329
793 460
793 653
793 775
793 521
793 982
793 997
793 331
793 664
218 485
218 126
218 204
218 590
218 721
218 355
218 314
218 16
218 758
282 453
282 699
282 731
282 314
282 210
282 276
282 905
282 916
282 156
282 997
181 116
181 689
181 58
181 695
181 376
181 829
181 554
181 20
629 169
629 81
629 298
629 244
629 317
629 376
629 722
629 432
629 594
629 63
649 950
649 157
649 963
649 413
649 474
649 479
649 507
649 14
649 223
649 679
734 788
734 557
734 195
734 749
734 87
734 851
734 922
734 102
734 65
734 836
681 419
681 375
681 684
681 358
681 882
681 326
681 130
681 82
952 105
952 393
952 558
952 451
952 929
952 130
952 431
952 546
952 226
952 851
749 837
749 236
749 735
749 841
749 968
749 414
749 713
101 34
101 695
101 882
101 735
101 981
101 239
101 547
101 167
101 26
101 693
290 484
290 741
290 7
290 930
290 333
290 770
290 219
290 679
290 887
572 300
572 378
572 236
572 430
572 692
572 820
572 451
572 845
572 919
343 892
343 527
343 589
343 660
343 785
343 715
343 353
343 612
343 75
343 234
435 512
435 302
435 488
435 520
435 469
435 692
435 800
435 415
435 819
152 565
152 388
152 958
152 895
152 868
152 165
152 673
152 456
152 144
867 837
867 389
867 265
867 674
867 937
867 239
867 316
661 437
661 117
661 852
661 74
661 508
661 958
661 770
661 416
661 147
661 622
973 637
973 70
973 411
973 540
973 901
973 767
973 342
973 168
973 1
287 292
287 427
287 573
287 771
287 537
287 831
287 535
287 810
287 470
503 438
503 172
503 22
503 953
503 849
503 33
503 656
503 860
503 544
503 247
359 972
359 473
359 507
359 22
359 526
359 677
359 515
359 451
359 3
379 876
379 275
379 461
379 664
379 893
379 614
379 804
379 833
379 872
584 781
584 738
584 27
584 795
584 839
584 740
584 98
584 220
726 365
726 32
726 499
726 806
726 634
726 205
726 420
726 259
69 235
69 120
69 795
69 51
69 533
69 48
69 627
69 504
69 199
69 653
131 520
131 596
131 150
131 673
131 778
131 449
131 380
131 216
131 445
131 742
929 546
929 558
929 393
929 376
929 117
929 431
929 507
929 979
32 4
32 550
32 18
32 905
32 812
32 547
32 614
32 993
32 355
398 978
398 185
398 279
398 702
398 744
398 358
398 854
398 444
398 585
398 286
216 569
216 305
216 449
216 522
216 445
216 701
216 596
216 675
216 581
744 509
744 695
744 158
744 188
744 319
744 937
35 556
35 44
35 656
35 476
35 696
35 389
35 273
35 888
35 939
35 727
403 927
403 986
403 92
403 989
403 987
403 147
403 10
403 441
403 146
403 906
500 696
500 714
500 36
500 713
500 47
500 116
500 103
500 654
500 721
500 822
452 595
452 489
452 34
452 7
452 205
452 748
452 2
452 564
452 953
462 416
462 396
462 559
462 419
462 201
462 4
462 804
364 463
364 948
364 608
364 348
364 260
364 604
364 15
364 49
578 944
578 535
578 597
578 509
578 493
578 932
578 673
578 988
387 204
387 201
387 200
387 493
387 394
387 864
387 426
387 888
387 727
387 863
976 42
976 665
976 444
976 156
976 536
976 375
976 858
390 552
390 724
390 606
390 556
390 878
390 329
390 811
390 267
390 800
390 842
981 557
981 645
981 47
981 215
981 57
981 279
981 601
981 317
128 718
128 185
128 340
128 669
128 897
128 254
128 995
128 901
128 733
468 963
468 984
468 527
468 112
468 147
468 829
468 675
468 70
468 445
468 449
5 96
5 270
5 199
5 315
5 837
5 751
5 351
5 498
5 173
5 570
787 760
787 510
787 781
787 512
787 18
787 602
787 998
787 866
787 506
923 241
923 770
923 821
923 517
923 773
923 117
923 514
923 515
923 362
732 997
732 207
732 581
732 348
732 697
732 632
732 933
732 227
732 541
732 477
987 92
987 146
987 248
987 906
987 536
987 927
987 989
987 736
987 10
606 695
606 306
606 440
606 963
606 586
606 856
606 27
606 771
606 412
619 436
619 344
619 647
619 413
619 614
619 442
619 348
619 719
234 227
234 748
234 527
234 715
234 785
234 612
234 75
234 660
234 589
747 982
747 386
747 473
747 602
747 508
747 267
747 244
747 342
514 96
514 808
514 448
514 175
514 791
514 433
514 259
514 964
623 240
623 100
623 690
623 157
623 764
623 118
623 114
623 795
318 370
318 549
318 310
318 397
318 476
318 648
318 159
337 277
337 239
337 299
337 238
337 996
337 173
337 827
309 942
309 604
309 856
309 635
309 918
309 82
309 325
309 407
309 825
309 461
517 53
517 491
517 515
517 691
517 292
517 743
517 233
517 831
116 538
116 767
116 210
116 103
116 376
116 933
116 989
876 275
876 664
876 546
876 647
876 567
876 236
876 804
876 833
876 893
656 383
656 985
656 214
656 727
656 245
656 207
656 594
656 764
764 83
764 551
764 554
764 562
764 985
764 662
764 157
53 262
53 285
53 712
53 313
53 89
53 939
53 686
53 546
941 257
941 643
941 397
941 288
941 524
941 176
941 62
941 608
941 625
212 25
212 743
212 818
212 430
212 704
212 286
212 55
212 474
212 819
705 740
705 417
705 532
705 155
705 263
705 647
705 899
705 521
705 37
643 397
643 90
643 802
643 478
643 311
643 285
643 723
643 257
88 713
88 781
88 810
88 492
88 652
88 684
88 77
88 261
265 650
265 812
265 182
265 833
265 530
265 484
265 895
265 722
302 326
302 594
302 652
302 740
302 100
302 933
302 430
270 561
270 295
270 188
270 728
270 706
270 193
270 347
270 641
270 949
417 910
417 15
417 51
417 740
417 117
417 248
417 714
160 341
160 776
160 105
160 342
160 451
160 822
160 763
160 168
160 821
160 453
545 346
545 869
545 934
545 221
545 98
545 376
545 366
545 286
545 693
641 465
641 642
641 904
641 397
641 675
641 100
641 330
641 186
641 23
818 871
818 719
818 902
818 77
818 697
818 573
818 639
818 102
820 49
820 224
820 106
820 844
820 946
820 931
820 864
820 335
356 549
356 694
356 466
356 245
356 438
356 788
356 611
356 228
356 695
356 350
834 41
834 880
834 874
834 480
834 423
834 985
834 821
834 773
834 670
938 442
938 949
938 291
938 440
938 751
938 264
938 159
938 962
842 204
842 849
842 851
842 878
842 872
842 310
842 119
993 780
993 391
993 811
993 888
993 579
993 469
993 890
993 327
993 769
479 150
479 432
479 157
479 14
479 433
479 151
479 903
479 305
434 974
434 552
434 742
434 63
434 505
434 161
434 707
646 211
646 698
646 522
646 877
646 405
646 371
646 284
646 581
313 285
313 848
313 89
313 262
313 58
313 712
313 284
879 776
879 107
879 350
879 2
879 575
879 480
879 114
879 650
20 775
20 460
20 633
20 982
20 950
20 47
20 338
20 155
20 826
777 207
777 196
777 866
777 244
777 502
777 12
777 940
777 707
777 873
708 604
708 782
708 924
708 246
708 560
708 372
708 273
708 13
708 913
885 731
885 898
885 994
885 928
885 746
885 699
885 37
885 303
885 103
288 184
288 426
288 442
288 602
288 385
288 783
288 159
288 227
299 601
299 472
299 237
299 1
299 691
299 151
299 238
299 150
293 799
293 811
293 816
293 942
293 231
293 394
293 954
377 832
377 604
377 103
377 112
377 15
377 427
377 642
377 272
377 219
455 682
455 206
455 713
455 972
455 831
455 30
455 294
455 647
455 60
826 407
826 150
826 336
826 501
826 534
826 405
826 226
826 721
826 633
207 513
207 990
207 498
207 736
207 538
207 965
495 849
495 943
495 997
495 825
495 748
495 391
495 338
495 281
495 12
408 722
408 362
408 928
408 871
408 474
408 413
408 541
408 965
485 39
485 62
485 590
485 626
485 657
485 16
485 126
485 412
718 340
718 669
718 816
718 118
718 573
718 995
718 254
718 813
237 425
237 118
237 593
237 622
237 650
237 25
603 780
603 19
603 903
603 917
603 773
603 904
603 670
603 394
603 814
550 269
550 839
550 843
550 351
550 900
550 772
550 692
550 336
550 230
222 600
222 201
222 955
222 464
222 663
222 796
222 300
222 943
222 739
968 36
968 928
968 414
968 64
968 986
968 566
968 79
934 482
934 278
934 925
934 595
934 295
934 825
934 474
934 841
934 939
945 536
945 370
945 358
945 394
945 795
945 690
945 627
945 89
49 843
49 106
49 931
49 335
49 260
49 946
49 224
259 914
259 521
259 96
259 2
259 211
259 325
259 978
367 264
367 824
367 43
367 117
367 103
367 632
367 947
367 806
605 137
605 473
605 537
605 114
605 694
605 46
605 901
605 595
605 588
605 316
663 22
663 710
663 52
663 520
663 690
663 433
663 796
663 874
832 124
832 112
832 353
832 25
832 96
832 963
832 158
832 269
264 618
264 117
264 284
264 918
264 482
264 742
264 36
332 970
332 714
332 301
332 389
332 895
332 733
332 848
61 782
61 161
61 778
61 912
61 508
61 38
61 263
269 778
269 230
269 839
269 740
269 420
269 662
269 931
441 884
441 989
441 906
441 10
441 986
441 927
441 146
441 639
441 92
904 316
904 100
904 71
904 863
904 238
904 670
904 409
904 532
169 124
169 63
169 845
169 525
169 186
169 256
169 425
169 613
445 596
445 155
445 701
445 675
445 575
716 679
716 465
716 905
716 897
716 854
716 592
716 843
716 185
716 315
716 469
297 961
297 496
297 849
297 926
297 274
297 230
297 439
297 172
297 955
297 248
896 342
896 268
896 411
896 167
896 80
896 472
896 22
896 214
896 271
783 26
783 159
783 791
783 254
783 41
783 386
783 962
52 688
52 208
52 620
52 597
52 346
52 745
52 437
52 869
799 942
799 761
799 635
799 231
799 972
799 518
799 954
304 215
304 30
304 847
304 195
304 432
304 498
304 310
304 520
304 365
791 786
791 277
791 17
791 85
791 77
791 104
791 526
772 174
772 953
772 925
772 828
772 219
772 330
772 595
772 449
850 510
850 226
850 538
850 497
850 750
850 251
850 782
850 381
499 319
499 432
499 547
499 926
499 205
499 564
499 420
499 145
966 47
966 466
966 862
966 899
966 120
966 348
966 963
966 998
966 997
6 214
6 411
6 823
6 262
6 427
6 37
6 688
6 689
6 439
6 860
989 10
989 92
989 561
989 986
989 906
989 927
922 211
922 751
922 418
922 544
922 87
922 531
922 165
922 581
961 199
961 414
961 220
961 627
961 426
961 389
633 29
633 501
633 511
633 588
633 534
633 405
633 148
633 460
679 647
679 824
679 758
679 909
679 882
679 413
910 206
910 648
910 756
910 141
910 963
910 562
910 251
910 702
910 23
276 698
276 195
276 179
276 858
276 274
276 335
276 261
276 758
971 488
971 41
971 21
971 336
971 323
971 419
172 727
172 685
172 575
172 555
172 274
172 147
172 845
689 191
689 104
689 439
689 554
689 81
689 942
804 396
804 275
804 201
804 960
804 94
148 37
148 472
148 505
148 588
148 511
148 147
148 29
148 932
148 534
509 62
509 932
509 988
509 303
509 47
509 597
620 378
620 785
620 715
620 71
620 235
827 917
827 239
827 167
827 173
827 853
827 702
827 295
827 786
827 352
990 3
990 872
990 245
990 931
990 391
990 91
990 871
486 676
486 73
486 76
486 513
486 382
486 473
486 576
486 175
305 675
305 691
305 903
305 928
305 715
305 14
305 470
348 676
348 477
348 862
348 998
348 933
348 844
149 167
149 616
149 769
149 972
149 315
149 371
149 622
149 80
149 778
106 224
106 328
106 895
106 844
106 335
106 946
106 988
106 931
351 940
351 928
351 430
351 915
351 733
351 816
351 887
351 129
238 255
238 71
238 721
238 601
238 737
238 346
238 915
112 191
112 600
112 158
112 477
112 40
112 138
112 614
382 111
382 676
382 73
382 206
382 76
382 175
382 576
382 593
700 762
700 662
700 525
700 74
700 320
700 706
700 406
700 756
700 598
168 79
168 890
168 425
168 342
168 55
168 875
151 512
151 338
151 557
151 425
151 14
151 129
151 141
151 719
767 450
767 795
767 701
767 717
767 616
767 363
767 970
767 433
555 808
555 319
555 147
555 496
555 698
555 529
555 186
555 274
555 37
628 244
628 541
628 8
628 855
628 306
628 613
628 407
628 561
209 388
209 546
209 412
209 685
209 89
209 538
209 956
209 964
220 98
220 880
220 104
220 933
220 983
574 648
574 194
574 130
574 846
574 948
574 327
574 210
574 918
574 537
574 814
692 196
692 948
692 819
692 738
692 203
692 642
658 427
658 518
658 911
658 761
658 141
658 829
658 544
658 540
985 612
985 554
985 670
985 484
985 397
985 736
985 413
386 962
386 964
386 57
386 449
386 901
526 576
526 653
526 0
526 105
526 630
526 480
526 802
451 473
451 507
451 3
451 105
451 109
451 775
94 960
94 702
94 915
94 639
94 273
94 980
94 426
932 303
932 988
932 29
932 203
342 81
342 411
342 875
342 731
342 244
870 611
870 667
870 400
870 863
870 247
870 821
870 723
870 645
870 609
686 592
686 788
686 566
686 898
686 413
686 201
939 882
939 493
939 751
939 792
939 722
939 474
939 841
372 246
372 13
372 119
372 62
372 560
372 924
372 913
331 273
331 687
331 504
331 609
331 816
331 277
331 111
331 358
331 46
482 192
482 424
482 618
482 664
482 176
482 461
0 745
0 263
0 394
0 627
0 444
0 614
0 392
0 424
0 880
877 512
877 85
877 484
877 737
877 696
877 163
877 418
877 191
55 579
55 694
55 436
55 86
55 667
55 230
55 48
590 463
590 475
590 355
590 16
590 204
590 126
769 260
769 529
769 746
769 497
769 98
769 80
361 391
361 427
361 192
361 180
361 878
361 466
361 980
361 593
361 998
775 155
775 96
775 329
775 982
775 109
775 460
880 865
880 480
880 453
880 905
880 85
653 737
653 47
653 22
653 533
653 51
653 273
105 109
105 852
105 522
105 698
105 892
105 281
64 493
64 980
64 751
64 704
64 915
64 655
64 175
64 986
64 611
275 833
275 614
275 893
275 129
275 664
937 34
937 341
937 430
937 203
937 477
937 865
831 292
831 428
831 95
831 249
831 771
831 743
926 268
926 524
926 420
926 62
926 19
926 319
926 185
926 26
163 70
163 982
163 199
163 418
163 914
163 518
163 527
163 244
17 245
17 573
17 179
17 917
17 666
17 948
17 37
17 392
17 277
184 291
184 699
184 107
184 179
184 909
184 848
184 326
530 792
530 188
530 964
530 96
530 895
530 951
530 943
530 472
610 852
610 751
610 778
610 755
610 311
610 255
610 326
610 114
610 665
634 278
634 511
634 110
634 225
634 43
634 306
634 211
249 95
249 71
249 743
249 704
249 394
249 391
249 901
249 851
490 363
490 529
490 154
490 836
490 44
490 321
490 729
490 846
490 454
717 277
717 660
717 286
717 595
717 227
717 601
717 598
717 371
8 613
8 552
8 855
8 407
8 268
8 230
8 250
426 844
426 863
426 443
426 875
426 522
998 796
998 466
998 862
666 447
666 680
666 598
666 601
666 573
666 85
666 223
666 723
362 540
362 507
362 722
362 531
362 224
80 98
80 949
80 888
80 954
80 978
80 746
346 338
346 2
346 405
346 321
346 425
33 858
33 953
33 655
33 950
33 849
33 36
33 577
33 429
464 240
464 991
464 365
464 391
464 943
464 608
464 727
472 120
472 737
472 962
472 604
472 570
472 660
609 316
609 358
609 400
609 570
609 15
609 562
609 864
206 559
206 79
206 890
206 294
206 102
996 54
996 491
996 256
996 762
996 864
996 739
996 176
38 380
38 381
38 57
38 657
38 822
38 892
714 895
714 239
714 439
714 918
714 891
688 848
688 630
688 712
688 873
688 925
688 745
688 502
715 735
715 785
715 660
715 75
715 612
715 892
77 771
77 871
77 750
77 316
77 697
77 315
126 204
126 16
126 475
126 355
126 694
682 246
682 466
682 291
682 655
682 789
682 593
682 294
406 71
406 474
406 911
406 214
406 789
406 662
406 851
406 829
406 856
507 175
507 974
507 91
507 11
507 531
559 858
559 159
559 693
559 3
559 11
559 294
559 278
559 742
951 615
951 823
951 815
951 82
951 925
951 461
951 575
951 393
130 371
130 882
130 496
130 725
130 428
130 918
74 598
74 157
74 756
74 662
74 321
74 944
74 300
74 719
786 770
786 202
786 129
786 357
849 12
849 940
849 680
849 315
849 524
964 685
964 96
964 962
334 776
334 409
334 415
334 647
334 505
334 513
334 869
334 881
334 338
725 577
725 824
725 137
725 339
725 693
725 655
725 155
725 738
301 814
301 800
301 256
301 54
301 311
301 58
301 192
320 900
320 139
320 308
320 655
320 861
320 223
561 407
561 855
561 145
561 613
48 576
48 120
48 544
48 79
48 914
48 538
102 418
102 854
102 396
102 925
102 569
180 476
180 267
180 182
180 504
180 756
180 710
180 271
180 994
448 194
448 39
448 697
448 119
448 914
448 841
429 46
429 142
429 724
429 953
429 950
429 22
429 662
429 995
733 350
733 186
733 119
733 970
733 433
733 82
285 89
285 58
285 262
285 635
285 712
480 997
480 79
480 14
480 874
900 611
900 861
900 308
900 139
900 328
900 839
144 388
144 104
144 165
144 868
144 802
144 565
144 823
144 22
456 565
456 165
456 204
456 710
456 742
456 673
456 868
456 890
746 569
746 538
746 107
746 760
746 770
427 860
427 540
427 366
427 815
155 98
155 756
155 460
155 329
70 239
70 167
70 901
70 228
70 575
70 506
70 424
391 91
391 855
391 412
391 383
454 529
454 890
454 154
454 277
454 141
454 729
454 954
454 44
231 118
231 942
231 635
231 518
236 893
236 843
236 735
236 221
236 983
236 844
179 758
179 22
179 277
179 738
179 698
179 806
800 192
800 463
800 333
800 239
800 948
225 693
225 274
225 476
225 43
225 255
225 687
225 950
687 807
687 919
687 358
687 323
687 466
919 637
919 925
919 521
919 413
919 860
919 761
919 23
919 997
465 397
465 440
465 100
465 691
916 613
916 7
916 221
916 858
916 185
916 532
916 897
498 847
498 492
498 761
498 557
498 215
498 30
930 450
930 431
930 437
930 91
930 418
537 823
537 918
537 650
537 701
537 789
537 208
537 535
924 604
924 13
924 560
924 878
924 696
924 246
924 913
693 707
693 813
693 473
693 357
693 821
778 425
778 665
778 415
778 476
196 203
196 819
196 510
196 707
196 188
196 642
822 420
822 875
822 739
822 378
822 26
858 675
858 694
858 123
858 110
90 802
90 723
90 478
90 311
90 281
90 881
90 667
704 245
704 54
704 743
704 241
704 86
704 980
11 685
11 852
11 91
11 321
11 159
11 344
182 538
182 341
182 174
182 602
182 432
182 4
927 906
927 10
927 92
927 146
185 63
185 897
185 691
185 991
712 396
712 262
712 758
712 873
712 89
712 58
881 697
881 311
881 478
881 577
881 281
881 802
881 424
758 444
758 719
758 298
758 110
758 281
261 326
261 492
261 810
261 781
261 129
261 278
261 713
478 698
478 723
478 311
478 802
478 281
699 815
699 165
699 780
699 731
699 792
699 107
272 865
272 256
272 15
272 366
272 562
272 845
344 852
344 352
344 150
344 350
344 104
344 518
344 235
62 524
62 291
62 762
62 25
534 150
534 405
534 963
534 567
534 511
534 501
534 29
943 358
943 240
943 824
943 608
943 502
956 104
956 86
956 525
956 470
956 579
956 123
956 219
602 157
602 63
602 630
602 114
602 124
83 866
83 200
83 589
83 823
83 588
83 349
83 323
504 497
504 111
504 795
504 63
504 120
504 267
586 792
586 263
586 34
586 352
586 962
586 14
522 449
522 444
522 958
522 696
522 284
352 521
352 925
352 65
352 637
352 411
227 965
227 660
227 139
227 632
227 612
39 942
39 450
39 400
39 909
39 491
39 740
469 120
469 897
469 810
469 333
469 475
469 890
484 670
484 657
484 385
484 137
484 191
484 595
224 298
224 931
224 335
224 844
224 946
424 902
424 506
424 489
424 241
424 761
702 27
702 330
702 176
702 853
702 756
4 219
4 34
4 510
4 953
4 240
4 547
380 43
380 278
380 201
380 863
380 491
380 596
380 639
533 515
533 428
533 843
533 627
533 250
533 423
533 461
533 51
729 674
729 415
729 846
729 44
729 363
729 154
946 335
946 911
946 931
946 244
946 298
142 306
142 972
142 253
142 415
142 437
142 210
597 192
597 375
597 869
597 303
175 676
175 76
175 576
175 73
792 493
792 240
256 54
256 788
256 409
256 864
256 845
256 392
847 254
847 30
847 310
847 323
847 761
847 215
667 825
667 723
667 856
667 984
667 214
34 7
34 1
34 953
34 201
138 813
138 25
138 933
138 373
138 566
138 508
383 233
383 453
383 255
383 898
383 347
551 29
551 925
551 46
551 878
551 373
551 327
551 195
355 204
355 475
355 763
355 16
608 644
608 515
608 665
608 524
608 257
913 13
913 560
913 246
913 604
913 119
739 955
739 589
739 594
739 145
40 295
40 489
40 625
40 317
40 853
40 208
333 611
333 497
333 644
333 284
333 248
740 330
740 428
740 652
740 15
965 240
965 722
965 319
965 955
675 701
675 449
675 123
366 727
366 866
366 657
366 690
366 570
853 295
853 98
853 174
853 811
139 308
139 861
139 632
139 328
139 701
167 60
167 615
167 674
167 637
911 141
911 519
911 215
911 92
46 575
46 892
46 728
46 950
373 71
373 796
373 566
373 86
373 25
373 963
519 215
519 392
519 588
519 755
519 812
519 174
519 540
393 546
393 515
393 431
393 979
393 437
393 558
491 552
491 13
491 570
219 409
219 460
219 884
219 983
219 81
281 723
281 311
563 109
563 411
563 854
563 828
563 496
563 618
616 42
616 268
616 505
616 95
616 26
111 470
111 141
111 211
111 593
111 630
111 647
111 82
226 541
226 159
226 750
735 983
735 291
735 556
735 228
735 878
917 878
917 306
917 960
917 418
208 489
208 327
208 535
208 341
208 860
65 416
65 12
65 706
65 978
65 292
65 958
65 525
874 622
874 905
874 14
874 796
874 685
748 825
748 650
748 944
748 949
748 721
979 789
979 856
979 431
979 558
979 129
979 701
979 546
95 743
95 250
95 776
95 866
95 846
95 447
95 763
637 903
637 898
637 263
637 549
637 23
807 191
807 414
807 691
807 785
807 370
807 648
488 41
488 476
488 336
488 21
488 419
488 622
684 984
684 713
684 235
684 810
684 492
684 737
684 82
684 247
321 57
321 409
321 161
321 176
662 157
662 470
662 995
756 267
756 627
756 780
756 512
546 558
546 431
810 253
810 713
810 492
810 781
250 407
250 436
250 872
250 846
250 855
250 579
444 416
444 742
29 511
29 588
29 405
29 501
291 875
291 75
291 928
291 743
278 339
278 825
278 438
995 669
995 254
995 816
995 340
317 722
317 695
317 556
317 644
317 376
317 843
694 51
694 645
694 691
694 319
980 221
980 742
980 997
980 493
192 940
192 593
192 557
928 915
928 347
928 330
710 418
710 267
710 247
710 954
710 785
104 430
104 81
104 515
815 836
815 823
815 87
815 60
228 388
228 914
228 676
228 895
37 233
37 119
37 905
37 214
761 535
761 745
856 416
856 984
856 91
856 214
412 821
412 862
412 273
888 863
888 392
888 453
888 200
888 54
513 721
513 14
513 341
513 567
279 501
279 665
279 567
279 124
415 425
415 541
415 253
415 972
489 363
489 795
489 762
489 736
489 909
639 350
639 150
639 823
639 428
866 338
866 940
866 502
866 477
845 54
845 865
845 300
845 626
845 115
947 233
947 18
947 210
947 806
947 23
947 43
947 423
947 103
247 755
247 22
247 860
247 575
247 645
593 241
549 759
549 414
549 648
549 463
549 145
87 214
87 565
87 948
87 851
87 544
87 581
123 760
123 728
123 341
123 110
123 600
325 825
325 82
325 235
325 202
325 461
325 854
773 770
773 848
773 233
773 670
773 260
762 736
762 592
158 353
158 25
158 400
158 573
146 248
146 986
146 884
146 10
146 906
137 470
137 577
137 156
137 114
137 595
174 898
174 828
174 98
174 186
174 547
496 948
496 955
496 527
496 785
496 520
375 648
375 788
375 652
375 536
375 630
211 411
211 63
211 110
195 698
195 851
902 124
902 400
902 592
902 145
902 357
902 685
902 107
942 518
942 954
942 635
447 741
447 763
447 824
447 680
447 887
776 665
776 161
776 505
30 988
30 215
30 598
30 365
30 310
868 958
868 821
868 165
868 673
868 388
57 409
57 645
57 27
57 782
57 577
642 875
642 203
642 527
642 819
843 958
843 376
843 531
843 51
564 2
564 205
564 18
564 260
564 194
564 439
453 475
453 521
453 314
912 655
912 173
912 903
912 323
912 161
575 433
575 538
789 506
789 392
789 357
789 466
789 214
558 652
558 431
371 596
371 414
371 632
371 314
972 27
972 109
972 3
381 750
381 251
381 385
381 585
381 782
676 648
676 895
676 576
676 73
201 508
201 728
201 274
440 255
440 27
440 814
440 994
788 124
788 438
502 873
502 2
502 940
502 12
502 85
260 439
260 233
260 141
875 42
875 443
875 267
204 475
204 16
706 525
706 839
706 869
706 230
706 615
816 118
816 340
816 254
221 493
221 23
221 724
221 869
221 742
863 532
863 898
940 263
940 532
940 12
60 511
60 501
60 696
60 569
60 262
806 103
806 906
806 22
806 7
529 44
529 890
529 154
529 652
865 960
865 905
865 588
865 562
349 731
349 188
349 353
349 960
349 193
349 347
657 573
657 811
657 115
657 760
657 897
618 625
618 547
618 737
983 736
983 54
983 884
983 844
983 81
983 82
338 438
338 319
821 295
824 680
824 741
824 365
824 887
161 26
161 263
161 878
161 414
161 841
370 194
370 738
370 47
370 19
944 654
944 298
944 988
944 535
194 284
194 327
194 738
897 825
897 141
897 829
423 814
423 43
423 721
423 731
423 557
1 953
1 81
1 191
1 680
215 627
215 310
41 419
41 21
41 323
41 336
506 828
506 326
506 271
506 430
506 124
892 660
892 75
892 612
470 547
470 759
470 156
612 645
612 589
612 660
612 75
115 994
115 315
115 723
115 527
846 210
846 363
846 154
846 948
463 808
463 728
463 540
844 654
844 314
497 284
497 891
497 26
724 565
724 905
396 654
396 18
396 75
396 241
396 25
492 147
492 713
492 781
186 970
186 647
186 960
186 890
903 466
903 314
271 357
271 430
271 389
54 864
54 47
728 477
728 949
728 600
833 893
833 303
833 664
833 614
782 750
782 385
782 251
782 674
669 340
669 118
669 202
669 254
75 660
75 785
75 589
286 525
286 737
286 442
286 670
286 595
741 887
741 680
741 241
741 770
741 763
363 341
363 44
363 154
436 841
436 525
436 579
44 154
44 960
955 635
955 615
955 697
357 560
357 230
357 81
357 508
119 13
119 388
991 727
991 42
991 836
991 552
466 409
340 118
340 347
340 254
347 188
347 193
644 284
644 515
644 327
933 477
933 862
933 330
882 547
882 92
882 493
771 698
771 292
887 567
887 680
887 763
350 300
350 328
350 895
350 96
873 438
873 12
873 755
91 431
91 521
353 193
353 974
353 524
353 43
267 329
267 443
763 899
763 114
763 680
823 173
823 18
918 925
918 914
10 92
10 986
10 906
336 21
336 419
785 691
893 614
893 664
893 812
626 188
891 392
891 596
891 854
263 199
960 601
960 915
592 736
592 780
592 566
592 813
592 416
890 707
622 3
622 759
622 378
547 861
970 223
970 433
970 432
36 984
36 871
51 677
51 294
898 413
898 540
614 664
416 760
416 425
906 86
906 986
869 110
114 899
114 648
114 536
501 511
501 150
501 405
329 982
329 326
129 425
129 141
129 954
742 173
742 690
18 600
18 300
691 327
963 295
963 721
982 473
982 460
982 244
994 685
994 978
994 909
86 566
86 576
759 521
759 974
759 443
230 839
230 306
630 652
630 156
630 420
861 839
861 328
861 308
864 570
864 589
864 394
21 389
21 323
21 419
81 736
420 319
420 254
420 156
576 73
576 76
808 253
808 107
988 303
988 157
477 862
611 210
611 854
611 901
107 596
107 400
107 780
365 240
365 385
7 949
7 235
7 953
405 200
405 150
405 511
531 202
531 974
814 255
829 268
829 47
829 872
829 556
2 273
848 544
848 79
837 632
837 411
837 570
953 950
311 73
311 802
308 328
308 978
308 650
308 839
719 556
719 193
719 339
147 862
147 274
731 314
905 245
43 330
505 511
505 554
505 19
223 433
223 567
42 493
625 745
625 978
625 931
565 165
565 673
565 388
430 173
577 205
577 26
577 200
246 560
246 13
246 604
154 315
511 851
409 233
409 884
627 199
627 585
745 394
745 654
745 978
19 524
19 855
19 872
19 450
707 819
707 203
871 737
871 339
871 780
508 813
828 303
828 300
594 199
594 860
594 722
594 654
648 536
648 432
118 254
654 795
654 15
515 12
677 512
554 58
554 601
554 335
277 755
277 690
855 613
855 407
27 110
439 251
251 475
251 750
251 385
570 569
110 600
556 872
556 997
556 389
914 120
173 813
984 85
984 450
984 812
589 660
103 541
562 428
562 326
541 200
650 316
615 811
615 925
652 781
71 836
100 314
100 397
544 437
544 852
544 292
544 751
96 520
202 860
388 673
388 165
950 58
567 750
601 598
314 632
314 795
442 751
442 645
461 825
461 82
400 145
400 755
443 958
854 292
569 145
569 25
512 812
613 407
613 532
755 685
755 673
931 335
210 253
330 573
884 385
884 986
884 974
781 713
165 673
596 701
852 958
233 292
385 245
385 674
3 738
3 109
14 557
200 248
240 262
58 89
188 193
524 978
524 257
473 432
518 635
262 89
295 723
327 581
327 284
335 120
655 738
47 585
635 954
697 579
358 273
76 73
76 527
862 109
241 878
241 376
974 310
604 560
292 460
292 535
306 376
796 520
825 294
245 727
750 585
450 872
915 695
298 316
819 203
475 16
414 268
690 851
585 532
527 255
552 73
560 13
63 722
647 588
770 437
949 632
