474 748
474 762
474 997
474 893
474 323
474 367
474 756
474 835
474 139
474 878
971 8
971 343
971 287
971 162
971 899
971 341
971 418
971 392
971 665
971 850
35 622
35 297
35 653
35 666
35 418
35 392
35 792
35 936
35 611
35 8
106 780
106 8
106 228
106 934
106 732
106 261
106 936
106 611
106 572
106 668
307 727
307 960
307 969
307 5
307 169
307 881
307 836
307 940
307 1
307 941
686 228
686 182
686 631
686 823
686 543
686 946
686 51
686 873
686 486
686 282
4 178
4 865
4 748
4 889
4 405
4 824
4 528
4 194
4 112
4 706
914 299
914 48
914 589
914 783
914 490
914 912
914 459
914 253
914 785
914 410
807 221
807 417
807 178
807 67
807 244
807 478
807 508
807 234
807 3
807 493
972 20
972 581
972 683
972 467
972 152
972 234
972 912
972 918
972 178
972 426
39 476
39 858
39 548
39 245
39 433
39 969
39 565
39 981
39 942
39 606
117 84
117 597
117 128
117 159
117 499
117 31
117 573
117 634
117 829
117 25
503 158
503 164
503 901
503 867
503 409
503 180
503 515
503 330
503 170
503 199
975 341
975 638
975 996
975 844
975 291
975 884
975 893
975 66
975 894
975 537
536 952
536 58
536 49
536 882
536 894
536 95
536 573
536 878
536 761
536 341
923 294
923 210
923 855
923 265
923 781
923 384
923 846
923 589
923 511
923 562
157 410
157 859
157 945
157 810
157 653
157 495
157 764
157 188
157 555
157 46
338 386
338 925
338 57
338 232
338 193
338 943
338 0
338 634
338 701
338 614
55 837
55 617
55 234
55 310
55 960
55 271
55 385
55 181
55 713
55 241
61 73
61 818
61 698
61 799
61 494
61 913
61 582
61 670
61 137
61 879
450 15
450 743
450 453
450 31
450 784
450 424
450 625
450 121
450 751
450 829
856 346
856 320
856 153
856 21
856 162
856 466
856 98
856 376
856 621
856 929
334 532
334 939
334 333
334 285
334 200
334 955
334 697
334 419
334 120
334 700
910 943
910 230
910 48
910 932
910 327
910 25
910 845
910 113
910 440
910 122
269 977
269 123
269 255
269 535
269 325
269 156
269 893
269 622
269 502
269 581
286 877
286 471
286 397
286 927
286 371
286 541
286 460
286 630
286 346
286 244
29 493
29 951
29 941
29 692
29 691
29 252
29 944
29 88
29 521
29 99
45 846
45 399
45 989
45 393
45 370
45 2
45 444
45 603
45 614
45 304
556 127
556 220
556 799
556 741
556 270
556 952
556 697
556 210
556 737
556 214
730 939
730 473
730 67
730 36
730 179
730 500
730 824
730 128
730 111
730 290
33 804
33 435
33 430
33 823
33 806
33 670
33 690
33 12
33 67
33 648
689 746
689 733
689 612
689 190
689 261
689 609
689 3
689 641
689 986
689 767
289 750
289 484
289 629
289 751
289 926
289 696
289 7
289 950
289 669
289 567
349 558
349 351
349 724
349 9
349 705
349 493
349 64
349 65
349 950
349 350
431 381
431 694
431 313
431 538
431 165
431 599
431 992
431 822
431 733
431 524
469 830
469 791
469 430
469 695
469 311
469 796
469 511
469 627
469 543
469 996
389 372
389 381
389 228
389 840
389 180
389 679
389 129
389 767
389 608
389 961
967 507
967 627
967 173
967 351
967 245
967 337
967 284
967 520
967 767
967 723
174 681
174 110
174 354
174 892
174 635
174 941
174 933
174 397
174 142
174 406
813 784
813 890
813 409
813 648
813 217
813 575
813 664
813 852
813 577
813 156
34 485
34 40
34 878
34 606
34 337
34 999
34 184
34 476
34 655
34 415
281 75
281 78
281 215
281 506
281 190
281 909
281 446
281 57
281 262
281 464
378 777
378 397
378 237
378 191
378 826
378 717
378 301
378 388
378 994
378 264
808 373
808 514
808 315
808 376
808 3
808 182
808 418
808 284
808 728
808 261
135 731
135 913
135 883
135 233
135 782
135 0
135 38
135 859
135 626
135 370
821 166
821 60
821 245
821 24
821 800
821 571
821 890
821 919
821 663
821 760
739 667
739 983
739 115
739 781
739 545
739 367
739 16
739 985
739 527
739 964
348 26
348 580
348 140
348 818
348 885
348 863
348 324
348 222
348 766
348 473
119 251
119 9
119 11
119 259
119 711
119 756
119 658
119 517
119 63
119 811
998 804
998 958
998 520
998 414
998 79
998 421
998 287
998 833
998 364
998 441
549 364
549 904
549 54
549 546
549 483
549 242
549 101
549 291
549 160
549 979
582 73
582 973
582 698
582 913
582 293
582 670
582 818
582 494
582 7
540 423
540 304
540 361
540 732
540 568
540 565
540 410
540 899
540 67
540 965
991 337
991 109
991 305
991 90
991 256
991 663
991 995
991 303
991 717
991 390
292 426
292 471
292 147
292 287
292 260
292 98
292 369
292 721
292 623
292 368
926 574
926 567
926 109
926 815
926 845
926 345
926 758
926 3
926 750
773 287
773 162
773 333
773 697
773 814
773 832
773 824
773 317
773 723
773 288
970 449
970 432
970 602
970 21
970 95
970 236
970 745
970 797
970 43
970 903
437 718
437 710
437 679
437 751
437 347
437 741
437 255
437 216
437 752
437 483
755 666
755 638
755 306
755 911
755 278
755 310
755 271
755 587
755 484
755 465
196 399
196 968
196 164
196 128
196 495
196 287
196 32
196 145
196 318
196 607
400 785
400 748
400 618
400 842
400 683
400 148
400 924
400 52
400 716
400 361
604 294
604 123
604 176
604 950
604 585
604 558
604 316
604 647
604 376
604 416
639 570
639 731
639 616
639 585
639 592
639 273
639 817
639 344
639 993
639 827
42 293
42 471
42 948
42 865
42 684
42 928
42 411
42 453
42 907
42 81
872 189
872 594
872 715
872 858
872 917
872 491
872 24
872 456
872 810
872 535
644 523
644 83
644 796
644 350
644 293
644 676
644 220
644 473
644 532
644 995
940 177
940 777
940 171
940 633
940 705
940 308
940 396
940 212
940 605
465 440
465 605
465 858
465 326
465 82
465 964
465 916
465 986
465 169
709 439
709 177
709 220
709 488
709 929
709 51
709 328
709 606
709 719
709 927
458 671
458 614
458 921
458 115
458 278
458 882
458 200
458 939
458 391
458 305
935 927
935 316
935 354
935 701
935 151
935 63
935 88
935 805
935 49
935 600
642 712
642 719
642 866
642 243
642 777
642 339
642 830
642 814
642 587
642 791
186 737
186 860
186 104
186 491
186 533
186 572
186 362
186 628
186 325
186 585
247 537
247 65
247 591
247 961
247 258
247 282
247 804
247 238
247 677
247 700
161 771
161 993
161 156
161 663
161 586
161 233
161 146
161 601
161 383
161 934
190 297
190 403
190 262
190 57
190 909
190 78
190 890
190 433
96 834
96 780
96 790
96 325
96 18
96 897
96 944
96 658
96 678
96 892
704 467
704 771
704 387
704 40
704 54
704 184
704 631
704 854
704 988
704 154
60 442
60 339
60 129
60 820
60 320
60 426
60 141
60 537
60 907
781 925
781 123
781 705
781 545
781 18
781 20
781 151
781 986
775 205
775 695
775 613
775 852
775 127
775 824
775 716
775 529
775 736
775 584
992 924
992 22
992 169
992 294
992 538
992 822
992 737
992 168
992 524
85 932
85 591
85 562
85 758
85 544
85 41
85 40
85 606
85 298
85 595
545 226
545 741
545 115
545 506
545 491
545 399
545 88
545 667
747 512
747 155
747 882
747 390
747 850
747 849
747 127
747 902
747 440
747 335
930 145
930 984
930 436
930 423
930 466
930 993
930 56
930 207
930 152
930 750
150 714
150 838
150 588
150 864
150 798
150 372
150 182
150 136
150 961
150 426
711 11
711 612
711 925
711 570
711 776
711 716
711 225
711 692
711 950
79 421
79 954
79 364
79 441
79 480
79 833
79 881
79 958
79 744
242 148
242 903
242 937
242 483
242 777
242 95
242 567
242 264
242 778
708 423
708 871
708 429
708 380
708 240
708 134
708 621
708 800
708 533
708 381
938 948
938 895
938 952
938 942
938 478
938 853
938 447
938 451
938 207
938 768
303 433
303 544
303 627
303 448
303 20
303 90
303 880
303 178
303 876
889 483
889 6
889 293
889 405
889 832
889 391
889 865
889 718
889 178
248 41
248 962
248 58
248 470
248 587
248 551
248 792
248 143
248 809
248 656
953 380
953 323
953 409
953 363
953 827
953 213
953 771
953 641
953 615
953 126
726 819
726 261
726 68
726 546
726 72
726 538
726 749
726 404
726 105
726 394
763 390
763 477
763 92
763 340
763 204
763 371
763 141
763 764
763 453
763 959
738 356
738 657
738 25
738 715
738 342
738 26
738 375
738 165
738 900
738 239
817 408
817 357
817 719
817 680
817 789
817 987
817 684
817 76
817 7
74 810
74 188
74 149
74 321
74 788
74 308
74 961
74 531
74 594
74 46
837 713
837 944
837 617
837 960
837 385
837 456
837 241
837 181
837 310
238 36
238 819
238 164
238 277
238 381
238 505
238 426
238 700
238 428
945 125
945 852
945 28
945 981
945 233
945 555
945 23
945 878
945 622
539 584
539 399
539 873
539 693
539 21
539 145
539 497
539 173
539 769
539 308
873 21
873 802
873 693
873 806
873 584
873 105
873 687
873 145
650 353
650 640
650 280
650 633
650 80
650 744
650 839
650 480
650 695
650 618
254 93
254 491
254 785
254 250
254 265
254 256
254 848
254 895
254 176
254 504
535 99
535 27
535 871
535 393
535 729
535 963
535 260
535 864
460 580
460 752
460 368
460 129
460 255
460 366
460 765
460 900
460 116
994 191
994 826
994 301
994 43
994 237
994 894
994 264
994 619
994 717
427 900
427 140
427 803
427 504
427 208
427 620
427 324
427 352
427 509
427 990
551 656
551 139
551 143
551 679
551 962
551 317
551 58
551 939
551 213
69 394
69 434
69 905
69 729
69 312
69 578
69 182
69 168
69 214
69 189
843 356
843 700
843 311
843 532
843 473
843 796
843 64
843 397
843 927
843 446
320 632
320 466
320 720
320 820
320 621
320 153
320 929
320 502
425 258
425 202
425 181
425 64
425 673
425 942
425 486
425 337
425 713
425 422
518 122
518 553
518 299
518 229
518 257
518 241
518 612
518 744
518 160
518 170
706 178
706 520
706 528
706 865
706 194
706 405
706 112
706 185
706 362
428 496
428 960
428 487
428 793
428 377
428 543
428 426
428 467
428 919
897 380
897 811
897 417
897 838
897 507
897 978
897 333
897 452
897 381
523 658
523 155
523 632
523 52
523 84
523 212
523 609
523 531
523 76
905 527
905 193
905 896
905 667
905 853
905 97
905 430
905 956
905 50
779 881
779 671
779 239
779 166
779 860
779 705
779 185
779 906
779 550
779 201
831 261
831 647
831 847
831 861
831 71
831 787
831 420
831 685
831 10
831 746
318 790
318 816
318 32
318 658
318 353
318 14
318 657
318 891
318 70
887 139
887 245
887 134
887 955
887 973
887 438
887 257
887 514
887 834
887 997
529 786
529 646
529 777
529 575
529 7
529 98
529 764
529 64
529 643
841 356
841 448
841 502
841 255
841 835
841 605
841 5
841 331
841 568
841 168
97 867
97 800
97 15
97 724
97 667
97 665
97 367
97 495
97 921
918 973
918 44
918 677
918 146
918 587
918 593
918 715
918 657
918 679
83 898
83 379
83 476
83 451
83 716
83 652
83 768
83 525
83 265
202 209
202 417
202 151
202 746
202 360
202 355
202 506
202 486
202 761
559 246
559 172
559 674
559 319
559 869
559 610
559 522
559 578
559 257
559 734
487 146
487 793
487 526
487 968
487 542
487 690
487 944
487 399
487 525
681 527
681 661
681 555
681 406
681 727
681 699
681 635
681 633
681 82
27 742
27 288
27 274
27 888
27 24
27 745
27 285
27 750
27 514
41 809
41 656
41 214
41 470
41 962
41 792
41 969
41 684
772 584
772 36
772 812
772 677
772 634
772 315
772 277
772 761
772 741
772 607
949 514
949 382
949 578
949 845
949 801
949 175
949 241
949 501
949 207
949 459
51 796
51 902
51 614
51 486
51 183
51 506
51 22
51 765
398 566
398 232
398 620
398 635
398 752
398 439
398 91
398 459
398 467
398 101
240 134
240 800
240 871
240 533
240 253
240 680
240 380
240 429
240 863
859 552
859 336
859 395
859 789
859 947
859 335
859 653
859 377
383 313
383 762
383 614
383 316
383 104
383 934
383 24
383 327
383 128
844 884
844 903
844 757
844 339
844 295
844 26
844 92
844 311
844 66
462 345
462 384
462 624
462 716
462 712
462 593
462 826
462 952
462 984
462 329
908 167
908 402
908 417
908 182
908 508
908 293
908 684
908 108
908 898
908 326
575 678
575 576
575 849
575 6
575 151
575 954
575 260
575 904
785 384
785 256
785 250
785 93
785 265
785 220
785 504
618 499
618 584
618 159
618 484
618 375
618 362
618 634
618 365
640 633
640 280
640 839
640 744
640 353
640 169
640 80
640 480
640 695
326 108
326 12
326 64
326 508
326 402
326 605
326 299
326 333
662 881
662 657
662 986
662 76
662 257
662 762
662 754
662 684
662 572
662 850
215 75
215 909
215 262
215 404
215 78
215 786
215 663
215 57
215 461
123 561
123 172
123 504
123 203
123 853
123 282
123 728
516 600
516 944
516 660
516 710
516 715
516 235
516 105
516 947
516 978
516 314
100 954
100 179
100 162
100 111
100 374
100 163
100 290
100 880
100 347
100 300
798 118
798 488
798 155
798 974
798 404
798 882
798 937
798 853
798 588
862 73
862 665
862 917
862 113
862 996
862 232
862 131
862 492
862 72
862 396
468 169
468 745
468 145
468 742
468 931
468 420
468 129
468 796
468 413
468 865
672 663
672 783
672 979
672 579
672 586
672 32
672 555
672 5
672 625
672 166
14 207
14 201
14 641
14 32
14 601
14 271
14 677
14 306
14 365
236 574
236 340
236 295
236 820
236 675
236 421
236 268
236 895
236 454
455 492
455 988
455 235
455 950
455 445
455 268
455 13
455 154
455 438
455 114
225 749
225 223
225 463
225 692
225 761
225 676
225 931
225 38
225 653
685 880
685 261
685 595
685 62
685 76
685 204
685 676
685 700
685 98
89 906
89 731
89 297
89 273
89 266
89 573
89 134
89 996
89 748
89 359
760 732
760 911
760 803
760 617
760 139
760 86
760 407
760 663
760 733
583 896
583 513
583 888
583 849
583 331
583 774
583 416
583 958
583 211
583 799
47 748
47 347
47 459
47 230
47 393
47 596
47 884
47 6
47 678
47 345
231 222
231 531
231 854
231 925
231 902
231 230
231 703
231 688
231 316
231 636
355 989
355 118
355 277
355 70
355 237
355 220
355 840
355 615
355 541
456 486
456 742
456 885
456 167
456 900
456 581
456 253
456 719
702 276
702 197
702 735
702 0
702 187
702 500
702 323
702 637
702 18
702 883
795 26
795 407
795 423
795 127
795 766
795 871
795 285
795 655
795 5
795 485
922 502
922 984
922 874
922 335
922 56
922 680
922 315
922 143
922 519
922 895
82 699
82 555
82 395
82 63
82 406
82 635
82 189
82 846
757 173
757 227
757 762
757 764
757 243
757 282
757 295
757 90
757 799
155 510
155 906
155 335
155 454
155 137
155 282
155 173
976 118
976 809
976 113
976 369
976 632
976 498
976 433
976 180
976 179
976 966
73 494
73 877
73 868
73 698
73 530
73 818
73 670
13 154
13 580
13 235
13 988
13 294
13 322
13 114
13 863
13 438
519 960
519 497
519 917
519 995
519 919
519 830
519 146
519 853
519 836
974 964
974 890
974 812
974 790
974 181
974 588
974 133
974 707
974 797
126 745
126 239
126 477
126 634
126 752
126 274
126 482
126 121
126 589
130 845
130 548
130 499
130 129
130 664
130 493
130 375
130 946
130 284
130 347
125 981
125 902
125 72
125 507
125 197
125 229
125 109
125 511
125 951
696 527
696 453
696 783
696 485
696 91
696 366
696 989
696 448
696 76
635 110
635 555
635 727
635 101
635 699
635 406
345 439
345 488
345 815
345 636
345 510
345 486
345 732
699 904
699 727
699 527
699 816
699 110
699 555
699 406
553 388
553 868
553 257
553 694
553 894
553 612
553 264
553 411
553 913
648 809
648 542
648 300
648 435
648 690
648 339
648 806
648 485
509 20
509 102
509 333
509 875
509 44
509 441
509 990
509 208
509 124
576 847
576 849
576 721
576 275
576 217
576 354
576 796
576 471
576 37
982 11
982 107
982 65
982 691
982 232
982 86
982 351
982 718
982 620
982 489
442 449
442 451
442 722
442 789
442 780
442 675
442 402
442 890
442 765
524 599
524 59
524 538
524 165
524 694
524 313
524 733
524 822
774 541
774 880
774 676
774 489
774 838
774 664
774 761
774 291
774 377
997 183
997 835
997 9
997 762
997 245
997 159
997 107
997 305
452 875
452 913
452 636
452 391
452 764
452 886
452 257
452 351
452 630
946 210
946 363
946 486
946 543
946 272
946 574
946 688
946 631
201 954
201 886
201 185
201 550
201 239
201 109
201 671
201 996
44 124
44 682
44 208
44 180
44 113
44 990
44 870
44 875
599 822
599 530
599 59
599 538
599 733
599 313
599 917
599 165
16 983
16 878
16 597
16 609
16 979
16 628
16 84
16 985
16 608
537 475
537 426
537 48
537 342
537 20
537 591
537 510
10 52
10 203
10 647
10 221
10 71
10 634
10 787
10 746
10 420
197 952
197 752
197 482
197 72
197 511
197 418
197 252
197 944
548 160
548 627
548 222
548 981
548 679
548 999
548 484
548 969
613 578
613 714
613 796
613 500
613 381
613 980
613 512
613 299
613 141
187 731
187 411
187 989
187 592
187 745
187 733
187 725
187 869
187 500
769 374
769 183
769 513
769 904
769 49
769 457
769 173
769 365
769 623
407 127
407 803
407 911
407 655
407 654
407 485
407 285
407 235
543 796
543 297
543 430
543 794
543 476
543 290
140 766
140 15
140 885
140 26
140 324
140 631
140 430
140 820
508 402
508 108
508 417
508 229
508 373
508 38
508 493
595 848
595 250
595 256
595 249
595 632
595 93
595 76
595 204
133 171
133 19
133 81
133 894
133 249
133 384
133 999
133 915
133 654
654 731
654 956
654 390
654 950
654 919
654 371
654 784
654 302
735 567
735 883
735 193
735 304
735 732
735 0
735 637
735 483
735 143
759 988
759 317
759 570
759 332
759 966
759 50
759 127
759 968
759 936
759 213
205 874
205 628
205 968
205 221
205 507
205 852
205 584
205 753
205 716
530 855
530 868
530 728
530 494
530 822
530 818
530 22
530 612
415 653
415 173
415 687
415 200
415 934
415 741
415 855
415 871
415 512
836 440
836 177
836 87
836 969
836 999
836 585
836 544
836 267
266 761
266 906
266 451
266 273
266 591
266 541
266 214
266 346
266 777
954 374
954 1
954 881
954 164
954 340
954 6
352 319
352 507
352 147
352 139
352 88
352 253
352 218
352 198
352 252
957 643
957 767
957 789
957 336
957 612
957 64
957 877
957 937
957 472
957 645
107 328
107 159
107 270
107 173
107 305
107 118
107 183
107 212
372 295
372 679
372 714
372 147
372 961
372 913
372 321
372 838
319 674
319 500
319 869
319 610
319 234
319 824
319 521
319 246
718 243
718 477
718 70
718 620
718 288
718 309
718 700
102 441
102 370
102 870
102 244
102 208
102 875
102 124
102 86
102 990
499 880
499 750
499 484
499 846
499 581
499 573
499 230
603 847
603 308
603 598
603 229
603 805
603 786
603 467
603 37
603 732
25 239
25 745
25 980
25 440
25 748
25 687
25 597
720 786
720 532
720 411
720 921
720 581
720 879
720 328
720 527
720 851
233 149
233 804
233 620
233 122
233 88
233 357
233 692
898 182
898 861
898 65
898 351
898 432
898 387
898 943
898 22
839 695
839 744
839 490
839 480
839 973
839 606
839 80
839 280
86 875
86 112
86 370
86 870
86 12
86 651
86 124
947 835
947 999
947 607
947 2
947 715
947 139
947 668
947 812
28 94
28 422
28 547
28 736
28 333
28 592
28 358
28 296
28 496
321 703
321 707
321 109
321 762
321 368
321 593
321 308
321 660
396 243
396 113
396 414
396 283
396 443
396 260
396 463
396 505
488 253
488 439
488 874
488 636
488 605
488 801
488 960
189 423
189 260
189 63
189 362
189 406
189 218
189 565
683 912
683 879
683 569
683 688
683 369
683 581
683 510
683 802
788 12
788 810
788 927
788 309
788 852
788 149
788 46
788 879
788 188
329 280
329 23
329 472
329 30
329 384
329 64
329 771
329 984
329 323
434 482
434 182
434 169
434 136
434 363
434 343
434 193
434 108
434 941
661 697
661 209
661 138
661 314
661 386
661 37
661 302
661 931
661 818
907 50
907 820
907 915
907 793
907 273
907 782
907 916
907 178
408 634
408 753
408 643
408 472
408 941
408 855
408 725
408 675
408 641
498 833
498 443
498 560
498 448
498 596
498 589
498 794
498 895
498 601
793 501
793 17
793 630
793 646
793 401
793 244
793 467
834 565
834 343
834 874
834 955
834 560
834 366
834 824
834 597
420 787
420 746
420 71
420 360
420 847
420 647
420 224
737 443
737 93
737 893
737 341
737 906
737 255
737 555
767 784
767 377
767 2
767 314
767 612
767 653
554 207
554 980
554 806
554 645
554 309
554 395
554 969
554 312
554 838
554 245
673 291
673 177
673 819
673 895
673 741
673 701
673 273
673 337
673 282
251 9
251 896
251 259
251 811
251 11
251 501
251 166
251 637
251 346
901 330
901 515
901 284
901 158
901 199
901 867
901 394
901 620
901 409
306 641
306 278
306 271
306 948
306 703
306 484
306 911
306 638
571 814
571 451
571 173
571 740
571 335
571 963
571 172
571 350
571 521
778 296
778 824
778 801
778 959
778 77
778 191
778 978
778 195
778 477
206 146
206 827
206 46
206 944
206 814
206 144
206 791
206 91
206 213
206 219
340 138
340 477
340 65
340 845
340 112
340 505
340 527
195 959
195 337
195 722
195 9
195 847
195 293
195 65
195 410
195 824
861 701
861 693
861 1
861 892
861 229
861 138
861 387
861 110
171 314
171 903
171 204
171 95
171 750
171 322
171 780
171 866
275 660
275 623
275 466
275 969
275 564
275 239
275 825
275 816
275 315
776 432
776 95
776 449
776 615
776 66
776 854
776 43
776 602
776 797
332 593
332 660
332 479
332 23
332 815
332 220
332 764
332 943
332 649
211 610
211 849
211 558
211 888
211 961
211 331
211 416
211 876
211 513
546 819
546 413
546 103
546 454
546 904
546 629
546 790
546 134
566 892
566 981
566 510
566 417
566 101
566 467
566 404
566 136
566 479
979 94
979 257
979 600
979 977
979 800
979 167
979 850
609 658
609 684
609 249
609 224
609 928
609 986
609 191
622 309
622 593
622 404
622 20
622 194
622 261
622 67
144 886
144 705
144 167
144 52
144 669
144 433
144 180
144 552
144 863
522 812
522 869
522 674
522 610
522 246
522 132
522 563
522 734
522 505
470 58
470 962
470 792
470 143
470 863
470 809
470 175
470 656
692 244
692 544
692 646
692 145
692 881
692 299
373 569
373 293
373 183
373 294
373 359
373 423
373 794
373 632
877 526
877 816
877 371
877 924
877 255
877 200
877 113
291 476
291 676
291 185
291 786
291 490
291 771
397 886
397 826
397 993
397 446
397 916
397 191
823 670
823 81
823 999
823 68
823 274
823 550
823 183
823 302
295 147
295 712
295 421
295 454
295 616
295 742
812 36
812 707
812 995
812 164
812 607
812 668
162 163
162 317
162 703
162 374
162 697
162 258
192 647
192 899
192 712
192 765
192 614
192 267
192 659
192 137
192 311
192 948
805 600
805 915
805 454
805 37
805 376
805 461
805 742
805 597
464 629
464 764
464 909
464 818
464 262
464 446
464 75
464 57
464 78
412 919
412 512
412 129
412 463
412 951
412 491
412 430
412 313
412 684
412 67
579 625
579 560
579 404
579 652
579 276
579 120
579 76
579 842
579 435
563 234
563 610
563 674
563 869
563 132
563 560
563 734
563 246
563 502
977 84
977 669
977 167
977 75
977 586
977 667
977 200
977 357
351 863
351 492
351 65
351 232
351 489
569 359
569 50
569 597
569 419
569 511
569 272
569 507
569 505
659 832
659 358
659 170
659 512
659 948
659 259
659 625
659 845
659 11
353 695
353 480
353 633
353 744
353 80
353 835
353 963
103 405
103 980
103 276
103 691
103 223
103 698
103 454
103 819
103 48
53 761
53 668
53 552
53 966
53 78
53 294
53 180
53 354
53 845
53 496
646 299
646 17
646 740
646 401
646 244
646 590
646 630
268 274
268 280
268 988
268 619
268 114
268 438
268 154
268 564
534 210
534 714
534 723
534 570
534 864
534 413
534 278
534 224
534 649
534 619
218 697
218 298
218 88
218 891
218 207
218 46
218 390
218 121
942 426
942 608
942 939
942 828
942 573
942 858
942 302
995 670
995 506
995 337
995 220
995 675
995 820
528 865
528 194
528 193
528 112
528 209
528 405
528 880
528 883
68 274
68 865
68 624
68 176
68 445
68 48
68 124
68 72
890 493
890 727
890 451
890 271
890 363
131 780
131 753
131 920
131 232
131 490
131 1
131 492
131 432
131 740
421 441
421 833
421 40
421 958
421 364
421 636
342 925
342 857
342 893
342 593
342 715
342 370
342 142
342 939
870 283
870 208
870 124
870 682
870 183
870 990
870 875
497 693
497 921
497 199
497 276
497 578
497 432
497 409
497 541
515 830
515 394
515 158
515 832
515 199
515 330
515 867
515 591
5 285
5 444
5 729
5 168
5 63
5 302
955 783
955 122
955 694
955 891
955 541
955 443
955 842
842 81
842 76
842 120
842 950
842 346
842 927
842 783
343 892
343 18
343 941
343 273
343 560
343 846
343 981
987 789
987 377
987 765
987 253
987 336
987 314
987 719
987 113
987 382
167 148
167 564
167 128
167 309
167 417
263 956
263 105
263 835
263 848
263 596
263 110
263 510
263 802
263 444
263 367
120 279
120 411
120 26
120 626
120 927
120 894
120 874
649 950
649 198
649 891
649 723
649 605
649 794
649 962
649 973
249 691
249 884
249 701
249 435
249 919
249 900
249 466
558 376
558 966
558 705
558 574
558 350
558 446
558 572
996 804
996 671
996 147
996 76
996 185
43 602
43 432
43 66
43 149
43 894
43 797
43 449
550 341
550 671
550 185
550 239
550 828
550 727
550 557
23 815
23 660
23 220
23 447
23 593
23 724
23 479
298 591
298 228
298 333
298 62
298 560
298 170
298 703
298 985
547 424
547 94
547 422
547 296
547 592
547 885
547 736
547 358
547 916
272 631
272 900
272 574
272 505
272 210
272 820
272 317
272 182
531 933
531 258
531 204
531 208
531 855
531 853
531 19
346 572
346 429
346 273
346 122
346 541
480 80
480 695
480 633
480 744
480 280
223 77
223 204
223 634
223 148
223 867
223 294
223 941
223 591
494 698
494 868
494 818
494 882
494 670
494 973
209 112
209 506
209 473
209 317
209 84
209 881
209 302
367 596
367 115
367 665
367 612
367 882
367 667
682 990
682 678
682 782
682 208
682 478
682 875
682 124
682 362
305 337
305 40
305 204
305 109
305 115
305 414
829 634
829 31
829 424
829 121
829 743
829 751
829 213
829 625
203 282
203 221
203 734
203 641
203 359
203 561
203 634
203 671
277 568
277 70
277 304
277 361
277 36
277 899
277 959
562 758
562 365
562 184
562 173
562 457
562 717
562 267
562 606
899 70
899 568
899 267
899 361
899 304
899 665
99 24
99 311
99 393
99 252
99 81
99 904
99 370
99 934
6 596
6 678
6 283
6 476
6 152
6 0
802 75
802 956
802 912
802 22
802 20
802 118
802 526
210 951
210 643
210 978
210 688
210 574
797 66
797 854
797 602
797 449
797 322
797 432
213 409
213 267
213 317
213 814
213 791
314 660
314 653
314 169
314 850
314 302
624 71
624 716
624 619
624 787
624 715
624 91
624 840
624 445
851 882
851 454
851 801
851 495
851 386
851 921
851 665
851 267
851 330
388 475
388 687
388 264
388 237
388 826
388 88
388 301
388 630
840 424
840 700
840 40
840 91
840 866
840 532
840 717
728 3
728 293
728 182
728 608
728 561
728 265
728 315
387 419
387 668
387 484
387 580
387 552
387 447
387 903
615 520
615 933
615 924
615 744
615 436
615 665
615 626
304 361
304 731
304 70
304 568
304 330
846 32
846 347
846 219
846 362
846 158
376 243
376 416
376 675
376 637
376 968
895 701
895 504
895 250
895 56
344 444
344 932
344 475
344 104
344 359
344 390
344 857
344 927
344 688
297 833
297 815
297 316
297 924
297 666
297 876
825 315
825 152
825 1
825 113
825 87
825 24
825 623
825 983
825 98
962 656
962 809
962 792
962 58
962 143
567 360
567 845
567 138
567 758
567 142
567 391
50 478
50 379
50 105
50 325
50 52
50 542
148 616
148 142
148 597
148 629
148 801
148 591
87 617
87 542
87 985
87 177
87 394
87 1
87 879
87 629
740 492
740 963
740 401
740 232
740 521
740 626
740 756
651 168
651 852
651 961
651 532
651 694
651 386
651 457
651 766
651 481
782 621
782 473
782 924
782 691
782 200
782 707
782 491
446 132
446 19
446 64
446 262
446 78
274 658
274 430
274 765
274 122
274 745
287 804
287 833
287 665
287 8
287 335
152 616
152 56
152 750
152 224
152 436
152 137
172 7
172 361
172 752
172 521
172 794
172 577
172 950
868 482
868 630
868 590
868 818
868 38
868 401
725 435
725 448
725 463
725 643
725 959
725 54
725 828
725 936
973 198
973 891
973 317
973 794
526 605
526 67
526 430
526 473
526 382
526 492
526 765
90 80
90 84
90 493
90 390
90 573
90 440
90 339
375 732
375 459
375 919
375 444
375 339
375 874
375 628
860 557
860 341
860 368
860 156
860 827
860 572
860 580
860 915
857 59
857 323
857 601
857 149
857 577
857 893
857 142
857 0
863 886
863 212
863 328
863 181
746 288
746 3
746 847
746 71
746 787
803 557
803 258
803 620
803 965
803 94
803 270
803 657
19 916
19 357
19 226
19 580
19 564
19 216
19 533
932 467
932 475
932 502
932 712
932 322
932 104
932 54
363 605
363 645
363 784
363 259
363 771
363 20
513 365
513 296
513 680
513 876
513 849
513 888
513 416
327 224
327 712
327 799
327 230
327 399
327 601
327 762
327 12
819 688
819 883
819 454
819 886
819 701
379 110
379 652
379 748
379 984
379 765
379 884
379 768
379 933
457 784
457 198
457 365
457 267
457 963
457 678
457 184
461 489
461 299
461 454
461 91
461 637
461 473
461 917
461 466
17 828
17 491
17 630
17 371
17 655
17 590
17 244
17 401
226 913
226 894
226 216
226 680
226 927
226 136
226 357
226 115
920 912
920 21
920 75
920 948
920 866
920 176
920 594
920 490
920 328
693 983
693 63
693 325
693 265
693 578
693 830
339 874
339 66
339 645
339 178
92 903
92 406
92 311
92 52
92 54
92 631
92 471
92 626
521 169
521 869
521 801
521 384
521 283
479 596
479 886
479 815
479 593
479 40
479 734
479 660
176 147
176 616
176 48
176 175
176 598
176 880
929 621
929 325
929 632
929 466
929 927
929 134
929 153
481 790
481 687
481 532
481 884
481 944
481 770
481 978
481 62
481 168
710 978
710 848
710 419
710 866
710 544
710 936
710 724
710 490
577 445
577 601
577 853
577 414
577 675
577 3
577 664
943 350
943 882
943 156
943 232
943 489
943 687
403 279
403 435
403 141
403 632
403 404
403 749
403 402
403 463
403 597
827 631
827 881
827 137
827 791
827 58
827 641
893 443
893 980
893 139
893 748
414 729
414 770
414 370
414 2
414 768
414 447
276 645
276 741
276 809
276 931
276 596
276 691
463 435
463 676
463 653
463 279
463 54
142 193
142 492
142 697
142 267
142 391
234 478
234 30
234 965
234 475
234 76
835 668
835 357
835 585
835 611
876 849
876 416
876 331
876 194
876 645
876 888
58 147
58 656
58 143
58 670
94 736
94 592
94 115
94 358
94 492
94 296
193 473
193 909
193 883
193 701
250 265
250 93
250 848
250 108
250 504
250 256
145 687
145 91
145 399
145 308
222 359
222 324
222 280
222 723
222 56
222 848
222 902
607 486
607 153
607 246
607 679
607 36
607 341
368 573
368 623
368 915
368 88
368 22
368 731
59 538
59 165
59 313
59 822
59 95
59 733
59 160
586 749
586 806
586 312
586 729
586 828
586 360
586 663
422 116
422 631
422 371
422 500
422 358
422 296
422 592
8 748
8 790
8 666
8 392
8 611
8 418
154 988
154 322
154 235
154 114
154 766
154 438
594 188
594 858
594 221
594 810
594 495
594 21
594 227
300 221
300 179
300 290
300 163
300 754
300 111
300 965
300 374
419 552
419 916
419 311
419 200
419 490
419 406
315 931
315 325
315 30
315 3
956 874
956 160
956 22
956 302
956 629
956 395
175 669
175 627
175 382
175 520
175 629
175 928
175 361
653 676
653 278
792 809
792 656
792 143
792 866
792 317
784 15
784 606
784 806
784 697
532 288
532 921
532 796
964 557
964 605
964 986
964 448
964 573
964 62
964 850
892 136
892 406
892 864
892 658
892 49
598 658
598 906
598 356
598 261
598 525
598 48
598 560
598 732
611 936
611 666
611 418
611 392
611 350
611 365
311 64
311 81
311 614
163 374
163 965
163 179
163 290
163 111
163 754
163 880
198 619
198 381
198 794
198 228
198 253
198 891
384 122
384 30
384 258
384 542
284 496
284 804
284 418
284 485
284 283
284 865
838 790
838 722
838 489
838 864
838 475
677 418
677 501
677 948
677 30
677 727
677 804
116 404
116 9
116 754
116 678
116 81
116 312
116 500
116 900
436 111
436 665
436 294
436 626
436 259
436 777
436 56
619 359
619 714
619 347
619 815
619 323
313 93
313 165
313 822
313 153
721 170
721 37
721 217
721 354
721 690
721 471
721 517
721 501
230 742
230 366
230 410
230 573
230 902
723 413
723 502
723 56
723 811
723 520
675 506
675 724
675 820
675 62
496 290
496 356
496 309
496 896
496 966
496 952
136 864
136 1
136 752
136 866
136 587
270 984
270 765
270 697
270 214
270 732
270 885
270 444
26 766
26 109
26 324
26 643
786 91
786 581
786 585
786 227
786 229
108 913
108 417
108 402
108 505
108 38
111 965
111 616
111 179
111 374
111 290
216 347
216 395
216 564
216 916
216 691
216 20
216 707
736 168
736 358
736 296
736 794
736 592
736 616
680 380
680 169
680 134
680 227
680 429
716 628
716 392
716 952
858 517
858 810
858 77
858 221
858 572
799 879
799 904
799 883
799 880
799 561
850 212
850 137
850 657
850 501
966 761
966 937
966 749
966 110
966 180
9 517
9 143
9 959
9 756
444 690
444 170
444 589
444 989
501 37
501 703
501 565
501 217
288 183
288 668
288 864
288 65
288 944
18 369
18 715
18 258
18 48
18 790
18 214
937 643
937 336
937 853
937 149
937 232
937 845
750 879
750 753
750 56
753 951
753 473
753 160
753 933
753 331
753 628
514 614
514 816
514 165
514 139
514 204
514 141
743 751
743 424
743 63
743 121
743 31
743 678
743 2
743 625
789 382
789 336
789 377
789 719
789 451
627 669
627 791
627 999
627 520
627 146
255 471
255 557
255 752
255 506
742 258
742 253
742 915
742 285
447 770
447 365
447 228
447 316
447 660
447 668
912 620
912 581
912 48
912 745
912 502
667 391
667 679
667 115
667 109
542 525
542 439
542 325
542 156
542 440
766 324
766 885
766 476
766 285
160 544
160 49
160 989
160 951
589 88
589 855
589 560
589 15
589 360
393 227
393 370
393 729
393 902
393 664
393 347
568 301
568 600
568 768
568 361
568 70
71 847
71 791
71 787
71 445
71 647
517 811
517 756
517 855
517 139
517 259
517 11
95 903
95 350
95 366
95 283
645 771
645 302
645 156
645 395
867 394
867 656
867 158
867 199
867 330
933 884
933 331
933 38
933 652
933 768
224 986
224 606
224 62
224 616
224 669
237 191
237 301
237 717
237 826
237 49
237 264
928 453
928 959
928 109
928 520
928 951
928 72
928 636
357 101
357 762
357 402
357 533
81 453
81 440
81 999
361 356
361 70
423 485
423 885
423 655
423 794
993 570
993 601
993 629
993 380
993 963
993 369
482 999
482 253
482 105
482 445
482 952
482 282
958 623
958 364
958 881
958 931
958 691
958 441
713 385
713 587
713 181
713 271
713 128
713 722
713 241
936 392
936 570
936 666
936 915
374 308
374 179
374 965
477 65
477 448
477 121
477 959
477 359
587 271
587 278
587 638
587 864
601 896
601 664
601 122
310 787
310 714
310 385
310 960
310 241
310 413
310 617
134 429
134 380
134 800
386 24
386 405
386 472
386 435
386 15
386 138
891 790
891 129
891 228
891 783
159 596
159 77
159 989
159 259
159 475
159 707
885 580
885 623
885 324
608 832
608 616
608 302
608 360
608 149
608 670
217 931
217 796
217 354
217 156
217 816
217 37
826 717
826 301
826 264
826 191
402 229
402 417
402 745
56 984
56 968
401 630
401 299
401 390
401 244
401 590
525 768
525 472
525 600
525 483
525 652
525 989
695 633
695 80
695 280
852 584
852 984
852 258
852 1
729 312
729 260
729 168
729 806
214 832
214 500
214 12
214 900
285 485
285 655
285 49
448 828
448 359
448 356
235 322
235 988
235 438
235 114
235 780
49 105
49 894
49 878
88 641
38 312
38 511
38 741
38 483
828 866
828 939
828 118
828 500
848 93
848 986
848 70
848 324
98 207
98 830
98 391
98 80
98 466
411 371
411 472
411 364
411 874
411 459
440 745
440 156
443 399
443 476
443 712
443 416
443 694
312 806
312 360
312 783
312 184
968 341
968 690
968 204
968 399
12 478
12 588
12 32
12 2
676 279
676 364
676 880
265 504
265 93
265 256
181 385
181 453
181 544
181 617
633 350
633 80
633 744
600 257
600 410
600 491
600 703
350 493
350 605
91 40
91 467
62 637
62 616
62 280
62 724
141 478
141 664
141 691
141 578
141 652
574 663
574 758
574 961
574 924
153 983
153 621
153 632
153 466
153 260
628 335
628 878
628 433
628 317
749 404
749 491
749 48
749 541
749 252
990 124
990 208
990 875
990 512
510 282
510 697
510 168
510 308
985 560
985 960
985 983
985 121
985 756
985 629
30 557
30 593
30 754
30 663
30 391
184 963
184 806
184 114
184 40
184 267
354 552
354 417
354 294
354 719
46 495
46 906
46 188
46 810
46 410
290 179
290 965
290 754
939 324
939 925
939 200
7 507
7 72
7 941
7 915
7 229
625 424
625 31
625 751
625 121
865 405
865 194
931 316
931 691
931 453
132 219
132 734
132 246
132 671
132 674
132 610
132 869
703 170
703 854
703 707
674 734
674 382
674 246
674 869
674 610
978 164
978 814
978 146
978 722
765 188
118 0
118 364
118 52
118 369
660 220
660 724
219 944
219 791
219 814
219 362
219 453
219 671
219 584
712 489
712 830
712 67
20 916
768 451
768 748
768 652
669 146
669 52
669 882
669 366
948 358
948 636
948 366
37 170
37 309
37 847
830 207
830 631
830 578
356 359
356 561
356 544
959 824
959 252
731 366
731 623
731 293
655 557
655 127
655 783
655 485
212 328
212 606
212 564
212 688
212 220
722 441
722 256
722 475
722 369
722 341
816 166
816 620
816 580
816 54
900 404
900 366
183 449
183 666
371 815
371 394
371 362
109 358
21 588
21 584
21 366
21 770
80 744
165 538
165 733
165 822
438 322
438 988
438 185
438 114
626 884
626 323
626 777
626 963
833 364
833 441
833 565
833 925
734 869
734 246
734 610
257 657
257 917
441 881
441 364
602 432
602 151
602 449
602 854
602 252
602 66
258 700
980 243
980 506
980 151
980 570
980 227
260 565
260 623
260 147
199 394
199 330
199 527
199 409
199 158
849 331
849 888
849 416
390 486
390 128
204 77
66 449
66 894
66 432
279 228
279 904
279 435
279 280
279 511
279 101
191 264
191 301
191 717
854 324
854 915
854 578
854 614
896 369
896 252
896 921
896 138
896 309
572 453
572 832
572 283
983 32
983 694
983 714
983 641
146 791
146 631
472 138
472 612
472 771
472 643
621 105
621 632
621 466
621 871
114 780
114 988
114 322
647 787
647 847
647 445
647 316
70 960
758 724
758 814
758 741
758 637
758 3
871 800
871 429
871 585
871 533
262 57
262 1
262 75
262 909
262 78
588 921
588 679
588 853
588 570
588 512
917 853
917 715
917 592
917 811
637 173
637 0
637 308
578 207
336 490
336 719
336 105
336 377
336 382
884 560
884 561
433 507
433 424
433 180
433 986
273 65
273 777
273 147
331 888
331 221
331 416
715 2
597 84
597 325
31 128
31 121
31 424
31 385
31 751
194 178
194 405
194 77
194 112
127 511
127 810
127 149
756 75
756 811
756 11
756 259
864 790
864 439
228 365
228 381
541 483
541 761
360 690
360 638
360 806
369 101
369 309
256 158
256 93
256 504
432 449
780 322
780 741
780 104
77 104
77 392
77 151
77 112
552 561
552 200
552 241
552 916
875 208
875 124
283 243
283 921
283 573
657 911
657 166
657 754
322 988
478 3
478 690
478 590
557 620
557 580
557 239
101 467
101 533
101 724
200 243
485 435
764 636
764 919
764 78
439 328
439 486
439 636
439 377
700 294
700 505
698 818
698 913
698 670
698 800
698 67
610 168
610 246
72 309
72 229
72 105
221 652
221 341
751 241
751 410
751 483
278 911
278 652
278 271
278 638
475 36
475 705
668 492
668 950
617 188
617 241
617 385
617 413
259 11
259 811
555 727
555 903
394 158
394 330
533 981
533 380
533 429
794 820
362 590
362 770
177 328
177 585
177 169
177 544
177 564
866 335
866 166
158 330
158 409
493 951
493 84
264 717
264 301
694 752
694 149
694 585
810 495
810 188
820 506
78 57
78 909
227 151
227 590
227 707
227 243
652 643
253 719
15 770
15 137
15 301
15 424
63 395
63 54
63 484
245 969
245 855
245 166
245 585
754 832
754 701
754 965
701 22
365 57
182 261
430 801
430 129
564 580
564 328
564 916
882 925
57 75
57 909
418 666
418 392
752 121
459 299
459 330
459 678
459 347
296 888
296 358
296 592
705 151
705 36
705 671
24 981
24 104
24 138
246 869
511 770
511 507
593 815
878 981
878 335
878 337
495 188
495 2
495 410
770 984
770 687
770 185
714 520
714 22
714 413
814 791
814 252
185 671
185 239
665 207
413 267
413 385
413 570
449 122
170 67
170 688
904 129
904 454
832 664
832 489
596 783
596 886
961 128
961 690
445 664
445 915
445 787
491 638
451 963
451 239
963 40
2 538
2 561
471 565
471 783
471 137
502 581
502 54
129 512
800 429
800 380
902 507
902 316
902 925
969 476
969 981
382 377
382 113
382 719
733 538
733 822
561 293
561 544
688 179
688 590
883 638
883 0
883 879
299 113
924 663
924 347
924 429
333 707
333 925
333 934
104 476
104 886
104 679
570 629
241 385
811 11
811 149
164 684
164 690
164 36
164 399
84 584
84 658
504 93
504 888
989 370
989 934
590 244
590 630
941 406
941 229
208 124
484 911
484 110
717 301
879 527
879 323
707 636
771 138
771 323
656 143
656 809
658 52
138 845
951 565
951 395
527 727
911 335
911 271
911 638
377 919
500 409
565 643
151 801
380 429
54 581
855 22
855 139
909 392
909 75
684 147
684 986
591 777
591 934
64 381
687 490
687 934
641 520
934 370
180 903
180 489
761 391
490 724
178 405
489 664
385 960
395 36
395 308
166 903
166 999
252 952
11 512
787 847
921 391
232 492
762 243
762 483
416 888
244 630
271 638
381 505
424 328
874 801
727 110
906 282
906 137
906 115
337 156
666 392
666 316
409 919
137 732
678 804
612 801
128 32
804 32
188 410
965 179
512 984
261 538
323 0
815 426
325 632
122 824
505 112
32 952
1 623
606 822
426 110
913 809
112 405
614 115
886 52
358 592
