478 151
478 228
478 500
478 958
478 240
478 765
478 561
478 267
478 756
478 698
676 533
676 859
676 306
676 565
676 232
676 423
676 911
676 584
676 988
676 658
596 451
596 258
596 611
596 577
596 722
596 281
596 376
596 858
596 100
596 96
668 208
668 494
668 440
668 243
668 160
668 116
668 741
668 945
668 792
668 727
59 615
59 806
59 167
59 189
59 602
59 343
59 754
59 482
59 599
59 249
729 207
729 299
729 493
729 421
729 136
729 671
729 724
729 535
729 374
729 735
185 783
185 190
185 917
185 563
185 829
185 651
185 321
185 462
185 224
185 585
279 647
279 462
279 693
279 139
279 344
279 326
279 843
279 910
279 70
279 153
25 754
25 561
25 189
25 806
25 440
25 482
25 934
25 602
25 447
25 993
852 519
852 144
852 591
852 44
852 841
852 528
852 875
852 154
852 727
852 839
594 781
594 103
594 583
594 476
594 232
594 143
594 384
594 486
594 604
594 369
972 323
972 910
972 156
972 421
972 608
972 578
972 807
972 732
972 107
972 950
409 748
409 383
409 120
409 709
409 397
409 291
409 468
409 749
409 225
409 128
963 50
963 93
963 743
963 449
963 166
963 193
963 143
963 673
963 64
963 133
515 262
515 118
515 862
515 779
515 10
515 907
515 851
515 801
515 190
515 178
864 161
864 835
864 805
864 318
864 721
864 405
864 435
864 107
864 170
864 942
705 276
705 3
705 615
705 113
705 159
705 89
705 616
705 850
705 34
705 919
961 301
961 849
961 297
961 42
961 637
961 839
961 881
961 789
961 280
961 520
80 300
80 412
80 54
80 996
80 889
80 638
80 933
80 251
80 978
80 713
643 297
643 839
643 527
643 881
643 902
643 942
643 170
643 280
643 499
643 127
195 433
195 922
195 939
195 184
195 239
195 699
195 443
195 845
195 83
195 975
630 121
630 426
630 934
630 472
630 635
630 165
630 172
630 877
630 976
630 191
336 330
336 323
336 446
336 690
336 610
336 237
336 86
336 777
336 689
336 247
340 728
340 585
340 580
340 756
340 432
340 321
340 955
340 543
340 351
340 503
81 953
81 980
81 744
81 612
81 110
81 574
81 501
81 671
81 523
81 119
464 222
464 307
464 161
464 883
464 92
464 75
464 99
464 551
464 556
464 267
146 406
146 466
146 599
146 488
146 202
146 817
146 951
146 437
146 337
146 660
566 894
566 576
566 274
566 686
566 960
566 672
566 229
566 73
566 46
566 370
333 373
333 11
333 332
333 563
333 259
333 760
333 793
333 281
333 286
333 401
392 679
392 629
392 283
392 633
392 536
392 504
392 430
392 854
392 288
392 615
257 800
257 445
257 335
257 444
257 969
257 979
257 507
257 103
257 117
257 840
582 957
582 822
582 448
582 735
582 290
582 341
582 439
582 555
582 559
582 645
458 697
458 290
458 872
458 869
458 876
458 301
458 39
458 924
458 505
458 525
572 629
572 543
572 536
572 288
572 1
572 791
572 885
572 633
572 889
572 854
463 275
463 76
463 813
463 489
463 160
463 996
463 211
463 462
463 815
463 544
916 906
916 984
916 649
916 925
916 37
916 799
916 670
916 499
916 721
916 217
628 31
628 685
628 246
628 979
628 421
628 700
628 19
628 868
628 477
628 809
983 187
983 719
983 569
983 627
983 366
983 481
983 680
983 309
983 824
983 129
807 401
807 271
807 323
807 277
807 578
807 857
807 884
807 732
807 709
985 751
985 298
985 860
985 3
985 386
985 289
985 922
985 647
985 38
985 428
77 169
77 531
77 248
77 470
77 149
77 977
77 53
77 855
77 900
77 112
880 268
880 223
880 568
880 994
880 768
880 542
880 553
880 252
880 351
880 21
254 506
254 557
254 896
254 362
254 524
254 991
254 570
254 449
254 622
254 654
513 105
513 277
513 213
513 250
513 457
513 586
513 711
513 245
513 899
513 773
244 460
244 322
244 108
244 92
244 68
244 206
244 465
244 158
244 510
244 420
993 754
993 561
993 602
993 554
993 482
993 189
993 806
993 669
993 599
227 486
227 751
227 118
227 433
227 429
227 956
227 22
227 503
227 847
227 700
531 53
531 169
531 554
531 900
531 248
531 149
531 286
531 977
531 855
419 432
419 328
419 943
419 277
419 932
419 973
419 27
419 190
419 305
419 936
701 947
701 580
701 90
701 295
701 605
701 452
701 992
701 219
701 998
701 43
278 684
278 802
278 651
278 878
278 784
278 599
278 767
278 14
278 920
278 477
762 829
762 396
762 587
762 400
762 256
762 538
762 65
762 266
762 783
762 180
556 2
556 955
556 269
556 260
556 75
556 222
556 307
556 551
556 267
105 457
105 711
105 213
105 739
105 586
105 800
105 899
105 245
105 250
282 666
282 379
282 607
282 150
282 641
282 394
282 201
282 897
282 965
282 332
652 24
652 184
652 233
652 958
652 929
652 8
652 331
652 249
652 20
652 823
680 129
680 931
680 824
680 569
680 366
680 974
680 481
680 187
680 713
509 753
509 192
509 341
509 617
509 266
509 256
509 41
509 214
509 65
509 369
631 803
631 810
631 284
631 550
631 161
631 407
631 215
631 620
631 517
631 801
5 997
5 560
5 595
5 390
5 375
5 253
5 534
5 791
5 581
5 69
603 312
603 100
603 519
603 866
603 387
603 424
603 363
603 671
603 11
603 883
518 941
518 215
518 863
518 141
518 305
518 973
518 634
518 381
518 924
518 197
51 115
51 570
51 364
51 995
51 967
51 29
51 804
51 188
51 750
51 96
719 141
719 561
719 366
719 924
719 381
719 618
719 187
719 263
719 327
49 159
49 89
49 34
49 262
49 199
49 171
49 616
49 286
49 635
49 276
646 194
646 848
646 122
646 485
646 270
646 904
646 813
646 64
646 232
646 659
95 765
95 395
95 124
95 844
95 135
95 928
95 35
95 785
95 938
95 662
655 590
655 664
655 820
655 88
655 63
655 958
655 19
655 347
655 137
655 236
947 43
947 219
947 591
947 435
947 992
947 605
947 90
947 836
947 452
978 638
978 933
978 251
978 412
978 300
978 915
978 889
978 56
978 54
905 986
905 503
905 914
905 398
905 144
905 733
905 925
905 368
905 769
905 17
981 552
981 123
981 404
981 425
981 38
981 85
981 766
981 604
981 148
981 420
270 904
270 104
270 194
270 848
270 939
270 659
270 950
270 485
270 440
470 704
470 809
470 248
470 341
470 138
470 149
470 903
470 104
470 734
220 879
220 811
220 606
220 79
220 966
220 450
220 348
220 246
220 656
220 14
878 284
878 802
878 651
878 920
878 477
878 954
878 767
878 949
878 784
487 30
487 811
487 639
487 410
487 734
487 190
487 932
487 328
487 436
487 27
641 897
641 540
641 201
641 444
641 170
641 394
641 666
641 150
641 178
642 936
642 824
642 43
642 129
642 455
642 121
642 754
642 22
642 638
642 612
109 780
109 623
109 174
109 529
109 691
109 918
109 764
109 339
109 548
109 125
818 847
818 619
818 540
818 987
818 48
818 614
818 788
818 599
818 846
818 247
497 113
497 735
497 538
497 309
497 516
497 192
497 214
497 933
497 998
497 38
634 863
634 924
634 591
634 141
634 372
634 302
634 111
634 973
634 381
84 377
84 18
84 447
84 163
84 96
84 752
84 687
84 679
84 814
84 604
236 787
236 32
236 590
236 63
236 371
236 88
236 589
236 347
236 137
53 977
53 96
53 855
53 169
53 149
53 900
53 246
53 286
657 99
657 132
657 252
657 723
657 884
657 870
657 435
657 710
657 570
657 43
230 939
230 163
230 443
230 239
230 922
230 845
230 975
230 83
230 97
230 413
290 448
290 809
290 957
290 546
290 537
290 341
290 559
290 822
231 469
231 222
231 208
231 678
231 167
231 714
231 33
231 467
231 956
231 45
663 199
663 411
663 272
663 629
663 466
663 102
663 349
663 152
663 775
663 549
294 693
294 727
294 139
294 499
294 505
294 879
294 684
294 798
294 408
294 15
948 883
948 102
948 61
948 117
948 433
948 546
948 740
948 351
948 824
948 181
454 953
454 451
454 18
454 601
454 751
454 173
454 87
454 521
454 216
454 356
937 644
937 785
937 75
937 693
937 342
937 60
937 715
937 662
937 135
937 844
476 704
476 613
476 182
476 473
476 353
476 871
476 746
476 183
476 887
696 467
696 678
696 744
696 37
696 802
696 156
696 714
696 33
696 800
696 771
151 200
151 698
151 240
151 756
151 500
151 908
151 228
151 849
151 260
899 457
899 586
899 213
899 711
899 364
899 245
899 250
899 773
112 900
112 817
112 977
112 904
112 346
112 149
112 169
112 855
112 499
367 851
367 821
367 13
367 512
367 752
367 718
367 363
367 826
367 362
367 147
416 303
416 469
416 726
416 970
416 830
416 996
416 949
416 893
416 60
416 650
532 233
532 205
532 472
532 742
532 387
532 72
532 355
532 912
532 209
532 221
391 979
391 935
391 139
391 786
391 879
391 530
391 539
391 694
391 495
391 177
773 346
773 759
773 213
773 457
773 223
773 250
773 437
773 711
814 740
814 335
814 0
814 737
814 969
814 492
814 111
814 33
814 117
413 922
413 939
413 749
413 975
413 443
413 83
413 845
413 332
413 116
58 804
58 188
58 967
58 29
58 533
58 115
58 607
58 995
58 750
58 295
304 243
304 456
304 431
304 891
304 47
304 101
304 526
304 241
304 712
304 825
344 681
344 70
344 857
344 843
344 234
344 157
344 962
344 693
344 499
432 580
432 578
432 770
432 728
432 932
432 321
432 585
432 955
844 928
844 35
844 92
844 938
844 135
844 662
844 124
844 785
984 37
984 225
984 906
984 217
984 670
984 110
984 799
984 649
984 925
407 801
407 823
407 445
407 803
407 604
407 550
407 552
407 620
407 215
717 897
717 150
717 201
717 394
717 733
717 664
717 666
717 564
717 379
717 119
42 94
42 569
42 990
42 789
42 861
42 976
42 176
42 492
42 496
67 43
67 198
67 909
67 202
67 952
67 263
67 145
67 57
67 87
67 502
999 16
999 180
999 644
999 403
999 265
999 648
999 721
999 805
999 921
999 856
835 952
835 822
835 349
835 107
835 481
835 699
835 372
835 232
835 644
935 530
935 139
935 694
935 177
935 495
935 644
935 267
935 451
935 786
483 328
483 661
483 190
483 639
483 418
483 30
483 943
483 932
483 644
483 27
712 573
712 55
712 456
712 891
712 526
712 178
712 101
712 679
712 47
870 435
870 552
870 465
870 710
870 132
870 723
870 252
870 405
870 99
892 542
892 508
892 883
892 197
892 876
892 697
892 52
892 627
892 203
892 615
537 128
537 380
537 911
537 490
537 649
537 291
537 709
537 595
537 562
393 689
393 827
393 612
393 874
393 479
393 761
393 235
393 334
393 677
393 745
940 194
940 143
940 758
940 378
940 455
940 564
940 998
940 763
940 928
940 702
539 372
539 786
539 694
539 530
539 737
539 119
539 177
539 139
539 495
765 240
765 161
765 228
765 56
765 154
765 558
765 200
765 500
781 410
781 31
781 957
781 317
781 6
781 450
781 982
781 720
781 747
235 479
235 689
235 745
235 761
235 827
235 334
235 160
235 677
235 570
502 57
502 145
502 952
502 820
502 909
502 601
502 440
502 263
502 202
78 107
78 849
78 239
78 64
78 695
78 446
78 405
78 583
78 759
78 567
784 14
784 477
784 802
784 767
784 599
784 920
784 651
784 399
803 550
803 620
803 445
803 517
803 801
803 284
803 810
803 215
959 293
959 882
959 346
959 91
959 496
959 491
959 886
959 672
959 186
959 741
665 466
665 962
665 812
665 406
665 590
665 329
665 819
665 269
665 234
665 911
545 191
545 688
545 261
545 363
545 296
545 196
545 209
545 355
545 341
545 790
736 57
736 222
736 332
736 430
736 345
736 691
736 338
736 551
736 795
736 992
315 26
315 480
315 337
315 386
315 516
315 436
315 471
315 38
315 923
315 285
323 401
323 277
323 732
323 608
323 505
323 857
323 271
536 900
536 1
536 633
536 283
536 288
536 629
536 730
536 854
965 394
965 547
965 150
965 379
965 201
965 897
965 666
965 731
965 824
677 334
677 85
677 824
677 479
677 745
677 827
677 761
677 689
453 338
453 98
453 116
453 34
453 792
453 122
453 494
453 558
453 897
453 816
967 452
967 804
967 188
967 995
967 607
967 115
967 85
967 295
272 775
272 152
272 587
272 414
272 411
272 549
272 349
272 210
272 199
318 255
318 161
318 98
318 945
318 792
318 116
318 494
318 882
318 97
779 349
779 178
779 904
779 311
779 927
779 755
779 862
779 907
779 851
313 917
313 143
313 534
313 743
313 956
313 869
313 673
313 193
313 934
313 133
435 597
435 942
435 969
435 276
435 507
435 624
846 619
846 540
846 48
846 869
846 987
846 39
846 788
846 354
846 614
898 625
898 699
898 444
898 571
898 708
898 828
898 319
898 615
898 339
898 872
15 684
15 499
15 879
15 505
15 160
15 809
15 14
15 408
15 798
741 186
741 713
741 346
741 491
741 754
741 91
741 395
741 886
329 234
329 466
329 819
329 911
329 406
329 856
329 423
329 225
329 134
379 666
379 503
379 394
379 897
379 150
379 201
379 100
241 989
241 541
241 524
241 991
241 770
241 511
241 441
241 716
241 914
266 369
266 739
266 256
266 65
266 41
266 214
266 538
266 174
66 267
66 731
66 794
66 210
66 774
66 971
66 7
66 834
66 547
66 461
679 727
679 504
679 493
679 629
679 738
679 854
679 97
322 75
322 420
322 460
322 92
322 68
322 229
322 206
322 998
322 465
605 219
605 788
605 992
605 43
605 836
605 987
605 452
605 90
281 100
281 359
281 96
281 258
281 577
281 858
281 722
281 808
567 849
567 759
567 695
567 107
567 354
567 699
567 583
567 337
567 405
126 789
126 691
126 777
126 94
126 325
126 399
126 131
126 350
126 990
126 866
216 601
216 18
216 496
216 242
216 173
216 884
216 451
216 521
216 402
973 924
973 586
973 141
973 484
973 342
973 381
973 863
362 147
362 512
362 455
362 238
362 557
362 654
362 449
362 506
798 879
798 510
798 592
798 809
798 505
798 684
798 408
798 14
123 404
123 85
123 425
123 440
123 604
123 812
123 766
123 885
123 383
287 64
287 152
287 91
287 119
287 873
287 475
287 4
287 359
287 837
287 140
672 401
672 373
672 274
672 229
672 73
672 46
672 894
672 576
960 293
960 111
960 121
960 953
960 309
960 882
960 885
960 50
960 768
130 618
130 670
130 37
130 906
130 295
130 546
130 397
130 441
130 155
130 10
360 159
360 45
360 751
360 411
360 339
360 615
360 212
360 875
360 519
360 371
873 787
873 359
873 209
873 806
873 837
873 140
873 475
873 4
873 106
179 825
179 861
179 56
179 455
179 976
179 597
179 224
179 563
179 331
179 874
253 534
253 375
253 573
253 595
253 829
253 997
253 581
253 69
253 390
747 793
747 122
747 466
747 6
747 31
747 982
747 720
747 410
747 819
203 508
203 52
203 467
203 697
203 181
203 542
203 11
203 60
203 876
926 426
926 796
926 863
926 307
926 832
926 396
926 337
926 222
926 551
926 28
514 317
514 971
514 682
514 390
514 308
514 598
514 713
514 624
514 847
514 450
788 48
788 39
788 614
788 998
788 987
788 619
788 354
790 832
790 398
790 209
790 261
790 869
790 426
790 555
790 936
790 262
871 212
871 182
871 887
871 613
871 703
871 746
871 353
871 183
871 473
438 269
438 482
438 927
438 851
438 311
438 907
438 422
438 862
438 111
438 687
685 966
685 164
685 606
685 725
685 79
685 348
685 246
685 811
685 656
658 831
658 423
658 327
658 565
658 584
658 692
658 306
658 988
658 533
917 265
917 869
917 721
917 180
917 16
917 212
917 237
917 921
114 703
114 859
114 930
114 579
114 434
114 941
114 716
114 242
114 226
114 853
938 135
938 662
938 799
938 35
938 928
938 785
938 124
938 761
12 706
12 418
12 805
12 259
12 890
12 358
12 782
12 653
12 888
12 142
698 260
698 910
698 156
698 770
698 193
698 908
698 756
698 474
177 119
177 530
177 786
177 856
177 694
177 495
177 139
994 351
994 268
994 36
994 543
994 768
994 223
994 21
994 568
994 553
56 825
56 40
56 861
56 743
56 224
56 874
56 976
704 887
704 888
704 746
704 182
704 183
704 473
704 573
704 833
459 753
459 626
459 255
459 486
459 692
459 161
459 204
459 805
459 92
459 316
865 924
865 223
865 300
865 237
865 321
865 906
865 766
865 404
865 425
865 181
706 166
706 813
706 890
706 888
706 673
706 740
706 142
706 259
706 782
971 624
971 682
971 308
971 317
971 547
971 598
971 450
971 210
172 165
172 742
172 540
172 121
172 635
172 934
172 669
172 877
172 755
771 427
771 687
771 314
771 583
771 593
771 951
771 204
771 316
771 424
273 998
273 838
273 964
273 168
273 134
273 358
273 718
273 695
273 600
273 627
296 196
296 99
296 264
296 355
296 563
296 358
296 209
296 191
296 915
352 404
352 573
352 766
352 929
352 425
352 604
352 148
352 85
352 490
352 780
57 198
57 440
57 145
57 263
57 202
57 952
57 909
417 848
417 485
417 317
417 950
417 508
417 238
417 785
417 783
417 431
417 104
389 776
389 860
389 222
389 675
389 430
389 647
389 298
389 944
389 289
389 19
927 998
927 907
927 851
927 862
927 76
927 755
927 178
927 311
535 207
535 903
535 388
535 421
535 683
535 724
535 748
535 299
535 374
592 505
592 334
592 913
592 734
592 408
592 61
592 976
592 879
592 405
697 542
697 876
697 617
697 508
697 60
697 52
697 992
201 666
201 150
201 394
201 897
201 595
583 424
583 695
583 849
583 859
583 740
583 687
648 9
648 783
648 36
648 396
648 796
648 555
648 377
648 28
648 832
527 740
527 637
527 845
527 738
527 297
527 902
527 520
527 280
527 127
716 434
716 930
716 490
716 579
716 853
716 347
716 659
716 703
558 792
558 116
558 816
558 494
558 868
558 154
558 338
558 98
820 730
820 145
820 63
820 263
820 636
820 455
820 909
820 202
544 560
544 815
544 275
544 160
544 462
544 996
544 211
544 813
544 850
885 264
885 148
885 812
885 269
885 212
885 309
885 260
24 320
24 587
24 929
24 498
24 700
24 958
24 184
24 249
24 8
361 398
361 986
361 786
361 368
361 769
361 543
361 243
361 607
361 17
361 733
636 124
636 730
636 488
636 437
636 951
636 842
636 660
636 2
636 817
659 904
659 194
659 485
659 307
659 950
659 848
659 75
221 205
221 72
221 749
221 233
221 472
221 578
221 912
221 742
221 980
224 825
224 976
224 442
224 802
224 778
224 874
224 728
422 787
422 403
422 176
422 593
422 472
422 737
422 327
422 687
422 233
611 444
611 98
611 55
611 338
611 573
611 237
611 749
611 138
611 116
831 749
831 262
831 565
831 31
831 436
831 516
831 426
831 519
831 893
475 140
475 787
475 617
475 837
475 359
475 4
475 71
475 222
943 328
943 30
943 433
943 343
943 639
943 932
943 190
943 27
120 128
120 490
120 225
120 383
120 709
120 291
120 748
120 925
120 468
715 484
715 968
715 562
715 62
715 942
715 20
715 7
715 384
715 40
276 89
276 159
276 884
276 34
276 616
276 955
276 171
474 756
474 260
474 200
474 240
474 863
474 228
474 500
474 839
474 908
22 638
22 486
22 433
22 700
22 118
22 9
22 429
22 176
328 306
328 639
328 30
328 190
328 27
328 932
168 627
168 358
168 102
168 964
168 600
168 271
168 491
168 134
168 968
382 725
382 397
382 730
382 377
382 385
382 10
382 364
382 155
382 546
382 618
816 182
816 792
816 338
816 327
816 494
816 98
816 116
816 945
832 28
832 783
832 796
832 396
832 9
832 555
832 36
415 102
415 194
415 974
415 760
415 522
415 343
415 674
415 402
415 175
415 209
488 292
488 695
488 437
488 817
488 951
488 660
488 842
488 2
79 348
79 258
79 246
79 811
79 656
79 966
79 606
79 989
310 511
310 686
310 440
310 541
310 400
310 914
310 376
310 441
310 576
310 218
399 669
399 990
399 305
399 131
399 163
399 350
399 286
399 325
385 155
385 618
385 308
385 397
385 484
385 730
385 261
385 546
385 10
388 136
388 724
388 378
388 778
388 683
388 207
388 374
388 903
388 299
772 292
772 564
772 713
772 895
772 763
772 702
772 233
772 355
772 103
772 758
28 796
28 396
28 555
28 354
28 783
28 9
28 36
200 260
200 500
200 756
200 240
200 908
200 161
200 228
82 841
82 589
82 88
82 688
82 32
82 363
82 104
82 797
82 371
82 357
436 26
436 410
436 27
436 627
436 38
436 471
436 516
893 565
893 949
893 256
893 970
893 934
893 469
893 726
893 262
517 896
517 284
517 620
517 550
517 801
517 215
517 810
517 412
778 683
778 720
778 976
778 903
778 825
778 724
778 378
778 265
901 760
901 674
901 522
901 178
901 343
901 402
901 264
901 793
901 373
901 175
598 308
598 430
598 317
598 683
598 782
598 682
598 450
598 624
622 654
622 186
622 896
622 555
622 524
622 506
622 449
622 489
622 557
21 553
21 351
21 223
21 768
21 568
21 543
21 268
21 13
62 968
62 20
62 562
62 942
62 267
62 979
62 40
62 384
62 106
90 43
90 452
90 836
90 955
90 780
90 992
90 219
17 380
17 733
17 356
17 398
17 986
17 618
17 769
17 368
842 836
842 951
842 164
842 2
842 484
842 817
842 660
842 309
614 987
614 540
614 619
614 354
614 39
614 48
614 161
44 154
44 150
44 466
44 841
44 519
44 727
44 875
44 591
44 528
975 939
975 64
975 239
975 443
975 922
975 83
975 845
575 274
575 312
575 46
575 742
575 218
575 894
575 275
575 370
575 229
575 686
840 103
840 800
840 335
840 969
840 117
840 0
840 766
840 445
840 507
686 903
686 274
686 576
686 894
686 370
686 189
686 229
117 969
117 553
117 335
117 198
117 445
117 632
198 952
198 654
198 263
198 430
198 827
198 145
198 909
624 317
624 682
624 450
624 308
624 246
624 430
626 70
626 797
626 153
626 693
626 326
626 843
626 157
626 681
626 164
538 192
538 65
538 335
538 369
538 41
538 214
538 256
144 678
144 359
144 467
144 714
144 213
144 877
144 208
144 45
280 569
280 520
280 297
280 902
280 881
280 839
280 127
61 400
61 505
61 847
61 408
61 285
61 237
61 794
61 225
511 770
511 640
511 376
511 524
511 541
511 441
511 914
511 991
506 896
506 651
506 524
506 238
506 449
506 654
506 557
861 411
861 874
861 825
861 180
861 461
861 976
861 269
619 987
619 834
619 540
619 461
619 430
619 48
966 811
966 884
966 348
966 656
966 606
966 508
966 302
789 990
789 777
789 94
789 866
789 350
789 131
789 325
47 412
47 431
47 320
47 456
47 526
47 891
47 101
47 300
468 128
468 748
468 225
468 383
468 291
468 709
468 749
468 490
387 205
387 912
387 859
387 866
387 949
387 26
387 346
387 426
802 477
802 414
802 767
802 651
802 920
767 284
767 222
767 920
767 599
767 477
767 868
794 834
794 237
794 461
794 547
794 731
794 7
794 467
794 774
173 87
173 355
173 521
173 989
173 946
173 451
173 601
173 18
284 620
284 801
284 205
284 176
284 810
375 442
375 997
375 69
375 595
375 519
375 534
375 791
375 581
684 505
684 324
684 14
684 401
684 160
684 528
774 374
774 731
774 7
774 400
774 174
774 547
774 461
774 834
918 623
918 332
918 764
918 548
918 780
918 125
918 987
918 850
918 339
995 570
995 804
995 115
995 29
995 607
995 188
995 750
86 925
86 247
86 55
86 446
86 597
86 661
86 610
86 867
86 330
931 945
931 824
931 569
931 129
931 974
931 883
931 989
931 366
931 700
380 549
380 613
380 128
380 152
380 554
380 291
380 448
380 383
920 651
920 437
920 599
920 869
920 477
520 297
520 902
520 127
520 881
520 170
520 637
520 839
148 85
148 845
148 766
148 404
148 604
148 812
148 425
621 856
621 481
621 163
621 113
621 808
621 271
621 440
621 477
621 305
621 919
982 793
982 791
982 349
982 71
982 410
982 31
982 720
982 6
242 941
242 930
242 853
242 226
242 725
242 439
242 377
242 496
397 10
397 155
397 618
397 884
397 573
397 546
16 180
16 923
16 403
16 829
16 3
16 876
16 912
16 265
579 853
579 434
579 690
579 703
579 895
579 941
579 226
579 930
27 30
27 190
27 639
27 932
593 692
593 204
593 424
593 427
593 314
593 805
593 316
593 687
192 256
192 65
192 986
192 43
192 369
192 808
192 214
674 373
674 343
674 522
674 264
674 760
674 850
674 175
674 402
929 498
929 331
929 249
929 823
929 184
929 411
929 8
302 744
302 776
302 298
302 612
302 847
302 988
302 141
302 508
303 970
303 830
303 650
303 484
303 469
303 863
303 274
303 381
303 949
439 1
439 609
439 725
439 225
439 857
439 496
439 288
439 106
574 523
574 293
574 980
574 744
574 953
574 400
574 501
574 671
574 882
136 447
136 493
136 299
136 421
136 207
136 735
136 374
136 724
26 516
26 923
26 38
26 471
26 480
26 285
26 386
275 815
275 996
275 813
275 76
275 462
275 160
275 211
316 424
316 427
316 204
316 687
316 692
316 314
316 805
588 962
588 757
588 795
588 936
588 426
588 667
588 691
588 954
588 255
588 345
431 910
431 891
431 456
431 526
431 101
431 320
431 640
834 3
834 731
834 461
834 33
834 723
834 714
384 562
384 496
384 942
384 40
384 968
384 255
384 20
759 405
759 723
759 849
759 213
759 528
759 250
759 695
293 359
293 523
293 501
293 119
293 746
293 886
293 882
311 154
311 907
311 851
311 503
311 346
311 451
311 862
191 138
191 209
191 355
191 607
191 211
191 232
191 196
300 251
300 638
300 933
300 54
300 412
300 404
606 721
606 60
606 246
606 811
606 155
606 348
398 733
398 563
398 368
398 769
398 841
398 986
76 529
76 996
76 813
76 211
76 455
76 462
76 160
498 895
498 587
498 331
498 249
498 184
498 823
498 233
498 8
29 804
29 607
29 188
29 750
29 295
29 115
29 570
590 725
590 137
590 609
590 347
590 615
590 63
590 376
428 860
428 19
428 647
428 776
428 944
428 484
428 289
428 298
428 675
886 523
886 491
886 819
886 906
886 346
886 744
886 186
365 74
365 856
365 913
365 734
365 584
365 609
365 988
365 324
365 921
365 639
722 858
722 547
722 258
722 577
722 364
722 508
722 100
722 261
640 353
640 753
640 526
640 101
640 320
640 910
640 891
640 456
661 867
661 400
661 925
661 370
661 330
661 597
661 610
661 55
958 869
958 666
958 8
958 823
958 184
958 249
187 627
187 974
187 366
187 569
187 196
187 377
187 129
837 140
837 4
837 288
837 617
837 359
837 71
837 787
71 617
71 359
71 570
71 138
71 753
71 4
71 140
891 456
891 320
891 526
891 910
891 101
491 346
491 91
491 510
491 186
491 460
491 137
423 533
423 713
423 306
423 327
423 988
423 565
423 337
555 36
555 9
555 796
555 396
106 942
106 377
106 20
106 11
106 196
106 745
106 337
848 904
848 769
848 104
848 485
848 194
848 950
301 913
301 612
301 690
301 653
301 495
301 142
301 418
301 739
306 533
306 565
306 988
306 796
306 713
306 584
319 444
319 625
319 710
319 186
319 828
319 92
319 571
319 708
319 872
608 277
608 141
608 578
608 651
608 9
608 857
608 401
608 732
165 692
165 877
165 934
165 250
165 540
165 812
165 121
165 635
381 561
381 863
381 141
381 924
381 986
376 441
376 991
376 914
376 541
376 770
376 212
830 949
830 171
830 726
830 469
830 158
830 970
830 650
830 348
969 800
969 0
969 507
969 445
969 335
73 576
73 644
73 46
73 894
73 573
73 229
73 223
73 800
563 541
563 245
563 829
563 342
563 455
480 450
480 992
480 516
480 471
480 923
480 386
480 38
480 285
89 34
89 955
89 616
89 171
89 836
89 159
89 534
171 884
171 955
171 836
171 34
171 616
171 137
317 308
317 682
317 632
317 450
162 448
162 737
162 957
162 718
162 791
162 369
162 822
162 998
162 559
162 645
268 768
268 553
268 568
268 351
268 223
268 259
268 543
248 859
248 169
248 149
248 433
248 855
248 530
248 457
271 134
271 600
271 939
271 964
271 286
271 358
74 492
74 430
74 734
74 54
74 609
74 913
74 639
74 18
74 324
155 546
155 618
155 10
155 406
155 261
94 350
94 866
94 356
94 990
94 496
94 325
94 777
743 673
743 193
743 93
743 133
743 946
743 143
743 166
589 797
589 32
589 63
589 688
589 664
589 371
589 88
589 357
492 295
492 232
492 430
492 787
492 990
492 378
492 356
404 604
404 425
404 766
404 85
564 707
564 644
564 758
564 702
564 103
564 763
564 292
157 326
157 693
157 212
157 681
157 843
157 153
157 70
157 164
166 133
166 193
166 103
166 525
166 888
166 93
166 50
368 733
368 769
368 962
368 122
368 986
368 896
181 635
181 730
181 52
181 102
181 264
181 202
181 158
523 671
523 501
523 953
523 744
523 980
523 882
795 691
795 954
795 345
795 667
795 255
795 332
795 669
795 757
580 503
580 585
580 38
580 351
580 728
580 321
580 543
637 170
637 821
637 826
637 194
637 881
637 902
637 127
739 586
739 711
739 161
739 833
739 457
739 158
739 549
510 158
510 206
510 465
510 420
510 108
510 460
510 68
639 609
639 734
639 932
472 205
472 274
472 742
472 912
472 233
472 72
793 11
793 6
793 691
793 410
793 122
793 720
860 776
860 944
860 989
860 289
860 675
860 298
860 647
158 180
158 108
158 859
158 911
158 206
633 629
633 283
633 1
633 504
633 854
633 288
633 738
378 903
378 650
378 683
378 355
378 309
378 232
102 635
102 600
102 234
102 134
102 964
196 355
196 209
196 607
196 232
196 490
868 757
868 341
868 338
868 777
868 809
868 50
868 595
914 218
914 770
914 751
914 441
914 541
338 792
338 670
338 494
338 98
113 919
113 305
113 163
113 856
113 489
113 808
113 915
357 88
357 797
357 32
357 688
357 751
357 907
357 371
357 664
671 131
671 953
671 980
671 501
671 400
750 295
750 115
750 188
750 992
750 607
750 804
690 377
690 974
690 238
690 625
690 815
690 330
690 610
763 707
763 292
763 702
763 758
763 957
763 103
763 847
875 528
875 154
875 591
875 519
875 841
875 850
875 727
632 573
632 64
632 243
632 455
632 682
632 450
632 884
632 826
758 292
758 968
758 702
758 103
758 707
758 562
530 786
530 495
530 139
530 119
530 694
799 670
799 217
799 754
799 327
799 457
799 850
799 6
199 411
199 237
199 152
199 219
199 349
199 964
199 549
876 11
876 60
876 52
876 542
876 167
647 776
647 675
647 3
647 289
647 944
37 33
37 714
37 110
37 217
37 670
37 649
585 321
585 137
585 955
585 728
585 314
585 503
768 223
768 945
768 553
768 568
768 156
804 733
804 295
804 188
804 115
584 327
584 859
584 565
584 988
584 713
584 533
152 587
152 775
152 349
152 411
152 549
997 581
997 534
997 175
997 560
997 390
997 69
997 791
919 163
919 442
919 489
919 305
919 808
919 964
919 414
664 371
664 688
664 797
664 88
664 63
664 32
769 962
769 243
769 986
769 733
656 811
656 481
656 98
656 14
656 484
656 348
265 956
265 869
265 721
265 921
265 403
265 180
99 956
99 723
99 552
99 660
99 710
99 132
118 354
118 433
118 700
118 979
118 486
118 766
118 176
550 620
550 801
550 141
550 215
550 412
550 810
167 52
167 542
167 612
167 615
167 208
167 678
167 204
412 251
412 889
412 638
412 54
291 128
291 490
291 709
291 748
291 383
707 551
707 702
707 968
707 334
707 292
707 812
707 103
833 745
833 962
833 689
833 761
833 479
833 34
833 827
833 753
828 906
828 979
828 444
828 91
828 529
828 872
828 625
828 571
894 229
894 159
894 46
894 370
894 576
239 587
239 443
239 83
239 612
239 922
239 775
183 887
183 473
183 447
183 182
183 353
183 746
183 613
708 872
708 571
708 699
708 218
708 444
708 91
708 911
708 625
887 827
887 613
887 746
887 182
887 473
887 353
128 383
128 490
128 709
128 225
312 363
312 261
312 370
312 364
312 666
312 872
312 649
312 274
442 489
442 675
442 930
442 13
442 725
442 163
442 678
889 638
889 933
889 956
889 54
889 251
889 915
610 446
610 330
610 247
610 841
610 713
610 55
559 737
559 822
559 499
559 998
559 645
559 448
559 957
210 314
210 731
210 979
210 723
210 427
210 547
210 7
731 295
731 461
731 7
731 547
292 145
292 702
292 895
292 923
785 135
785 35
785 342
785 662
785 928
489 557
489 808
489 305
489 252
489 163
826 147
826 512
826 174
826 821
826 414
826 718
826 752
682 308
682 450
682 847
682 111
726 561
726 469
726 970
726 554
726 644
726 718
726 949
186 212
186 599
186 936
186 346
819 406
819 466
819 911
819 962
819 234
819 39
356 751
356 372
356 838
356 521
356 801
356 115
970 469
970 60
970 650
970 194
970 949
373 343
373 760
373 402
373 264
373 175
373 522
623 325
623 548
623 174
623 764
623 125
623 339
623 780
623 529
710 132
710 573
710 467
710 723
710 176
710 552
946 93
946 869
946 133
946 989
946 143
946 601
946 673
946 193
9 269
9 796
9 730
9 578
434 703
434 895
434 941
434 925
434 930
434 853
434 226
782 418
782 259
782 888
782 653
782 142
782 740
782 890
525 499
525 888
525 858
525 100
525 96
525 577
525 420
525 484
900 169
900 977
900 138
900 149
900 286
890 888
890 345
890 418
890 653
890 740
890 259
890 142
395 754
395 122
395 444
395 554
395 226
395 189
395 602
395 561
193 133
193 93
193 673
193 143
587 775
587 944
587 862
587 524
374 299
374 683
374 724
374 207
374 493
922 845
922 939
922 443
922 83
405 107
405 849
405 695
405 87
501 408
501 882
501 980
501 744
501 953
347 137
347 63
347 867
347 88
347 421
347 13
169 149
169 286
169 977
169 855
568 553
568 543
568 351
568 877
568 223
390 560
390 132
390 562
390 581
390 69
390 534
915 645
915 933
915 638
915 737
915 251
915 54
688 32
688 797
688 371
688 88
688 548
0 335
0 720
0 445
0 455
0 800
0 6
0 507
503 321
503 925
503 728
911 406
911 234
911 466
238 757
238 845
238 896
238 557
238 449
238 654
560 809
560 482
560 581
560 23
560 595
560 711
164 70
164 153
164 681
164 843
164 212
164 326
345 255
345 757
345 954
345 669
345 691
345 667
581 595
581 534
581 69
581 791
600 358
600 964
600 838
600 209
600 134
600 627
912 742
912 372
912 72
912 749
912 205
414 499
414 856
414 504
414 97
414 858
414 39
493 207
493 421
493 299
493 735
493 137
493 440
23 951
23 812
23 660
23 681
23 964
23 956
23 92
23 817
23 519
342 35
342 104
342 928
342 135
342 662
342 32
350 777
350 324
350 131
350 990
350 866
350 325
35 928
35 662
35 124
35 40
35 135
455 121
923 471
923 386
923 516
923 285
923 309
250 457
250 711
250 213
250 245
348 52
348 258
348 811
933 54
933 925
933 251
933 638
218 354
218 456
218 496
218 541
218 443
218 699
41 214
41 872
41 65
41 369
41 160
41 400
41 256
797 88
797 32
797 63
797 371
125 764
125 850
125 339
125 529
125 548
125 308
125 174
753 159
753 617
753 755
753 68
753 138
326 693
326 153
326 50
326 681
326 843
326 70
110 217
110 670
110 620
110 810
110 649
110 906
110 321
364 930
364 546
364 309
364 992
364 261
815 813
815 996
815 13
815 775
815 462
815 211
233 72
233 823
233 331
471 38
471 285
471 386
471 516
471 258
65 653
65 214
65 256
65 369
69 791
69 829
69 595
69 283
653 142
653 888
653 418
653 50
653 740
764 553
764 529
764 780
764 548
764 850
764 339
116 98
116 494
116 792
825 261
825 874
825 976
825 269
479 742
479 745
479 827
479 334
479 689
479 761
214 256
214 613
214 369
888 142
888 259
485 194
485 902
485 950
485 904
485 748
882 569
882 744
882 111
45 208
45 467
45 678
45 714
45 687
45 283
45 33
477 651
477 667
578 857
578 732
578 277
578 132
711 586
711 457
711 245
662 135
662 928
662 124
283 87
283 629
283 504
283 97
283 288
305 163
305 808
305 528
52 542
52 508
52 60
372 197
372 952
372 107
372 161
372 466
2 951
2 269
2 660
2 124
2 437
2 817
551 267
551 34
551 307
551 75
551 222
775 349
775 131
775 549
775 411
36 796
36 812
36 433
36 849
36 396
549 349
549 411
549 50
425 766
425 85
425 924
425 604
175 343
175 760
175 402
175 522
175 264
829 245
829 783
829 396
829 40
133 673
133 143
133 93
133 103
849 247
849 695
957 645
957 822
957 448
957 737
108 465
108 420
108 68
108 460
108 92
108 206
108 877
667 101
667 954
667 669
667 757
667 533
667 691
355 209
355 232
725 332
725 786
725 615
725 13
337 285
337 377
337 147
337 386
904 761
904 122
904 950
40 562
40 968
40 942
40 20
3 324
3 445
3 289
3 298
3 956
383 748
383 709
383 490
770 991
770 541
770 441
770 787
907 755
907 862
907 178
907 851
30 215
30 11
30 190
30 932
30 97
147 512
147 752
147 718
147 363
147 821
147 377
635 787
635 934
635 859
635 877
174 780
174 20
174 363
174 548
738 504
738 936
738 452
738 854
738 97
738 533
738 213
554 561
554 602
554 482
554 189
554 806
730 10
730 202
730 597
429 433
429 751
429 700
429 341
429 809
429 733
429 176
429 486
964 134
964 358
135 928
135 124
867 402
867 55
867 446
867 597
867 427
867 330
867 247
748 225
748 709
748 990
838 154
838 627
838 234
838 134
838 182
838 751
838 358
720 521
720 75
720 410
720 6
486 176
486 433
486 700
486 153
618 10
618 546
618 261
728 351
728 321
728 543
728 496
808 83
808 418
808 163
732 401
732 156
732 277
732 857
732 950
18 451
18 989
18 87
18 521
18 601
264 111
264 760
264 522
644 243
644 246
262 755
262 998
262 255
262 449
262 403
571 872
571 121
571 444
571 625
571 104
571 699
542 883
542 508
542 60
854 1
854 288
854 629
854 504
934 121
934 437
934 877
217 649
217 906
217 670
217 821
217 925
31 309
31 410
31 19
31 243
31 72
823 8
823 249
823 184
823 331
760 402
760 522
760 343
204 64
204 687
204 427
204 424
204 650
751 213
465 206
465 92
465 460
465 68
465 420
526 101
526 456
526 320
526 910
757 954
757 691
757 669
757 255
988 565
988 533
988 327
107 444
107 841
107 695
939 443
939 845
939 83
137 63
137 874
921 6
921 721
921 180
921 237
921 856
921 913
252 612
252 132
252 573
252 20
252 723
252 552
202 909
202 263
202 145
524 557
524 104
524 896
524 654
251 54
251 956
251 638
896 654
896 557
896 449
991 307
991 615
991 541
991 441
991 616
577 100
577 858
577 783
577 258
577 96
577 507
945 792
945 91
945 613
945 309
945 494
7 461
7 547
7 481
7 64
249 8
249 184
249 11
591 234
591 534
591 727
591 841
591 528
180 403
180 721
543 351
735 138
735 949
735 142
735 421
735 447
50 124
50 481
50 650
269 260
269 783
950 104
950 441
143 93
143 673
320 910
320 456
320 132
320 101
363 512
363 821
363 780
822 197
822 645
822 448
822 737
48 540
48 39
48 883
48 354
48 987
843 153
843 693
843 681
843 70
576 229
576 370
576 46
576 274
786 411
786 495
786 694
327 11
327 533
330 247
330 446
330 597
330 55
370 46
370 274
370 229
19 776
19 461
19 289
19 944
19 718
263 145
263 952
263 909
951 817
951 660
951 437
776 289
776 944
776 675
776 298
548 529
548 339
548 553
703 853
703 226
703 930
703 752
703 895
895 702
895 853
895 226
895 941
207 299
207 724
207 421
207 683
841 154
841 68
142 418
142 740
913 609
913 962
913 324
913 721
913 734
215 620
215 810
215 694
490 709
908 228
908 500
908 744
908 260
908 240
908 756
190 932
617 140
617 4
617 138
617 446
609 651
609 447
609 734
609 324
721 60
72 205
72 742
72 702
72 796
39 987
39 354
39 401
462 996
462 813
462 228
780 339
780 529
675 298
675 289
675 430
675 944
131 325
131 777
131 866
131 936
170 297
170 902
170 650
170 881
170 127
737 645
737 448
755 178
755 403
755 862
755 851
570 14
570 188
570 245
692 805
692 424
692 977
692 314
692 427
853 930
853 226
853 941
858 100
858 258
858 96
858 349
683 903
683 299
683 724
504 629
504 324
504 97
159 34
159 616
159 426
796 396
298 289
298 944
845 443
46 229
46 274
46 884
426 205
426 877
426 255
976 874
132 552
132 723
734 149
734 324
863 924
863 529
863 141
359 140
359 4
625 91
625 243
625 872
625 699
812 260
812 212
129 569
129 366
129 974
129 824
129 481
874 267
874 612
761 745
761 334
761 689
691 669
714 678
714 208
714 467
714 33
746 473
746 353
746 528
746 182
516 386
516 285
153 681
153 70
153 512
240 228
240 565
240 756
240 500
597 55
597 247
597 331
111 507
111 197
111 335
482 602
482 189
482 806
482 561
189 754
189 806
189 602
277 401
277 857
277 884
777 866
777 990
777 325
307 205
307 222
307 75
307 267
371 75
371 88
286 855
286 977
228 500
228 756
742 205
742 980
552 723
552 100
552 197
942 968
942 20
259 740
259 752
259 418
197 473
197 448
197 219
197 645
211 104
211 996
211 160
211 32
850 447
850 403
93 673
93 806
93 424
522 402
522 85
522 343
974 824
974 366
974 377
974 569
791 595
791 534
586 883
586 232
586 457
586 954
805 424
805 314
805 427
403 255
403 766
810 620
810 645
810 801
627 134
627 358
13 54
13 469
13 473
13 119
512 400
512 718
512 752
512 821
528 980
528 519
561 602
941 702
941 386
941 226
821 752
821 718
821 649
980 97
980 953
10 546
10 261
140 4
140 787
140 495
243 986
243 616
8 331
8 427
8 184
410 122
410 6
206 92
206 460
206 68
206 420
654 557
654 449
324 749
87 451
87 989
87 601
87 521
953 260
953 744
237 930
237 212
897 150
897 394
897 666
267 75
366 481
366 824
366 749
494 98
494 792
499 484
194 650
68 420
68 460
507 335
507 445
507 800
6 952
297 839
297 881
297 321
297 127
127 839
127 902
127 881
396 783
956 225
285 386
285 38
223 553
612 64
4 138
4 787
91 245
91 346
473 182
473 353
569 481
718 752
856 341
856 97
954 669
954 394
954 936
903 809
903 724
903 341
134 358
443 83
469 949
469 650
219 992
219 452
219 43
219 616
406 496
406 962
406 234
406 466
339 529
800 445
800 335
400 813
55 446
55 247
178 862
178 851
288 629
288 1
247 446
32 63
540 353
540 121
208 678
208 33
208 467
208 727
20 968
836 847
836 955
836 452
836 484
847 308
847 855
256 369
33 678
33 156
602 754
602 806
83 418
962 234
616 34
694 139
694 495
694 119
331 955
331 184
451 521
451 601
909 145
909 1
909 952
334 745
334 827
334 689
607 115
866 325
866 699
855 122
855 977
447 979
447 138
447 859
353 613
353 182
437 660
437 817
745 689
745 827
341 809
989 601
989 521
119 156
122 944
817 660
990 325
100 96
700 979
700 176
881 902
881 839
354 987
604 85
670 649
670 906
827 689
902 839
910 156
910 1
440 669
121 877
678 467
521 601
733 986
408 14
408 139
408 505
408 879
977 149
226 859
448 645
446 332
156 857
156 613
699 872
924 141
666 394
495 673
613 979
547 461
681 693
681 70
936 869
936 599
299 421
299 724
188 115
188 295
500 756
500 883
101 456
505 879
813 996
801 620
565 713
343 402
460 246
460 420
401 857
441 541
64 452
693 70
952 145
1 562
1 727
557 449
968 562
332 752
332 11
792 98
246 811
754 806
883 150
96 258
727 154
519 154
749 562
811 245
308 176
150 394
687 314
851 862
213 695
258 508
43 452
424 314
314 427
928 124
879 139
879 14
649 906
