73 53
73 230
73 337
73 383
73 951
73 666
73 756
73 405
73 400
73 918
627 32
627 417
627 585
627 159
627 354
627 275
627 724
627 825
627 788
627 460
513 69
513 951
513 459
513 59
513 503
513 648
513 953
513 800
513 660
513 445
899 849
899 581
899 179
899 525
899 457
899 451
899 255
899 478
899 606
899 494
265 654
265 707
265 376
265 437
265 49
265 931
265 70
265 336
265 643
265 252
797 853
797 878
797 284
797 675
797 897
797 963
797 796
797 397
797 452
797 314
489 419
489 697
489 57
489 839
489 710
489 740
489 476
489 529
489 17
489 680
727 812
727 876
727 174
727 638
727 59
727 804
727 834
727 560
727 774
727 901
332 987
332 762
332 773
332 34
332 611
332 188
332 782
332 420
332 345
332 524
743 503
743 664
743 660
743 50
743 953
743 250
743 59
743 69
743 800
743 323
596 359
596 590
596 278
596 399
596 752
596 305
596 170
596 459
596 610
596 996
789 637
789 836
789 902
789 597
789 351
789 860
789 333
789 997
789 138
789 950
771 254
771 243
771 736
771 775
771 501
771 257
771 320
771 992
771 391
771 162
790 386
790 885
790 548
790 652
790 370
790 877
790 470
790 879
790 565
790 841
922 625
922 10
922 205
922 544
922 342
922 464
922 363
922 242
922 891
922 20
959 71
959 78
959 188
959 762
959 644
959 103
959 524
959 957
959 753
959 390
182 43
182 185
182 347
182 341
182 728
182 977
182 810
182 937
182 12
182 269
920 624
920 655
920 225
920 283
920 118
920 988
920 302
920 12
920 488
920 66
167 636
167 608
167 720
167 547
167 38
167 796
167 12
167 559
167 735
167 543
621 80
621 915
621 494
621 927
621 365
621 439
621 757
621 189
621 599
621 51
967 382
967 945
967 75
967 396
967 722
967 711
967 579
967 257
967 15
967 104
304 968
304 394
304 45
304 16
304 358
304 581
304 720
304 384
304 60
304 416
802 225
802 92
802 852
802 491
802 8
802 981
802 729
802 486
802 448
802 474
813 344
813 56
813 699
813 588
813 289
813 607
813 165
813 463
813 287
813 946
908 464
908 428
908 10
908 375
908 591
908 498
908 606
908 906
908 963
908 798
31 215
31 936
31 552
31 941
31 933
31 783
31 864
31 115
31 605
31 538
872 730
872 372
872 242
872 928
872 264
872 254
872 721
872 619
872 834
872 174
191 530
191 305
191 249
191 590
191 401
191 996
191 309
191 610
191 170
191 359
861 568
861 284
861 481
861 177
861 791
861 515
861 488
861 413
861 276
861 974
499 669
499 787
499 614
499 674
499 236
499 246
499 829
499 237
499 990
499 120
977 269
977 810
977 341
977 185
977 937
977 43
977 347
977 923
977 990
80 915
80 409
80 439
80 51
80 189
80 927
80 757
80 365
80 599
993 34
993 507
993 340
993 904
993 814
993 682
993 232
993 504
993 822
993 296
140 437
140 252
140 336
140 224
140 699
140 595
140 901
140 200
140 643
140 49
815 603
815 709
815 87
815 101
815 242
815 628
815 326
815 245
815 108
815 382
630 470
630 975
630 383
630 240
630 427
630 21
630 453
630 408
630 96
630 450
679 241
679 862
679 704
679 791
679 9
679 673
679 794
679 63
679 863
679 763
327 136
327 168
327 707
327 811
327 924
327 208
327 285
327 421
327 266
327 969
641 741
641 561
641 689
641 898
641 95
641 785
641 508
641 299
641 160
641 395
146 292
146 134
146 867
146 510
146 671
146 282
146 339
146 578
146 772
146 947
566 10
566 782
566 585
566 247
566 573
566 350
566 444
566 914
566 696
566 173
480 807
480 4
480 504
480 89
480 497
480 714
480 367
480 288
480 467
480 378
856 323
856 340
856 935
856 106
856 87
856 603
856 101
856 709
856 906
856 949
6 362
6 539
6 978
6 84
6 523
6 994
6 131
6 383
6 307
6 35
583 116
583 868
583 938
583 372
583 586
583 357
583 600
583 869
583 821
583 998
688 212
688 519
688 365
688 18
688 377
688 267
688 315
688 295
688 659
688 318
980 507
980 845
980 649
980 205
980 117
980 755
980 23
980 974
980 226
980 809
319 190
319 443
319 281
319 656
319 106
319 447
319 576
319 181
319 587
319 388
349 691
349 147
349 76
349 24
349 913
349 398
349 965
349 130
349 577
349 966
263 299
263 127
263 188
263 785
263 95
263 547
263 395
263 219
263 689
263 160
454 775
454 787
454 752
454 446
454 278
454 399
454 171
454 246
454 120
454 364
361 776
361 598
361 220
361 135
361 430
361 410
361 382
361 635
361 954
361 65
760 781
760 253
760 107
760 551
760 525
760 751
760 832
760 90
760 260
760 896
567 910
567 58
567 183
567 462
567 206
567 69
567 378
567 37
567 646
567 192
865 983
865 121
865 970
865 665
865 911
865 67
865 163
865 271
865 745
865 230
61 102
61 301
61 443
61 669
61 798
61 150
61 652
61 548
61 343
61 826
553 573
553 145
553 746
553 41
553 853
553 542
553 350
553 90
553 540
553 247
701 644
701 774
701 150
701 876
701 796
701 174
701 638
701 560
701 270
701 804
201 530
201 900
201 644
201 408
201 528
201 646
201 124
201 992
201 776
201 426
515 851
515 431
515 109
515 836
515 481
515 284
515 428
515 276
515 436
748 898
748 588
748 689
748 463
748 287
748 946
748 344
748 764
748 165
748 699
913 449
913 249
913 949
913 398
913 966
913 156
913 147
913 577
913 530
604 368
604 765
604 392
604 12
604 774
604 918
604 312
604 620
604 563
604 161
868 170
868 706
868 597
868 372
868 482
868 869
868 998
868 938
868 116
658 526
658 295
658 874
658 884
658 213
658 569
658 866
658 668
658 148
658 595
875 626
875 155
875 159
875 573
875 964
875 321
875 745
875 57
875 661
875 461
262 919
262 79
262 574
262 795
262 850
262 164
262 440
262 592
262 149
262 21
518 737
518 498
518 676
518 82
518 441
518 128
518 211
518 854
518 667
518 296
572 687
572 294
572 314
572 704
572 675
572 452
572 335
572 878
572 897
572 397
94 371
94 450
94 41
94 505
94 792
94 754
94 814
94 355
94 930
94 747
244 223
244 708
244 48
244 903
244 936
244 274
244 33
244 782
244 129
244 60
285 969
285 208
285 533
285 500
285 168
285 421
285 811
285 924
285 707
778 15
778 338
778 821
778 334
778 960
778 886
778 719
778 269
778 43
778 937
744 340
744 531
744 805
744 86
744 926
744 601
744 788
744 995
744 214
744 504
808 150
808 453
808 102
808 669
808 556
808 343
808 541
808 987
808 124
808 47
819 517
819 801
819 471
819 79
819 390
819 283
819 615
819 70
819 840
819 823
85 953
85 425
85 478
85 57
85 918
85 195
85 563
85 731
85 765
85 620
424 472
424 767
424 833
424 259
424 256
424 678
424 458
424 122
424 172
424 511
114 543
114 284
114 495
114 735
114 364
114 438
114 103
114 78
114 212
114 382
896 97
896 720
896 260
896 732
896 195
896 253
896 608
896 57
896 354
141 609
141 26
141 684
141 916
141 602
141 324
141 45
141 331
141 72
141 216
999 157
999 37
999 377
999 527
999 192
999 58
999 206
999 533
999 256
999 932
81 925
81 158
81 434
81 562
81 766
81 300
81 522
81 888
81 560
81 740
719 251
719 695
719 338
719 64
719 617
719 414
719 880
719 67
719 119
72 830
72 38
72 98
72 26
72 324
72 962
72 216
72 331
72 602
39 318
39 704
39 745
39 964
39 155
39 97
39 645
39 321
39 626
39 793
722 75
722 945
722 15
722 104
722 711
722 53
722 396
722 142
722 523
381 650
381 328
381 892
381 817
381 693
381 446
381 909
381 217
381 209
381 600
422 976
422 113
422 820
422 750
422 274
422 356
422 123
422 204
422 62
422 616
45 792
45 841
45 605
45 581
45 370
45 877
45 565
45 148
110 699
110 34
110 793
110 423
110 710
110 859
110 484
110 956
110 960
110 742
373 726
373 258
373 784
373 351
373 205
373 716
373 564
373 983
373 271
373 906
93 179
93 367
93 779
93 497
93 214
93 89
93 714
93 284
93 4
93 467
203 939
203 428
203 53
203 591
203 375
203 35
203 963
203 27
203 177
203 564
537 943
537 690
537 886
537 958
537 54
537 393
537 411
537 313
537 462
537 403
444 10
444 475
444 836
444 293
444 88
444 218
444 279
444 2
444 800
663 65
663 29
663 220
663 135
663 635
663 429
663 747
663 954
663 410
663 430
950 597
950 405
950 333
950 138
950 67
950 836
950 902
950 637
950 997
157 37
157 183
157 58
157 807
157 462
157 374
157 932
157 192
157 206
835 521
835 289
835 194
835 286
835 829
835 199
835 273
835 738
835 692
835 288
112 205
112 363
112 544
112 342
112 464
112 10
112 891
112 20
112 281
112 322
540 145
540 624
540 573
540 247
540 350
540 77
540 697
540 41
540 542
95 204
95 731
95 761
95 127
95 785
95 689
95 395
95 299
126 979
126 485
126 830
126 222
126 661
126 648
126 54
126 225
126 386
126 986
209 892
209 909
209 364
209 217
209 817
209 552
209 224
209 650
209 328
291 91
291 435
291 83
291 612
291 955
291 273
291 369
291 818
291 639
291 786
542 746
542 173
542 350
542 247
542 245
542 145
542 853
542 697
315 389
315 758
315 427
315 432
315 377
315 519
315 18
315 318
315 487
409 51
409 599
409 98
409 757
409 458
409 915
409 927
409 189
409 439
534 643
534 49
534 707
534 252
534 605
534 437
534 336
534 538
534 159
534 376
221 306
221 623
221 488
221 932
221 420
221 21
221 298
221 62
221 60
221 206
712 975
712 87
712 867
712 270
712 290
712 579
712 96
712 674
712 611
712 343
620 312
620 918
620 161
620 765
620 563
620 195
620 858
620 392
717 710
717 404
717 781
717 839
717 419
717 769
717 506
717 529
717 17
717 965
812 746
812 538
812 90
812 496
812 914
812 889
812 632
812 382
812 843
887 767
887 508
887 290
887 844
887 847
887 279
887 138
887 248
887 330
887 55
803 753
803 510
803 71
803 292
803 339
803 309
803 671
803 282
803 458
803 762
838 352
838 987
838 238
838 37
838 132
838 310
838 900
838 702
838 46
838 773
668 490
668 245
668 884
668 866
668 526
668 569
668 595
668 874
668 213
879 431
879 370
879 841
879 207
879 885
879 652
879 877
879 481
879 548
30 187
30 928
30 449
30 624
30 330
30 958
30 769
30 607
30 240
30 294
622 623
622 77
622 298
622 772
622 883
622 659
622 788
622 413
622 159
622 295
145 697
145 853
145 350
145 247
145 867
145 573
145 173
609 512
609 916
609 26
609 331
609 684
609 98
609 216
609 324
609 602
210 433
210 541
210 842
210 944
210 442
210 56
210 549
210 731
210 550
210 402
445 661
445 222
445 28
445 660
445 648
445 978
445 514
445 979
445 830
22 432
22 828
22 726
22 198
22 857
22 239
22 466
22 800
22 713
22 570
623 905
623 298
623 607
623 982
623 165
623 942
623 100
623 222
76 147
76 24
76 386
76 130
76 577
76 691
76 966
76 846
76 398
859 742
859 423
859 546
859 217
859 956
859 793
859 358
859 531
859 962
198 570
198 187
198 814
198 906
198 853
198 726
198 713
198 828
198 700
557 831
557 329
557 715
557 639
557 368
557 588
557 587
557 83
557 91
557 435
903 782
903 933
903 33
903 60
903 48
903 274
903 723
903 129
903 708
197 325
197 580
197 594
197 493
197 465
197 637
197 52
197 653
197 940
197 558
331 684
331 602
331 324
331 916
331 26
331 98
331 216
725 904
725 133
725 901
725 811
725 707
725 545
725 105
725 931
725 654
725 184
109 276
109 851
109 224
109 436
109 284
109 431
109 841
109 481
109 68
255 849
255 3
255 457
255 763
255 179
255 451
255 478
255 606
255 494
642 165
642 367
642 615
642 307
642 885
642 714
642 974
642 48
642 329
642 779
718 272
718 237
718 11
718 816
718 144
718 233
718 768
718 890
718 26
718 200
62 113
62 469
62 750
62 356
62 123
62 976
62 820
62 118
143 506
143 412
143 739
143 202
143 496
143 889
143 733
143 914
143 38
143 948
825 417
825 524
825 477
825 354
825 437
825 235
825 605
825 32
825 585
839 680
839 965
839 476
839 419
839 17
839 506
839 990
839 529
184 316
184 694
184 68
184 843
184 193
184 390
184 822
184 770
184 705
779 367
779 4
779 635
779 467
779 329
779 714
779 50
779 89
640 511
640 807
640 805
640 694
640 799
640 678
640 650
640 610
640 472
640 172
793 423
793 962
793 956
793 204
793 358
793 546
793 742
54 575
54 582
54 231
54 690
54 313
54 485
54 986
54 403
440 11
440 592
440 79
440 741
440 242
440 183
440 283
440 471
440 823
601 926
601 531
601 214
601 682
601 507
601 340
601 995
601 86
601 232
521 288
521 738
521 194
521 829
521 991
521 289
521 692
521 286
521 3
549 550
549 944
549 842
549 402
549 56
549 433
549 796
549 442
549 541
36 204
36 466
36 670
36 828
36 570
36 423
36 239
36 726
36 857
36 713
800 664
800 69
800 503
800 953
800 59
800 364
27 177
27 939
27 413
27 266
27 923
27 906
27 345
27 801
27 883
691 398
691 902
691 147
691 130
691 966
691 846
691 386
691 555
731 492
731 910
731 526
731 550
731 921
731 79
731 238
25 173
25 512
25 3
25 697
25 275
25 180
25 354
25 186
25 296
25 134
907 510
907 878
907 897
907 117
907 53
907 314
907 590
907 687
907 560
907 971
360 479
360 40
360 1
360 427
360 418
360 261
360 827
360 468
360 657
360 881
631 153
631 661
631 873
631 985
631 152
631 456
631 227
631 387
631 7
631 764
13 227
13 726
13 757
13 892
13 356
13 853
13 281
13 51
13 462
13 206
35 994
35 428
35 978
35 131
35 307
35 539
35 84
35 523
353 241
353 495
353 705
353 625
353 715
353 616
353 41
353 508
353 634
353 647
857 821
857 828
857 402
857 713
857 726
857 466
857 351
857 239
894 794
894 837
894 384
894 685
894 275
894 416
894 394
894 16
894 649
894 510
952 462
952 406
952 155
952 960
952 745
952 148
952 645
952 321
952 550
952 917
434 522
434 562
434 888
434 77
434 925
434 740
434 306
434 300
434 766
5 796
5 934
5 70
5 443
5 388
5 447
5 56
5 517
5 656
5 181
524 71
524 103
524 297
524 957
524 762
524 78
524 217
82 296
82 854
82 676
82 257
82 211
82 737
82 667
82 128
82 498
181 388
181 190
181 447
181 656
181 443
181 106
181 576
181 934
781 260
781 107
781 253
781 551
781 832
781 525
781 751
781 380
371 224
371 792
371 814
371 368
371 754
371 355
371 505
371 904
371 930
739 66
739 988
739 47
739 118
739 302
739 657
739 733
739 655
739 624
1 479
1 40
1 261
1 468
1 881
1 827
1 703
1 427
1 522
940 653
940 465
940 52
940 580
940 460
940 325
940 493
940 48
940 594
178 710
178 530
178 276
178 282
178 659
178 295
178 934
178 853
178 656
178 129
344 219
344 395
344 165
344 588
344 463
344 699
344 946
344 287
563 392
563 161
563 195
563 918
563 57
563 765
563 312
680 728
680 469
680 965
680 710
680 476
680 506
680 17
680 419
461 155
461 44
461 745
461 626
461 917
461 645
461 321
461 693
461 964
632 948
632 958
632 441
632 531
632 412
632 733
632 202
632 889
632 496
111 266
111 404
111 449
111 734
111 346
111 700
111 697
111 629
111 724
111 176
519 389
519 432
519 758
519 18
519 89
519 318
519 267
519 487
405 625
405 19
405 535
405 500
405 91
405 972
405 561
405 333
737 441
737 498
737 724
737 211
737 667
737 128
737 510
737 296
88 293
88 2
88 280
88 677
88 407
88 218
88 618
88 475
88 137
801 823
801 70
801 79
801 895
801 283
801 615
801 979
801 517
429 29
429 635
429 954
429 410
429 220
429 438
429 135
429 430
429 65
229 337
229 777
229 400
229 951
229 536
229 516
229 666
229 151
229 756
229 406
511 256
511 172
511 458
511 472
511 871
511 122
511 57
511 678
341 137
341 43
341 347
341 185
341 269
341 733
341 695
341 937
752 305
752 590
752 446
752 775
752 364
752 399
752 459
752 278
387 351
387 231
387 855
387 227
387 985
387 764
387 741
387 644
387 873
555 276
555 568
555 946
555 130
555 238
555 436
555 481
555 837
555 233
681 379
681 57
681 665
681 403
681 575
681 870
681 986
681 895
681 323
681 582
290 279
290 767
290 847
290 844
290 330
290 55
290 248
290 508
935 101
935 628
935 108
935 709
935 48
935 326
935 603
935 87
935 517
696 238
696 735
696 608
696 297
696 693
696 543
696 996
696 720
696 636
931 473
931 904
931 133
931 376
931 654
931 545
931 418
931 105
968 685
968 508
968 503
968 837
968 794
968 394
968 416
968 581
968 16
535 160
535 166
535 154
535 228
535 500
535 19
535 855
535 311
535 972
788 77
788 816
788 86
788 159
788 659
788 295
788 188
919 592
919 435
919 850
919 574
919 149
919 396
919 128
919 303
919 667
804 901
804 774
804 638
804 834
804 545
804 560
804 876
804 270
366 589
366 860
366 99
366 584
366 893
366 971
366 910
366 593
366 357
366 53
930 775
930 450
930 814
930 355
930 224
930 505
930 792
930 754
264 174
264 470
264 453
264 721
264 730
264 834
264 171
264 415
264 780
653 594
653 493
653 465
653 558
653 580
653 527
653 325
653 52
634 647
634 398
634 495
634 293
634 41
634 338
634 225
634 241
634 199
981 241
981 41
981 448
981 729
981 486
981 474
981 491
981 225
981 92
734 176
734 346
734 724
734 250
734 890
734 746
734 629
734 404
734 700
142 396
142 769
142 945
142 538
142 15
142 104
142 844
142 414
142 711
929 501
929 320
929 254
929 379
929 162
929 74
929 139
929 736
929 243
929 391
164 149
164 592
164 795
164 303
164 574
164 824
164 850
164 991
164 21
741 138
741 79
741 840
741 471
741 823
741 283
741 11
928 187
928 323
928 710
928 240
928 294
928 597
928 607
928 619
116 357
116 411
116 869
116 998
116 372
116 586
116 821
116 938
876 901
876 834
876 882
876 774
876 638
876 270
876 560
314 897
314 687
314 675
314 975
314 452
314 335
314 878
120 455
120 787
120 614
120 829
120 236
120 990
120 674
120 171
473 105
473 133
473 904
473 654
473 545
473 418
473 180
473 68
473 616
512 516
512 917
512 41
512 103
512 738
512 482
512 375
512 602
997 836
997 34
997 138
997 333
997 312
997 577
997 522
997 257
768 816
768 404
768 272
768 200
768 237
768 625
768 144
768 889
768 233
923 458
923 208
923 759
923 345
923 611
923 533
923 559
923 924
474 852
474 8
474 486
474 225
474 254
474 491
474 448
474 92
476 419
476 506
476 529
476 17
476 710
476 728
476 108
102 330
102 673
102 343
102 826
102 150
102 607
102 669
102 301
833 871
833 807
833 256
833 122
833 458
833 172
833 259
833 472
833 678
91 435
91 83
91 587
91 831
91 715
91 368
91 639
415 721
415 780
415 834
415 453
415 96
415 98
415 730
415 882
415 470
108 148
108 628
108 101
108 246
108 242
108 603
108 326
355 450
355 505
355 754
355 792
355 814
355 460
355 240
729 225
729 92
729 491
729 761
729 8
729 390
729 241
729 448
954 882
954 29
954 410
954 173
954 430
954 747
954 220
665 970
665 911
665 983
665 873
665 710
665 121
665 163
665 187
946 358
946 699
946 588
946 463
946 287
946 165
305 170
305 590
305 249
305 610
305 401
305 996
305 359
84 393
84 362
84 994
84 978
84 307
84 539
84 131
84 523
412 202
412 90
412 733
412 948
412 914
412 889
412 496
412 747
328 34
328 693
328 892
328 217
328 650
328 817
328 309
328 619
772 611
772 363
772 671
772 947
772 504
772 275
772 292
772 339
455 236
455 674
455 246
455 399
455 212
455 171
455 384
455 787
455 614
584 971
584 589
584 196
584 99
584 893
584 593
584 390
584 860
584 949
207 626
207 465
207 662
207 257
207 538
207 215
207 504
207 103
207 71
253 107
253 551
253 525
253 195
253 751
253 260
253 832
322 342
322 649
322 205
322 363
322 891
322 544
322 281
322 464
322 20
994 131
994 539
994 230
994 978
994 909
994 185
994 307
687 975
687 878
687 897
687 397
687 675
687 335
687 452
826 150
826 68
826 301
826 669
826 330
826 672
826 411
826 343
430 29
430 135
430 65
430 635
430 410
430 220
310 420
310 773
310 987
310 132
310 912
310 46
310 702
310 433
310 352
475 280
475 646
475 446
475 293
475 218
475 618
475 407
475 507
943 338
943 275
943 11
943 487
943 18
943 233
943 378
943 212
943 148
34 309
34 753
34 101
34 296
34 50
941 846
941 783
941 552
941 154
941 215
941 115
941 231
941 864
941 936
268 169
268 156
268 905
268 942
268 78
268 192
268 702
268 672
268 100
268 593
842 273
842 402
842 505
842 944
842 56
842 442
842 236
842 541
125 603
125 818
125 42
125 989
125 949
125 955
125 684
125 554
125 612
125 492
830 222
830 648
830 514
830 661
830 432
830 810
830 979
190 362
190 576
190 447
190 413
190 934
190 106
190 656
190 86
75 595
75 104
75 945
75 769
75 15
75 579
75 711
75 396
420 773
420 132
420 987
420 702
420 257
420 46
420 912
407 218
407 618
407 293
407 2
407 137
407 484
407 280
407 677
893 860
893 196
893 593
893 99
893 971
893 949
893 186
893 589
996 401
996 170
996 590
996 359
996 610
996 249
882 780
882 470
882 834
882 270
882 730
882 721
882 453
425 976
425 306
425 421
425 50
425 747
425 326
425 750
425 469
425 123
947 292
947 339
947 134
947 671
947 282
947 873
947 510
947 169
186 483
186 749
186 502
186 275
186 491
186 578
186 28
186 921
436 276
436 159
436 901
436 851
436 431
436 568
436 481
46 702
46 132
46 352
46 773
46 912
46 987
46 281
133 105
133 545
133 418
133 654
133 904
133 180
133 827
736 162
736 139
736 501
736 775
736 391
736 74
736 243
736 320
78 188
78 762
78 957
78 103
78 175
78 905
362 850
362 523
362 539
362 592
362 669
362 307
362 170
369 786
369 554
369 435
369 989
369 612
369 955
369 818
369 639
369 42
532 240
532 723
532 698
532 961
532 317
532 504
532 982
532 683
532 867
532 348
780 975
780 470
780 453
780 730
780 96
780 589
780 721
232 682
232 214
232 926
232 995
232 628
232 298
232 805
232 531
259 53
259 172
259 807
259 678
259 472
259 871
259 134
259 122
490 569
490 873
490 163
490 735
490 866
490 595
490 68
490 213
490 874
783 115
783 936
783 844
783 864
783 933
783 552
783 538
783 215
613 274
613 782
613 685
613 223
613 33
613 747
613 814
613 796
613 375
613 129
890 144
890 200
890 478
890 945
890 233
890 816
890 237
890 272
258 0
258 939
258 277
258 784
258 799
258 984
258 848
258 844
258 716
554 612
554 786
554 611
554 818
554 42
554 492
554 556
554 989
670 570
670 713
670 828
670 822
670 726
670 239
670 843
670 466
670 705
123 113
123 356
123 820
123 750
123 976
123 898
123 251
329 4
329 714
329 639
329 60
329 83
329 587
329 467
417 32
417 585
417 354
417 350
417 235
417 311
417 509
417 477
547 543
547 636
547 608
547 38
547 962
547 177
547 427
547 212
147 386
147 577
147 24
147 398
147 130
147 966
686 740
686 742
686 888
686 301
686 840
686 53
686 962
686 562
686 925
686 158
202 496
202 410
202 889
202 90
202 948
202 733
202 914
393 911
393 163
393 63
393 970
393 763
393 234
393 67
393 791
134 138
134 619
134 292
134 169
134 891
134 671
195 824
195 918
195 57
195 765
195 161
272 200
272 144
272 816
272 237
272 233
272 219
272 137
902 836
902 351
902 267
902 637
902 792
902 333
902 597
279 508
279 248
279 598
279 767
279 847
279 877
279 330
963 606
963 626
963 218
963 853
963 375
963 591
963 485
432 267
432 389
432 487
432 113
432 18
432 758
976 510
976 469
976 820
976 750
976 113
976 356
435 639
435 368
435 715
435 587
435 831
806 749
806 28
806 483
806 502
806 805
806 520
806 14
806 921
806 973
806 578
23 858
23 484
23 845
23 974
23 649
23 809
23 295
23 226
23 117
219 689
219 395
219 357
219 299
219 160
219 785
219 47
286 676
286 288
286 829
286 194
286 625
286 289
286 692
286 449
858 345
858 231
858 144
858 161
858 392
858 99
858 761
858 312
308 704
308 40
308 703
308 479
308 805
308 468
308 629
308 117
308 732
308 721
388 576
388 106
388 154
388 656
388 934
388 447
388 443
850 303
850 574
850 21
850 592
850 795
850 149
651 334
651 245
651 871
651 365
651 970
651 987
651 406
651 401
651 152
651 759
482 705
482 706
482 600
482 527
482 694
482 822
482 380
482 998
689 160
689 395
689 47
689 299
689 188
380 525
380 260
380 647
380 832
380 598
380 916
380 183
380 107
171 674
171 246
171 516
171 374
171 787
171 236
556 400
556 374
556 660
556 282
556 443
556 323
556 345
556 666
840 283
840 517
840 70
840 79
840 11
840 615
840 471
598 226
598 881
598 468
598 261
598 657
598 703
598 479
985 456
985 153
985 939
985 764
985 873
985 7
985 227
985 152
565 548
565 370
565 841
565 607
565 728
565 28
565 652
565 877
240 294
240 187
240 340
240 607
240 450
759 571
759 769
759 459
759 176
759 698
759 910
759 647
759 119
795 303
795 149
795 21
795 383
795 592
795 574
795 824
984 633
984 716
984 848
984 784
984 277
984 629
984 0
984 799
984 958
676 898
676 128
676 733
676 498
676 854
676 667
676 441
786 533
786 612
786 561
786 406
786 955
786 818
786 989
579 711
579 105
579 769
579 945
579 685
579 418
579 766
864 936
864 605
864 933
864 115
864 538
864 215
864 552
216 26
216 98
216 382
216 916
216 602
216 849
166 311
166 972
166 357
166 287
166 19
166 228
166 855
166 500
166 154
756 337
756 666
756 536
756 777
756 383
756 400
756 151
756 951
64 880
64 119
64 414
64 695
64 617
64 189
64 898
64 251
64 871
352 702
352 987
352 281
352 912
352 433
352 132
352 773
528 408
528 426
528 992
528 644
528 900
528 309
528 776
528 646
528 124
472 172
472 122
472 871
472 807
472 678
871 172
871 807
871 122
871 678
199 495
199 738
199 692
199 288
199 306
199 829
199 273
199 910
700 250
700 571
700 176
700 346
700 724
700 746
700 629
152 764
152 227
152 7
152 932
152 456
152 153
152 939
359 610
359 459
359 170
359 401
359 249
359 399
509 32
509 860
509 354
509 275
509 585
509 175
509 588
509 607
509 47
633 277
633 784
633 799
633 716
633 848
633 991
633 958
633 0
633 175
289 829
289 692
289 194
289 738
289 273
289 288
151 616
151 982
151 337
151 666
151 536
151 951
151 777
151 400
888 158
888 562
888 766
888 306
888 378
888 925
888 522
854 667
854 128
854 498
854 441
854 211
854 296
854 284
139 320
139 379
139 243
139 74
139 162
139 501
139 254
139 391
541 944
541 442
541 433
541 402
541 271
541 48
810 728
810 937
810 12
810 185
810 347
810 43
810 269
317 683
317 378
317 196
317 982
317 698
317 723
317 755
317 348
317 961
193 316
193 68
193 452
193 843
193 390
193 694
193 770
193 180
193 705
252 643
252 605
252 904
252 336
252 437
252 376
252 49
283 471
283 79
283 823
283 11
411 821
411 357
411 586
411 587
411 938
411 372
411 869
477 228
477 624
477 32
477 585
477 611
477 844
477 354
477 235
818 492
818 42
818 612
818 955
818 989
695 898
695 119
695 880
695 617
695 733
695 251
695 338
311 19
311 175
311 500
311 228
311 671
311 972
311 855
55 248
55 847
55 559
55 767
55 508
55 504
55 330
55 886
439 915
439 927
439 189
439 51
439 427
439 757
439 561
302 488
302 118
302 624
302 655
302 66
302 988
302 47
302 906
316 68
316 180
316 452
316 705
316 843
316 770
316 694
316 822
824 303
824 389
824 574
824 313
824 149
824 235
824 394
418 105
418 522
418 654
418 427
418 545
878 452
878 897
878 335
878 675
878 397
531 214
531 682
531 926
531 340
531 995
755 845
755 649
755 117
755 683
755 212
755 723
755 809
755 961
495 165
495 761
495 647
495 41
495 765
495 241
832 751
832 525
832 107
832 242
832 260
832 551
335 410
335 675
335 271
335 897
335 397
335 975
614 787
614 829
614 990
614 236
614 674
614 105
614 246
234 63
234 862
234 863
234 527
234 704
234 673
234 791
234 9
234 763
239 237
239 828
239 570
239 713
239 466
239 726
496 948
496 889
496 914
496 90
496 733
784 175
784 277
784 0
784 848
784 716
784 991
196 593
196 860
196 451
196 971
196 949
196 589
196 115
657 40
657 877
657 261
657 703
657 468
657 881
657 827
770 705
770 822
770 469
770 694
770 356
770 843
770 398
892 650
892 817
892 217
892 550
892 909
892 693
491 92
491 486
491 448
491 374
491 8
156 564
156 905
156 298
156 942
156 672
156 702
156 551
156 100
211 441
211 667
211 296
211 498
211 693
211 128
817 650
817 619
817 693
817 909
817 217
817 8
526 569
526 884
526 245
526 866
526 213
526 874
526 410
774 560
774 901
774 270
774 638
774 580
406 385
406 401
406 334
406 100
406 492
406 886
628 326
628 242
628 101
628 603
628 870
628 87
900 408
900 37
900 426
900 530
900 776
900 992
900 644
464 891
464 10
464 544
464 363
464 205
464 20
404 629
404 724
404 83
404 250
404 176
404 346
558 460
558 235
558 52
558 580
558 493
558 969
558 594
558 325
334 960
334 413
334 238
334 942
334 886
334 177
334 974
228 500
228 154
228 19
228 855
228 972
228 662
972 884
972 500
972 154
972 19
972 855
204 423
204 358
204 385
204 775
204 956
204 546
386 966
386 159
386 846
386 510
386 130
448 724
448 8
448 852
448 92
448 486
746 724
746 346
746 571
746 597
746 431
520 483
520 2
520 235
520 973
520 749
520 502
520 14
520 28
520 921
851 276
851 431
851 568
851 914
851 284
851 56
851 481
456 227
456 939
456 873
456 7
456 266
456 153
456 764
582 986
582 870
582 690
582 313
582 403
582 485
582 575
582 895
682 507
682 995
682 805
682 214
682 501
682 86
107 525
107 194
107 551
107 260
107 376
574 21
574 592
574 149
574 303
798 606
798 375
798 428
798 301
798 343
798 669
798 377
798 591
357 586
357 571
357 938
357 821
685 794
685 416
685 578
685 384
685 837
685 626
246 236
246 787
246 990
246 674
625 378
625 742
625 423
625 561
625 715
669 150
669 301
669 343
336 437
336 49
336 376
336 70
336 643
336 605
226 117
226 325
226 974
226 910
226 809
226 649
226 845
569 449
569 874
569 884
569 866
569 213
569 245
451 457
451 494
451 849
451 747
451 179
451 478
451 3
505 775
505 792
505 224
505 98
505 820
0 799
0 845
0 991
0 848
0 175
0 277
816 138
816 233
816 237
816 144
816 200
799 277
799 991
799 848
799 399
799 716
40 261
40 559
40 468
40 703
40 479
40 827
870 313
870 690
870 575
870 986
870 403
870 67
870 257
847 508
847 248
847 330
847 48
847 504
847 844
136 168
136 969
136 924
136 208
136 898
136 915
136 811
136 728
136 758
507 995
507 340
507 926
507 577
507 86
983 163
983 271
983 121
983 970
983 911
983 67
983 230
49 376
49 383
49 437
49 457
49 643
811 924
811 168
811 707
811 948
811 208
811 969
637 597
637 333
637 351
637 836
637 138
637 998
220 135
220 438
220 65
220 29
220 635
585 397
585 235
585 354
585 32
514 979
514 751
514 648
514 843
514 978
514 222
514 242
514 661
917 626
917 44
917 645
917 964
917 551
917 693
917 155
927 757
927 189
927 51
927 365
927 728
927 915
280 677
280 2
280 137
280 484
280 293
280 218
280 618
986 575
986 313
986 690
986 403
986 485
643 437
643 376
643 732
643 735
809 599
809 324
809 649
809 117
809 845
809 974
44 235
44 796
44 883
44 693
44 446
44 645
44 886
44 321
709 87
709 773
709 326
709 101
709 603
709 183
709 392
828 570
828 466
828 10
828 713
460 465
460 52
460 325
460 294
460 284
460 493
377 158
377 487
377 318
377 18
377 267
377 758
358 385
358 546
358 530
358 962
358 961
325 52
325 594
325 465
325 493
536 982
536 666
536 777
536 260
536 97
536 337
536 446
538 215
538 552
538 933
761 765
761 616
761 99
761 312
761 257
761 161
885 877
885 370
885 52
885 841
885 652
885 548
885 309
866 245
866 595
866 884
866 213
866 671
938 586
938 821
938 869
938 998
938 372
948 38
948 889
948 90
948 914
208 421
208 168
208 707
208 924
208 969
175 104
175 277
175 991
175 957
397 675
397 599
397 897
397 452
581 794
581 384
581 16
581 416
581 837
581 394
416 837
416 384
416 794
416 394
416 16
594 580
594 52
594 189
594 465
594 493
379 254
379 162
379 740
379 391
379 320
379 501
379 243
484 137
484 48
484 647
484 677
484 292
484 618
261 827
261 479
261 703
261 468
261 881
77 63
77 295
77 159
77 401
77 294
77 918
266 883
266 74
266 413
266 177
266 345
266 615
269 68
269 937
269 43
269 185
269 347
961 348
961 867
961 698
961 15
961 683
961 723
117 649
117 845
117 974
392 312
392 12
392 421
392 469
392 765
543 720
543 608
543 636
543 297
543 446
543 735
895 70
895 690
895 471
895 517
895 649
895 575
895 408
16 918
16 384
16 394
16 794
16 837
24 148
24 449
24 551
24 130
24 231
24 846
24 958
726 713
726 466
97 694
97 578
97 990
97 446
97 230
97 964
97 180
619 187
619 571
619 886
619 650
619 138
375 516
375 606
375 591
375 428
552 215
552 933
552 936
552 115
149 303
149 792
149 21
970 121
970 67
970 163
970 911
970 230
732 624
732 655
732 488
732 66
732 988
732 57
732 118
672 942
672 100
672 905
672 564
672 169
672 298
672 951
155 626
155 321
155 964
155 645
155 745
441 667
441 498
441 296
441 777
3 527
3 478
3 796
3 179
3 457
3 296
9 673
9 763
9 862
9 63
9 791
9 863
9 527
9 704
323 59
323 410
323 664
323 660
323 503
47 118
47 655
47 66
47 588
578 753
578 502
578 483
578 749
578 921
616 256
616 654
616 523
616 880
616 320
735 608
735 636
735 720
735 297
278 459
278 364
278 465
278 383
278 399
278 446
278 775
849 494
849 179
849 465
849 478
849 382
849 457
376 437
376 960
911 163
911 271
911 571
911 121
911 38
912 433
912 773
912 702
912 281
912 132
912 257
546 385
546 742
546 956
546 962
546 958
546 423
568 148
568 53
568 238
568 276
568 481
568 106
12 937
12 728
12 43
12 185
863 704
863 862
863 527
863 150
863 763
863 673
863 63
442 301
442 550
442 600
442 402
442 56
442 433
447 934
447 106
447 443
447 576
447 656
363 20
363 205
363 10
363 544
363 342
617 880
617 338
617 414
617 251
617 652
617 231
617 119
180 333
180 545
180 68
180 904
457 478
457 179
457 494
457 69
148 326
148 836
148 161
764 153
764 227
764 7
764 939
74 575
74 916
74 391
74 593
74 162
74 501
586 356
586 960
586 738
586 600
586 821
564 169
564 905
564 648
564 852
564 189
564 100
459 364
459 775
459 610
459 399
187 607
187 419
187 715
187 294
463 287
463 343
463 699
463 165
463 588
463 224
753 71
753 762
753 188
753 390
753 309
753 431
874 884
874 213
874 433
874 595
874 128
979 661
979 222
979 648
979 659
979 978
320 243
320 254
320 391
320 501
992 776
992 646
992 530
992 124
992 426
992 408
7 227
7 873
7 867
7 153
7 306
287 577
287 588
287 165
287 699
303 592
303 119
303 767
530 124
530 426
530 626
844 909
844 248
844 504
33 274
33 708
33 129
33 60
33 223
33 782
33 48
883 906
883 413
883 973
883 570
883 345
883 177
351 906
351 86
351 836
351 597
428 910
428 591
428 706
428 606
646 124
646 446
646 426
646 383
646 776
562 158
562 925
562 740
562 298
562 300
562 766
638 901
638 174
638 270
638 200
638 560
580 707
580 38
580 493
580 403
636 720
636 297
636 559
636 608
636 38
502 973
502 749
502 758
502 483
502 28
502 14
716 991
716 277
716 539
716 848
119 338
119 414
119 708
119 251
426 124
426 408
426 644
426 776
200 639
200 901
200 144
168 969
168 924
168 683
168 390
168 421
318 18
318 267
318 487
318 758
318 389
169 100
169 224
169 901
169 905
169 942
957 762
957 71
957 188
957 103
957 659
957 497
395 160
395 299
395 785
395 231
297 270
297 282
297 608
297 720
297 960
590 170
590 401
590 610
590 399
777 337
777 951
777 666
777 400
777 516
767 330
767 508
767 248
767 144
708 129
708 173
708 274
708 60
708 223
708 723
848 277
848 820
848 991
606 591
606 494
606 179
158 925
158 766
158 522
158 639
158 300
367 4
367 89
367 281
367 497
367 467
367 714
58 192
58 374
58 183
58 37
58 932
58 206
58 462
113 652
113 127
113 600
113 469
113 820
550 944
550 402
550 561
550 782
173 697
173 247
173 573
173 350
675 897
675 294
675 452
52 493
52 465
385 150
385 96
385 747
385 956
385 962
385 742
214 995
214 926
214 86
214 805
301 343
301 150
301 389
89 4
89 714
89 497
89 467
89 548
121 973
121 924
121 462
121 163
121 14
714 467
714 497
714 4
307 539
307 230
307 131
307 523
749 28
749 921
749 14
749 483
749 973
174 160
174 270
174 644
174 137
174 560
506 17
506 728
506 419
506 965
506 529
904 545
904 654
602 26
602 698
602 324
602 684
324 26
324 916
324 684
324 438
245 213
245 443
245 591
389 53
389 271
389 487
389 855
690 575
690 403
690 378
690 313
450 11
450 754
450 396
450 792
450 814
794 394
794 837
794 384
751 551
751 525
751 791
751 260
751 242
293 677
293 2
293 218
293 618
333 836
333 597
333 138
172 678
172 807
172 122
59 503
59 660
59 50
59 953
59 69
212 378
212 965
212 348
212 365
248 559
248 330
248 754
69 503
69 953
69 664
69 660
176 571
176 250
176 346
176 629
176 238
577 699
577 966
577 398
698 910
698 348
698 723
698 982
698 683
345 413
345 177
345 443
873 644
873 227
20 205
20 10
20 891
20 342
20 544
104 15
104 396
104 769
104 711
104 945
346 629
346 571
346 250
346 724
231 807
231 769
231 312
251 898
251 880
251 338
251 414
926 805
926 86
926 340
926 995
852 486
852 189
852 92
852 820
852 8
852 523
921 805
921 483
921 973
921 14
655 488
655 66
655 118
655 988
655 624
659 237
659 159
659 438
659 295
14 28
14 533
14 699
14 973
845 649
845 974
845 886
559 750
559 608
559 953
559 38
645 846
645 8
645 321
645 745
766 740
766 925
766 300
766 306
223 48
223 782
223 274
223 796
223 129
223 60
551 525
462 206
462 573
462 650
599 757
599 189
599 51
599 915
599 365
707 449
707 309
785 560
785 160
785 299
785 831
785 127
492 955
492 612
492 243
492 42
492 989
944 677
944 131
944 56
944 433
944 402
135 29
135 65
135 438
135 635
135 410
666 337
666 414
666 400
15 711
15 295
15 945
618 677
618 218
618 2
618 137
382 910
382 90
382 706
192 183
192 206
192 37
192 374
192 932
433 56
483 853
483 973
483 28
905 942
905 100
905 298
42 615
42 153
42 989
42 955
42 612
610 399
610 249
2 600
2 677
2 247
982 683
982 127
982 867
982 348
339 292
339 671
339 611
339 910
339 510
339 282
99 589
99 949
99 971
99 860
99 593
478 494
478 179
438 635
438 29
438 194
438 65
973 28
591 498
591 516
50 533
50 374
50 250
50 421
50 867
487 18
487 267
487 758
237 144
237 233
370 877
370 841
370 652
370 127
370 548
995 340
995 86
936 605
936 115
936 215
936 933
326 101
326 603
326 87
516 400
516 130
516 337
516 951
159 295
299 160
299 934
299 127
312 765
312 161
194 692
194 288
194 829
194 29
288 273
288 738
288 692
466 846
466 713
466 570
32 235
32 128
32 720
32 354
503 660
503 664
503 953
539 544
539 131
539 230
250 374
250 822
250 629
884 213
884 595
884 650
949 860
949 589
949 971
71 309
71 762
71 188
71 103
533 390
533 776
533 421
533 561
660 953
660 664
18 758
18 267
413 974
413 177
662 19
662 500
662 648
662 154
662 183
662 673
662 960
662 497
504 340
154 855
154 19
154 576
131 523
131 978
131 706
909 347
909 693
909 249
909 217
667 498
667 128
906 570
906 177
100 942
100 298
67 529
67 271
67 163
372 998
372 821
372 706
372 869
470 96
470 730
470 975
470 453
281 342
281 891
611 249
611 467
611 975
740 300
740 925
740 522
964 626
964 745
964 321
964 153
575 403
575 313
87 242
87 101
87 603
391 243
391 501
391 162
754 224
754 368
754 170
754 814
453 730
453 96
453 721
561 988
561 83
561 321
271 163
271 975
274 129
274 782
274 880
37 932
37 183
37 206
162 254
162 501
162 243
267 758
267 485
635 65
635 29
294 597
294 607
843 822
843 694
843 705
969 421
969 924
969 300
222 648
222 661
222 241
222 978
356 750
356 469
356 306
83 831
83 368
83 639
83 587
692 829
692 273
692 738
298 942
118 988
118 66
118 488
664 953
664 364
664 374
664 958
988 624
988 488
988 66
652 548
652 841
862 763
862 63
862 704
862 791
862 527
862 673
185 937
185 43
185 347
19 855
19 500
458 122
458 256
458 342
458 527
880 256
880 414
880 338
757 365
757 915
757 51
321 745
469 750
469 820
26 916
26 684
965 529
965 17
965 419
965 11
713 570
821 869
485 955
485 127
485 313
485 805
939 153
939 932
939 593
17 419
17 529
17 710
364 775
364 374
762 188
762 103
715 368
715 587
715 831
715 378
427 881
427 827
427 282
529 419
529 710
889 914
889 90
605 115
605 437
256 678
256 807
256 122
402 56
402 273
38 571
247 350
247 697
247 573
728 347
292 282
292 510
292 671
603 101
787 674
787 990
787 236
738 273
738 103
827 703
827 479
827 881
368 831
368 587
674 236
674 990
65 747
65 29
130 846
130 966
408 776
408 644
408 124
449 493
449 846
449 958
206 932
467 497
467 4
343 150
486 225
486 8
486 254
486 92
70 471
70 615
70 517
92 8
92 225
396 711
396 769
396 945
916 98
916 684
937 347
937 43
236 990
213 595
933 348
933 215
933 115
127 60
127 160
934 106
934 656
934 576
796 300
588 165
249 595
249 401
769 711
273 306
897 452
956 724
956 423
956 742
956 235
525 260
951 337
951 400
573 831
573 697
497 673
497 4
545 654
545 105
508 488
898 414
898 571
814 792
694 822
694 705
853 350
414 338
987 773
987 132
243 254
394 384
394 837
791 763
791 63
791 673
384 837
488 66
479 881
479 703
479 468
576 443
576 656
576 106
129 60
129 782
275 661
275 354
275 238
823 471
823 517
823 79
823 615
823 11
421 924
350 697
671 282
877 548
877 841
63 673
63 763
124 776
124 383
600 706
600 998
600 869
925 522
925 300
471 615
471 517
170 401
846 966
593 971
593 589
730 834
730 721
730 96
834 721
834 270
955 989
955 612
403 313
153 227
960 886
960 745
348 723
348 161
348 683
684 98
684 21
705 822
958 132
494 179
494 747
347 43
300 522
703 468
703 881
544 10
544 891
544 342
647 309
647 241
647 398
647 41
527 704
400 337
96 975
96 721
90 914
942 702
481 276
481 431
765 161
706 998
706 869
706 105
225 241
548 841
891 342
891 205
763 704
945 711
723 989
723 683
431 276
431 284
306 750
105 654
932 183
962 423
962 742
683 867
615 517
277 991
677 137
677 218
51 365
51 915
650 217
750 820
860 589
860 971
11 79
742 423
98 886
523 978
383 918
855 500
608 720
137 218
378 224
66 624
589 971
122 678
915 365
831 639
831 587
238 53
238 629
592 21
106 656
773 132
4 867
648 661
132 257
241 41
233 144
233 702
989 612
998 869
342 205
68 390
918 57
215 115
398 966
217 230
468 881
230 733
