175 721
175 859
175 63
175 655
175 288
175 604
175 749
175 533
175 365
175 532
904 863
904 696
904 484
904 541
904 355
904 116
904 607
904 177
904 561
904 676
249 648
249 145
249 129
249 43
249 455
249 980
249 323
249 336
249 514
249 82
853 844
853 353
853 473
853 858
853 641
853 708
853 526
853 491
853 198
853 671
32 643
32 783
32 580
32 833
32 54
32 645
32 972
32 653
32 427
32 442
222 448
222 111
222 519
222 157
222 241
222 263
222 330
222 297
222 826
222 397
463 50
463 478
463 188
463 275
463 605
463 544
463 881
463 198
463 119
463 15
674 67
674 170
674 101
674 669
674 316
674 55
674 562
674 722
674 696
674 520
587 380
587 982
587 788
587 532
587 766
587 780
587 365
587 376
587 253
587 242
969 992
969 744
969 486
969 570
969 76
969 648
969 546
969 708
969 238
969 272
62 346
62 567
62 701
62 686
62 554
62 19
62 164
62 653
62 751
62 479
101 633
101 485
101 277
101 192
101 100
101 84
101 519
101 316
101 668
494 444
494 431
494 984
494 473
494 82
494 812
494 762
494 750
494 490
494 540
512 370
512 120
512 55
512 634
512 389
512 915
512 911
512 50
512 292
512 269
302 953
302 935
302 71
302 562
302 529
302 889
302 811
302 631
302 707
302 228
985 106
985 520
985 761
985 352
985 742
985 312
985 576
985 279
985 646
985 502
360 186
360 675
360 211
360 304
360 435
360 88
360 197
360 873
360 97
360 827
926 45
926 31
926 428
926 251
926 617
926 90
926 547
926 653
926 915
926 288
556 429
556 708
556 374
556 523
556 321
556 473
556 158
556 940
556 626
556 402
609 997
609 44
609 593
609 595
609 789
609 181
609 189
609 879
609 634
609 778
552 8
552 42
552 760
552 849
552 277
552 562
552 75
552 954
552 53
552 688
867 103
867 374
867 140
867 562
867 22
867 122
867 114
867 118
867 670
867 223
10 799
10 523
10 626
10 465
10 860
10 470
10 427
10 872
10 535
10 776
584 232
584 984
584 946
584 654
584 227
584 181
584 677
584 566
584 399
584 504
521 983
521 756
521 53
521 597
521 788
521 398
521 605
521 847
521 579
521 217
736 714
736 601
736 725
736 460
736 502
736 103
736 670
736 2
736 392
736 672
153 949
153 416
153 406
153 526
153 393
153 397
153 602
153 170
153 952
153 254
340 139
340 455
340 93
340 818
340 545
340 791
340 398
340 608
340 334
340 121
48 277
48 557
48 817
48 868
48 431
48 487
48 859
48 59
48 406
48 262
58 423
58 943
58 820
58 823
58 689
58 37
58 535
58 87
58 627
58 121
848 579
848 26
848 142
848 305
848 933
848 108
848 176
848 883
848 539
848 188
902 445
902 720
902 850
902 234
902 87
902 176
902 886
902 791
902 784
902 315
419 854
419 515
419 429
419 15
419 119
419 388
419 44
419 640
419 809
419 588
459 981
459 152
459 208
459 871
459 914
459 955
459 15
459 218
459 803
459 961
451 815
451 319
451 161
451 154
451 348
451 66
451 953
451 570
451 785
451 425
677 504
677 314
677 651
677 135
677 549
677 27
677 625
677 233
677 707
239 617
239 356
239 601
239 84
239 31
239 738
239 687
239 822
239 649
239 465
757 624
757 33
757 716
757 718
757 56
757 404
757 278
757 844
757 242
757 694
16 537
16 713
16 986
16 154
16 291
16 597
16 579
16 335
16 992
16 167
456 442
456 621
456 378
456 735
456 633
456 657
456 307
456 577
456 705
456 24
711 71
711 769
711 955
711 591
711 474
711 205
711 656
711 570
711 410
711 115
752 920
752 750
752 776
752 333
752 126
752 480
752 484
752 970
752 149
752 260
351 120
351 142
351 310
351 817
351 390
351 743
351 110
351 163
351 107
351 73
446 274
446 127
446 786
446 193
446 270
446 495
446 190
446 131
446 114
446 347
81 214
81 780
81 686
81 226
81 244
81 819
81 470
81 582
81 213
81 585
356 834
356 981
356 309
356 511
356 841
356 630
356 54
356 635
356 565
466 563
466 251
466 404
466 40
466 363
466 317
466 346
466 695
466 895
466 90
921 571
921 94
921 385
921 95
921 771
921 905
921 555
921 577
921 613
921 873
287 37
287 651
287 939
287 80
287 920
287 339
287 370
287 247
287 723
287 439
461 633
461 816
461 415
461 481
461 886
461 741
461 638
461 393
461 186
461 732
28 304
28 467
28 603
28 542
28 698
28 576
28 744
28 192
28 675
28 232
695 225
695 303
695 450
695 23
695 317
695 673
695 910
695 968
695 172
299 189
299 391
299 690
299 244
299 7
299 53
299 582
299 814
299 536
299 314
929 144
929 524
929 422
929 984
929 868
929 924
929 480
929 968
929 967
929 341
574 335
574 767
574 859
574 78
574 255
574 511
574 268
574 111
574 434
574 504
639 675
639 923
639 15
639 716
639 606
639 425
639 1
639 78
639 445
639 864
123 733
123 669
123 262
123 563
123 518
123 655
123 369
123 949
123 458
123 737
703 502
703 896
703 370
703 758
703 505
703 213
703 981
703 108
703 577
703 747
155 547
155 925
155 218
155 999
155 704
155 106
155 632
155 82
155 610
155 835
86 42
86 258
86 438
86 283
86 649
86 619
86 834
86 108
86 148
86 275
821 795
821 738
821 701
821 652
821 488
821 296
821 478
821 644
821 498
821 997
493 234
493 930
493 196
493 99
493 290
493 337
493 714
493 285
493 394
493 568
916 880
916 893
916 284
916 901
916 775
916 246
916 49
916 964
916 594
916 735
801 477
801 278
801 588
801 648
801 336
801 937
801 928
801 508
801 607
801 173
803 176
803 444
803 795
803 842
803 784
803 363
803 792
803 434
803 612
14 671
14 787
14 266
14 334
14 940
14 185
14 289
14 937
14 588
14 946
423 231
423 798
423 709
423 604
423 959
423 483
423 781
423 671
423 945
38 472
38 84
38 336
38 525
38 742
38 371
38 7
38 475
38 973
38 833
228 696
228 343
228 990
228 673
228 597
228 600
228 953
228 347
228 862
983 260
983 111
983 734
983 861
983 54
983 66
983 660
983 53
983 217
124 467
124 575
124 935
124 845
124 600
124 529
124 272
124 383
124 8
124 817
416 702
416 705
416 275
416 7
416 243
416 265
416 943
416 172
416 108
117 213
117 244
117 640
117 881
117 444
117 982
117 766
117 743
117 73
117 288
642 749
642 306
642 142
642 855
642 18
642 422
642 869
642 165
642 640
642 183
616 41
616 368
616 900
616 504
616 620
616 79
616 319
616 267
616 888
616 413
999 631
999 471
999 103
999 573
999 125
999 361
999 723
999 875
999 321
85 817
85 958
85 251
85 525
85 269
85 516
85 373
85 846
85 235
85 154
545 880
545 935
545 895
545 160
545 476
545 444
545 149
545 832
545 221
541 253
541 602
541 629
541 79
541 309
541 281
541 194
541 779
541 19
596 214
596 978
596 756
596 349
596 330
596 881
596 586
596 326
596 240
596 141
150 604
150 308
150 526
150 406
150 975
150 143
150 705
150 198
150 498
150 693
664 564
664 989
664 478
664 538
664 291
664 259
664 187
664 171
664 225
664 657
932 488
932 343
932 882
932 244
932 594
932 705
932 794
932 256
932 729
932 182
312 685
312 539
312 136
312 942
312 378
312 519
312 263
312 450
312 103
480 934
480 967
480 377
480 727
480 410
480 224
480 862
480 575
243 943
243 172
243 569
243 476
243 269
243 166
243 331
243 991
243 226
432 347
432 97
432 726
432 927
432 864
432 75
432 128
432 873
432 862
432 87
60 860
60 91
60 840
60 486
60 987
60 816
60 937
60 137
60 861
60 657
27 549
27 433
27 133
27 951
27 236
27 507
27 641
27 362
27 160
496 531
496 477
496 827
496 305
496 883
496 278
496 908
496 257
496 946
496 166
379 407
379 927
379 328
379 26
379 759
379 176
379 675
379 151
379 435
379 947
884 665
884 380
884 375
884 947
884 697
884 611
884 950
884 548
884 570
884 868
203 95
203 602
203 211
203 280
203 455
203 173
203 345
203 561
203 334
203 333
658 765
658 682
658 509
658 140
658 431
658 387
658 188
658 223
658 372
658 897
105 233
105 145
105 407
105 567
105 843
105 947
105 615
105 588
105 987
105 625
537 993
537 488
537 79
537 579
537 713
537 950
537 100
537 599
537 654
740 582
740 99
740 179
740 276
740 314
740 741
740 97
740 656
740 613
740 583
782 815
782 786
782 141
782 45
782 462
782 827
782 393
782 765
782 481
782 573
215 940
215 696
215 676
215 35
215 355
215 863
215 901
215 485
215 177
215 511
897 95
897 958
897 828
897 457
897 388
897 336
897 289
897 682
897 924
204 290
204 384
204 930
204 234
204 671
204 99
204 714
204 194
204 337
204 327
250 953
250 471
250 793
250 570
250 76
250 601
250 719
250 414
250 968
250 211
770 200
770 440
770 268
770 600
770 604
770 633
770 442
770 635
770 113
770 230
890 8
890 501
890 849
890 570
890 806
890 547
890 169
890 516
890 625
890 721
195 293
195 181
195 739
195 438
195 523
195 5
195 943
195 171
195 539
195 580
201 323
201 130
201 673
201 22
201 694
201 218
201 260
201 885
201 817
201 330
506 91
506 36
506 809
506 502
506 301
506 520
506 102
506 614
506 435
506 309
551 804
551 31
551 410
551 72
551 128
551 479
551 374
551 167
551 951
551 682
428 669
428 489
428 797
428 811
428 470
428 992
428 567
428 660
428 277
202 75
202 333
202 676
202 919
202 708
202 761
202 464
202 818
202 185
202 273
325 988
325 724
325 5
325 444
325 74
325 431
325 34
325 673
325 557
325 370
298 686
298 701
298 320
298 610
298 306
298 414
298 152
298 78
298 637
298 845
787 97
787 968
787 282
787 525
787 276
787 103
787 822
787 725
787 763
738 29
738 52
738 275
738 945
738 499
738 822
738 959
738 235
830 705
830 819
830 316
830 990
830 331
830 771
830 437
830 548
830 63
830 116
30 622
30 156
30 152
30 503
30 0
30 436
30 134
30 613
30 467
30 747
972 24
972 386
972 594
972 166
972 235
972 580
972 771
972 426
972 78
65 122
65 712
65 327
65 121
65 286
65 205
65 525
65 1
65 815
65 621
441 858
441 652
441 998
441 968
441 106
441 282
441 69
441 500
441 503
441 334
464 850
464 227
464 920
464 854
464 708
464 648
464 945
464 264
464 700
712 915
712 400
712 990
712 279
712 205
712 115
712 769
712 815
712 327
13 182
13 398
13 376
13 940
13 179
13 165
13 75
13 341
13 673
13 43
22 706
22 841
22 651
22 993
22 950
22 263
22 427
22 491
271 887
271 1
271 846
271 129
271 266
271 263
271 784
271 613
271 852
271 91
317 688
317 113
317 546
317 533
317 327
317 350
317 719
317 213
191 455
191 918
191 800
191 189
191 209
191 327
191 108
191 818
191 868
191 350
553 728
553 710
553 649
553 911
553 349
553 477
553 586
553 237
553 968
553 924
242 178
242 780
242 253
242 837
242 133
242 928
242 580
242 439
784 129
784 266
784 335
784 846
784 90
784 882
784 301
572 699
572 107
572 37
572 773
572 599
572 99
572 342
572 793
572 129
572 536
659 259
659 313
659 258
659 3
659 998
659 0
659 414
659 25
659 186
659 393
448 987
448 833
448 772
448 83
448 78
448 581
448 420
448 166
448 216
623 560
623 468
623 816
623 577
623 45
623 414
623 974
623 130
623 492
623 24
219 842
219 849
219 390
219 885
219 156
219 725
219 559
219 220
219 93
219 341
800 599
800 74
800 705
800 922
800 644
800 870
800 986
800 597
800 713
184 715
184 978
184 630
184 805
184 690
184 43
184 913
184 288
184 230
184 920
779 465
779 79
779 892
779 248
779 662
779 819
779 599
779 98
779 835
730 903
730 822
730 307
730 998
730 632
730 761
730 43
730 918
730 689
730 112
825 497
825 57
825 473
825 532
825 838
825 421
825 262
825 172
825 692
825 515
960 997
960 844
960 984
960 885
960 468
960 469
960 6
960 210
960 716
960 892
443 870
443 389
443 29
443 811
443 479
443 59
443 956
443 744
443 497
443 182
666 223
666 550
666 174
666 4
666 667
666 468
666 622
666 791
666 418
666 508
684 586
684 520
684 504
684 914
684 856
684 970
684 83
684 974
684 765
684 214
957 874
957 530
957 44
957 334
957 453
957 342
957 308
957 435
957 378
957 683
390 573
390 705
390 503
390 701
390 108
390 687
390 910
390 593
510 710
510 937
510 923
510 661
510 829
510 369
510 896
510 248
510 592
510 617
163 211
163 525
163 819
163 843
163 142
163 878
163 536
163 700
163 208
733 372
733 959
733 237
733 706
733 192
733 93
733 137
733 455
733 865
798 720
798 753
798 56
798 209
798 149
798 763
798 482
798 324
798 399
226 669
226 668
226 427
226 119
226 538
226 331
226 388
226 923
264 112
264 851
264 87
264 306
264 483
264 751
264 582
264 198
264 804
792 612
792 471
792 140
792 746
792 52
792 802
792 625
792 970
792 842
971 386
971 336
971 160
971 394
971 630
971 974
971 11
971 563
971 597
971 746
96 835
96 822
96 856
96 647
96 475
96 383
96 701
96 845
96 112
96 734
154 108
154 992
154 826
154 713
154 161
154 373
154 261
146 135
146 73
146 697
146 833
146 939
146 933
146 690
146 138
146 741
146 120
500 502
500 492
500 427
500 382
500 974
500 900
500 919
500 257
500 944
566 504
566 829
566 907
566 19
566 368
566 581
566 878
566 82
566 409
857 372
857 401
857 106
857 557
857 9
857 173
857 650
857 88
857 17
857 722
354 742
354 613
354 571
354 746
354 95
354 341
354 605
354 625
354 208
354 314
678 424
678 580
678 407
678 286
678 55
678 427
678 270
678 482
678 276
678 935
593 840
593 963
593 974
593 764
593 209
593 139
593 937
593 665
731 911
731 167
731 343
731 802
731 323
731 878
731 453
731 82
731 762
731 253
850 631
850 260
850 871
850 636
850 445
850 615
850 843
850 462
361 292
361 979
361 281
361 253
361 673
361 125
361 42
361 87
361 224
573 723
573 827
573 481
573 598
573 643
573 661
573 754
171 478
171 291
171 989
171 836
171 860
171 29
171 187
171 297
449 945
449 726
449 515
449 988
449 292
449 603
449 166
449 115
449 716
449 995
107 198
107 255
107 814
107 453
107 963
107 212
107 518
107 481
693 804
693 84
693 826
693 707
693 965
693 870
693 568
693 947
693 526
234 337
234 714
234 196
234 382
234 807
234 290
234 930
505 3
505 366
505 109
505 758
505 636
505 896
505 643
505 967
505 657
634 534
634 827
634 561
634 595
634 915
634 934
634 879
634 628
109 348
109 478
109 758
109 425
109 785
109 319
109 161
109 311
109 157
739 438
739 424
739 583
739 289
739 534
739 293
739 181
739 724
739 817
403 963
403 793
403 331
403 308
403 761
403 909
403 756
403 157
403 126
403 877
691 716
691 454
691 421
691 786
691 974
691 814
691 644
691 389
691 741
691 442
76 791
76 727
76 744
76 465
76 576
76 987
76 872
76 689
296 304
296 652
296 5
296 915
296 998
296 4
296 589
296 100
296 617
279 544
279 742
279 727
279 277
279 431
279 520
279 559
279 502
64 159
64 977
64 492
64 966
64 581
64 57
64 948
64 192
64 936
64 313
996 548
996 362
996 851
996 737
996 501
996 907
996 644
996 29
996 145
996 887
978 214
978 335
978 330
978 995
978 326
978 240
978 586
978 471
167 129
167 600
167 151
167 273
167 266
167 753
167 878
865 748
865 637
865 554
865 274
865 581
865 190
865 951
865 130
865 531
69 516
69 53
69 968
69 334
69 753
69 841
69 605
69 438
69 907
293 301
293 938
293 513
293 539
293 873
293 958
293 236
293 181
509 277
509 590
509 649
509 874
509 766
509 513
509 450
509 127
509 943
565 478
565 36
565 247
565 83
565 635
565 580
565 57
565 656
565 42
421 323
421 424
421 707
421 347
421 938
421 39
421 434
421 591
452 564
452 179
452 662
452 698
452 745
452 11
452 887
452 868
452 894
452 118
412 843
412 138
412 560
412 793
412 938
412 174
412 914
412 607
412 20
412 135
632 34
632 318
632 95
632 45
632 786
632 898
632 844
632 139
147 950
147 809
147 381
147 128
147 341
147 258
147 39
147 137
147 796
147 51
886 445
886 277
886 136
886 577
886 931
886 720
886 378
886 148
21 94
21 522
21 431
21 148
21 627
21 357
21 964
21 388
21 495
21 499
518 605
518 963
518 94
518 142
518 78
518 618
518 19
518 420
342 622
342 570
342 79
342 699
342 988
342 557
342 805
342 140
447 746
447 341
447 762
447 838
447 698
447 687
447 235
447 490
447 253
447 568
626 474
626 465
626 647
626 823
626 975
626 835
626 523
626 409
309 592
309 301
309 99
309 328
309 590
309 881
309 474
396 408
396 956
396 839
396 517
396 492
396 230
396 218
396 174
396 467
396 619
667 622
667 77
667 4
667 174
667 899
667 508
667 468
667 405
667 393
858 24
858 138
858 369
858 532
858 671
858 386
858 637
858 289
245 852
245 560
245 332
245 907
245 487
245 373
245 672
245 856
245 728
245 817
640 114
640 338
640 949
640 749
640 68
640 602
640 727
498 648
498 133
498 771
498 285
498 225
498 869
498 773
498 641
820 718
820 535
820 404
820 793
820 690
820 80
820 935
820 925
820 373
401 74
401 17
401 722
401 139
401 301
401 305
401 911
401 371
401 557
143 604
143 663
143 877
143 11
143 651
143 103
143 840
143 648
143 322
363 39
363 68
363 627
363 176
363 54
363 778
363 643
363 657
344 982
344 794
344 332
344 328
344 561
344 778
344 46
344 879
344 796
344 534
353 534
353 945
353 336
353 262
353 802
353 726
353 523
353 647
353 783
645 439
645 227
645 743
645 366
645 873
645 747
645 889
645 499
645 12
875 135
875 366
875 346
875 381
875 791
875 186
875 233
875 479
875 138
928 280
928 540
928 160
928 211
928 18
928 471
928 136
928 457
367 387
367 906
367 70
367 832
367 625
367 700
367 83
367 754
367 490
367 295
458 849
458 78
458 297
458 316
458 554
458 755
458 268
458 819
458 540
9 762
9 183
9 434
9 653
9 608
9 915
9 17
9 263
9 273
382 387
382 571
382 177
382 912
382 93
382 653
382 497
382 952
995 326
995 563
995 590
995 660
995 988
995 67
995 525
995 726
165 51
165 376
165 103
165 18
165 815
165 15
165 749
165 297
768 188
768 199
768 450
768 462
768 17
768 225
768 389
768 670
768 831
768 917
789 963
789 491
789 625
789 160
789 750
789 961
789 473
789 772
789 475
861 529
861 486
861 358
861 734
861 370
861 45
861 835
861 843
118 790
118 270
118 318
118 267
118 796
118 750
118 166
118 997
656 276
656 812
656 39
656 495
656 474
656 472
656 145
186 651
186 348
186 322
186 381
186 931
186 555
454 15
454 197
454 209
454 955
454 575
454 180
454 771
454 727
454 760
992 597
992 305
992 811
992 842
992 291
992 544
699 335
699 629
699 131
699 778
699 968
699 141
699 672
699 936
662 362
662 39
662 737
662 813
662 453
662 359
662 665
662 746
941 870
941 575
941 962
941 33
941 178
941 660
941 418
941 169
941 595
941 514
164 721
164 781
164 756
164 398
164 475
164 806
164 346
164 741
164 963
34 5
34 43
34 724
34 176
34 533
34 66
34 767
34 87
796 137
796 809
796 72
796 824
796 950
796 499
796 172
877 476
877 990
877 11
877 702
877 672
877 365
877 121
877 134
221 131
221 476
221 310
221 728
221 83
221 998
221 637
221 304
221 91
417 45
417 230
417 471
417 259
417 773
417 653
417 152
417 744
417 183
417 252
501 72
501 652
501 530
501 814
501 606
501 885
501 487
501 869
700 854
700 883
700 225
700 227
700 991
700 760
700 689
611 2
611 457
611 488
611 724
611 544
611 391
611 533
611 554
611 370
831 420
831 648
831 148
831 956
831 950
831 241
831 868
831 745
831 225
710 991
710 536
710 973
710 395
710 61
710 814
710 661
710 885
810 962
810 436
810 706
810 180
810 434
810 339
810 599
810 450
810 774
810 25
283 258
283 196
283 357
283 207
283 994
283 384
283 953
283 275
283 194
477 604
477 883
477 333
477 269
477 190
477 657
477 199
131 268
131 136
131 114
131 141
131 987
131 672
131 816
608 511
608 953
608 357
608 563
608 457
608 698
608 295
608 975
829 261
829 527
829 288
829 357
829 646
829 720
829 253
829 833
483 336
483 579
483 335
483 598
483 559
483 95
483 715
483 844
767 332
767 909
767 308
767 262
767 409
767 216
767 511
767 717
409 535
409 67
409 940
409 568
409 758
409 37
409 315
589 819
589 628
589 267
589 55
589 266
589 676
589 889
589 413
589 900
183 744
183 470
183 212
183 511
183 653
183 141
183 734
246 735
246 318
246 893
246 914
246 964
246 49
246 901
246 775
246 834
207 208
207 194
207 743
207 158
207 548
207 179
207 384
207 560
207 852
374 627
374 637
374 479
374 402
374 476
374 197
374 173
680 887
680 149
680 947
680 809
680 737
680 440
680 94
680 462
680 571
680 843
823 487
823 55
823 338
823 647
823 102
823 862
823 469
823 87
369 638
369 399
369 636
369 766
369 502
369 44
369 653
319 649
319 311
319 425
319 161
319 785
319 348
319 106
780 51
780 233
780 253
780 229
780 837
780 828
780 470
327 704
327 205
327 955
327 350
327 690
375 376
375 643
375 705
375 615
375 628
375 469
375 613
375 151
375 759
392 826
392 984
392 57
392 839
392 265
392 313
392 688
392 601
392 949
777 88
777 924
777 942
777 765
777 624
777 745
777 301
777 914
777 460
777 199
12 655
12 756
12 582
12 852
12 597
12 316
12 75
12 524
12 638
256 39
256 63
256 764
256 488
256 554
256 100
256 300
256 385
256 836
895 654
895 528
895 785
895 394
895 979
895 944
895 958
895 407
719 793
719 2
719 629
719 968
719 688
719 1
719 398
719 212
619 868
619 59
619 673
619 748
619 338
619 433
619 313
619 649
668 547
668 210
668 316
668 168
668 189
668 102
668 141
668 613
182 811
182 673
182 862
182 824
182 756
182 769
182 704
178 418
178 33
178 575
178 514
178 310
178 169
178 197
178 962
962 772
962 197
962 828
962 408
962 341
962 321
962 33
80 885
80 881
80 63
80 247
80 605
80 562
80 343
80 620
281 488
281 170
281 366
281 764
281 278
281 654
281 629
281 600
380 993
380 764
380 793
380 8
380 598
380 172
380 641
380 950
0 919
0 745
0 350
0 268
0 381
0 968
0 987
0 977
138 440
138 282
138 135
138 753
138 44
138 637
422 112
422 924
422 11
422 429
422 473
422 257
422 144
422 903
26 516
26 11
26 759
26 927
26 308
26 407
26 176
26 471
46 628
46 371
46 561
46 188
46 595
46 778
46 534
46 879
46 328
457 55
457 818
457 20
457 295
457 139
457 240
727 967
727 338
727 743
727 826
727 68
168 47
168 295
168 906
168 490
168 959
168 200
168 364
168 832
168 83
624 602
624 373
624 558
624 426
624 816
624 982
624 517
624 322
614 280
614 460
614 536
614 622
614 410
614 372
614 227
614 799
614 63
797 516
797 599
797 669
797 489
797 713
797 607
797 741
797 470
797 885
832 364
832 83
832 490
832 52
832 655
832 748
832 906
737 644
737 571
737 970
737 887
737 905
737 362
408 958
408 636
408 944
408 934
408 528
408 424
408 445
408 127
729 908
729 855
729 594
729 793
729 315
729 882
729 166
729 223
729 362
102 943
102 991
102 529
102 613
102 54
102 579
102 112
391 814
391 381
391 763
391 554
391 524
391 56
391 98
391 488
383 578
383 845
383 976
383 237
383 2
383 799
383 726
383 871
36 709
36 843
36 37
36 196
36 94
36 793
36 891
36 502
976 908
976 633
976 646
976 17
976 23
976 235
976 237
976 247
976 864
199 274
199 883
199 426
199 635
199 876
199 190
199 254
216 262
216 880
216 358
216 756
216 261
216 308
216 717
216 909
41 368
41 79
41 743
41 267
41 413
41 633
41 489
41 900
41 580
273 395
273 386
273 994
273 67
273 132
273 894
273 600
922 791
922 804
922 278
922 889
922 870
922 683
922 606
922 942
922 489
961 424
961 840
961 122
961 526
961 876
961 276
961 218
961 475
77 899
77 174
77 508
77 751
77 4
77 468
77 405
77 618
77 671
378 564
378 732
378 918
378 898
378 520
378 66
568 394
568 714
568 37
568 260
568 121
568 290
326 586
326 240
326 397
326 214
326 51
326 330
326 772
851 550
851 548
851 265
851 866
851 115
851 954
851 629
851 322
355 341
355 676
355 57
355 177
355 530
355 35
355 863
355 696
751 621
751 544
751 893
751 7
751 82
751 87
751 742
679 927
679 813
679 482
679 908
679 206
679 594
679 389
679 266
679 420
679 954
910 387
910 598
910 410
910 235
910 705
910 134
910 549
910 638
794 986
794 152
794 630
794 555
794 349
794 247
794 917
794 91
989 291
989 836
989 495
989 225
989 478
989 212
989 297
989 115
162 754
162 415
162 935
162 558
162 981
162 244
162 559
162 872
162 721
162 876
805 845
805 925
805 542
805 948
805 869
805 475
805 180
805 954
286 513
286 833
286 874
286 259
286 2
286 652
286 818
286 425
871 525
871 756
871 445
871 119
871 981
871 636
871 643
913 411
913 460
913 636
913 280
913 715
913 681
913 11
913 3
913 813
707 295
707 79
707 172
707 812
707 405
707 889
151 372
151 682
151 977
151 435
151 958
151 560
151 759
646 435
646 944
646 133
646 400
646 615
646 145
646 742
882 343
882 905
882 208
882 860
882 855
882 846
882 106
697 67
697 433
697 272
697 210
697 274
697 721
697 601
697 111
373 386
373 982
373 930
373 324
373 990
880 773
880 530
880 144
880 907
880 350
880 856
880 746
754 558
754 698
754 95
754 235
754 981
754 633
754 237
238 385
238 508
238 524
238 804
238 127
238 973
238 7
238 878
238 472
692 491
692 323
692 270
692 24
692 352
692 694
692 93
692 159
692 840
546 533
546 402
546 948
546 852
546 437
546 595
546 213
546 411
808 229
808 661
808 6
808 349
808 137
808 827
808 856
808 990
808 70
808 75
647 127
647 73
647 894
647 912
647 990
647 896
404 67
404 504
404 849
404 251
404 40
404 52
404 723
358 891
358 954
358 476
358 717
358 688
358 998
358 773
358 140
357 966
357 241
357 936
357 51
357 111
357 946
993 263
993 732
993 257
993 598
993 536
993 579
993 950
393 638
393 258
393 173
393 135
393 653
72 346
72 288
72 68
72 888
72 665
72 54
72 437
581 936
581 304
581 292
581 258
581 980
581 872
923 940
923 377
923 630
923 364
923 426
923 550
923 180
125 844
125 484
125 335
125 497
125 591
125 205
125 979
125 225
643 600
643 66
643 377
643 894
597 217
597 986
597 524
585 686
585 507
585 859
585 5
585 313
585 938
585 687
585 728
585 137
569 476
569 979
569 343
569 919
569 911
569 522
569 318
569 790
569 975
424 39
424 430
424 812
424 169
424 145
641 841
641 788
641 475
641 592
641 133
641 507
644 621
644 67
644 839
644 384
644 970
252 484
252 543
252 341
252 940
252 542
252 289
252 471
252 159
252 612
603 170
603 15
603 988
603 431
603 49
603 292
603 230
603 744
98 627
98 892
98 122
98 599
98 381
98 560
98 197
98 259
365 773
365 513
365 532
365 305
365 329
365 732
365 247
70 185
70 306
70 661
70 467
70 110
70 915
70 599
70 814
828 126
828 602
828 485
828 19
828 156
828 229
828 336
755 759
755 220
755 665
755 564
755 560
755 418
755 967
755 484
755 908
437 514
437 338
437 68
437 955
437 259
437 771
437 905
187 435
187 769
187 465
187 478
187 291
187 836
187 564
187 997
824 704
824 563
824 758
824 756
824 549
824 29
824 937
824 864
411 966
411 533
411 841
411 948
411 649
411 402
411 698
411 715
717 122
717 308
717 262
717 156
717 944
717 152
717 909
20 47
20 481
20 92
20 136
20 366
20 261
20 318
20 320
73 939
73 690
73 110
73 933
73 942
73 120
200 311
200 274
200 490
200 189
200 157
200 47
200 328
200 762
205 704
205 31
205 115
205 591
205 769
988 744
988 497
988 188
988 303
988 557
994 300
994 439
994 35
994 986
994 912
994 519
994 894
994 82
31 84
31 144
31 128
31 54
31 601
31 702
491 841
491 237
491 625
491 708
491 473
491 66
276 618
276 39
276 297
276 92
276 590
650 520
650 78
650 170
650 173
650 912
650 959
650 395
650 197
650 227
274 307
274 898
274 306
274 790
274 160
311 161
311 425
311 328
311 583
311 617
311 348
311 517
193 523
193 414
193 492
193 781
193 708
193 188
193 288
193 843
193 816
386 303
386 24
386 160
386 289
386 56
17 724
17 43
17 979
17 371
17 722
426 517
426 377
426 217
426 945
426 550
426 592
963 346
963 475
963 307
963 142
25 685
25 434
25 590
25 681
25 180
25 774
25 436
25 430
775 834
775 914
775 735
775 901
775 893
775 284
775 964
775 49
591 50
591 181
591 704
591 544
591 127
591 855
661 837
661 229
661 617
661 61
661 394
952 93
952 576
952 927
952 241
952 455
952 578
952 112
952 323
489 753
489 669
489 104
489 114
489 942
489 720
771 763
771 74
771 208
771 387
486 570
486 359
486 583
486 272
486 84
486 206
486 196
6 406
6 329
6 967
6 773
6 747
6 19
6 743
6 110
802 185
802 925
802 248
802 842
802 878
802 718
802 50
620 63
620 628
620 415
620 709
620 220
620 504
620 212
620 909
578 55
578 576
578 53
578 990
578 746
578 726
578 927
578 799
964 49
964 893
964 198
964 834
964 735
964 726
440 217
440 442
440 52
440 61
440 134
440 113
440 346
144 564
144 773
144 732
144 524
144 907
144 257
259 198
259 955
259 783
259 68
430 120
430 352
430 896
430 66
430 685
430 681
430 790
430 497
56 399
56 763
56 324
56 217
56 887
56 694
453 514
453 258
453 364
453 936
453 220
453 395
156 588
156 2
156 618
156 503
156 746
156 134
682 472
682 958
682 388
682 558
682 977
682 671
51 241
51 749
51 532
51 15
51 663
92 297
92 742
92 320
92 746
92 136
92 720
92 815
92 366
307 126
307 44
307 974
307 292
307 538
307 944
241 5
241 397
241 232
241 936
241 104
497 527
497 410
497 294
497 790
265 629
265 984
265 866
265 313
265 523
265 114
265 61
854 388
854 251
854 891
854 294
854 90
854 306
854 194
91 261
91 931
91 942
91 849
91 852
347 788
347 251
347 40
347 864
347 495
347 88
89 517
89 924
89 849
89 410
89 110
89 548
89 847
89 384
89 24
89 224
399 815
399 324
399 762
399 687
399 763
399 300
332 836
332 7
332 54
332 111
332 435
332 450
332 598
670 266
670 445
670 420
670 917
670 255
670 90
670 248
795 844
795 29
795 400
795 766
795 285
795 966
795 956
795 335
859 528
859 97
859 268
859 114
859 278
859 689
213 520
213 898
213 835
213 533
213 263
397 997
397 631
397 911
397 172
397 586
397 330
433 130
433 951
433 160
433 236
433 927
433 605
433 868
559 549
559 336
559 721
559 502
559 558
559 953
536 618
536 289
536 108
536 997
980 956
980 415
980 709
980 888
980 93
980 761
980 63
980 398
906 128
906 555
906 104
906 83
906 571
906 364
906 490
139 582
139 141
139 371
139 843
139 119
233 253
233 745
233 946
233 925
233 179
233 903
892 529
892 563
892 627
892 127
892 116
892 860
892 381
965 61
965 671
965 345
965 23
965 343
965 499
965 567
965 706
965 866
104 126
104 936
104 788
104 706
104 905
104 776
104 5
855 783
855 944
855 362
855 749
855 709
855 525
555 876
555 94
555 706
555 322
555 388
555 571
683 169
683 826
683 530
683 321
683 610
683 781
683 945
683 84
211 873
211 610
211 97
211 675
211 282
310 122
310 223
310 120
310 157
310 881
310 110
310 753
586 240
586 330
586 214
586 349
931 247
931 331
931 722
931 74
931 607
931 557
931 542
970 920
970 1
970 400
970 721
970 788
769 704
769 277
769 352
769 474
769 159
908 864
908 149
908 217
908 128
908 576
158 977
158 359
158 709
158 654
158 224
158 285
158 179
158 759
917 82
917 255
917 688
917 600
917 315
917 420
917 230
637 282
637 673
637 414
637 610
132 313
132 253
132 918
132 323
132 653
132 103
132 834
132 333
132 528
701 414
701 50
701 845
701 320
701 835
338 967
338 955
338 220
338 68
338 891
806 781
806 542
806 878
806 605
806 400
806 212
806 460
806 547
214 633
214 240
214 330
214 349
539 943
539 925
539 372
539 231
539 523
539 142
567 530
567 840
567 912
567 526
567 811
567 470
758 588
758 704
758 896
758 406
758 630
291 407
291 564
291 836
291 478
465 535
465 776
465 872
465 819
88 986
88 503
88 173
88 413
88 280
88 622
816 987
816 429
816 840
816 294
294 891
294 29
294 410
294 610
294 977
294 766
294 790
984 141
984 949
984 114
984 389
170 303
170 67
170 74
170 306
170 689
709 959
709 885
709 110
709 535
210 554
210 103
210 610
210 688
210 601
210 765
210 469
368 873
368 413
368 267
368 467
368 889
368 122
368 79
583 522
583 406
583 157
583 366
583 431
583 911
879 534
879 628
879 538
879 561
879 595
879 778
324 300
324 725
324 127
324 839
324 530
324 763
655 223
655 415
655 638
655 804
655 582
655 975
887 838
887 229
887 1
887 8
303 488
303 413
303 672
303 232
303 954
303 764
275 119
275 407
275 881
275 663
275 675
531 554
531 685
531 436
531 681
531 543
531 774
531 944
531 484
543 23
543 492
543 159
543 209
543 431
543 106
543 130
543 61
492 149
492 822
492 190
492 159
522 513
522 728
522 606
522 524
522 431
522 845
522 949
761 223
761 231
761 499
761 856
761 918
71 986
71 748
71 590
71 237
71 257
71 129
71 874
71 23
527 549
527 126
527 688
527 499
527 260
527 402
527 657
527 284
839 562
839 315
839 580
839 826
839 776
839 818
35 696
35 177
35 485
35 863
35 676
35 550
35 63
612 471
612 280
612 905
612 387
612 665
612 842
612 295
654 660
654 704
654 686
654 813
654 366
872 415
872 535
872 819
872 776
872 648
335 95
335 844
790 318
790 807
790 410
790 558
206 272
206 359
206 590
206 45
206 847
206 813
206 617
206 389
905 261
905 59
905 223
905 482
715 220
715 135
715 100
715 870
715 726
715 838
177 485
177 607
177 863
177 676
177 696
75 760
75 889
75 254
75 420
209 18
209 149
209 763
209 247
209 269
495 188
495 474
495 991
495 44
495 478
675 224
675 97
675 873
675 548
115 371
115 212
115 400
115 94
615 66
615 445
615 472
615 269
615 469
615 400
833 638
833 236
833 783
833 172
765 914
765 881
765 786
765 254
765 842
845 728
845 429
845 835
8 562
8 474
8 849
8 891
8 42
975 804
975 350
975 919
975 744
975 835
119 525
119 321
119 472
119 706
45 288
45 68
45 251
485 676
485 116
485 937
485 435
485 547
949 277
949 371
949 814
949 602
774 235
774 180
774 181
774 685
774 681
774 554
774 436
786 967
786 237
786 235
786 270
786 334
18 333
18 427
18 217
18 749
18 280
18 903
924 313
924 224
924 847
924 479
78 540
78 973
169 516
169 33
169 575
169 418
169 660
339 687
339 822
339 651
339 100
339 157
339 40
339 450
339 836
490 328
490 83
490 762
919 804
919 940
919 1
919 350
919 687
359 272
359 376
359 331
359 315
359 841
359 813
436 747
436 180
436 685
436 152
436 681
314 690
314 301
314 366
314 582
314 260
314 345
663 778
663 40
663 503
663 723
663 694
663 783
663 577
847 106
847 724
847 870
847 934
847 224
847 973
429 903
429 473
429 708
429 844
429 538
112 140
112 331
112 148
112 511
973 648
973 7
973 912
973 472
973 812
244 236
244 444
244 746
244 532
244 702
863 607
863 939
863 696
863 676
863 896
290 394
290 714
290 930
290 196
290 99
290 337
750 484
750 772
750 747
750 538
750 385
750 352
438 516
438 503
438 134
438 185
438 179
438 334
621 442
621 550
621 760
621 718
621 482
621 484
329 942
329 148
329 507
329 388
329 590
329 809
329 773
329 954
385 981
385 305
385 764
385 285
385 606
385 137
694 260
694 665
694 723
694 577
694 743
255 230
255 507
255 938
255 59
255 328
255 301
766 538
766 896
766 42
766 966
57 197
57 772
57 582
57 192
57 148
111 936
111 649
111 706
111 217
549 67
549 29
549 557
549 159
484 420
484 538
807 876
807 915
807 558
807 350
807 469
807 690
807 837
807 814
267 413
267 462
267 900
267 50
267 520
860 809
860 237
860 791
860 282
860 627
398 487
398 248
398 2
398 315
702 530
702 444
702 734
702 11
702 134
702 333
479 956
479 349
479 966
479 346
866 304
866 61
866 550
866 629
866 535
866 345
866 876
528 753
528 570
528 826
528 179
528 944
528 333
247 141
247 605
864 927
864 815
864 716
864 40
987 706
987 120
987 840
282 128
282 108
282 610
282 140
592 269
592 301
592 345
592 333
592 487
592 304
395 511
395 3
395 418
395 785
395 227
395 942
469 991
469 748
469 625
469 862
515 835
515 189
515 927
515 322
515 44
515 328
515 862
534 304
534 561
534 341
534 628
55 991
55 580
55 413
349 982
349 240
349 330
938 334
938 920
938 323
938 607
938 179
898 982
898 257
898 732
898 306
898 630
898 918
982 602
982 762
982 227
998 4
998 891
998 145
998 724
657 672
657 627
657 3
388 533
388 809
33 735
33 514
33 575
33 418
33 946
130 889
130 888
130 869
130 951
130 225
507 5
507 939
507 444
507 148
507 142
231 542
231 318
231 791
231 945
231 781
231 604
231 90
788 948
788 575
788 19
788 387
526 826
526 540
526 840
526 198
308 262
308 44
308 909
3 467
3 594
3 387
3 460
3 280
372 173
372 503
372 137
372 410
901 284
901 893
901 49
901 735
901 977
901 888
284 893
284 516
284 49
284 914
284 594
284 735
772 192
772 625
772 197
772 323
262 316
262 909
74 979
74 722
74 99
74 636
318 977
318 852
318 660
23 61
23 499
23 943
23 799
23 635
852 345
852 208
852 601
434 540
434 760
434 376
434 725
462 716
462 389
462 951
462 149
462 862
899 174
899 468
899 508
899 472
899 4
899 471
899 473
899 405
43 145
43 371
43 689
43 673
915 841
915 934
49 838
49 834
49 893
208 548
208 116
208 194
188 331
188 474
781 827
781 945
781 756
781 935
232 955
232 907
232 764
232 951
232 669
232 698
558 958
558 811
558 394
748 47
748 990
748 305
748 257
748 114
856 475
856 817
856 504
856 331
321 631
321 227
321 723
321 39
321 103
888 79
888 511
888 671
888 725
888 900
607 676
607 538
785 348
785 161
785 732
785 725
785 425
152 519
152 685
152 180
217 840
220 2
220 517
220 561
220 967
776 315
776 149
776 535
776 106
42 635
42 649
42 87
42 362
468 174
468 405
468 622
468 508
189 157
189 997
189 943
189 838
874 540
874 728
874 590
874 192
874 576
874 907
954 925
954 773
954 760
519 230
519 883
519 685
519 192
519 547
749 532
749 686
749 106
366 47
364 172
364 258
364 827
364 444
364 304
582 524
174 508
174 4
174 405
618 190
618 297
618 991
618 405
618 636
862 933
862 837
315 295
315 535
686 813
686 907
686 292
686 194
577 723
577 352
577 704
588 846
588 192
588 948
588 181
883 305
883 176
883 190
883 530
120 933
120 110
120 939
914 815
914 893
981 285
981 525
981 418
270 529
270 137
270 197
270 482
270 635
316 760
316 148
316 669
937 896
937 159
937 185
706 903
696 912
696 517
548 550
548 194
934 814
934 743
934 224
934 698
934 724
936 966
936 29
94 400
94 571
94 563
517 629
517 550
517 322
540 953
540 280
540 542
481 320
481 50
481 598
481 713
481 272
846 129
846 266
846 822
846 651
846 90
194 384
194 953
818 791
818 958
818 159
818 455
529 986
529 951
529 47
529 563
387 181
387 295
720 343
720 136
720 669
720 381
948 313
948 542
948 192
948 966
100 288
100 602
100 953
100 554
723 918
723 179
838 352
838 762
838 834
838 135
389 236
389 121
718 544
718 925
718 716
718 580
718 61
718 894
499 301
499 783
849 405
849 53
320 198
320 414
320 722
320 747
320 598
444 836
406 604
406 414
406 254
406 402
337 394
337 99
337 930
337 181
337 714
337 50
63 127
63 116
903 427
903 939
903 473
903 381
295 83
295 122
911 343
911 687
911 487
415 909
415 638
415 966
415 533
747 635
747 229
747 110
547 516
547 116
547 560
562 811
562 933
562 474
405 508
405 812
61 925
636 513
636 760
52 248
52 113
52 542
52 268
52 140
82 524
82 190
223 140
223 594
722 113
722 370
722 557
732 257
732 804
732 918
460 280
460 292
460 467
460 939
190 114
190 649
113 873
113 576
113 638
113 442
113 352
933 235
933 66
933 939
933 248
11 630
11 759
122 166
122 377
698 542
698 533
753 1
753 651
753 482
305 815
305 811
306 257
306 876
97 873
97 475
97 627
951 764
951 885
635 229
635 630
474 687
812 672
812 744
812 613
812 145
121 819
121 990
121 93
121 37
251 288
251 343
251 40
84 912
84 384
84 601
304 93
331 947
600 925
600 889
524 728
837 472
837 690
837 617
837 394
837 229
950 59
950 263
622 4
622 665
622 376
594 467
594 362
487 402
487 817
487 869
544 628
544 918
544 741
19 947
19 439
19 725
629 322
629 126
893 735
947 817
947 225
947 809
376 745
376 631
376 876
834 108
834 352
377 66
377 550
377 300
377 439
377 894
297 822
297 561
955 575
955 407
958 513
47 841
47 977
47 734
47 261
514 40
514 946
514 418
514 827
346 384
346 842
126 134
126 974
126 260
627 946
237 285
927 407
920 930
920 37
920 760
920 427
725 511
725 40
742 254
742 520
742 799
5 4
5 564
530 734
348 261
348 157
348 425
348 161
869 1
869 909
869 236
869 606
212 878
212 371
212 804
407 759
560 381
560 476
631 745
631 876
631 39
631 135
50 248
50 991
669 470
870 149
870 176
870 442
944 974
68 263
68 54
136 450
136 672
136 557
595 778
595 628
595 561
595 942
721 741
721 652
721 532
300 799
300 439
300 482
300 687
300 894
15 218
15 425
268 229
268 842
268 734
606 513
606 116
606 538
606 258
671 959
110 445
90 266
90 133
90 129
939 759
93 24
240 185
240 330
240 53
665 173
665 813
878 248
878 811
997 708
997 44
652 53
652 986
652 617
652 488
876 1
142 442
142 384
362 940
362 292
4 508
224 979
224 157
778 628
778 176
116 610
116 141
198 726
724 2
724 370
956 813
956 218
956 714
956 230
681 180
681 571
681 254
681 685
900 79
900 502
900 450
900 413
148 99
841 651
53 322
579 827
579 173
579 598
128 726
128 809
128 289
672 745
336 350
598 979
991 943
292 759
134 442
134 503
564 2
564 370
734 137
734 470
185 799
185 334
185 269
516 610
613 467
532 420
763 891
763 482
930 99
930 218
930 714
248 844
127 37
278 979
278 470
278 261
278 400
140 819
371 345
236 605
236 791
236 229
269 967
269 743
482 713
570 272
472 133
799 254
799 196
907 728
843 196
254 402
254 842
576 660
576 689
638 59
826 435
689 912
689 227
133 894
133 285
133 455
420 745
885 881
590 881
418 575
942 67
277 688
24 705
24 912
503 783
439 894
439 59
439 166
918 946
196 394
196 571
630 7
974 413
836 741
836 735
285 161
285 29
762 135
289 977
289 940
352 159
633 741
633 651
402 218
402 95
488 764
690 350
37 427
400 966
129 266
129 793
745 617
333 345
328 260
714 218
891 602
891 445
455 959
455 323
945 604
601 604
946 513
959 889
959 513
261 161
685 180
909 783
160 87
160 935
868 716
868 7
145 896
384 40
935 523
935 822
54 263
322 450
504 764
813 272
708 523
476 728
476 370
345 599
345 272
59 230
59 563
783 414
7 716
648 660
95 688
713 986
713 166
713 599
979 313
660 258
161 425
