32 789
32 421
32 751
32 744
32 658
32 560
32 319
32 490
32 410
32 609
101 498
101 693
101 613
101 778
101 442
101 993
101 484
101 719
101 565
101 896
18 558
18 718
18 782
18 689
18 664
18 275
18 420
18 354
18 115
18 552
920 995
920 951
920 19
920 267
920 167
920 251
920 210
920 3
920 207
920 363
36 453
36 524
36 455
36 589
36 437
36 135
36 0
36 627
36 901
36 878
974 34
974 695
974 944
974 897
974 787
974 70
974 378
974 779
974 259
974 208
330 958
330 17
330 682
330 147
330 679
330 191
330 674
330 571
330 407
330 753
963 25
963 599
963 675
963 772
963 314
963 543
963 445
963 699
963 525
963 555
366 374
366 989
366 169
366 200
366 986
366 588
366 107
366 66
366 458
366 795
620 44
620 954
620 804
620 404
620 47
620 435
620 212
620 859
620 771
620 169
700 464
700 557
700 267
700 45
700 412
700 511
700 370
700 882
700 475
700 892
910 286
910 623
910 353
910 608
910 702
910 593
910 25
910 801
910 440
910 146
307 754
307 605
307 93
307 8
307 319
307 182
307 444
307 870
307 481
307 505
686 862
686 61
686 172
686 690
686 593
686 594
686 693
686 470
686 884
686 135
716 383
716 96
716 792
716 598
716 304
716 592
716 505
716 323
716 882
716 704
854 962
854 524
854 849
854 419
854 636
854 551
854 601
854 848
854 73
854 683
262 91
262 88
262 418
262 5
262 812
262 977
262 959
262 657
262 193
262 368
448 514
448 487
448 947
448 655
448 132
448 618
448 758
448 88
448 469
448 149
810 495
810 254
810 234
810 396
810 860
810 746
810 426
810 490
810 293
810 676
258 796
258 2
258 386
258 938
258 299
258 190
258 795
258 182
258 337
258 710
915 332
915 877
915 752
915 979
915 579
915 749
915 599
915 234
915 626
915 525
184 580
184 635
184 103
184 855
184 542
184 415
184 251
184 775
184 383
184 962
737 238
737 169
737 405
737 735
737 340
737 960
737 577
737 410
737 912
737 509
392 430
392 175
392 827
392 310
392 865
392 636
392 765
392 746
392 792
392 187
30 243
30 71
30 129
30 274
30 377
30 890
30 889
30 204
30 564
30 667
233 442
233 52
233 521
233 573
233 683
233 741
233 185
233 365
233 496
233 179
933 696
933 528
933 26
933 458
933 901
933 717
933 559
933 594
933 143
933 581
227 986
227 41
227 165
227 722
227 91
227 84
227 661
227 919
227 763
227 741
518 583
518 260
518 123
518 945
518 52
518 698
518 407
518 957
518 449
518 704
719 693
719 921
719 239
719 442
719 38
719 993
719 565
719 778
719 498
980 860
980 267
980 672
980 792
980 873
980 369
980 585
980 477
980 256
980 577
245 880
245 690
245 871
245 671
245 90
245 733
245 248
245 734
245 162
245 954
572 929
572 170
572 745
572 271
572 624
572 427
572 874
572 792
572 87
572 91
42 642
42 252
42 976
42 800
42 127
42 51
42 501
42 188
42 329
42 952
509 441
509 497
509 876
509 611
509 658
509 15
509 946
509 789
509 904
47 252
47 274
47 2
47 639
47 167
47 284
47 804
47 999
47 190
587 126
587 156
587 119
587 231
587 59
587 277
587 195
587 955
587 690
587 826
112 999
112 466
112 311
112 341
112 153
112 590
112 907
112 607
112 923
112 222
982 709
982 942
982 357
982 691
982 857
982 621
982 539
982 51
982 238
982 421
255 908
255 606
255 713
255 45
255 55
255 637
255 613
255 324
255 287
255 493
738 137
738 668
738 113
738 747
738 290
738 464
738 486
738 645
738 249
738 743
174 790
174 220
174 838
174 99
174 23
174 917
174 884
174 721
174 571
174 447
813 768
813 829
813 166
813 574
813 141
813 885
813 133
813 780
813 19
813 246
67 655
67 466
67 896
67 46
67 395
67 48
67 400
67 841
67 117
67 828
687 360
687 80
687 385
687 305
687 881
687 707
687 439
687 207
687 413
687 77
72 988
72 417
72 564
72 436
72 717
72 347
72 292
72 684
72 764
72 857
536 606
536 127
536 623
536 4
536 287
536 306
536 708
536 117
536 929
536 339
433 156
433 950
433 898
433 240
433 367
433 783
433 850
433 437
433 381
433 763
515 295
515 458
515 791
515 907
515 552
515 248
515 541
515 156
515 892
515 271
371 284
371 946
371 370
371 273
371 59
371 188
371 236
371 586
371 832
371 156
805 379
805 31
805 589
805 608
805 241
805 946
805 960
805 742
805 487
805 631
257 869
257 795
257 822
257 31
257 534
257 177
257 272
257 903
257 388
257 613
703 660
703 412
703 221
703 236
703 610
703 971
703 327
703 127
703 892
703 894
546 723
546 839
546 882
546 735
546 914
546 34
546 519
546 340
546 313
546 859
577 81
577 886
577 792
577 148
577 846
577 426
577 349
577 128
644 410
644 797
644 449
644 104
644 68
644 121
644 119
644 878
644 494
644 87
375 794
375 912
375 891
375 22
375 395
375 28
375 319
375 358
375 117
375 459
924 60
924 659
924 10
924 472
924 65
924 852
924 624
924 202
924 171
924 911
111 586
111 477
111 765
111 659
111 965
111 267
111 151
111 260
111 832
111 614
356 670
356 666
356 743
356 566
356 252
356 341
356 853
356 155
356 607
356 143
281 279
281 623
281 763
281 451
281 757
281 555
281 717
281 878
281 87
281 866
996 768
996 777
996 394
996 754
996 748
996 68
996 998
996 821
996 159
996 372
465 35
465 434
465 102
465 958
465 503
465 199
465 382
465 937
465 53
465 206
588 632
588 98
588 91
588 271
588 659
588 986
588 360
588 499
588 147
316 43
316 270
316 517
316 590
316 991
316 296
316 84
316 484
316 617
316 997
780 585
780 776
780 166
780 246
780 885
780 133
780 840
780 358
780 311
865 430
865 153
865 310
865 393
865 409
865 731
865 720
865 706
865 175
7 9
7 542
7 436
7 949
7 87
7 230
7 179
7 640
7 900
7 318
649 104
649 907
649 875
649 833
649 934
649 451
649 637
649 131
649 728
649 191
721 917
721 693
721 99
721 838
721 790
721 571
721 296
721 23
721 586
905 274
905 990
905 746
905 663
905 851
905 853
905 781
905 633
905 37
905 403
981 482
981 838
981 578
981 576
981 334
981 527
981 114
981 816
981 604
981 883
85 521
85 549
85 972
85 206
85 447
85 229
85 671
85 938
85 688
85 64
424 583
424 748
424 294
424 423
424 913
424 955
424 209
424 621
424 312
424 816
604 646
604 310
604 648
604 486
604 352
604 752
604 692
604 452
604 461
760 970
760 893
760 650
760 159
760 122
760 743
760 160
760 897
760 681
760 136
122 249
122 250
122 159
122 970
122 136
122 847
122 893
122 186
122 665
491 475
491 821
491 483
491 556
491 334
491 504
491 274
491 940
491 976
491 925
419 524
419 592
419 529
419 24
419 350
419 458
419 636
419 849
419 962
714 282
714 187
714 225
714 816
714 237
714 918
714 104
714 490
714 335
714 544
73 602
73 708
73 557
73 221
73 601
73 511
73 19
73 510
73 187
306 954
306 750
306 191
306 202
306 550
306 906
306 975
306 569
306 90
293 327
293 34
293 308
293 994
293 708
293 507
293 940
293 953
293 912
309 388
309 631
309 177
309 638
309 911
309 31
309 828
309 659
309 822
309 422
154 774
154 462
154 507
154 216
154 225
154 834
154 967
154 633
154 333
154 157
416 435
416 147
416 621
416 537
416 526
416 104
416 898
416 821
416 955
416 889
76 467
76 806
76 69
76 131
76 92
76 123
76 264
76 412
76 27
76 275
496 395
496 289
496 46
496 786
496 19
496 841
496 973
496 896
496 97
342 832
342 660
342 740
342 791
342 121
342 261
342 176
342 108
342 527
342 978
881 385
881 100
881 322
881 439
881 305
881 360
881 77
881 975
881 207
65 766
65 483
65 893
65 520
65 765
65 899
65 250
65 576
65 970
78 339
78 516
78 256
78 348
78 317
78 283
78 475
78 940
78 908
78 634
138 288
138 948
138 769
138 932
138 160
138 662
138 410
138 279
138 97
138 191
593 696
593 214
593 49
593 602
593 552
593 237
593 665
593 165
532 527
532 759
532 359
532 469
532 346
532 134
532 251
532 383
532 289
532 763
712 172
712 894
712 409
712 149
712 472
712 270
712 118
712 969
712 280
712 730
162 880
162 954
162 807
162 734
162 108
162 733
162 224
162 585
162 100
950 425
950 636
950 118
950 559
950 319
950 494
950 102
950 381
950 783
652 945
652 150
652 749
652 890
652 902
652 942
652 198
652 463
652 155
652 616
814 768
814 46
814 180
814 75
814 362
814 318
814 189
814 967
814 265
814 983
79 998
79 54
79 123
79 569
79 298
79 952
79 701
79 282
79 476
79 931
363 345
363 688
363 158
363 831
363 201
363 827
363 267
363 868
363 922
596 542
596 824
596 900
596 232
596 640
596 318
596 130
596 730
596 949
596 230
106 126
106 616
106 841
106 884
106 927
106 903
106 10
106 46
106 938
106 202
725 223
725 403
725 56
725 729
725 168
725 837
725 198
725 454
725 412
725 178
12 38
12 775
12 851
12 26
12 605
12 537
12 803
12 754
12 759
12 197
80 77
80 386
80 439
80 360
80 763
80 952
80 207
80 305
80 413
522 904
522 239
522 789
522 946
522 742
522 373
522 586
522 844
522 799
522 876
825 783
825 647
825 93
825 538
825 879
825 584
825 895
825 468
825 625
825 344
170 64
170 563
170 165
170 757
170 942
170 615
170 733
170 862
170 415
373 932
373 94
373 939
373 665
373 304
373 346
373 850
373 848
373 633
818 405
818 989
818 824
818 297
818 359
818 795
818 902
818 883
818 206
818 468
823 283
823 863
823 899
823 297
823 554
823 388
823 234
823 343
823 583
823 313
276 25
276 326
276 388
276 544
276 984
276 952
276 956
276 521
276 28
276 41
540 764
540 849
540 24
540 524
540 350
540 927
540 663
540 529
540 835
540 472
474 244
474 647
474 460
474 633
474 266
474 562
474 302
474 4
474 673
474 958
784 520
784 45
784 576
784 343
784 569
784 863
784 899
784 6
784 492
784 704
689 835
689 420
689 744
689 470
689 115
689 354
689 782
689 664
689 275
709 992
709 303
709 561
709 995
709 411
709 253
709 832
709 16
709 57
209 979
209 898
209 826
209 690
209 399
209 5
209 621
209 182
209 569
486 464
486 113
486 137
486 512
486 289
486 747
486 668
486 713
214 827
214 335
214 987
214 74
214 602
214 66
214 816
214 948
214 132
564 667
564 614
564 204
564 243
564 889
564 220
564 377
564 698
63 502
63 351
63 401
63 884
63 544
63 336
63 399
63 707
63 696
63 550
368 5
368 779
368 959
368 812
368 977
368 657
368 418
368 235
368 193
268 609
268 866
268 81
268 210
268 192
268 899
268 979
268 409
268 382
268 402
800 788
800 273
800 976
800 284
800 815
800 180
800 291
800 216
800 843
404 275
404 804
404 777
404 480
404 109
404 987
404 771
404 248
404 723
432 571
432 769
432 215
432 683
432 460
432 331
432 531
432 934
432 755
432 761
450 51
450 757
450 668
450 529
450 582
450 651
450 130
450 984
450 34
450 619
548 864
548 859
548 70
548 715
548 514
548 438
548 311
548 746
548 37
548 428
50 161
50 49
50 745
50 406
50 836
50 269
50 943
50 726
50 591
50 456
843 477
843 919
843 291
843 815
843 369
843 759
843 923
843 152
843 656
427 187
427 218
427 210
427 492
427 806
427 842
427 858
427 930
427 315
322 100
322 461
322 437
322 254
322 383
322 439
322 606
322 4
322 305
484 0
484 997
484 991
484 84
484 590
484 455
484 43
484 270
888 28
888 662
888 40
888 445
888 497
888 288
888 918
888 336
888 675
888 955
895 879
895 280
895 949
895 538
895 913
895 625
895 533
895 584
895 939
390 319
390 399
390 482
390 940
390 277
390 185
390 773
390 681
390 817
390 953
618 429
618 487
618 88
618 947
618 758
618 458
618 711
618 132
618 397
443 513
443 285
443 819
443 914
443 653
443 463
443 21
443 685
443 790
443 75
396 670
396 422
396 627
396 504
396 341
396 681
396 505
396 483
396 919
554 802
554 196
554 665
554 239
554 984
554 543
554 754
554 777
554 109
290 137
290 512
290 668
290 747
290 645
290 113
290 743
290 172
290 464
801 568
801 353
801 346
801 440
801 286
801 702
801 608
801 556
801 146
13 493
13 512
13 676
13 376
13 409
13 232
13 202
13 890
13 705
13 471
35 102
35 434
35 382
35 503
35 860
35 826
35 937
35 53
35 195
903 462
903 884
903 60
903 539
903 294
903 976
903 6
903 650
904 832
904 553
904 946
904 239
904 789
904 254
904 876
904 742
960 150
960 748
960 871
960 26
960 194
960 336
960 914
960 61
567 521
567 815
567 362
567 526
567 553
567 967
567 126
567 566
567 408
567 340
181 699
181 973
181 543
181 637
181 476
181 890
181 90
181 860
181 191
181 848
750 975
750 96
750 179
750 6
750 661
750 907
750 983
750 89
750 821
809 731
809 320
809 225
809 867
809 94
809 507
809 9
809 774
809 294
809 155
844 294
844 928
844 668
844 663
844 222
844 715
844 476
844 301
844 217
14 394
14 763
14 292
14 580
14 730
14 420
14 624
14 705
14 614
14 592
344 468
344 625
344 584
344 533
344 913
344 386
344 538
344 879
344 277
0 627
0 524
0 437
0 237
0 878
0 135
0 435
0 856
446 889
446 768
446 938
446 200
446 37
446 480
446 833
446 52
446 169
446 671
207 117
207 413
207 463
207 724
207 439
207 305
807 734
807 880
807 535
807 313
807 601
807 91
807 733
807 788
807 928
919 882
919 629
919 143
919 763
919 191
919 925
919 242
820 727
820 614
820 116
820 550
820 391
820 398
820 871
820 912
820 551
820 61
858 671
858 212
858 315
858 842
858 210
858 482
858 218
858 141
858 970
11 340
11 811
11 213
11 205
11 149
11 535
11 956
11 833
11 211
11 951
985 492
985 202
985 897
985 457
985 164
985 629
985 541
985 141
985 552
985 86
364 748
364 938
364 328
364 40
364 663
364 791
364 651
364 913
364 125
364 817
699 543
699 495
699 141
699 134
699 54
699 685
699 555
699 17
862 165
862 614
862 147
862 786
862 269
862 537
862 161
862 973
570 928
570 869
570 764
570 605
570 970
570 200
570 637
570 100
570 624
570 691
575 401
575 464
575 351
575 639
575 998
575 83
575 195
575 58
575 457
575 256
511 855
511 602
511 708
511 320
511 221
511 718
511 601
511 557
808 830
808 936
808 273
808 987
808 622
808 691
808 415
808 263
808 994
808 896
861 476
861 728
861 771
861 449
861 495
861 488
861 822
861 741
861 698
861 61
203 421
203 968
203 329
203 740
203 688
203 852
203 635
203 523
203 872
203 961
229 206
229 549
229 663
229 156
229 221
229 569
229 568
229 845
229 440
755 769
755 531
755 215
755 331
755 445
755 934
755 761
755 781
755 88
971 898
971 568
971 194
971 236
971 223
971 751
971 220
971 958
971 165
908 156
908 475
908 556
908 237
908 345
908 634
908 852
908 339
984 523
984 250
984 941
984 619
984 777
984 198
984 762
226 33
226 192
226 61
226 935
226 155
226 948
226 414
226 785
226 19
226 314
398 485
398 116
398 10
398 237
398 311
398 550
398 545
398 232
398 715
391 155
391 614
391 768
391 513
391 655
391 110
391 930
391 802
391 551
694 367
694 158
694 201
694 821
694 447
694 831
694 922
694 638
694 868
694 707
137 892
137 202
137 464
137 668
137 512
137 747
137 113
720 851
720 393
720 153
720 9
720 430
720 706
720 731
720 175
720 310
869 887
869 205
869 39
869 308
869 86
869 606
869 242
869 773
164 260
164 937
164 734
164 90
164 695
164 503
164 199
164 434
164 741
422 627
422 352
422 40
422 631
422 469
422 728
422 504
422 135
282 931
282 804
282 851
282 537
282 295
282 206
282 907
282 17
643 380
643 894
643 379
643 500
643 89
643 57
643 840
643 735
643 630
643 488
430 310
430 752
430 346
430 836
430 183
430 451
430 153
514 562
514 742
514 864
514 285
514 900
514 305
514 651
514 655
583 385
583 471
583 617
583 473
583 931
583 698
583 297
756 685
756 463
756 653
756 513
756 107
756 485
756 338
756 819
756 776
756 21
146 440
146 25
146 353
146 925
146 296
146 608
146 702
146 286
338 463
338 819
338 653
338 927
338 75
338 21
338 685
338 513
338 774
696 581
696 736
696 803
696 594
696 901
696 26
696 528
238 291
238 891
238 273
238 151
238 28
238 459
238 857
238 912
758 711
758 487
758 947
758 256
758 59
758 132
758 856
758 429
219 717
219 621
219 189
219 278
219 266
219 400
219 506
219 265
219 103
219 485
479 158
479 638
479 410
479 182
479 870
479 114
479 93
479 683
479 8
479 605
710 190
710 386
710 299
710 337
710 302
710 713
710 972
710 2
710 374
33 785
33 192
33 658
33 680
33 653
33 414
33 935
33 314
33 301
60 351
60 925
60 799
60 650
60 10
60 69
60 348
60 185
217 354
217 819
217 663
217 582
217 114
217 408
217 24
217 715
217 674
406 943
406 300
406 456
406 591
406 776
406 161
406 358
406 269
406 291
349 117
349 370
349 179
349 365
349 312
349 55
349 394
349 304
349 969
8 182
8 481
8 870
8 376
8 93
8 425
8 239
8 605
417 857
417 347
417 40
417 764
417 988
417 292
417 856
417 436
417 171
261 148
261 856
261 966
261 978
261 705
261 660
261 740
261 791
261 527
597 150
597 172
597 739
597 44
597 683
597 451
597 517
597 945
597 937
597 595
140 678
140 120
140 118
140 51
140 355
140 66
140 160
140 412
140 623
140 579
188 370
188 125
188 774
188 494
188 51
188 665
188 900
188 395
240 836
240 578
240 956
240 489
240 958
240 55
240 438
240 211
240 951
325 501
325 126
325 761
325 563
325 358
325 24
325 280
325 9
325 624
325 110
957 169
957 425
957 851
957 52
957 516
957 86
957 965
957 62
957 205
831 201
831 707
831 367
831 655
831 158
831 243
831 868
831 922
77 248
77 385
77 305
77 439
77 637
77 360
77 413
372 684
372 545
372 492
372 387
372 29
372 826
372 90
372 402
372 890
113 789
113 668
113 512
113 743
113 747
113 464
131 92
131 69
131 478
131 54
131 27
131 123
131 152
131 806
379 930
379 549
379 724
379 894
379 89
379 380
379 323
379 792
990 852
990 403
990 381
990 289
990 97
990 357
990 555
990 794
990 761
523 621
523 872
523 328
523 95
523 413
523 968
523 961
523 329
839 39
839 884
839 723
839 961
839 248
839 802
839 1
839 3
839 352
775 180
775 15
775 100
775 851
775 684
775 979
775 931
775 300
145 49
145 741
145 54
145 115
145 147
145 519
145 891
145 682
145 598
145 969
664 455
664 744
664 354
664 782
664 420
664 115
664 128
664 656
500 38
500 128
500 675
500 894
500 488
500 380
500 840
500 64
500 89
736 846
736 666
736 970
736 616
736 105
736 301
736 722
736 594
736 929
317 110
317 516
317 329
317 475
317 697
317 634
317 339
317 766
317 940
892 464
892 471
892 116
892 501
892 541
892 236
798 669
798 786
798 3
798 502
798 727
798 139
798 323
798 20
798 678
798 177
936 691
936 615
936 658
936 830
936 994
936 263
936 415
936 622
936 609
944 897
944 661
944 979
944 378
944 695
944 70
944 779
944 208
944 259
335 730
335 816
335 127
335 918
335 130
335 288
335 88
335 51
909 601
909 914
909 244
909 547
909 115
909 288
909 939
909 256
909 681
909 134
57 228
57 995
57 55
57 303
57 840
57 411
57 253
57 16
672 187
672 288
672 817
672 321
672 762
672 287
672 29
672 824
672 648
445 934
445 543
445 675
445 40
445 693
445 828
445 331
488 894
488 541
488 630
488 380
488 840
488 89
488 777
194 539
194 718
194 562
194 25
194 646
194 20
194 930
194 751
634 475
634 940
634 105
634 516
634 339
634 385
634 256
949 900
949 647
949 640
949 220
949 230
949 542
949 318
89 894
89 332
89 727
89 380
89 840
331 761
331 543
331 934
331 563
331 531
331 215
331 769
44 250
44 626
44 739
44 611
44 595
44 945
44 451
44 150
517 683
517 563
517 277
517 157
517 455
517 506
517 913
517 494
549 163
549 139
549 9
549 752
549 711
549 845
549 455
186 976
186 683
186 847
186 616
186 159
186 893
186 249
186 304
186 104
678 345
678 15
678 120
678 561
678 6
678 17
678 355
678 142
728 84
728 796
728 133
728 741
728 658
728 383
728 636
732 51
732 151
732 480
732 560
732 319
732 108
732 642
732 677
732 222
732 610
773 86
773 887
773 1
773 308
773 295
773 39
773 346
773 817
615 830
615 661
615 273
615 658
615 358
615 871
615 31
615 415
791 966
791 291
791 660
791 527
791 740
791 978
224 938
224 294
224 151
224 100
224 493
224 765
224 827
224 691
224 120
906 274
906 267
906 762
906 412
906 655
906 436
906 244
906 637
906 152
246 574
246 380
246 133
246 885
246 829
246 585
246 166
246 459
436 292
436 176
436 988
436 347
436 679
436 764
705 660
705 527
705 866
705 828
705 856
705 978
705 966
531 769
531 761
531 215
531 441
531 343
531 793
531 934
834 507
834 462
834 213
834 94
834 972
834 216
834 537
834 225
834 774
148 497
148 370
148 397
148 260
148 635
148 10
148 765
148 334
278 630
278 87
278 746
278 602
278 189
278 265
278 592
278 400
278 461
41 945
41 601
41 287
41 521
41 429
41 150
41 326
41 559
152 159
152 4
152 301
152 477
152 287
152 485
152 357
247 614
247 196
247 724
247 242
247 788
247 793
247 923
247 796
247 603
247 711
480 513
480 302
480 58
480 108
480 751
480 560
480 319
724 454
724 553
724 998
724 717
724 483
724 336
724 742
471 781
471 767
471 254
471 645
471 606
471 565
471 442
239 742
239 876
239 789
239 832
239 946
630 526
630 272
630 204
630 254
630 248
630 886
630 894
408 407
408 645
408 361
408 867
408 682
408 520
408 674
408 939
969 964
969 179
969 556
969 848
969 640
969 144
969 336
679 674
679 147
679 848
679 753
679 598
679 682
679 407
679 711
64 185
64 361
64 315
64 241
64 932
64 611
64 911
930 802
930 646
930 52
930 645
930 153
930 566
568 440
568 142
568 886
568 405
568 165
568 501
568 925
729 198
729 56
729 454
729 223
729 178
729 172
729 403
729 837
729 168
414 280
414 785
414 680
414 650
414 935
414 977
414 192
414 314
677 180
677 435
677 223
677 160
677 530
677 539
677 882
677 713
677 119
901 590
901 528
901 748
901 744
901 493
901 26
901 581
124 285
124 352
124 129
124 156
124 859
124 817
124 806
124 771
124 958
124 656
163 326
163 826
163 642
163 97
163 66
163 953
163 147
163 827
163 405
74 896
74 560
74 979
74 926
74 802
74 783
74 144
74 66
74 827
571 838
571 917
571 23
571 99
571 790
571 660
393 378
393 706
393 153
393 619
393 731
393 175
393 675
393 10
160 506
160 218
160 459
160 835
160 81
160 654
345 127
345 6
345 142
345 120
345 355
345 17
345 986
142 6
142 55
142 355
142 120
142 706
142 17
142 297
742 946
742 452
742 832
742 876
959 235
959 657
959 125
959 5
959 418
959 977
959 658
959 812
964 129
964 449
964 377
964 231
964 715
964 781
964 109
964 235
964 285
389 254
389 718
389 663
389 200
389 871
389 476
389 61
389 803
389 501
389 300
864 324
864 833
864 473
864 603
864 875
864 29
864 561
864 267
212 842
212 460
212 972
212 218
212 244
212 359
212 315
212 210
397 508
397 327
397 3
397 951
397 519
397 273
397 539
397 336
594 463
594 528
594 336
594 26
594 581
594 380
987 806
987 665
987 489
987 431
987 105
987 301
987 976
566 553
566 252
566 341
566 295
566 607
566 853
566 826
454 794
454 837
454 168
454 355
454 223
454 56
454 412
684 764
684 988
684 347
684 19
684 578
684 292
684 857
662 288
662 405
662 690
662 850
662 883
662 298
662 979
662 669
27 929
27 894
27 69
27 264
27 467
27 795
27 123
27 92
192 785
192 935
192 314
192 965
192 680
192 646
455 254
455 579
455 107
455 108
455 886
197 165
197 635
197 275
197 61
197 494
197 352
197 817
197 537
197 847
762 288
762 497
762 435
762 299
762 332
762 626
762 655
291 314
291 730
291 385
291 534
291 324
444 469
444 670
444 502
444 757
444 697
444 735
444 754
444 447
444 932
639 401
639 384
639 83
639 351
639 195
639 150
639 534
639 457
667 54
667 71
667 377
667 243
667 698
667 134
667 204
667 220
438 526
438 48
438 328
438 267
438 529
438 821
438 103
438 70
457 401
457 83
457 578
457 387
457 492
457 195
457 394
874 600
874 91
874 569
874 998
874 271
874 109
874 651
874 731
874 285
59 493
59 165
59 711
59 586
59 136
59 790
59 645
561 303
561 222
561 266
561 498
561 418
561 885
561 992
931 786
931 543
931 661
931 558
931 547
931 902
574 256
574 82
574 141
574 166
574 133
574 25
574 885
574 829
641 983
641 529
641 948
641 94
641 541
641 265
641 362
641 967
641 189
641 733
71 313
71 377
71 39
71 889
71 204
71 243
71 220
71 702
535 149
535 211
535 956
535 489
535 692
535 811
535 855
535 951
647 886
647 297
647 48
647 884
647 769
647 616
647 628
312 794
312 573
312 790
312 34
312 926
312 277
312 251
312 216
348 185
348 650
348 600
348 788
348 327
348 580
348 458
348 449
321 400
321 691
321 833
321 324
321 104
321 875
321 241
321 287
321 867
811 52
811 951
811 431
811 493
811 149
811 211
811 956
811 489
582 104
582 673
582 34
582 765
582 835
582 767
582 460
582 617
407 210
407 753
407 487
407 674
407 682
407 598
136 989
136 159
136 970
136 681
136 893
136 847
136 249
235 97
235 441
235 431
235 297
235 781
235 977
235 231
249 718
249 159
249 847
249 250
249 353
249 893
726 510
726 340
726 943
726 907
726 456
726 745
726 169
726 836
726 161
752 501
752 310
752 9
752 326
752 241
752 311
504 341
504 289
504 614
504 386
504 796
504 103
504 617
178 343
178 497
178 403
178 56
178 198
178 922
178 837
178 168
654 835
654 770
654 612
654 580
654 845
654 997
654 383
654 466
654 81
411 942
411 303
411 253
411 992
411 722
411 995
411 172
411 16
48 555
48 824
48 671
48 118
48 769
48 859
48 157
544 441
544 642
544 850
544 155
544 421
544 493
544 619
119 614
119 512
119 539
119 802
119 921
119 126
119 29
481 870
481 93
481 425
481 605
481 21
481 958
481 182
481 334
776 794
776 690
776 300
776 151
776 298
776 84
776 472
49 884
49 222
49 453
49 510
49 269
49 830
49 665
890 357
890 995
890 155
890 463
890 495
954 880
954 975
954 458
954 734
954 733
954 90
778 498
778 670
778 693
778 717
778 565
778 993
778 921
778 442
558 718
558 898
558 648
558 467
558 458
558 541
558 926
558 929
767 781
767 794
767 557
767 20
767 323
767 669
767 835
767 727
405 632
405 713
405 555
405 193
405 883
939 216
939 429
939 665
939 573
939 692
939 947
680 314
680 785
680 545
680 935
680 636
680 650
680 472
878 437
878 627
878 38
878 237
878 797
878 589
279 434
279 102
279 3
279 978
279 266
279 722
279 503
279 350
534 83
534 97
534 114
534 66
534 797
534 681
534 986
666 853
666 743
666 401
666 105
666 607
666 252
666 341
666 670
943 745
943 836
943 271
943 456
943 269
943 591
943 161
333 815
333 87
333 648
333 483
333 916
333 766
333 998
333 922
333 296
770 466
770 845
770 103
770 68
770 173
770 81
770 166
770 612
770 633
369 815
369 98
369 499
369 632
369 395
369 659
369 477
369 423
367 201
367 638
367 707
367 787
367 206
367 868
367 158
308 86
308 205
308 887
308 210
308 39
308 552
308 1
757 1
757 230
757 968
757 555
757 799
757 377
953 413
953 893
953 867
953 447
953 938
953 66
953 294
789 946
789 602
789 850
789 876
846 792
846 838
846 473
846 803
846 171
846 107
846 753
846 592
887 86
887 359
887 39
887 9
887 1
887 426
887 205
221 708
221 602
221 384
221 470
221 461
221 557
606 127
606 254
606 999
606 722
606 100
513 653
513 685
513 75
513 819
513 21
320 774
320 428
320 294
320 579
320 867
320 467
320 929
320 822
526 553
526 126
526 883
526 983
526 560
526 642
653 685
653 75
653 819
653 463
653 21
158 868
158 201
158 707
158 922
158 638
337 423
337 386
337 497
337 2
337 972
337 374
337 299
337 190
723 478
723 584
723 157
723 907
723 3
723 215
723 403
62 590
62 851
62 691
62 617
62 40
62 916
62 99
62 530
62 376
387 508
387 102
387 110
387 492
387 932
387 394
387 501
387 61
494 359
494 425
494 352
494 275
494 141
459 891
459 952
459 358
459 912
459 28
459 835
599 426
599 626
599 242
599 740
599 332
599 877
599 525
599 579
837 168
837 198
837 922
837 56
837 223
837 403
53 359
53 199
53 428
53 102
53 503
53 206
53 434
53 382
96 975
96 983
96 449
96 879
96 38
96 988
96 401
96 15
232 461
232 100
232 550
232 646
232 116
232 196
232 545
327 490
327 508
327 340
327 121
327 3
327 394
176 121
176 237
176 745
176 75
176 927
176 193
176 334
176 208
365 144
365 833
365 741
365 521
365 656
365 928
365 691
365 185
856 552
856 527
856 991
856 462
856 222
547 748
547 52
547 121
547 108
547 302
547 300
547 899
547 453
612 234
612 284
612 466
612 68
612 216
612 845
612 539
612 81
962 350
962 529
962 636
962 25
962 849
962 263
962 551
378 695
378 208
378 779
378 70
378 897
378 259
378 973
347 956
347 292
347 857
347 764
347 88
347 254
58 611
58 501
58 357
58 440
58 855
58 866
58 674
58 681
82 166
82 610
82 319
82 671
82 19
82 361
82 272
82 110
82 885
625 584
625 879
625 538
625 468
625 533
625 447
625 913
130 358
130 600
130 927
130 288
130 759
130 804
130 91
787 688
787 891
787 208
787 973
787 889
787 326
787 779
787 259
39 1
39 857
39 86
39 205
591 161
591 456
591 269
591 659
591 836
591 955
591 745
916 183
916 941
916 803
916 483
916 284
916 530
916 948
916 529
499 98
499 298
499 346
499 581
499 659
499 423
499 632
499 492
477 353
477 151
477 799
477 267
477 966
285 449
285 624
285 651
285 601
285 771
631 377
631 822
631 177
631 388
631 31
631 932
631 272
355 6
355 95
355 429
355 17
355 120
797 681
797 786
797 97
797 528
797 24
797 171
797 83
410 768
410 706
410 828
410 735
410 821
45 863
45 576
45 520
45 880
45 573
45 734
45 343
46 704
46 896
46 611
46 841
46 395
46 266
286 462
286 928
286 353
286 519
286 440
286 608
286 702
926 447
926 66
926 794
926 701
926 595
926 783
926 945
685 21
685 75
685 463
685 819
533 538
533 879
533 29
533 584
533 913
533 692
533 326
803 766
803 452
803 751
803 632
803 507
128 3
128 986
128 384
128 328
128 671
128 656
128 394
754 117
754 97
754 553
754 159
754 175
563 147
563 304
563 218
563 202
563 510
563 883
682 958
682 598
682 147
682 674
682 753
193 125
193 657
193 651
193 772
193 766
193 5
883 298
883 983
883 179
883 569
698 204
698 384
698 220
698 927
698 243
177 31
177 822
177 127
177 272
177 795
177 388
508 777
508 876
508 183
508 867
508 394
508 828
508 842
129 986
129 918
129 692
129 815
129 715
129 482
129 172
98 182
98 127
98 423
98 143
98 659
98 581
98 632
528 683
528 493
528 26
528 55
528 581
580 339
580 610
580 121
580 997
580 260
580 383
701 234
701 617
701 256
701 505
701 777
701 295
701 385
701 914
328 95
328 179
328 623
328 872
328 296
328 304
640 542
640 786
640 230
640 730
640 318
640 900
722 346
722 231
722 929
722 941
722 751
796 361
796 402
796 473
796 795
796 617
796 289
860 476
860 473
860 426
860 490
860 702
860 324
413 360
413 305
413 759
413 439
886 704
886 34
886 274
886 294
886 340
234 236
234 490
234 525
234 845
234 713
978 966
978 740
978 527
978 774
978 660
303 253
303 992
303 16
303 589
303 995
303 205
384 195
384 83
384 713
384 351
384 169
384 989
922 868
922 638
922 707
669 469
669 688
669 727
669 323
669 201
669 20
669 139
428 385
428 359
428 361
428 510
428 859
428 539
428 132
470 889
470 925
470 691
470 61
470 343
470 23
470 902
16 399
16 253
16 476
16 992
16 55
16 995
56 168
56 412
56 223
56 198
56 403
948 816
948 529
948 155
948 967
948 651
171 609
171 873
171 907
171 95
171 539
171 10
706 153
706 845
706 175
706 310
706 731
637 613
637 19
637 673
637 200
994 830
994 415
994 376
994 748
994 512
994 263
994 622
833 213
833 656
833 272
833 395
43 991
43 159
43 127
43 997
43 84
43 898
43 270
43 590
376 512
376 873
376 753
376 202
376 441
376 92
24 628
24 295
24 332
24 449
24 921
134 989
134 623
134 524
134 819
134 951
134 421
304 218
304 848
304 623
304 296
386 299
386 190
386 374
386 972
715 311
715 114
715 165
715 497
151 541
151 353
151 898
151 765
848 551
848 228
848 468
848 144
173 766
173 556
173 645
173 381
173 675
173 133
173 519
173 81
173 157
607 889
607 341
607 670
607 252
607 853
607 655
296 853
296 997
296 400
296 251
841 896
841 334
841 118
841 395
841 695
841 34
707 638
707 868
707 201
592 497
592 271
592 838
592 921
592 965
478 402
478 358
478 992
478 541
478 250
478 932
478 793
478 297
22 357
22 786
22 912
22 300
22 581
22 28
22 891
22 537
22 871
559 783
559 676
559 871
559 88
559 799
559 107
559 506
283 899
283 863
283 88
283 167
283 576
283 902
283 231
283 852
600 650
600 550
600 998
600 661
600 788
600 611
600 804
103 251
103 313
103 973
103 289
103 635
105 697
105 545
105 598
105 183
105 530
105 941
270 968
270 873
270 84
270 991
270 997
270 590
782 645
782 115
782 420
782 744
782 354
782 275
782 976
251 383
251 99
251 19
251 350
836 161
836 346
836 745
836 456
415 263
415 273
415 622
415 830
611 280
611 9
611 911
611 935
788 447
788 370
788 998
788 824
788 284
104 955
104 619
104 875
847 840
847 537
847 873
847 893
847 498
40 850
40 663
40 295
40 913
441 334
441 934
441 135
441 673
441 619
545 144
545 550
545 99
545 116
545 311
842 253
842 218
842 315
842 730
842 581
842 210
402 628
402 530
402 663
402 609
402 421
402 866
793 121
793 196
793 578
793 835
793 923
793 603
793 242
744 420
744 275
744 751
744 354
744 231
911 361
911 638
911 241
911 473
911 15
911 806
487 947
487 132
487 741
487 711
487 429
2 299
2 190
2 759
2 237
2 374
2 849
157 318
157 506
157 635
157 613
157 913
693 993
693 565
693 498
693 442
849 350
849 117
849 636
849 524
849 551
622 748
622 830
622 263
622 273
622 230
622 872
264 467
264 123
264 92
264 815
264 69
264 746
264 628
264 482
313 979
313 829
313 867
313 769
313 885
613 287
613 771
613 650
613 859
613 493
661 595
661 425
661 302
661 646
573 665
573 794
573 688
573 1
573 852
573 628
917 875
917 108
917 70
917 838
917 99
917 23
917 447
29 126
29 90
29 799
29 928
29 298
670 252
670 341
670 442
670 853
302 301
302 542
302 578
302 918
302 748
989 510
989 468
989 169
989 986
989 94
83 195
83 401
83 351
83 681
866 409
866 609
866 462
866 966
866 538
822 31
822 388
822 88
822 272
961 872
961 329
961 95
961 968
961 816
961 799
961 555
244 265
244 673
244 266
244 947
244 4
244 460
739 15
739 877
739 489
739 945
739 490
739 248
739 595
739 451
452 735
452 300
452 425
452 749
452 675
452 191
452 932
697 941
697 110
697 236
697 530
697 183
697 557
697 516
966 660
966 527
966 609
966 287
589 167
589 437
589 135
589 840
589 453
589 627
912 891
912 610
912 28
94 507
94 774
94 423
94 225
94 635
114 527
114 507
114 765
114 370
114 311
123 187
123 806
123 69
123 92
586 979
586 830
586 284
586 260
586 485
362 524
362 740
362 189
362 983
362 265
362 967
362 242
868 394
868 952
868 201
26 584
26 6
26 581
175 310
175 731
175 153
175 429
180 718
180 156
180 300
180 629
180 483
180 200
339 516
339 852
339 475
339 940
635 975
635 510
635 927
498 565
498 921
498 442
498 993
877 692
877 579
877 525
877 626
877 610
877 332
877 749
928 656
928 733
928 298
928 91
382 199
382 102
382 434
382 937
382 556
382 503
702 25
702 440
702 608
702 938
766 771
766 829
766 624
766 483
923 999
923 15
923 623
923 196
923 603
923 242
525 777
525 749
525 332
525 626
525 579
562 851
562 213
562 361
562 898
562 418
562 896
562 717
576 899
576 343
576 578
576 520
576 863
92 69
92 467
92 806
92 426
243 204
243 220
243 377
243 927
289 473
289 617
289 552
595 228
595 735
595 150
595 610
595 451
650 314
650 237
988 764
988 857
988 280
988 292
988 543
400 324
400 189
400 898
400 875
400 460
28 648
28 891
28 692
551 636
551 802
551 115
551 792
753 598
753 674
753 958
753 409
550 336
550 120
550 116
495 838
495 772
495 952
495 205
495 867
495 602
821 34
821 187
821 485
150 914
150 451
150 945
95 872
95 629
95 968
95 120
95 144
277 790
277 260
277 399
277 817
277 691
713 556
713 972
713 970
242 603
242 196
242 608
867 294
867 979
829 771
829 256
829 133
829 885
829 187
388 272
388 795
388 31
747 464
747 645
747 512
747 668
747 743
934 769
934 633
934 215
483 87
483 765
824 359
824 97
824 81
824 603
824 253
15 999
15 250
15 100
490 426
490 319
490 121
608 440
608 25
608 353
110 225
110 648
110 519
110 973
727 873
727 139
727 970
727 20
727 323
633 976
633 506
633 850
633 519
768 75
768 828
768 708
768 206
655 274
655 10
352 431
352 977
352 241
352 656
785 314
785 850
785 935
785 144
785 646
222 552
222 190
222 999
222 161
840 332
840 315
896 395
896 298
927 759
927 741
999 965
999 792
999 623
999 87
603 196
603 806
603 449
603 236
827 505
827 183
827 66
827 642
681 941
506 610
506 505
506 213
506 683
676 601
676 361
676 746
676 254
676 783
676 426
676 423
315 482
315 271
315 210
315 218
399 690
399 269
399 871
399 817
399 336
735 935
735 914
735 521
955 167
955 826
955 20
955 473
274 346
274 87
274 510
967 426
967 265
967 983
967 189
5 125
5 497
5 812
5 977
5 657
21 75
21 425
21 819
617 748
617 473
900 542
900 688
900 318
900 228
579 332
579 749
579 626
642 871
642 108
642 51
642 412
298 665
298 717
925 334
925 311
925 616
925 648
628 921
628 211
628 510
628 206
628 149
437 952
437 627
437 453
437 135
451 183
451 945
468 538
468 299
468 879
468 871
555 510
555 52
456 975
456 161
456 745
456 269
870 605
870 93
870 182
870 781
870 692
870 381
117 623
117 358
117 125
167 231
167 826
167 155
167 804
167 621
977 812
977 657
977 418
280 485
280 460
280 777
280 733
118 626
118 859
118 409
118 695
118 334
646 231
646 172
646 461
259 779
259 897
259 794
259 70
259 208
259 695
467 806
467 69
467 929
467 998
475 940
475 329
475 516
921 68
921 993
921 614
116 965
116 501
116 156
116 616
759 763
759 38
759 746
301 198
301 453
301 929
301 248
578 658
578 200
578 802
409 172
409 202
409 165
199 772
199 260
199 937
199 503
199 102
199 434
418 657
418 361
418 812
418 107
228 619
228 97
228 786
228 144
228 975
228 783
38 657
38 472
38 370
38 121
300 90
300 357
530 884
530 183
530 941
530 609
991 873
991 120
991 997
991 590
991 84
601 461
601 326
159 893
711 132
711 947
711 429
937 354
937 503
937 472
937 434
941 493
941 231
941 183
141 19
141 482
141 17
141 629
253 992
253 995
253 55
213 973
213 216
213 230
213 361
213 462
250 326
250 420
250 223
204 220
204 377
204 889
503 102
503 434
965 671
965 516
965 241
965 942
381 783
381 374
381 794
381 299
381 817
857 764
857 292
749 902
749 882
749 626
749 10
190 299
190 972
190 374
629 166
629 763
629 519
629 318
629 143
734 733
734 90
734 54
734 880
505 761
505 482
505 598
505 295
20 469
20 323
20 139
20 502
354 420
354 275
354 115
968 329
968 431
968 688
968 872
516 940
516 143
627 135
627 453
627 288
524 350
524 453
340 863
340 3
340 88
401 195
401 851
401 351
799 458
799 891
799 872
453 377
453 135
463 746
185 359
185 656
185 125
185 521
648 421
648 461
648 431
102 434
879 584
879 538
879 541
476 54
476 673
476 772
745 241
745 237
200 501
200 718
200 66
557 835
557 236
557 602
557 708
812 107
812 657
812 435
812 743
880 993
880 556
880 986
880 733
168 198
168 403
168 223
168 942
216 225
216 462
216 1
482 359
482 938
266 4
266 460
266 241
266 673
426 374
761 311
761 215
761 902
37 334
37 236
37 323
37 169
37 139
37 263
37 324
897 208
897 779
897 695
897 70
893 970
310 153
310 882
973 543
973 336
318 230
318 542
772 529
772 610
772 651
772 993
772 125
10 472
619 166
619 731
619 135
695 208
695 70
616 497
616 975
616 942
211 149
211 431
211 951
211 489
211 956
272 569
272 31
565 993
565 632
565 442
565 143
125 657
125 179
205 86
205 4
845 68
845 466
845 54
855 383
855 730
855 34
855 718
855 292
855 108
99 790
99 838
99 23
560 297
560 751
560 740
560 660
560 319
149 431
149 956
149 489
394 777
828 107
828 4
828 708
512 668
31 795
853 743
853 341
853 252
651 17
651 421
907 537
907 93
208 779
208 70
872 230
872 329
553 126
553 115
553 832
553 191
473 875
215 256
215 260
215 769
472 624
472 421
918 675
918 127
918 940
918 288
918 786
764 292
346 469
852 688
852 624
852 826
4 458
4 460
520 863
520 899
520 357
520 343
520 674
585 126
585 746
585 690
585 992
585 133
585 873
674 598
590 84
590 997
198 902
241 284
139 502
139 323
139 932
139 469
993 442
201 605
201 638
107 100
107 730
816 645
816 329
816 730
299 435
529 350
899 863
899 343
891 692
539 876
942 421
942 403
942 357
485 835
485 90
485 717
819 75
945 781
786 902
913 538
91 271
91 986
972 374
972 502
462 225
462 507
350 663
350 351
284 236
284 9
1 86
1 383
598 147
431 995
431 489
935 731
935 314
252 743
252 341
704 569
704 492
704 351
704 425
704 218
439 385
439 305
439 360
609 3
609 658
196 902
196 52
196 23
84 997
460 673
519 656
519 357
688 779
425 265
882 992
882 248
882 267
69 815
69 55
717 740
435 998
435 621
435 121
774 225
774 507
673 751
673 143
771 859
771 248
779 826
109 25
109 469
109 671
109 781
109 875
109 804
358 914
223 412
718 815
183 220
297 55
297 552
898 889
374 556
914 61
914 851
54 792
54 466
287 329
287 875
863 343
863 569
765 636
675 876
675 380
429 132
429 947
624 23
169 52
260 832
802 537
802 556
632 172
632 423
632 659
873 690
873 143
958 86
93 182
93 360
93 605
995 992
692 638
884 269
671 938
395 815
265 189
265 983
189 132
189 983
423 492
423 659
68 324
68 195
68 466
68 81
133 885
133 166
932 326
225 507
126 690
332 626
783 461
295 206
295 552
466 81
466 9
218 210
781 353
179 144
179 542
326 521
156 850
461 708
610 859
947 804
947 132
23 838
23 790
231 751
324 875
324 447
521 741
351 195
305 360
440 353
187 380
187 543
832 946
469 502
790 584
731 153
271 87
271 191
502 975
502 108
502 323
230 542
420 115
420 275
51 370
51 817
850 144
269 161
763 143
876 946
602 708
584 538
885 166
541 804
380 894
449 294
740 660
273 263
273 830
202 191
621 155
621 929
370 6
263 658
263 830
489 951
489 956
952 795
952 492
951 956
976 6
976 683
668 464
120 17
385 360
605 182
