311 587
311 923
311 126
311 303
311 304
311 970
311 537
311 438
311 853
311 386
684 560
684 526
684 865
684 951
684 877
684 397
684 235
684 733
684 628
684 930
506 974
506 839
506 252
506 316
506 450
506 964
506 872
506 795
506 553
506 723
859 925
859 871
859 426
859 353
859 936
859 605
859 796
859 71
859 28
859 521
929 990
929 770
929 520
929 543
929 562
929 806
929 229
929 629
929 814
929 619
962 471
962 538
962 152
962 778
962 868
962 143
962 873
962 193
962 866
962 697
804 31
804 709
804 484
804 937
804 214
804 531
804 898
804 167
804 199
804 465
967 843
967 921
967 130
967 942
967 776
967 669
967 901
967 947
967 832
967 931
730 89
730 299
730 691
730 562
730 186
730 700
730 128
730 594
730 970
730 615
789 970
789 865
789 699
789 295
789 610
789 653
789 965
789 724
789 763
789 986
821 61
821 103
821 351
821 764
821 304
821 815
821 126
821 113
821 95
821 554
907 375
907 664
907 109
907 665
907 450
907 477
907 84
907 921
907 119
907 467
405 685
405 286
405 664
405 387
405 394
405 359
405 88
405 380
405 46
405 609
440 554
440 624
440 187
440 259
440 652
440 398
440 163
440 4
440 524
440 923
102 643
102 126
102 49
102 871
102 95
102 438
102 828
102 163
102 989
102 816
402 619
402 779
402 238
402 169
402 288
402 851
402 763
402 871
402 960
402 416
65 735
65 743
65 30
65 267
65 748
65 304
65 517
65 895
65 165
65 292
749 512
749 397
749 377
749 259
749 327
749 691
749 349
749 939
749 209
749 987
277 36
277 777
277 344
277 109
277 812
277 772
277 572
277 498
277 192
277 910
928 368
928 710
928 667
928 169
928 965
928 919
928 731
928 488
928 909
928 872
123 989
123 845
123 331
123 2
123 114
123 428
123 329
123 823
123 140
123 361
461 247
461 818
461 948
461 927
461 305
461 385
461 566
461 106
461 611
461 544
357 534
357 467
357 628
357 890
357 247
357 480
357 909
357 98
357 369
357 755
399 153
399 741
399 266
399 552
399 4
399 905
399 486
399 997
399 427
399 122
307 451
307 617
307 349
307 733
307 524
307 914
307 956
307 422
307 514
307 632
807 351
807 667
807 383
807 526
807 236
807 1
807 328
807 854
807 682
807 961
496 112
496 373
496 679
496 390
496 447
496 246
496 584
496 157
496 799
496 842
972 562
972 316
972 818
972 325
972 144
972 757
972 288
972 585
972 965
972 581
320 926
320 586
320 836
320 493
320 455
320 364
320 124
320 336
320 530
320 777
746 833
746 769
746 873
746 719
746 321
746 720
746 666
746 436
746 480
746 542
149 508
149 765
149 458
149 757
149 419
149 92
149 305
149 666
149 590
149 310
864 67
864 961
864 435
864 561
864 255
864 309
864 623
864 984
864 782
864 685
616 914
616 13
616 507
616 259
616 155
616 551
616 47
616 719
616 454
616 753
744 443
744 344
744 104
744 597
744 519
744 975
744 343
744 610
744 893
744 109
621 472
621 110
621 385
621 978
621 573
621 836
621 987
621 354
621 906
621 547
269 824
269 132
269 391
269 800
269 91
269 408
269 166
269 963
269 917
269 306
636 544
636 874
636 895
636 840
636 235
636 6
636 182
636 912
636 254
636 609
301 38
301 611
301 82
301 700
301 530
301 680
301 164
301 493
301 267
301 9
625 721
625 4
625 286
625 748
625 764
625 164
625 400
625 47
625 302
625 492
545 623
545 539
545 198
545 843
545 100
545 881
545 999
545 482
545 943
545 965
985 672
985 321
985 543
985 284
985 432
985 271
985 939
985 785
985 727
985 901
10 489
10 670
10 55
10 288
10 511
10 510
10 294
10 535
10 623
10 977
826 69
826 157
826 604
826 769
826 380
826 441
826 139
826 159
826 788
826 775
266 635
266 254
266 777
266 255
266 707
266 840
266 171
266 100
266 78
523 195
523 827
523 411
523 739
523 522
523 318
523 164
523 654
523 515
523 995
393 226
393 334
393 457
393 9
393 74
393 847
393 435
393 654
393 895
393 995
564 953
564 229
564 75
564 902
564 803
564 718
564 207
564 639
564 280
564 349
546 331
546 319
546 966
546 850
546 136
546 858
546 479
546 630
546 887
546 768
577 608
577 761
577 975
577 599
577 396
577 814
577 332
577 318
577 708
577 784
217 287
217 912
217 640
217 455
217 247
217 882
217 971
217 482
217 663
217 619
338 850
338 429
338 199
338 395
338 285
338 842
338 21
338 529
338 261
338 306
315 178
315 903
315 232
315 353
315 792
315 210
315 908
315 351
315 592
315 177
644 289
644 589
644 251
644 425
644 675
644 271
644 641
644 713
644 329
644 977
540 703
540 167
540 515
540 550
540 106
540 754
540 334
540 620
540 728
540 772
762 580
762 53
762 848
762 479
762 370
762 936
762 742
762 17
762 182
762 544
875 335
875 902
875 718
875 30
875 489
875 494
875 500
875 304
875 349
875 921
981 169
981 57
981 230
981 808
981 413
981 176
981 39
981 557
981 767
981 182
369 854
369 992
369 849
369 112
369 935
369 21
369 695
369 814
369 541
880 614
880 950
880 933
880 892
880 673
880 679
880 281
880 844
880 55
880 694
657 16
657 775
657 447
657 803
657 957
657 482
657 971
657 179
657 738
657 881
758 22
758 446
758 819
758 795
758 99
758 713
758 145
758 385
758 292
758 547
160 623
160 801
160 598
160 890
160 756
160 386
160 176
160 563
160 763
160 251
477 53
477 867
477 36
477 815
477 285
477 35
477 431
477 411
477 389
811 362
811 69
811 200
811 581
811 737
811 499
811 584
811 380
811 950
811 146
7 742
7 309
7 414
7 214
7 377
7 389
7 356
7 600
7 223
7 832
649 229
649 587
649 808
649 382
649 757
649 203
649 495
649 87
649 199
649 116
48 387
48 159
48 67
48 852
48 417
48 782
48 692
48 578
48 736
48 742
421 853
421 566
421 459
421 722
421 508
421 672
421 510
421 6
421 208
421 689
655 4
655 66
655 611
655 476
655 888
655 861
655 608
655 247
655 449
655 559
870 35
870 201
870 966
870 682
870 889
870 634
870 581
870 782
870 281
870 96
340 401
340 237
340 157
340 20
340 144
340 883
340 794
340 903
340 263
340 752
529 606
529 670
529 219
529 384
529 396
529 700
529 515
529 760
529 726
231 692
231 43
231 849
231 960
231 866
231 260
231 502
231 968
231 450
231 367
771 415
771 454
771 578
771 358
771 773
771 834
771 590
771 300
771 19
771 774
542 602
542 932
542 975
542 704
542 974
542 842
542 17
542 83
542 50
308 552
308 717
308 350
308 524
308 150
308 889
308 777
308 923
308 832
308 665
991 401
991 720
991 446
991 189
991 948
991 842
991 759
991 874
991 691
991 770
143 517
143 682
143 244
143 623
143 346
143 271
143 764
143 873
143 145
429 779
429 179
429 295
429 984
429 135
429 933
429 435
429 18
429 594
896 408
896 40
896 209
896 193
896 389
896 64
896 692
896 281
896 596
896 502
932 412
932 689
932 867
932 583
932 132
932 996
932 959
932 933
932 665
228 139
228 95
228 198
228 341
228 909
228 178
228 734
228 707
228 287
228 824
473 879
473 115
473 890
473 476
473 830
473 215
473 867
473 129
473 192
473 198
637 790
637 883
637 363
637 84
637 549
637 458
637 552
637 698
637 898
637 828
937 670
937 107
937 499
937 287
937 781
937 380
937 753
937 903
937 129
34 100
34 757
34 721
34 407
34 938
34 377
34 489
34 351
34 641
34 868
230 964
230 903
230 724
230 823
230 237
230 674
230 833
230 761
230 99
290 950
290 596
290 280
290 800
290 126
290 26
290 591
290 943
290 930
290 145
194 987
194 763
194 639
194 792
194 785
194 314
194 347
194 674
194 19
194 212
596 561
596 199
596 148
596 957
596 794
596 282
596 573
596 283
378 254
378 400
378 491
378 420
378 3
378 16
378 553
378 222
378 469
378 286
942 443
942 471
942 134
942 687
942 912
942 651
942 656
942 419
942 221
437 852
437 150
437 689
437 927
437 838
437 861
437 834
437 851
437 508
437 238
997 782
997 25
997 42
997 329
997 757
997 427
997 164
997 553
997 978
108 439
108 334
108 35
108 77
108 171
108 480
108 267
108 179
108 87
108 906
729 244
729 964
729 745
729 324
729 871
729 978
729 658
729 706
729 6
729 24
876 433
876 287
876 172
876 193
876 465
876 877
876 533
876 339
876 52
876 630
431 392
431 772
431 257
431 797
431 973
431 766
431 950
431 627
431 848
953 603
953 921
953 904
953 513
953 979
953 244
953 801
953 401
953 950
249 147
249 824
249 446
249 666
249 145
249 892
249 786
249 773
249 86
249 284
653 606
653 95
653 342
653 454
653 999
653 243
653 189
653 638
653 2
185 620
185 281
185 514
185 16
185 83
185 917
185 302
185 658
185 178
185 534
897 413
897 135
897 366
897 128
897 409
897 707
897 466
897 44
897 947
897 77
161 348
161 602
161 760
161 681
161 294
161 488
161 432
161 494
161 259
161 240
565 900
565 452
565 261
565 984
565 246
565 0
565 773
565 101
565 815
565 49
660 267
660 189
660 406
660 787
660 383
660 8
660 344
660 558
660 68
660 391
262 410
262 801
262 49
262 793
262 583
262 585
262 878
262 886
262 567
262 717
888 28
888 732
888 225
888 777
888 150
888 889
888 448
888 441
888 867
174 543
174 769
174 40
174 318
174 679
174 372
174 75
174 309
174 836
174 427
250 439
250 717
250 300
250 521
250 812
250 635
250 609
250 33
250 401
250 960
158 355
158 319
158 448
158 957
158 916
158 518
158 224
158 686
158 646
158 850
242 124
242 285
242 586
242 862
242 512
242 865
242 900
242 992
242 822
242 615
509 28
509 500
509 817
509 693
509 325
509 956
509 926
509 183
509 777
509 798
765 331
765 92
765 635
765 318
765 39
765 488
765 90
765 868
765 709
127 78
127 401
127 206
127 792
127 806
127 791
127 121
127 394
127 946
127 768
663 469
663 806
663 488
663 519
663 468
663 494
663 36
663 934
663 935
374 787
374 722
374 221
374 81
374 444
374 3
374 776
374 225
374 820
374 77
747 969
747 324
747 479
747 100
747 984
747 104
747 280
747 46
747 120
747 979
822 179
822 413
822 441
822 88
822 587
822 731
822 720
822 209
822 334
580 659
580 278
580 198
580 894
580 70
580 567
580 773
580 101
580 350
645 705
645 541
645 816
645 168
645 879
645 306
645 756
645 738
645 359
645 283
838 708
838 719
838 547
838 227
838 493
838 549
838 190
838 624
838 82
557 245
557 104
557 502
557 525
557 858
557 514
557 548
557 878
557 600
661 630
661 674
661 33
661 528
661 195
661 286
661 71
661 639
661 914
661 983
276 88
276 692
276 333
276 468
276 381
276 282
276 567
276 417
276 181
276 147
419 666
419 924
419 206
419 617
419 845
419 92
419 166
419 598
202 827
202 861
202 654
202 198
202 628
202 120
202 631
202 974
202 787
202 740
204 446
204 35
204 209
204 543
204 561
204 538
204 42
204 948
204 214
204 598
754 768
754 593
754 979
754 297
754 346
754 342
754 51
754 872
754 389
946 793
946 189
946 935
946 539
946 173
946 233
946 365
946 469
946 630
647 608
647 524
647 148
647 434
647 949
647 131
647 801
647 115
647 943
647 919
820 599
820 718
820 209
820 69
820 312
820 980
820 934
820 516
820 952
279 642
279 910
279 22
279 416
279 893
279 685
279 956
279 227
279 410
279 356
424 427
424 632
424 667
424 247
424 554
424 796
424 472
424 441
424 5
424 438
265 450
265 766
265 679
265 790
265 364
265 971
265 551
265 843
265 951
265 103
489 186
489 226
489 436
489 280
489 164
489 350
489 584
476 915
476 608
476 337
476 124
476 100
476 829
476 22
476 413
709 879
709 784
709 741
709 140
709 556
709 8
709 29
709 115
168 285
168 891
168 919
168 588
168 988
168 740
168 360
168 282
168 863
556 558
556 367
556 460
556 74
556 721
556 569
556 639
556 241
556 244
154 258
154 169
154 610
154 877
154 382
154 961
154 701
154 703
154 438
154 401
268 855
268 226
268 361
268 73
268 288
268 478
268 351
268 247
268 793
268 406
908 71
908 930
908 563
908 535
908 903
908 130
908 370
908 458
908 894
414 536
414 463
414 664
414 425
414 688
414 609
414 819
414 845
414 881
999 672
999 643
999 272
999 400
999 890
999 488
999 583
999 61
124 344
124 493
124 41
124 304
124 232
124 675
124 716
671 628
671 514
671 805
671 586
671 851
671 735
671 955
671 114
671 828
671 455
12 721
12 44
12 93
12 612
12 630
12 869
12 211
12 976
12 700
12 463
201 992
201 408
201 573
201 380
201 519
201 148
201 536
201 182
201 541
443 103
443 995
443 795
443 520
443 215
443 348
443 536
443 286
151 777
151 755
151 359
151 455
151 845
151 103
151 486
151 224
151 188
151 14
215 29
215 739
215 41
215 624
215 145
215 439
215 195
215 166
63 934
63 737
63 958
63 64
63 239
63 53
63 837
63 92
63 710
63 786
139 134
139 592
139 898
139 96
139 624
139 478
139 415
139 318
274 272
274 368
274 592
274 110
274 571
274 348
274 325
274 359
274 64
274 298
551 257
551 841
551 574
551 817
551 13
551 957
551 49
551 521
293 448
293 439
293 351
293 132
293 422
293 392
293 797
293 425
293 333
293 297
702 791
702 147
702 975
702 118
702 386
702 869
702 187
702 622
702 59
702 898
769 354
769 218
769 449
769 856
769 706
769 525
769 763
731 111
731 608
731 372
731 433
731 861
731 498
731 448
731 856
466 472
466 406
466 659
466 117
466 573
466 674
466 438
466 759
466 632
492 738
492 66
492 701
492 490
492 899
492 786
492 658
492 467
492 995
504 336
504 232
504 865
504 549
504 3
504 662
504 335
504 352
504 786
504 406
784 205
784 152
784 26
784 534
784 926
784 310
784 558
784 316
569 423
569 52
569 836
569 67
569 583
569 224
569 116
569 416
569 650
913 893
913 99
913 726
913 852
913 385
913 275
913 710
913 622
913 359
913 640
522 159
522 113
522 259
522 815
522 426
522 648
522 467
522 146
522 561
162 938
162 591
162 988
162 188
162 326
162 802
162 85
162 803
162 698
162 680
741 534
741 198
741 905
741 563
741 370
741 342
741 698
741 72
146 187
146 134
146 573
146 155
146 327
146 508
146 595
146 218
258 95
258 459
258 508
258 757
258 736
258 305
258 4
258 72
258 850
188 739
188 986
188 59
188 590
188 658
188 825
188 831
188 309
669 487
669 136
669 995
669 817
669 688
669 145
669 628
669 490
669 220
180 459
180 184
180 827
180 533
180 275
180 468
180 629
180 588
180 656
180 318
256 917
256 2
256 68
256 524
256 984
256 353
256 490
256 993
256 779
256 354
89 401
89 90
89 668
89 912
89 444
89 696
89 735
89 189
89 27
626 314
626 288
626 766
626 119
626 736
626 624
626 851
626 849
626 550
626 673
397 166
397 29
397 667
397 727
397 840
397 183
397 560
397 434
681 553
681 510
681 947
681 413
681 432
681 80
681 852
681 725
681 578
952 531
952 600
952 289
952 881
952 719
952 264
952 620
952 389
952 412
137 18
137 470
137 968
137 223
137 436
137 924
137 186
137 205
137 986
137 966
559 500
559 808
559 894
559 959
559 725
559 66
559 107
559 861
559 144
1 840
1 94
1 916
1 195
1 330
1 360
1 618
1 550
1 335
698 717
698 471
698 563
698 818
698 860
698 45
698 719
78 98
78 351
78 714
78 812
78 76
78 39
78 533
78 303
918 635
918 327
918 809
918 941
918 59
918 444
918 358
918 892
918 835
918 728
627 609
627 426
627 165
627 849
627 956
627 335
627 16
627 0
627 948
273 449
273 833
273 126
273 278
273 292
273 136
273 98
273 367
273 129
273 246
339 839
339 842
339 776
339 90
339 104
339 977
339 965
339 112
339 994
345 121
345 272
345 82
345 113
345 152
345 837
345 894
345 403
345 692
345 535
444 885
444 511
444 767
444 528
444 751
444 735
444 72
505 216
505 80
505 316
505 306
505 567
505 599
505 970
505 933
505 683
505 925
847 31
847 144
847 607
847 413
847 595
847 482
847 986
847 901
847 175
485 120
485 515
485 535
485 182
485 2
485 363
485 410
485 178
485 841
485 951
905 55
905 350
905 824
905 742
905 9
905 98
905 28
905 214
415 93
415 316
415 701
415 495
415 244
415 305
415 665
415 922
809 114
809 883
809 666
809 205
809 197
809 750
809 755
809 683
809 912
234 486
234 988
234 881
234 85
234 8
234 517
234 973
234 971
234 773
234 957
734 760
734 47
734 32
734 537
734 648
734 683
734 43
734 468
734 631
96 834
96 100
96 302
96 750
96 348
96 453
96 832
96 633
275 196
275 806
275 88
275 303
275 687
275 0
275 114
275 235
371 495
371 326
371 597
371 104
371 368
371 989
371 222
371 442
371 694
371 674
739 776
739 592
739 573
739 457
739 425
739 462
739 87
11 770
11 614
11 115
11 857
11 793
11 164
11 135
11 105
11 171
11 561
167 629
167 163
167 604
167 963
167 954
167 893
167 157
167 131
857 778
857 398
857 886
857 363
857 519
857 824
857 171
857 101
857 976
512 284
512 531
512 26
512 501
512 945
512 433
512 282
512 939
863 756
863 687
863 186
863 619
863 603
863 865
863 312
863 710
863 708
138 795
138 341
138 860
138 220
138 452
138 456
138 439
138 447
138 6
138 792
289 782
289 777
289 132
289 361
289 717
289 456
289 823
289 979
296 850
296 846
296 865
296 819
296 696
296 536
296 910
296 503
296 628
296 779
32 464
32 81
32 404
32 30
32 49
32 740
32 562
32 259
32 257
640 515
640 22
640 584
640 491
640 46
640 842
640 560
640 454
25 107
25 978
25 190
25 438
25 763
25 823
25 568
25 211
25 715
223 966
223 18
223 818
223 132
223 360
223 361
223 368
223 427
333 84
333 135
333 832
333 354
333 525
333 481
333 910
333 736
56 58
56 23
56 973
56 759
56 218
56 362
56 686
56 579
56 322
56 303
475 46
475 707
475 47
475 362
475 562
475 483
475 555
475 176
475 27
475 549
212 487
212 976
212 836
212 728
212 783
212 606
212 638
212 224
212 300
463 884
463 332
463 977
463 699
463 989
463 537
463 460
463 586
690 988
690 678
690 534
690 298
690 893
690 365
690 526
690 368
690 766
690 723
990 422
990 60
990 298
990 600
990 920
990 582
990 656
990 527
990 805
403 705
403 24
403 460
403 376
403 253
403 427
403 648
403 532
403 689
704 982
704 74
704 5
704 707
704 828
704 752
704 237
704 418
704 632
938 54
938 823
938 326
938 779
938 578
938 294
938 60
938 922
530 22
530 743
530 632
530 588
530 817
530 155
530 115
530 575
243 618
243 152
243 862
243 791
243 881
243 761
243 917
243 216
243 361
422 327
422 659
422 62
422 699
422 537
422 263
422 842
210 196
210 786
210 547
210 110
210 549
210 680
210 700
210 427
210 474
245 718
245 38
245 341
245 468
245 165
245 761
245 8
245 493
245 53
77 549
77 776
77 288
77 732
77 533
77 449
77 707
130 715
130 519
130 680
130 433
130 470
130 222
130 677
130 8
233 423
233 335
233 956
233 147
233 131
233 497
233 766
233 166
233 190
643 779
643 567
643 777
643 23
643 638
643 55
643 527
643 987
150 844
150 330
150 548
150 52
150 135
150 521
150 184
420 93
420 455
420 408
420 740
420 832
420 575
420 605
420 361
420 43
576 381
576 365
576 511
576 322
576 812
576 725
576 284
576 148
576 44
576 327
753 574
753 672
753 499
753 352
753 90
753 770
753 966
753 184
348 361
348 66
348 594
348 915
348 335
348 926
501 126
501 561
501 631
501 26
501 958
501 321
501 934
501 298
501 94
579 14
579 881
579 570
579 941
579 432
579 899
579 425
579 400
579 535
798 192
798 659
798 894
798 14
798 853
798 745
798 191
798 381
798 355
802 520
802 101
802 665
802 99
802 541
802 571
802 465
802 490
802 494
430 911
430 236
430 975
430 787
430 867
430 732
430 453
430 817
430 683
430 251
527 206
527 535
527 479
527 658
527 585
527 720
527 91
527 493
716 711
716 16
716 813
716 532
716 292
716 993
716 998
716 377
716 930
379 385
379 719
379 853
379 441
379 815
379 209
379 788
379 975
379 641
379 982
589 112
589 524
589 474
589 724
589 68
589 610
589 555
589 715
589 664
356 409
356 98
356 925
356 558
356 885
356 271
356 305
356 464
834 862
834 50
834 432
834 267
834 464
834 926
834 92
37 453
37 696
37 803
37 133
37 159
37 203
37 321
37 58
37 15
37 347
825 318
825 588
825 867
825 590
825 722
825 59
825 782
825 980
825 793
601 352
601 335
601 328
601 631
601 780
601 43
601 526
601 172
601 552
601 81
638 71
638 816
638 659
638 982
638 801
638 33
638 226
597 969
597 578
597 203
597 998
597 253
597 510
597 780
597 650
23 652
23 801
23 172
23 255
23 493
23 441
23 51
23 170
944 882
944 855
944 141
944 423
944 899
944 738
944 979
944 222
944 312
944 750
555 313
555 192
555 755
555 751
555 55
555 923
555 685
555 18
936 418
936 761
936 38
936 5
936 752
936 715
936 472
936 381
175 322
175 190
175 963
175 450
175 578
175 132
175 848
175 617
175 300
651 267
651 842
651 203
651 314
651 486
651 718
651 21
651 110
651 336
142 44
142 316
142 5
142 350
142 844
142 775
142 57
142 495
142 843
142 750
474 833
474 384
474 433
474 64
474 134
474 390
474 6
474 425
376 14
376 90
376 191
376 251
376 181
376 184
376 173
376 471
376 619
412 528
412 458
412 365
412 502
412 232
412 773
412 85
412 225
605 521
605 5
605 532
605 381
605 169
605 190
605 840
605 886
173 903
173 166
173 851
173 386
173 611
173 324
173 467
173 97
726 701
726 457
726 297
726 550
726 462
726 19
726 537
726 213
407 306
407 18
407 783
407 190
407 844
407 727
407 126
407 705
407 688
664 878
664 680
664 533
664 45
664 166
664 543
613 44
613 354
613 68
613 482
613 389
613 152
613 781
613 740
613 773
613 617
998 310
998 993
998 970
998 699
998 203
998 818
998 738
998 70
395 957
395 598
395 591
395 521
395 675
395 295
395 906
395 700
395 469
775 672
775 454
775 350
775 513
775 675
775 827
775 467
322 438
322 954
322 701
322 832
322 629
322 394
322 853
418 986
418 189
418 391
418 112
418 617
418 620
418 58
418 879
19 706
19 325
19 622
19 901
19 947
19 17
19 968
380 8
380 737
380 159
380 543
380 662
337 488
337 147
337 945
337 874
337 113
337 453
337 144
337 620
337 271
235 263
235 598
235 222
235 370
235 157
235 46
235 280
678 587
678 586
678 662
678 686
678 101
678 922
678 872
678 735
678 514
28 808
28 319
28 906
28 285
28 27
28 9
321 171
321 752
321 147
321 61
321 964
321 116
539 21
539 878
539 218
539 813
539 27
539 26
539 125
539 708
728 411
728 300
728 331
728 181
728 560
728 84
728 901
961 856
961 197
961 239
961 687
961 966
961 114
961 679
388 588
388 560
388 163
388 192
388 970
388 788
388 391
388 959
388 404
388 411
721 827
721 533
721 428
721 725
721 710
721 648
976 673
976 954
976 642
976 732
976 9
976 298
976 384
958 892
958 342
958 126
958 614
958 697
958 209
958 327
958 607
141 183
141 389
141 614
141 302
141 855
141 667
141 458
141 517
141 503
383 319
383 571
383 725
383 94
383 377
383 80
383 548
383 692
835 312
835 711
835 390
835 499
835 239
835 987
835 943
835 756
835 723
481 329
481 74
481 254
481 478
481 343
481 364
481 347
481 216
481 218
14 800
14 688
14 152
14 326
14 316
14 833
278 694
278 816
278 60
278 708
278 447
278 70
278 208
278 904
15 119
15 743
15 813
15 478
15 222
15 837
15 814
15 257
15 560
917 332
917 620
917 499
917 218
917 541
917 241
568 178
568 468
568 724
568 994
568 155
568 756
568 336
568 685
568 91
837 238
837 683
837 738
837 705
837 553
837 169
837 38
205 17
205 486
205 514
205 219
205 919
205 598
205 677
785 632
785 672
785 302
785 237
785 99
785 317
785 73
785 978
396 717
396 767
396 164
396 469
396 479
396 727
396 957
396 947
79 248
79 510
79 691
79 264
79 435
79 960
79 350
79 955
79 491
79 983
165 764
165 750
165 770
165 75
165 543
165 254
165 358
404 511
404 986
404 673
404 329
404 155
404 718
404 869
404 417
850 760
850 172
850 813
850 860
850 832
197 755
197 535
197 191
197 88
197 45
197 719
197 299
197 42
291 858
291 281
291 829
291 360
291 667
291 263
291 806
291 672
291 534
291 61
574 727
574 586
574 891
574 819
574 182
574 122
574 591
574 679
62 957
62 346
62 717
62 413
62 525
62 479
62 119
62 191
62 956
332 965
332 318
332 128
332 240
332 989
332 517
332 13
36 738
36 989
36 658
36 688
36 103
36 884
36 720
868 740
868 720
868 846
868 105
868 732
868 516
868 836
366 426
366 791
366 76
366 270
366 300
366 115
366 460
366 719
366 84
743 572
743 624
743 355
743 598
743 792
743 133
743 829
283 548
283 796
283 203
283 903
283 654
283 74
283 973
283 272
745 707
745 153
745 119
745 416
745 830
745 861
745 5
745 425
111 948
111 735
111 69
111 525
111 959
111 618
111 208
111 615
111 495
676 211
676 788
676 334
676 964
676 449
676 300
676 585
676 548
676 237
676 873
24 742
24 271
24 500
24 400
24 883
24 573
24 799
24 267
750 699
750 634
750 670
750 630
750 722
68 755
68 786
68 451
68 382
68 42
68 841
810 129
810 389
810 312
810 200
810 903
810 665
810 272
810 6
810 846
810 812
20 885
20 841
20 572
20 398
20 101
20 806
20 694
20 500
20 987
227 377
227 632
227 484
227 808
227 712
227 742
227 365
227 525
170 507
170 434
170 27
170 865
170 451
170 287
170 514
170 353
170 873
925 441
925 902
925 787
925 200
925 468
925 169
925 35
519 886
519 248
519 331
519 125
519 57
813 313
813 705
813 885
813 446
813 64
813 110
241 982
241 980
241 206
241 21
241 55
241 923
241 285
241 886
694 797
694 392
694 484
694 873
694 284
694 451
503 612
503 145
503 914
503 805
503 581
503 751
503 699
503 70
179 494
179 628
179 464
179 993
179 446
179 992
866 299
866 428
866 136
866 423
866 82
866 450
866 97
866 867
695 980
695 713
695 140
695 881
695 797
695 324
695 237
695 93
695 571
931 552
931 696
931 166
931 325
931 526
931 106
931 633
931 109
931 105
795 325
795 406
795 372
795 72
795 465
795 153
515 109
515 334
515 948
515 895
515 81
76 706
76 886
76 499
76 887
76 181
76 914
76 302
76 602
364 871
364 116
364 346
364 251
364 919
364 317
364 172
125 298
125 899
125 874
125 450
125 211
125 700
125 423
125 686
261 121
261 906
261 448
261 240
261 61
261 899
261 482
261 926
531 302
531 633
531 292
531 919
531 484
531 903
531 263
38 451
38 697
38 855
38 904
38 772
38 98
136 119
136 639
136 978
136 478
136 208
136 923
536 288
536 41
536 673
536 599
536 790
536 642
43 209
43 494
43 13
43 960
43 587
43 86
885 787
885 567
885 252
885 689
885 856
885 54
252 848
252 592
252 582
252 507
252 764
252 282
252 93
252 814
603 606
603 691
603 426
603 619
603 801
603 609
603 354
603 264
236 800
236 453
236 667
236 470
236 764
236 398
236 883
236 733
595 781
595 389
595 748
595 683
595 513
595 612
595 615
595 126
375 346
375 910
375 401
375 5
375 722
375 53
375 788
375 86
375 842
939 490
939 0
939 114
939 306
939 22
939 26
939 951
464 428
464 697
464 599
464 592
464 792
464 83
270 330
270 910
270 752
270 675
270 72
270 239
270 583
270 260
270 622
593 196
593 17
593 514
593 49
593 453
593 507
593 200
593 329
593 452
435 423
435 343
435 103
435 594
435 334
435 239
140 29
140 390
140 722
140 611
140 927
140 793
140 624
483 949
483 164
483 221
483 737
483 761
483 996
483 688
483 352
483 955
30 706
30 209
30 221
30 960
30 417
30 646
30 192
611 800
611 700
611 353
611 131
611 3
629 409
629 109
629 963
629 578
629 783
629 971
891 711
891 297
891 329
891 631
891 314
891 646
891 58
891 39
816 45
816 244
816 717
816 617
816 17
816 994
887 449
887 370
887 706
887 583
887 895
887 109
887 865
887 292
195 251
195 113
195 860
195 915
195 622
195 84
219 191
219 633
219 232
219 547
219 220
219 90
219 117
219 482
668 591
668 865
668 683
668 52
668 75
668 355
668 122
668 852
668 129
85 106
85 313
85 712
85 191
85 53
85 16
85 916
326 460
326 58
326 221
326 498
326 304
326 468
996 86
996 989
996 945
996 499
996 18
996 757
996 87
996 159
196 224
196 573
196 176
196 592
196 264
196 480
196 793
93 912
93 497
93 823
93 304
93 588
384 410
384 801
384 950
384 299
384 193
384 54
384 117
665 768
665 220
665 147
665 454
386 764
386 949
386 115
386 707
386 948
386 650
513 486
513 900
513 401
513 409
513 988
513 86
513 480
714 327
714 780
714 502
714 206
714 187
714 966
714 53
714 254
714 26
3 982
3 654
3 325
3 75
3 763
3 900
612 114
612 208
612 573
612 774
612 452
612 247
612 641
297 860
297 679
297 715
297 80
297 584
297 183
830 768
830 425
830 295
830 198
830 306
830 989
830 963
830 524
900 157
900 623
900 528
900 893
900 737
900 97
508 919
508 225
508 761
508 47
508 244
497 92
497 264
497 768
497 398
497 153
497 285
497 260
497 391
423 472
423 184
423 970
423 973
507 848
507 926
507 955
507 909
507 528
507 155
955 790
955 886
955 901
955 833
955 8
955 74
156 791
156 57
156 83
156 592
156 733
156 599
156 851
156 207
156 94
156 604
105 965
105 930
105 433
105 599
105 610
105 368
105 956
781 654
781 806
781 586
781 152
781 650
781 29
781 553
532 843
532 479
532 977
532 970
532 894
532 27
532 752
848 69
848 471
848 974
848 480
848 232
91 22
91 948
91 773
91 687
91 912
91 432
91 226
846 59
846 968
846 21
846 966
846 253
846 799
846 642
889 21
889 648
889 352
889 706
889 240
889 606
889 64
561 973
561 752
561 107
561 472
920 899
920 720
920 639
920 588
920 80
920 328
920 752
920 470
920 871
54 994
54 538
54 453
54 490
54 237
54 95
54 544
330 358
330 253
330 208
330 299
330 452
330 792
330 145
298 697
298 115
298 365
298 33
911 61
911 264
911 930
911 878
911 819
911 456
911 858
911 172
911 73
360 833
360 727
360 98
360 912
360 462
360 184
633 768
633 922
633 9
633 246
633 408
633 722
607 867
607 994
607 971
607 686
607 927
607 924
607 786
607 563
445 844
445 827
445 459
445 81
445 220
445 790
445 186
445 922
445 9
445 346
677 877
677 954
677 814
677 17
677 748
677 751
677 353
677 823
794 387
794 941
794 526
794 979
794 680
794 135
794 797
794 451
831 248
831 815
831 819
831 823
831 121
831 81
831 83
831 646
831 428
71 883
71 909
71 587
71 372
71 710
71 703
207 462
207 73
207 148
207 50
207 800
207 780
207 924
207 22
45 433
45 585
45 524
45 468
45 791
45 861
736 61
736 535
736 590
736 855
736 394
736 280
42 518
42 571
42 799
42 64
42 526
42 969
674 733
674 829
674 538
674 520
674 471
295 844
295 951
295 774
295 686
295 748
295 122
854 871
854 563
854 44
854 306
854 763
854 818
854 903
854 774
314 251
314 121
314 153
314 254
314 845
314 516
867 456
867 502
116 723
116 157
116 118
116 200
116 133
116 510
394 44
394 720
394 458
394 303
394 13
394 80
363 740
363 618
363 893
363 87
363 313
363 814
363 572
500 553
500 354
500 954
500 912
500 796
610 992
610 310
610 257
610 845
610 861
902 845
902 884
902 748
902 799
902 184
902 22
902 812
790 667
790 982
790 724
790 566
790 192
572 118
572 760
572 833
572 658
572 187
572 259
31 425
31 193
31 566
31 528
31 570
31 294
31 803
31 491
700 471
700 358
742 828
742 845
742 255
742 131
774 101
774 713
774 358
774 604
774 841
774 224
973 494
973 83
973 199
973 272
755 406
755 884
755 359
755 571
554 797
554 362
554 95
554 453
554 460
554 86
554 118
609 224
609 584
609 768
609 560
682 648
682 602
682 455
682 480
682 642
682 634
682 239
713 410
713 570
713 323
713 203
713 229
713 805
855 305
855 869
855 200
855 520
855 98
495 120
495 922
495 106
495 766
495 909
632 602
632 246
632 434
51 272
51 40
51 153
51 521
51 498
51 390
51 413
51 465
343 329
343 922
343 367
343 692
343 849
343 40
343 740
800 878
800 591
800 764
800 553
128 871
128 615
128 334
128 0
128 965
128 844
128 949
585 994
585 805
585 416
585 708
585 442
246 238
246 622
246 956
246 806
246 341
199 849
199 791
199 696
199 751
199 844
248 303
248 780
248 267
248 675
248 541
248 849
248 782
365 562
365 982
365 409
365 350
352 450
352 272
352 751
352 841
352 685
986 604
986 220
986 624
986 673
549 872
549 49
549 361
549 703
760 187
760 756
760 284
760 783
760 83
134 331
134 614
134 748
134 469
134 898
134 521
518 780
518 459
518 317
518 325
518 711
518 916
518 342
518 652
33 452
33 467
33 639
33 922
33 470
33 703
534 779
534 904
534 107
534 52
650 988
650 544
650 280
650 153
650 61
650 442
933 2
933 87
933 517
933 594
933 373
933 449
323 751
323 486
323 941
323 353
323 70
323 701
323 465
323 309
323 40
538 906
538 27
538 129
538 95
538 456
538 447
934 184
934 47
934 282
934 691
934 457
934 60
604 628
604 833
604 948
604 358
604 776
989 114
989 860
723 805
723 772
723 362
723 47
723 491
723 306
578 16
578 979
578 409
656 631
656 592
656 107
656 342
656 947
656 770
656 971
951 606
951 979
951 109
951 620
951 472
213 617
213 715
213 72
213 602
213 819
213 9
213 467
213 304
213 354
945 469
945 50
945 226
945 571
945 759
945 382
945 16
652 327
652 135
652 550
652 347
652 686
652 211
652 836
992 872
992 328
992 225
992 325
992 550
780 727
780 486
780 824
780 129
208 524
208 467
208 808
208 67
923 558
923 122
923 566
923 187
381 349
381 872
381 614
381 82
381 153
487 448
487 884
487 441
487 214
487 844
487 458
487 910
487 284
947 646
947 35
947 615
947 120
849 680
849 216
849 703
618 983
618 840
618 874
618 456
618 877
618 537
187 331
187 368
187 886
764 358
764 930
995 974
995 617
995 26
995 206
995 943
126 940
520 552
520 52
520 350
520 547
520 823
895 41
895 69
895 119
895 968
895 620
183 153
183 571
183 808
183 547
183 708
183 893
490 793
490 703
490 808
490 979
35 516
35 544
35 659
35 812
392 526
392 658
392 41
392 60
392 732
392 808
392 584
498 433
498 924
498 87
498 858
498 229
498 544
448 543
448 710
448 582
448 533
909 711
909 624
909 892
909 634
2 517
2 186
2 525
2 400
2 50
271 639
271 662
271 353
271 893
18 759
18 703
18 112
18 192
803 171
803 98
803 287
803 566
803 718
172 533
172 841
172 57
172 254
452 171
452 44
452 898
452 836
58 472
58 930
58 112
58 222
58 220
347 818
347 253
347 778
347 408
347 427
347 873
177 858
177 724
177 706
177 119
177 949
177 155
177 451
177 839
177 433
567 511
567 799
567 759
567 935
454 193
454 980
454 705
454 409
552 691
552 55
552 696
552 264
225 927
225 328
225 159
225 535
225 884
220 792
220 553
220 635
385 190
385 642
385 22
385 882
385 370
211 21
211 113
211 344
211 722
211 703
336 455
336 494
336 935
336 562
336 824
336 856
516 590
516 748
516 894
516 451
516 229
516 788
693 355
693 106
693 710
693 439
693 778
693 641
693 724
693 921
693 858
853 839
853 372
853 983
853 879
853 410
434 778
434 890
434 144
434 286
434 470
434 110
843 715
843 935
843 319
843 292
843 6
899 940
899 318
899 670
899 66
484 563
484 441
484 712
484 687
484 696
484 602
737 72
737 377
737 614
737 39
737 436
0 313
0 701
0 968
0 879
0 282
624 120
563 342
563 335
563 971
117 64
117 469
117 218
117 408
117 178
117 517
117 186
391 478
391 759
391 679
391 879
391 614
120 707
120 959
120 930
120 367
858 761
858 255
858 451
588 240
588 959
588 916
915 924
915 544
915 118
915 200
915 635
915 455
915 570
115 410
115 586
67 53
67 50
67 562
67 687
67 614
67 634
691 189
691 719
691 240
697 447
697 904
697 193
697 994
697 121
994 80
994 129
994 439
417 224
417 305
417 673
417 359
417 400
417 319
570 881
570 566
570 470
570 894
570 413
570 772
874 869
874 841
874 284
874 586
874 680
253 622
253 144
253 309
253 131
253 462
313 52
313 594
313 131
313 571
313 305
583 57
583 890
583 954
583 181
222 103
222 257
222 898
541 560
541 436
541 5
541 49
309 756
309 303
309 50
309 218
92 27
92 673
92 525
92 872
606 73
606 229
606 949
606 64
805 914
805 906
805 966
805 99
132 548
132 335
132 711
132 327
708 560
708 449
708 715
398 135
398 232
398 634
398 260
398 733
646 642
646 8
646 238
646 935
646 400
122 451
122 767
122 457
122 502
122 584
724 410
724 218
724 299
362 975
362 181
362 732
362 69
362 114
413 224
119 701
119 368
426 465
426 344
426 860
426 689
426 373
251 118
251 94
251 738
353 52
353 144
761 191
761 216
99 919
99 631
99 591
99 163
57 203
57 993
57 372
57 112
510 906
510 692
510 465
510 259
904 457
904 869
904 97
904 993
904 41
469 735
469 226
255 852
255 184
255 69
255 901
255 284
300 948
300 198
300 9
198 75
198 980
993 987
993 782
993 94
993 226
711 467
711 960
711 455
711 594
558 294
558 793
558 370
558 984
558 882
587 60
587 409
587 259
587 479
894 342
894 963
725 935
725 786
725 517
725 221
725 81
778 828
778 969
778 358
778 106
778 46
883 983
883 615
883 456
883 988
642 479
642 687
642 74
722 890
722 701
346 145
346 926
346 240
346 689
845 113
845 748
594 817
594 287
594 718
767 735
767 717
767 355
767 862
767 191
767 582
974 666
974 943
974 457
974 90
974 648
617 796
617 176
851 166
851 447
851 433
851 135
52 950
52 877
748 27
622 131
622 370
622 267
106 719
106 623
106 787
984 839
984 60
984 306
984 544
453 581
453 892
66 368
66 82
66 641
66 581
66 528
436 662
436 186
436 457
436 620
436 718
980 916
980 940
980 943
980 639
200 788
200 575
200 21
147 411
147 978
147 335
877 978
877 163
877 654
877 155
408 491
408 82
408 75
751 793
751 796
751 977
628 600
628 814
921 494
921 906
921 157
921 926
921 238
797 349
797 272
797 84
797 964
350 328
759 732
759 675
759 598
852 966
852 163
852 367
852 799
390 442
390 968
390 411
390 148
390 409
582 956
582 705
582 359
582 428
582 129
582 914
372 782
372 526
372 679
372 191
878 465
878 732
878 61
878 118
924 303
924 685
924 471
924 470
983 599
983 181
983 460
983 221
983 303
287 8
287 533
287 164
83 672
83 9
83 787
341 401
341 46
341 956
341 667
341 514
341 459
53 884
53 387
824 817
824 182
824 799
97 787
97 354
97 630
97 181
97 886
97 699
176 770
176 377
176 263
176 13
176 591
819 73
819 259
819 662
163 457
163 575
163 257
416 584
416 103
416 779
416 406
416 856
462 623
462 954
462 488
462 59
462 680
591 280
591 916
940 39
940 590
940 727
940 41
940 373
940 367
940 631
480 977
480 299
480 987
224 319
69 670
69 84
757 806
757 239
757 17
659 292
659 486
659 783
659 121
959 107
959 226
959 963
959 886
155 178
155 349
927 550
927 491
927 635
927 575
927 5
768 40
768 5
511 786
511 446
511 316
511 182
511 272
954 41
954 61
954 975
282 186
282 634
282 44
232 772
232 101
232 382
263 50
263 237
263 113
263 550
776 329
776 856
776 901
776 104
787 535
675 712
675 214
675 55
482 324
482 193
482 882
159 740
159 968
159 590
104 977
104 884
104 949
104 598
257 686
257 101
257 727
949 971
949 599
949 521
382 733
382 599
382 319
382 86
382 302
317 310
317 547
317 957
317 575
317 705
317 950
317 521
131 964
131 494
968 432
968 411
841 827
841 284
575 359
575 442
575 75
575 635
634 614
634 892
634 772
406 696
406 87
406 922
328 871
328 873
328 310
328 844
460 573
460 881
460 310
331 689
331 548
331 6
581 190
581 630
581 688
581 969
410 839
410 686
60 324
60 286
60 27
247 667
247 869
247 4
799 882
799 658
87 623
87 696
342 209
342 770
377 882
377 788
635 890
635 254
29 334
29 965
29 648
29 355
29 456
829 182
829 910
829 941
829 782
829 779
829 292
871 696
75 442
75 400
446 969
446 817
446 738
449 216
449 517
707 935
411 459
411 836
411 619
600 50
600 59
600 13
600 712
600 832
310 840
310 121
310 623
941 879
941 943
941 171
941 699
941 94
641 720
641 818
641 373
641 244
118 812
118 305
118 465
957 865
13 735
13 239
13 81
712 361
712 152
712 72
712 801
712 216
488 17
488 689
488 919
590 499
590 842
319 493
319 964
839 182
839 840
839 39
839 239
783 827
783 654
783 359
783 960
783 486
26 670
26 260
107 528
107 100
107 963
548 181
548 526
548 801
906 73
193 543
193 491
544 882
329 267
779 100
41 229
41 288
299 862
299 387
299 133
114 189
630 862
630 608
442 70
442 244
442 344
442 689
129 81
439 528
439 910
439 860
286 786
286 860
286 455
109 770
109 592
792 260
792 856
39 312
39 70
39 164
528 901
50 977
86 95
86 103
86 367
679 478
206 72
206 238
206 733
206 892
370 216
370 133
428 943
428 815
428 334
428 344
70 715
70 969
70 100
525 432
525 910
654 112
654 862
808 302
796 74
796 890
796 190
796 169
620 112
882 608
882 184
662 152
662 47
662 584
662 457
373 294
373 706
373 869
373 717
373 8
312 148
312 294
312 806
312 387
770 82
438 459
438 502
438 812
478 550
478 240
478 982
619 4
619 471
619 387
203 88
203 191
840 432
840 788
190 763
686 344
144 90
144 912
135 186
432 916
82 683
82 969
491 673
491 987
133 148
133 285
133 862
133 178
133 351
324 733
324 670
324 264
324 814
325 715
46 648
46 447
46 349
502 861
502 869
101 367
472 166
472 238
788 827
292 450
74 294
74 218
685 766
685 733
685 110
110 710
110 914
110 178
113 409
113 237
533 969
970 988
970 571
169 703
169 368
226 40
80 189
80 294
80 94
447 537
447 815
631 673
631 817
88 354
88 879
88 566
88 303
862 683
862 718
294 828
701 361
919 699
971 280
873 687
873 260
73 856
73 752
73 171
699 40
157 524
157 302
178 566
344 872
458 688
458 828
458 49
827 459
358 537
470 450
470 815
349 4
349 562
537 550
537 964
152 214
4 890
4 666
861 892
766 281
766 705
766 960
47 988
47 216
355 615
355 791
355 153
828 692
828 240
221 456
221 815
221 963
471 615
387 281
387 260
387 772
6 244
6 860
916 648
916 543
672 720
672 239
98 55
285 148
285 833
72 427
562 791
145 901
493 288
493 988
727 81
740 608
814 935
602 914
602 17
602 683
705 738
987 121
84 982
84 975
59 922
59 978
59 389
229 304
229 281
818 441
818 103
305 16
94 943
94 100
351 560
351 55
963 777
960 499
547 791
547 40
598 856
732 304
615 95
316 44
316 121
216 763
566 264
214 281
214 148
214 264
40 288
21 869
499 978
260 914
260 977
692 192
49 893
969 898
975 879
400 327
456 979
64 281
836 982
823 926
658 817
706 367
181 756
238 965
238 468
608 884
608 756
90 237
90 773
639 950
280 240
459 950
16 171
884 773
772 710
427 192
670 930
670 688
514 735
832 479
680 553
318 898
666 812
666 254
666 892
586 752
898 189
688 687
425 964
756 872
