156 433
156 642
156 610
156 390
156 75
156 541
156 708
156 395
156 89
156 339
396 516
396 265
396 287
396 219
396 893
396 326
396 238
396 400
396 758
396 860
62 212
62 729
62 229
62 303
62 175
62 927
62 548
62 6
62 153
62 37
209 845
209 2
209 752
209 382
209 851
209 670
209 126
209 799
209 817
209 699
315 739
315 638
315 352
315 617
315 529
315 463
315 325
315 259
315 157
315 755
389 360
389 651
389 737
389 783
389 31
389 637
389 472
389 434
389 730
389 344
29 777
29 430
29 515
29 345
29 500
29 771
29 359
29 186
29 727
29 824
32 364
32 110
32 888
32 214
32 776
32 565
32 217
32 493
32 71
32 174
215 874
215 977
215 894
215 195
215 56
215 699
215 687
215 219
215 915
215 277
976 883
976 879
976 142
976 871
976 185
976 597
976 723
976 353
976 291
976 754
705 930
705 659
705 41
705 998
705 414
705 36
705 205
705 682
705 7
705 505
840 558
840 75
840 339
840 708
840 433
840 283
840 364
840 584
840 642
840 299
512 459
512 65
512 63
512 956
512 567
512 366
512 236
512 481
512 245
512 791
674 373
674 966
674 79
674 428
674 661
674 247
674 787
674 517
674 700
674 411
42 111
42 345
42 90
42 11
42 973
42 877
42 534
42 595
42 771
42 437
496 327
496 669
496 306
496 824
496 285
496 188
496 978
496 854
496 452
496 383
424 820
424 220
424 65
424 371
424 630
424 74
424 833
424 622
424 814
424 951
561 787
561 128
561 105
561 883
561 893
561 711
561 803
561 448
561 861
561 56
327 854
327 726
327 306
327 285
327 824
327 452
327 669
327 219
327 188
628 361
628 115
628 581
628 397
628 882
628 234
628 465
628 695
628 649
628 732
712 97
712 698
712 593
712 196
712 697
712 802
712 879
712 583
712 69
712 580
964 167
964 310
964 108
964 184
964 252
964 747
964 770
964 527
964 662
964 178
257 332
257 753
257 266
257 587
257 236
257 283
257 714
257 985
257 782
257 68
569 837
569 122
569 919
569 250
569 987
569 815
569 349
569 929
569 425
569 831
402 12
402 582
402 290
402 399
402 164
402 735
402 388
402 211
402 262
402 750
923 227
923 87
923 956
923 427
923 703
923 944
923 305
923 616
923 76
923 368
96 591
96 885
96 988
96 759
96 98
96 782
96 530
96 48
96 292
96 686
99 384
99 552
99 973
99 756
99 594
99 329
99 82
99 288
99 469
99 944
150 537
150 494
150 108
150 410
150 52
150 629
150 287
150 867
150 219
150 203
335 485
335 219
335 860
335 68
335 766
335 408
335 689
335 830
335 755
335 325
57 217
57 959
57 484
57 734
57 910
57 236
57 104
57 728
57 743
57 692
107 309
107 451
107 828
107 269
107 936
107 58
107 757
107 183
107 877
107 154
193 136
193 852
193 711
193 197
193 284
193 653
193 864
193 778
193 443
193 346
934 721
934 60
934 590
934 445
934 152
934 441
934 715
934 158
934 881
934 542
690 945
690 487
690 269
690 504
690 997
690 571
690 365
690 713
690 988
690 287
693 625
693 888
693 969
693 858
693 733
693 707
693 55
693 10
693 214
693 790
216 208
216 342
216 868
216 449
216 884
216 307
216 232
216 808
216 954
216 696
810 331
810 491
810 401
810 687
810 585
810 644
810 660
810 479
810 222
810 316
546 194
546 797
546 827
546 501
546 405
546 822
546 719
546 143
546 264
546 473
685 680
685 772
685 483
685 321
685 507
685 566
685 806
685 880
685 167
685 408
293 304
293 311
293 253
293 783
293 289
293 911
293 552
293 607
293 518
293 190
764 816
764 503
764 661
764 928
764 146
764 996
764 782
764 268
764 385
764 462
176 699
176 332
176 858
176 284
176 687
176 421
176 880
176 77
176 415
176 972
859 340
859 999
859 924
859 377
859 443
859 197
859 838
859 544
859 539
859 864
336 123
336 890
336 80
336 86
336 953
336 962
336 455
336 698
336 195
336 740
811 102
811 21
811 400
811 978
811 135
811 654
811 825
811 557
811 872
811 508
465 882
465 797
465 649
465 695
465 732
465 234
465 982
465 826
465 581
467 406
467 993
467 535
467 992
467 354
467 131
467 110
467 159
467 570
467 429
528 960
528 490
528 554
528 501
528 296
528 227
528 742
528 127
528 143
528 195
752 799
752 817
752 968
752 382
752 851
752 845
752 996
752 185
752 2
440 944
440 942
440 25
440 297
440 956
440 368
440 703
440 802
440 616
440 687
639 242
639 203
639 295
639 475
639 943
639 529
639 435
639 276
639 381
639 867
417 870
417 372
417 937
417 289
417 249
417 803
417 564
417 971
417 741
417 457
921 716
921 559
921 816
921 781
921 46
921 620
921 473
921 905
921 353
921 405
436 938
436 725
436 559
436 756
436 364
436 329
436 774
436 553
436 478
436 636
439 500
439 996
439 902
439 722
439 867
439 966
439 82
439 300
439 627
439 132
451 110
451 183
451 617
451 154
451 797
451 58
451 596
451 269
451 828
829 751
829 502
829 249
829 289
829 104
829 577
829 684
829 360
829 545
829 544
865 579
865 210
865 950
865 994
865 92
865 676
865 296
865 657
865 858
865 625
125 135
125 20
125 87
125 892
125 991
125 908
125 731
125 58
125 937
125 246
520 781
520 67
520 651
520 891
520 867
520 619
520 805
520 441
520 886
520 783
644 660
644 222
644 428
644 585
644 316
644 331
644 491
644 120
644 479
819 738
819 308
819 453
819 932
819 357
819 568
819 277
819 523
819 560
819 256
363 352
363 601
363 102
363 928
363 498
363 302
363 765
363 898
363 773
363 456
806 61
806 108
806 346
806 878
806 664
806 871
806 130
806 390
806 208
179 481
179 942
179 487
179 130
179 812
179 627
179 746
179 497
179 672
179 370
756 384
756 218
756 372
756 768
756 220
756 124
756 524
756 238
437 823
437 897
437 534
437 111
437 345
437 595
437 771
437 973
437 90
526 772
526 839
526 680
526 599
526 896
526 747
526 97
526 624
526 646
526 917
165 268
165 13
165 745
165 273
165 381
165 911
165 100
165 904
165 202
165 195
821 270
821 694
821 789
821 968
821 263
821 958
821 689
821 576
821 536
821 202
970 776
970 505
970 141
970 557
970 108
970 118
970 953
970 522
970 942
970 635
989 137
989 876
989 944
989 841
989 852
989 4
989 659
989 597
989 16
989 284
21 135
21 758
21 872
21 508
21 557
21 457
21 313
21 589
21 400
813 214
813 241
813 288
813 106
813 762
813 634
813 231
813 502
813 790
813 873
475 835
475 276
475 379
475 168
475 529
475 120
475 203
475 242
475 943
754 124
754 885
754 817
754 988
754 282
754 382
754 35
754 2
754 565
43 709
43 332
43 608
43 973
43 294
43 149
43 415
43 654
43 401
43 682
77 248
77 302
77 798
77 187
77 157
77 858
77 672
77 174
77 330
488 716
488 670
488 463
488 259
488 157
488 638
488 739
488 815
488 620
488 233
507 53
507 983
507 718
507 187
507 918
507 123
507 483
507 271
507 171
706 751
706 583
706 194
706 251
706 615
706 743
706 848
706 221
706 541
706 959
378 833
378 485
378 371
378 549
378 963
378 220
378 127
378 239
378 820
378 291
468 863
468 52
468 572
468 944
468 717
468 237
468 837
468 123
468 367
468 972
980 893
980 684
980 971
980 326
980 481
980 470
980 870
980 280
980 516
980 929
875 653
875 795
875 22
875 410
875 808
875 461
875 64
875 863
875 328
875 613
994 92
994 657
994 296
994 210
994 625
994 358
994 579
994 742
994 533
105 48
105 1
105 601
105 447
105 711
105 883
105 128
105 56
105 861
295 168
295 607
295 518
295 538
295 304
295 931
295 348
295 289
295 412
5 324
5 618
5 650
5 460
5 123
5 909
5 51
5 454
5 380
5 751
845 817
845 190
845 382
845 2
845 778
845 653
845 851
845 799
38 298
38 618
38 50
38 677
38 49
38 781
38 901
38 466
38 856
38 39
241 233
241 53
241 762
241 231
241 597
241 873
241 641
241 288
241 106
678 963
678 774
678 274
678 603
678 478
678 636
678 514
678 9
678 553
678 938
830 401
830 84
830 549
830 206
830 174
830 486
830 573
830 609
830 95
444 331
444 724
444 552
444 925
444 702
444 949
444 739
444 924
444 556
444 392
663 735
663 133
663 76
663 908
663 142
663 95
663 229
663 178
663 492
663 13
318 725
318 407
318 116
318 802
318 162
318 922
318 40
318 8
318 189
318 525
524 768
524 372
524 124
524 218
524 844
524 52
524 384
524 403
524 238
194 611
194 704
194 902
194 617
194 253
194 312
194 592
194 765
717 942
717 874
717 795
717 525
717 345
717 897
717 635
717 356
717 361
409 984
409 929
409 880
409 517
409 962
409 543
409 322
409 720
409 445
409 158
413 913
413 887
413 899
413 974
413 200
413 373
413 247
413 431
413 849
413 761
161 78
161 579
161 932
161 59
161 338
161 453
161 256
161 304
161 560
161 54
311 93
311 35
311 420
311 240
311 30
311 15
311 442
311 286
311 49
166 278
166 804
166 587
166 714
166 985
166 118
166 793
166 968
166 230
166 448
655 274
655 763
655 391
655 794
655 837
655 2
655 666
655 913
655 367
655 199
251 227
251 697
251 666
251 113
251 40
251 742
251 196
251 583
251 473
470 971
470 684
470 280
470 870
470 351
470 732
470 893
470 326
470 464
297 645
297 635
297 25
297 676
297 956
297 979
297 627
297 116
297 616
357 66
357 73
357 308
357 358
357 256
357 453
357 190
357 277
357 932
646 310
646 489
646 78
646 10
646 226
646 44
646 599
646 519
646 617
999 226
999 36
999 682
999 930
999 141
999 659
999 838
999 998
999 419
991 765
991 185
991 180
991 572
991 826
991 931
991 182
991 757
991 435
416 588
416 175
416 963
416 736
416 191
416 9
416 127
416 492
416 598
416 543
423 742
423 384
423 892
423 920
423 178
423 232
423 874
423 283
423 525
423 317
432 683
432 223
432 798
432 574
432 612
432 838
432 906
432 24
432 800
432 322
309 828
309 269
309 183
309 877
309 230
309 58
309 154
309 831
309 151
596 359
596 78
596 844
596 828
596 154
596 269
596 300
596 699
596 794
18 26
18 642
18 784
18 182
18 589
18 199
18 84
18 356
18 374
18 511
383 188
383 219
383 454
383 824
383 232
383 306
383 452
383 380
383 854
812 497
812 967
812 675
812 370
812 26
812 500
812 604
812 374
812 369
887 186
887 365
887 317
887 719
887 200
887 359
887 666
887 946
887 40
151 828
151 846
151 58
151 343
151 374
151 589
151 445
151 234
151 183
912 246
912 665
912 323
912 900
912 422
912 340
912 248
912 455
912 263
912 228
691 149
691 972
691 902
691 753
691 963
691 652
691 880
691 316
691 822
691 548
718 918
718 983
718 517
718 483
718 645
718 271
718 171
718 187
718 30
27 422
27 791
27 672
27 355
27 116
27 741
27 933
27 575
27 408
27 80
738 78
738 453
738 256
738 568
738 932
738 116
738 375
738 308
738 560
533 358
533 222
533 35
533 28
533 395
533 940
533 540
533 302
533 900
538 568
538 617
538 304
538 289
538 815
538 518
538 348
538 365
538 607
601 247
601 773
601 418
601 730
601 199
601 966
601 847
601 456
490 103
490 692
490 351
490 123
490 217
490 232
490 104
490 949
490 827
849 109
849 786
849 126
849 458
849 955
849 264
849 134
849 814
849 609
72 953
72 386
72 250
72 736
72 415
72 562
72 13
72 23
72 531
72 266
94 458
94 359
94 847
94 554
94 537
94 8
94 138
94 511
94 648
94 104
620 182
620 716
620 89
620 592
620 266
620 405
620 408
620 461
272 626
272 54
272 244
272 710
272 233
272 785
272 471
272 61
272 850
272 908
905 140
905 514
905 292
905 342
905 136
905 301
905 823
905 769
905 46
225 748
225 480
225 404
225 67
225 700
225 486
225 632
225 385
225 323
225 307
551 902
551 730
551 714
551 446
551 719
551 430
551 198
551 76
551 133
551 792
109 126
109 134
109 814
109 803
109 189
109 565
109 786
109 670
109 609
376 364
376 511
376 550
376 915
376 223
376 71
376 986
376 274
376 45
376 178
362 647
362 707
362 68
362 213
362 869
362 10
362 733
362 55
362 781
362 826
556 990
556 261
556 469
556 613
556 552
556 724
556 925
556 924
556 949
394 532
394 70
394 355
394 352
394 419
394 775
394 121
394 624
394 614
394 294
508 173
508 758
508 135
508 557
508 313
508 172
508 872
508 400
633 948
633 245
633 979
633 387
633 314
633 757
633 350
633 862
633 787
633 946
790 262
790 106
790 873
790 634
790 231
790 288
790 762
790 214
69 281
69 196
69 128
69 583
69 879
69 580
69 962
69 66
69 83
159 131
159 354
159 769
159 23
159 79
159 992
159 986
159 570
159 28
101 59
101 922
101 47
101 392
101 1
101 374
101 890
101 914
101 654
101 254
636 354
636 774
636 725
636 478
636 553
636 938
636 476
636 559
818 761
818 200
818 893
818 373
818 974
818 431
818 329
818 899
818 919
818 503
957 592
957 250
957 611
957 312
957 782
957 661
957 668
957 704
957 391
957 253
301 486
301 246
301 521
301 103
301 982
301 997
301 671
301 802
301 612
667 265
667 857
667 509
667 119
667 611
667 267
667 456
667 787
667 519
667 201
936 631
936 343
936 623
936 163
936 147
936 320
936 89
936 688
936 860
949 724
949 864
949 925
949 924
949 552
949 990
949 469
31 129
31 235
31 648
31 344
31 495
31 647
31 737
31 472
31 637
19 140
19 143
19 352
19 897
19 387
19 485
19 564
19 547
19 580
19 566
459 274
459 366
459 338
459 567
459 791
459 6
459 63
459 65
459 885
513 974
513 837
513 425
513 815
513 987
513 349
513 122
513 250
513 919
513 831
588 476
588 543
588 175
588 33
588 598
588 191
588 581
588 492
588 9
616 769
616 956
616 368
616 703
616 944
616 25
616 480
170 353
170 820
170 23
170 514
170 412
170 557
170 955
170 531
170 403
170 593
860 73
860 163
860 147
860 204
860 631
860 623
860 688
381 832
381 7
381 379
381 100
381 943
381 83
381 460
381 914
587 448
587 278
587 793
587 230
587 714
587 801
587 985
587 804
916 558
916 506
916 618
916 856
916 901
916 466
916 680
916 33
916 39
916 102
564 547
564 602
564 984
564 118
564 702
564 249
564 866
564 239
243 651
243 770
243 184
243 310
243 803
243 763
243 745
243 414
243 356
243 346
288 231
288 873
288 608
288 634
288 762
288 106
542 152
542 768
542 60
542 590
542 238
542 721
542 441
542 881
542 873
621 801
621 89
621 134
621 803
621 138
621 648
621 553
621 116
621 382
621 665
255 679
255 832
255 681
255 933
255 207
255 584
255 545
255 726
255 600
255 676
793 448
793 230
793 714
793 278
793 804
793 801
793 550
793 985
73 645
73 739
73 236
73 658
73 415
73 728
73 282
73 522
816 749
816 716
816 160
816 837
816 657
816 259
816 337
816 653
45 908
45 550
45 575
45 511
45 518
45 625
45 364
45 891
45 623
983 271
983 483
983 915
983 187
983 339
983 390
983 918
983 171
34 961
34 878
34 955
34 654
34 696
34 213
34 853
34 709
34 573
34 610
428 375
428 316
428 321
428 660
428 493
428 491
428 235
428 481
455 103
455 665
455 113
455 228
455 340
455 358
455 900
455 422
14 478
14 486
14 870
14 291
14 384
14 897
14 973
14 68
14 35
14 372
586 573
586 781
586 606
586 61
586 427
586 947
586 979
586 130
586 846
586 12
30 15
30 286
30 49
30 420
30 240
30 918
30 271
30 93
347 888
347 321
347 979
347 692
347 615
347 110
347 700
347 41
347 890
347 91
917 772
917 190
917 680
917 49
917 163
917 97
917 842
917 589
917 778
224 760
224 418
224 333
224 801
224 883
224 904
224 92
224 699
224 334
224 664
64 328
64 863
64 808
64 388
64 951
64 461
64 795
64 22
64 410
70 624
70 106
70 294
70 614
70 775
70 355
70 785
70 100
70 419
160 857
160 462
160 168
160 211
160 592
160 872
160 229
160 635
160 119
532 356
532 614
532 419
532 704
532 355
532 82
532 112
532 294
532 464
658 915
658 319
658 666
658 132
658 20
658 724
658 457
658 173
658 169
244 493
244 710
244 426
244 626
244 186
244 277
244 471
244 972
244 91
940 960
940 340
940 201
940 947
940 358
940 895
940 204
940 266
940 49
22 910
22 627
22 200
22 665
22 808
22 328
22 291
22 461
132 173
132 666
132 844
132 319
132 895
132 169
132 866
132 981
51 684
51 947
51 26
51 907
51 751
51 822
51 116
51 229
51 380
774 329
774 478
774 559
774 725
774 553
774 266
774 938
238 199
238 273
238 124
238 218
238 768
238 522
866 88
866 702
866 249
866 118
866 984
866 239
866 115
866 731
11 117
11 481
11 277
11 130
11 902
11 275
11 777
11 951
11 343
180 904
180 84
180 177
180 594
180 486
180 410
180 95
180 182
180 189
208 884
208 868
208 342
208 952
208 232
208 307
208 954
208 449
449 954
449 966
449 342
449 884
449 891
449 232
449 868
449 307
527 89
527 184
527 770
527 356
527 167
527 662
527 252
527 906
527 310
127 606
127 227
127 450
127 963
127 797
127 67
127 736
476 598
476 492
476 204
476 543
476 95
476 656
476 9
476 175
720 348
720 610
720 41
720 359
720 837
720 753
720 955
720 525
720 330
761 136
761 727
761 974
761 560
761 373
761 899
761 431
761 472
112 613
112 464
112 869
112 60
112 721
112 647
112 322
112 352
112 406
353 723
353 783
353 405
353 729
353 995
353 997
353 149
931 80
931 185
931 81
931 612
931 412
931 747
931 352
931 757
571 713
571 945
571 365
571 504
571 914
571 487
571 625
571 997
571 283
638 259
638 68
638 463
638 755
638 739
638 325
638 157
638 874
100 745
100 454
100 920
100 83
100 624
100 408
100 857
235 535
235 472
235 737
235 637
235 129
235 495
235 344
235 648
537 836
537 640
537 458
537 117
537 521
537 438
537 701
537 360
17 422
17 144
17 492
17 227
17 880
17 763
17 867
17 776
17 968
17 3
237 972
237 223
237 195
237 1
237 843
237 753
237 861
237 733
237 173
495 344
495 787
495 129
495 648
495 234
495 995
495 703
495 637
535 858
535 777
535 321
535 981
535 868
535 123
535 242
535 187
302 898
302 773
302 914
302 25
302 456
302 629
302 410
369 370
369 675
369 26
369 317
369 924
369 604
369 950
369 500
369 497
33 178
33 246
33 652
33 634
33 680
33 414
33 563
33 20
181 730
181 760
181 732
181 218
181 653
181 610
181 929
181 577
181 735
181 727
442 49
442 15
442 420
442 240
442 913
442 286
442 93
442 261
442 529
874 745
874 838
874 493
874 835
874 337
874 178
450 797
450 855
450 489
450 457
450 291
450 946
450 82
450 430
450 464
469 672
469 925
469 509
469 924
469 990
469 724
469 552
671 172
671 954
671 555
671 795
671 407
671 798
671 670
671 672
671 521
882 649
882 397
882 732
882 581
882 695
882 749
882 833
882 361
13 510
13 903
13 374
13 384
13 637
13 763
13 178
430 446
430 198
430 195
430 891
430 76
430 792
430 133
273 894
273 589
273 218
273 747
273 604
273 719
273 647
273 435
841 4
841 25
841 258
841 284
841 16
841 137
841 597
841 384
841 12
28 769
28 131
28 992
28 570
28 986
28 995
28 539
28 79
79 227
79 823
79 769
79 570
79 986
79 131
79 992
785 61
785 471
785 20
785 850
785 426
785 626
785 25
785 710
660 585
660 331
660 479
660 316
660 222
660 375
660 491
960 501
960 398
960 143
960 742
960 554
960 358
960 200
960 899
998 36
998 659
998 205
998 950
998 204
998 505
998 414
998 930
523 641
523 240
523 610
523 371
523 673
523 826
523 606
523 760
523 515
522 613
522 435
522 262
522 681
522 955
522 282
522 673
772 87
772 313
772 283
772 287
772 677
772 680
772 981
47 941
47 802
47 922
47 130
47 136
47 889
47 254
47 392
47 890
213 826
213 481
213 907
213 10
213 707
213 733
213 103
213 55
894 141
894 489
894 115
894 945
894 708
894 493
894 847
894 415
277 0
277 351
277 339
277 340
277 574
675 370
675 264
675 500
675 594
675 604
675 497
675 26
675 731
404 798
404 172
404 534
404 687
404 670
404 915
404 550
404 672
404 555
716 457
716 259
716 485
716 525
716 321
716 300
189 182
189 709
189 204
189 365
189 246
189 195
189 911
562 531
562 23
562 403
562 606
562 477
562 779
562 736
562 737
562 333
937 593
937 174
937 87
937 853
937 457
937 201
937 372
937 391
950 673
950 791
950 296
950 155
950 929
950 505
950 364
760 356
760 473
760 367
760 673
760 867
760 930
760 610
765 747
765 367
765 59
765 898
765 421
765 303
765 966
334 454
334 463
334 143
334 148
334 435
334 669
334 338
334 80
334 267
221 227
221 405
221 261
221 85
221 959
221 446
221 142
221 946
221 747
901 298
901 631
901 39
901 856
901 50
901 466
901 618
901 687
320 147
320 163
320 777
320 332
320 169
320 623
320 748
320 640
320 631
385 268
385 661
385 146
385 503
385 928
385 346
385 903
385 782
80 959
80 673
80 604
80 37
80 260
80 635
632 427
632 46
632 421
632 572
632 869
632 804
632 891
632 191
632 828
379 835
379 939
379 843
379 809
379 975
379 121
379 943
379 749
965 258
965 541
965 935
965 92
965 722
965 139
965 492
965 116
965 848
965 434
155 615
155 955
155 966
155 6
155 140
155 530
155 686
155 510
155 993
668 312
668 611
668 330
668 872
668 253
668 592
668 656
668 500
668 704
114 139
114 541
114 935
114 434
114 848
114 281
114 722
114 443
114 258
114 539
630 599
630 35
630 820
630 197
630 220
630 371
630 622
630 74
630 833
211 582
211 164
211 134
211 262
211 388
211 750
211 290
211 12
614 608
614 341
614 260
614 355
614 775
614 624
614 294
724 627
724 990
724 510
724 925
724 924
591 292
591 530
591 800
591 759
591 48
591 867
591 531
591 686
591 98
969 733
969 40
969 10
969 558
969 982
969 55
969 707
969 869
969 36
498 399
498 352
498 230
498 167
498 456
498 898
498 773
498 95
498 576
743 898
743 728
743 734
743 884
743 366
743 217
743 959
743 595
361 581
361 649
361 397
361 234
361 115
361 119
361 261
399 699
399 568
399 728
399 388
399 654
399 354
399 474
399 751
139 722
139 935
139 541
139 548
139 563
139 464
139 434
139 869
286 635
286 15
286 49
286 3
286 93
286 897
286 240
88 418
88 952
88 575
88 239
88 731
88 702
88 118
88 249
88 345
735 984
735 577
735 750
735 388
735 290
735 59
735 111
727 730
727 577
727 824
727 140
727 908
727 768
727 943
487 713
487 997
487 504
487 365
487 283
487 945
487 299
740 313
740 698
740 598
740 953
740 962
740 713
740 35
740 86
740 206
206 484
206 802
206 968
206 86
206 952
206 953
206 563
206 741
461 951
461 863
461 808
461 328
461 795
461 763
477 44
477 606
477 926
477 410
477 643
477 653
477 305
477 896
477 792
695 115
695 581
695 732
695 319
695 649
695 767
695 397
452 854
452 918
452 188
452 285
452 669
452 824
452 306
447 174
447 883
447 46
447 245
447 861
447 711
447 314
447 494
447 948
789 453
789 270
789 925
789 958
789 878
789 536
789 576
789 694
789 263
982 822
982 759
982 325
982 438
982 540
982 885
982 807
162 7
162 299
162 713
162 525
162 271
162 443
162 305
162 108
162 504
805 783
805 619
805 651
805 777
805 313
805 292
805 886
805 926
805 471
148 54
148 519
148 565
148 509
148 594
148 265
148 857
148 494
148 267
641 839
641 53
641 846
641 279
641 474
641 599
641 377
641 393
136 97
136 319
136 81
136 951
136 834
136 941
306 188
306 669
306 978
306 68
306 285
306 854
746 371
746 876
746 74
746 622
746 370
746 220
746 833
746 429
746 820
977 250
977 153
977 493
977 375
977 566
977 195
977 506
977 474
977 984
129 472
129 400
129 855
129 637
129 737
129 344
129 648
146 928
146 661
146 503
146 462
146 174
146 782
146 44
146 268
689 897
689 692
689 68
689 131
689 651
689 325
689 645
689 279
780 961
780 411
780 145
780 578
780 767
780 499
780 967
780 386
780 192
780 952
975 939
975 85
975 809
975 843
975 749
975 573
975 647
975 673
975 835
71 796
71 418
71 605
71 547
71 274
71 643
71 210
71 744
515 248
515 748
515 777
515 360
515 822
515 39
515 919
515 506
276 978
276 529
276 242
276 943
276 226
276 682
276 203
276 168
50 39
50 298
50 466
50 730
50 618
50 506
50 610
50 856
348 412
348 289
348 993
348 274
348 607
348 304
348 518
769 570
769 25
769 131
769 986
769 992
762 106
762 231
762 634
762 920
762 873
762 768
90 973
90 771
90 111
90 701
90 534
90 595
90 345
90 836
420 236
420 15
420 93
420 40
420 240
420 800
420 49
403 446
403 736
403 779
403 37
403 333
403 23
403 531
880 963
880 3
880 431
880 879
880 968
796 517
796 700
796 605
796 144
796 643
796 81
796 853
796 744
796 955
351 753
351 321
351 686
351 290
351 855
351 568
351 794
582 290
582 12
582 750
582 164
582 245
582 555
582 262
582 388
392 922
392 328
392 103
392 254
392 914
392 889
392 941
583 802
583 593
583 879
583 580
583 196
583 697
158 479
158 881
158 60
158 590
158 715
158 721
158 445
158 152
941 103
941 890
941 995
941 889
941 922
941 914
941 254
832 207
832 726
832 545
832 299
832 676
832 679
832 681
832 600
349 613
349 987
349 815
349 919
349 425
349 250
349 831
349 142
657 76
657 92
657 617
657 210
657 296
657 742
657 579
175 656
175 543
175 492
175 598
175 9
175 191
885 554
885 366
885 65
885 889
885 177
885 296
474 462
474 599
474 279
474 846
474 839
474 377
474 393
773 898
773 456
773 182
773 652
773 86
773 352
231 217
231 953
231 873
231 106
231 634
786 797
786 126
786 609
786 41
786 814
786 134
786 67
786 803
86 182
86 962
86 834
86 435
86 393
86 953
471 626
471 710
471 745
471 61
471 426
471 850
714 719
714 804
714 985
714 540
714 278
876 852
876 137
876 284
876 82
876 996
876 16
876 4
876 340
117 25
117 217
117 836
117 141
117 640
117 701
117 521
117 458
955 296
955 6
955 134
548 482
548 212
548 766
548 153
548 927
548 303
548 729
843 809
843 433
843 939
843 749
843 978
843 121
843 835
78 256
78 414
78 236
78 503
78 283
78 797
665 784
665 900
665 248
665 572
665 61
665 323
652 6
652 41
652 755
652 130
652 149
652 823
652 858
838 489
838 536
838 539
838 291
838 308
838 608
844 808
844 858
844 867
844 0
844 768
844 902
844 794
878 287
878 709
878 654
878 863
878 631
878 37
878 140
154 269
154 58
154 828
154 183
154 877
154 958
228 248
228 929
228 340
228 422
228 110
228 555
228 900
228 113
609 126
609 3
609 108
609 814
609 803
609 966
506 618
506 820
506 39
506 856
506 466
506 305
553 478
553 519
553 559
553 547
553 484
93 49
93 240
93 597
93 15
93 913
260 757
260 755
260 877
260 781
260 464
260 862
260 350
260 871
395 642
395 75
395 708
395 615
395 421
395 339
395 390
395 433
722 897
722 563
722 434
722 258
722 541
722 935
927 729
927 233
927 212
927 248
927 766
927 153
927 303
927 482
997 713
997 287
997 482
997 149
997 365
681 207
681 896
681 679
681 726
681 600
681 545
681 933
1 485
1 779
1 191
1 699
1 438
1 59
1 753
687 466
687 56
687 915
687 91
910 421
910 242
910 104
910 858
910 809
910 121
910 325
910 664
138 169
138 648
138 173
138 817
138 319
138 316
138 354
138 787
140 113
140 199
140 897
140 275
140 261
98 579
98 759
98 292
98 484
98 530
98 713
98 686
98 48
741 540
741 354
741 990
741 398
741 492
741 781
741 484
230 278
230 448
230 605
230 279
230 56
133 446
133 95
133 606
133 792
133 76
133 229
133 198
169 173
169 319
169 895
169 147
169 981
169 666
788 547
788 610
788 339
788 67
788 577
788 433
788 427
788 198
788 640
788 390
895 961
895 981
895 604
895 666
895 341
895 183
895 319
85 799
85 174
85 190
85 986
85 572
85 700
85 485
85 261
201 480
201 426
201 966
201 435
201 907
201 822
201 911
317 908
317 462
317 6
317 279
317 603
317 839
317 963
279 393
279 97
279 377
279 846
279 839
697 37
697 196
697 40
697 54
697 698
697 580
697 879
898 734
898 183
898 352
898 456
494 123
494 629
494 287
494 52
494 886
494 358
494 410
265 857
265 519
265 509
265 119
265 699
265 968
265 267
954 342
954 566
954 884
954 232
954 307
954 868
619 886
619 374
619 783
619 113
619 283
619 343
619 891
619 651
978 401
978 854
978 124
978 274
978 842
333 612
333 736
333 779
333 92
333 23
333 480
333 531
308 256
308 932
308 984
308 464
308 453
308 375
234 649
234 581
234 115
234 261
234 397
386 499
386 578
386 767
386 407
386 967
386 856
386 192
386 145
247 775
247 823
247 418
247 143
247 252
247 966
247 188
325 755
325 120
325 463
325 739
54 87
54 422
54 37
54 677
54 443
54 300
913 391
913 462
913 794
913 445
913 15
913 787
862 757
862 387
862 961
862 948
862 245
862 144
862 877
862 350
84 375
84 307
84 197
84 855
84 834
84 457
84 680
967 578
967 192
967 145
967 851
967 952
967 499
967 767
814 134
814 126
814 44
814 803
814 398
75 142
75 390
75 881
75 642
75 708
75 102
75 433
864 501
864 539
864 210
864 443
864 544
864 929
864 197
662 167
662 89
662 868
662 184
662 310
662 770
662 252
662 427
809 676
809 835
809 121
809 749
809 939
809 664
242 203
242 943
242 168
242 963
242 529
704 330
704 611
704 48
704 253
704 592
704 312
886 629
886 783
886 651
886 407
886 966
886 979
643 719
643 144
643 853
643 605
643 744
643 926
643 81
280 253
280 777
280 516
280 684
280 870
280 971
280 326
280 893
137 852
137 143
137 986
137 16
137 597
137 4
137 284
390 610
390 339
390 642
390 433
996 794
996 445
996 920
996 7
996 928
996 951
145 578
145 499
145 635
145 559
145 961
145 338
145 767
411 248
411 192
411 981
411 593
411 677
411 429
411 615
411 801
604 74
604 370
604 497
604 500
696 573
696 275
696 988
696 331
696 627
696 300
696 514
696 868
122 919
122 425
122 250
122 987
122 831
122 501
122 815
122 837
427 76
427 944
427 956
427 368
427 703
20 651
20 249
20 710
20 246
20 173
20 429
645 111
645 979
645 116
645 282
645 182
645 651
419 355
419 624
419 223
419 294
419 775
419 608
650 421
650 380
650 454
650 460
650 993
650 324
650 909
650 341
650 842
401 174
401 730
401 579
401 338
401 951
401 418
63 791
63 968
63 567
63 366
63 575
63 914
63 988
63 65
988 871
988 514
988 275
988 784
988 627
197 539
197 566
197 653
197 443
197 544
222 585
222 82
222 479
222 316
222 491
222 331
486 953
486 573
486 343
486 575
486 95
701 227
701 521
701 640
701 457
701 219
701 836
701 458
605 700
605 853
605 144
605 517
605 744
605 81
729 303
729 233
729 313
729 153
729 212
729 766
933 584
933 959
933 207
933 463
933 676
933 679
933 545
600 37
600 207
600 545
600 726
600 391
600 679
600 676
694 576
694 536
694 958
694 202
694 263
694 270
694 453
694 834
952 948
952 372
952 414
952 407
952 751
992 570
992 131
992 354
992 986
992 91
66 448
66 68
66 804
66 412
66 102
66 489
66 606
66 985
373 435
373 744
373 899
373 974
373 431
373 200
823 595
823 391
823 973
823 669
823 511
995 250
995 559
995 254
995 889
995 890
995 922
892 102
892 828
892 58
892 926
892 46
892 2
892 794
892 920
205 682
205 36
205 930
205 505
205 984
205 414
205 190
205 972
207 545
207 676
207 679
207 726
207 896
948 245
948 825
948 314
948 185
948 387
948 350
680 408
680 624
680 229
387 566
387 245
387 972
387 350
387 757
387 877
549 330
549 613
549 656
549 782
549 298
549 868
549 367
549 904
698 962
698 484
698 196
698 580
698 861
698 879
707 10
707 97
707 826
707 907
707 733
707 55
328 380
328 135
328 808
328 863
328 795
908 926
908 360
908 946
908 229
312 723
312 836
312 682
312 253
312 330
312 592
900 422
900 248
900 113
900 480
900 323
298 673
298 618
298 781
298 856
298 74
298 466
270 599
270 536
270 958
270 263
270 710
270 576
270 202
903 904
903 984
903 566
903 768
903 281
903 516
903 499
903 649
380 324
380 751
380 909
380 460
380 842
397 581
397 115
397 787
397 649
397 732
715 343
715 881
715 479
715 721
715 906
715 152
715 120
715 590
292 48
292 530
292 594
292 686
292 759
433 642
433 708
433 339
677 801
677 594
677 981
677 283
677 142
677 807
770 310
770 184
770 167
770 252
770 422
770 570
448 804
448 278
448 985
448 550
147 173
147 688
147 163
147 631
147 359
147 623
688 631
688 580
688 204
688 91
688 589
688 163
688 623
429 888
429 584
429 368
429 914
429 719
429 629
184 167
184 310
184 603
184 89
184 252
728 751
728 364
728 734
728 217
728 959
728 332
338 454
338 6
338 576
338 558
338 91
377 846
377 794
377 539
377 393
377 599
377 839
608 355
608 294
608 775
608 190
608 124
611 519
611 299
611 703
611 592
611 253
545 372
545 726
545 679
855 375
855 87
855 59
855 834
855 186
855 568
441 473
441 881
441 152
441 565
441 558
441 590
441 60
26 798
26 370
26 500
26 438
26 497
640 438
640 521
640 458
640 836
640 577
149 521
149 723
149 748
149 800
149 827
190 800
190 723
190 778
748 889
748 827
748 723
748 566
748 178
748 777
958 576
958 263
958 202
958 834
958 536
473 196
473 939
473 653
473 291
473 415
807 83
807 89
807 120
807 971
807 834
807 906
807 415
807 418
783 651
783 606
783 8
412 289
412 168
412 607
412 321
412 304
568 560
568 375
568 256
568 283
791 65
791 575
791 567
791 366
791 979
322 574
322 683
322 847
322 223
322 612
322 24
322 906
943 203
943 529
943 168
342 884
342 307
342 232
342 259
342 514
267 119
267 519
267 669
267 509
267 857
267 502
981 199
981 801
981 699
24 223
24 612
24 683
24 406
24 847
24 574
24 906
24 911
350 245
350 482
350 757
350 877
350 305
425 250
425 831
425 987
425 919
425 67
425 815
323 3
323 584
323 711
323 199
323 340
323 480
472 637
472 344
472 904
472 648
472 737
326 870
326 971
326 778
326 684
326 516
326 990
514 627
514 103
514 359
514 275
935 258
935 541
935 143
935 848
935 563
935 434
890 922
890 889
890 254
890 914
263 576
263 911
263 536
263 202
268 782
268 503
268 745
268 661
268 617
268 928
567 599
567 635
567 281
567 391
567 65
567 366
990 552
990 924
990 953
990 925
856 618
856 39
856 466
56 732
56 128
56 883
56 711
56 915
826 55
826 0
826 907
826 733
584 199
584 676
584 711
584 44
584 123
128 332
128 711
128 861
128 883
128 185
128 493
692 822
692 979
692 825
692 603
692 797
692 484
597 16
597 284
597 852
597 4
869 120
869 485
869 7
869 647
869 421
60 152
60 485
60 881
60 590
60 721
664 801
664 236
664 464
664 540
664 904
664 784
939 121
939 749
939 835
939 59
939 673
778 593
778 653
778 851
778 784
778 382
37 615
37 726
37 374
947 130
947 44
947 484
947 742
947 825
947 305
947 337
157 259
157 3
157 888
157 463
157 755
157 563
177 602
177 388
177 65
177 366
177 142
177 822
177 281
177 358
367 730
367 421
367 837
367 300
367 282
61 626
61 710
61 426
61 850
192 499
192 578
192 407
192 83
192 510
192 767
393 53
393 172
393 846
393 839
393 599
702 239
702 731
702 249
702 337
702 993
702 118
324 341
324 454
324 141
324 804
324 909
324 460
324 842
831 837
831 919
831 987
831 815
544 443
544 827
544 0
544 653
544 8
544 539
834 457
834 962
834 97
598 656
598 9
598 543
598 492
598 191
434 541
434 258
434 848
434 274
768 124
768 218
462 341
462 53
462 218
462 531
198 792
198 76
198 229
198 896
198 171
198 446
547 330
547 239
547 67
547 143
547 577
659 36
659 4
659 930
659 25
659 505
659 236
942 635
942 141
942 493
942 97
942 979
942 108
552 924
552 925
552 525
847 891
847 223
847 683
847 491
847 408
842 454
842 460
842 341
842 622
842 909
603 897
603 182
603 850
603 709
603 963
603 258
172 672
172 798
172 555
172 915
172 610
172 670
8 343
8 305
8 802
8 594
8 525
8 0
622 833
622 371
622 820
622 220
622 346
622 74
888 615
888 110
888 751
888 625
888 700
200 974
200 899
200 40
200 431
907 481
907 186
907 10
907 733
907 55
44 536
44 732
44 928
44 174
329 938
329 365
329 53
329 725
329 889
329 82
491 316
491 479
491 331
491 585
212 482
212 153
212 766
212 303
212 233
212 104
909 454
909 341
909 141
909 951
909 460
153 303
153 121
153 781
153 766
341 141
341 460
341 218
730 182
730 827
563 332
563 502
563 372
563 258
868 330
868 884
594 264
594 185
594 314
899 382
899 974
899 647
899 431
371 35
371 833
371 74
371 820
406 365
406 59
406 929
406 721
406 784
406 111
406 374
426 710
426 626
426 784
426 723
426 850
666 457
666 319
666 173
164 613
164 290
164 12
164 262
164 388
164 10
164 750
400 758
400 135
400 516
400 557
400 872
853 784
853 81
853 744
853 144
853 517
918 15
918 271
918 187
918 171
918 483
264 801
264 118
264 220
264 405
264 126
264 134
938 559
938 478
938 852
938 266
938 725
962 953
962 36
962 861
445 719
445 592
445 929
445 7
330 753
330 623
7 835
7 504
7 647
7 891
574 300
574 612
574 223
574 683
574 481
574 906
575 851
575 65
575 502
575 418
245 757
245 555
275 891
275 626
275 627
275 501
275 673
510 906
510 391
510 606
510 625
510 767
510 792
945 572
945 266
945 713
945 504
945 52
945 299
800 612
800 683
800 993
800 708
800 102
932 453
932 256
932 560
932 337
932 725
870 516
870 893
870 684
870 971
74 833
74 820
74 220
131 566
131 354
131 570
493 560
493 589
196 593
196 580
196 879
398 825
398 896
398 410
398 839
398 360
398 354
398 314
593 354
593 879
593 580
766 233
766 485
766 303
766 482
817 799
817 2
817 382
817 745
817 0
418 822
418 248
203 529
203 168
203 120
203 226
199 456
199 946
106 214
106 873
106 634
23 531
23 736
23 779
23 281
872 313
872 135
872 557
872 758
578 285
578 767
578 407
578 499
578 961
779 531
779 736
779 993
779 753
779 726
540 266
540 602
540 573
540 759
540 871
214 408
214 346
214 485
214 634
214 873
731 249
731 993
731 246
731 118
731 239
501 116
501 742
501 554
501 143
946 926
946 896
946 781
946 405
602 893
602 48
602 573
602 321
602 951
602 59
602 682
846 343
846 759
846 839
81 744
81 517
81 144
81 904
499 767
499 961
499 407
607 304
607 289
607 346
607 518
607 87
121 504
121 281
121 749
661 219
661 928
661 782
661 503
539 443
539 854
497 87
497 370
497 500
497 963
120 684
120 103
120 421
961 902
961 368
961 319
723 95
723 827
723 481
579 742
579 296
579 210
579 92
613 904
613 314
613 305
435 784
435 824
492 9
6 530
6 316
6 489
314 825
314 446
314 185
314 321
803 134
803 126
456 191
456 352
627 925
337 928
337 130
337 502
337 55
337 113
972 123
972 572
972 753
911 502
911 202
911 848
911 356
285 968
285 110
285 669
285 188
285 824
516 971
516 684
516 893
191 9
191 142
191 543
854 124
854 511
854 188
92 296
92 210
92 654
210 808
210 625
210 296
734 827
734 236
734 959
734 104
734 217
734 344
521 458
521 656
521 836
744 517
744 144
744 625
850 683
850 710
850 626
850 554
505 930
505 682
505 414
505 36
798 670
798 672
798 915
798 555
226 168
226 984
226 877
226 489
226 617
226 408
141 307
141 343
750 12
750 388
750 290
750 753
750 187
223 906
223 683
152 881
152 76
152 590
152 721
799 40
799 848
799 851
799 2
799 246
737 82
737 637
737 344
737 648
635 25
679 372
679 676
679 726
709 973
709 536
709 654
709 745
709 794
686 573
686 48
686 530
686 759
759 530
759 48
920 83
920 368
920 509
920 951
920 46
463 755
463 739
463 259
95 332
95 867
974 271
974 480
974 431
97 979
97 108
656 9
656 83
656 0
656 543
252 89
252 167
252 310
252 554
16 589
16 577
16 852
16 284
16 4
370 500
370 787
10 733
10 55
135 758
135 313
135 557
0 204
0 305
0 745
881 721
881 590
555 670
555 672
555 67
654 356
654 478
777 108
777 825
431 479
431 130
883 861
883 711
883 391
304 518
304 289
304 246
366 65
366 550
4 291
4 284
4 852
599 839
40 113
40 851
256 453
256 560
565 776
565 35
565 747
565 53
565 530
482 623
482 87
482 303
482 233
592 253
554 321
554 558
554 458
703 956
703 368
703 825
703 944
59 776
739 91
739 755
739 259
284 852
39 511
39 466
39 618
271 91
271 483
271 171
624 355
624 294
624 775
503 782
503 560
503 928
35 489
35 502
896 446
896 360
896 742
58 828
58 269
58 183
794 391
142 489
142 747
711 861
820 833
410 52
410 629
281 984
281 802
281 699
776 266
776 747
776 227
776 253
776 525
902 858
902 41
902 261
573 871
987 919
987 837
987 815
987 250
930 36
930 682
930 414
835 749
835 282
861 185
590 721
590 331
46 534
46 421
46 525
46 438
747 53
857 509
857 119
857 83
857 519
134 126
407 871
407 299
415 736
415 282
415 344
466 618
745 195
824 669
824 188
254 922
254 3
254 914
254 889
577 360
577 239
585 871
585 479
585 178
585 331
585 316
929 570
993 300
993 249
986 570
986 558
202 113
202 536
202 576
319 173
483 517
483 144
483 171
483 187
111 647
111 186
111 345
111 771
289 518
749 364
784 236
186 220
186 359
186 405
186 365
792 3
792 76
792 606
792 446
220 833
797 464
797 518
299 558
299 713
299 504
489 291
851 2
851 382
559 725
559 478
626 282
626 710
89 310
808 795
808 863
185 375
287 629
287 758
287 52
374 356
374 629
852 443
801 269
906 612
41 529
41 187
41 763
41 858
822 827
52 629
52 305
52 572
572 332
572 123
313 758
313 557
67 332
67 683
924 925
736 531
110 700
110 863
110 615
534 771
534 126
534 595
534 345
534 775
763 863
763 405
763 356
763 795
239 249
239 118
2 382
758 278
758 557
581 649
581 115
836 595
836 458
836 438
360 119
360 248
464 291
414 36
771 973
771 595
771 345
771 422
541 258
541 848
787 262
53 405
53 171
344 637
669 188
167 576
167 310
484 274
484 104
502 827
502 375
269 183
269 828
331 479
168 529
795 863
795 219
368 944
368 956
595 973
595 345
12 262
12 300
12 290
438 458
438 262
438 926
372 384
178 384
343 113
274 102
642 339
642 708
642 102
719 504
719 3
558 195
558 670
560 453
102 708
303 233
871 346
871 509
683 612
543 9
543 233
629 617
637 648
240 15
240 87
240 261
460 647
460 454
294 355
294 775
985 103
985 278
985 804
217 104
217 959
530 48
282 82
282 83
68 550
68 408
713 504
115 261
115 649
340 480
340 358
848 3
848 258
673 922
82 867
971 893
971 684
480 359
480 171
751 732
589 346
589 163
144 517
625 615
682 926
204 631
204 163
204 926
877 757
446 229
183 359
518 246
290 262
290 388
775 355
422 904
364 550
364 511
119 229
119 519
119 509
825 634
825 83
266 725
91 700
91 926
915 550
218 124
218 174
118 968
725 478
278 804
278 617
631 163
631 623
519 509
873 634
919 815
481 130
259 755
802 384
922 889
566 897
358 511
108 891
550 511
959 227
124 104
307 884
307 232
884 232
884 300
879 580
944 956
49 15
956 103
55 733
672 670
708 339
116 767
187 171
623 163
346 219
700 615
