123 828
123 941
123 855
123 864
123 302
123 730
123 175
123 895
123 701
123 154
219 109
219 589
219 31
219 670
219 556
219 268
219 436
219 47
219 712
219 911
119 923
119 607
119 507
119 672
119 988
119 254
119 610
119 654
119 42
119 321
743 905
743 511
743 556
743 401
743 959
743 886
743 376
743 323
743 999
743 28
22 346
22 370
22 968
22 467
22 509
22 74
22 990
22 570
22 978
22 550
810 55
810 649
810 81
810 0
810 202
810 93
810 555
810 388
810 170
810 587
77 531
77 3
77 29
77 491
77 46
77 692
77 887
77 518
77 468
77 52
517 260
517 920
517 19
517 644
517 838
517 788
517 879
517 625
517 903
517 273
9 231
9 273
9 529
9 644
9 903
9 16
9 608
9 260
9 282
9 838
319 974
319 765
319 746
319 165
319 607
319 187
319 686
319 717
319 633
319 779
157 303
157 520
157 377
157 239
157 310
157 726
157 372
157 246
157 827
157 220
217 98
217 841
217 70
217 633
217 596
217 980
217 104
217 528
217 17
217 380
368 698
368 369
368 752
368 199
368 422
368 48
368 729
368 364
368 783
368 442
666 73
666 648
666 564
666 27
666 782
666 727
666 61
666 192
666 430
666 921
705 616
705 196
705 391
705 800
705 145
705 257
705 253
705 828
705 382
705 859
961 378
961 713
961 529
961 470
961 463
961 803
961 950
961 850
961 411
961 742
635 878
635 240
635 477
635 97
635 364
635 438
635 834
635 985
635 413
635 960
902 26
902 639
902 387
902 354
902 784
902 565
902 544
902 34
902 439
902 893
484 275
484 356
484 137
484 601
484 142
484 13
484 987
484 374
484 266
484 288
854 957
854 182
854 687
854 149
854 320
854 939
854 331
854 927
854 318
854 476
89 917
89 871
89 762
89 277
89 606
89 186
89 191
89 980
89 876
89 879
693 541
693 621
693 986
693 399
693 966
693 732
693 531
693 72
693 609
693 148
856 935
856 501
856 582
856 132
856 284
856 775
856 282
856 834
856 806
856 808
338 780
338 767
338 329
338 784
338 188
338 374
338 326
338 40
338 684
338 861
628 946
628 8
628 333
628 734
628 904
628 105
628 739
628 876
628 343
628 937
403 259
403 451
403 58
403 66
403 581
403 745
403 562
403 339
403 196
403 882
757 288
757 749
757 713
757 249
757 231
757 872
757 142
757 389
757 512
757 919
317 73
317 618
317 602
317 291
317 630
317 287
317 546
317 885
317 772
317 868
461 405
461 144
461 707
461 281
461 784
461 673
461 245
461 935
461 320
461 408
327 561
327 391
327 951
327 253
327 586
327 70
327 53
327 800
327 145
327 616
883 870
883 38
883 25
883 381
883 243
883 464
883 372
883 907
883 625
883 516
822 290
822 593
822 348
822 579
822 63
822 374
822 510
822 766
822 460
822 214
862 322
862 691
862 380
862 940
862 633
862 949
862 120
862 445
862 452
862 188
178 51
178 613
178 996
178 696
178 830
178 265
178 697
178 730
178 801
178 691
760 976
760 298
760 160
760 515
760 964
760 848
760 213
760 722
760 80
760 266
475 330
475 953
475 251
475 410
475 585
475 88
475 916
475 711
475 100
475 667
983 590
983 646
983 936
983 126
983 357
983 170
983 71
983 203
983 367
983 117
136 904
136 391
136 294
136 995
136 297
136 735
136 233
136 937
136 343
136 739
534 326
534 444
534 394
534 950
534 535
534 50
534 684
534 811
534 767
534 207
301 730
301 65
301 837
301 986
301 680
301 802
301 441
301 447
301 886
301 831
867 495
867 918
867 486
867 267
867 720
867 530
867 713
867 474
867 671
867 774
759 919
759 275
759 617
759 502
759 181
759 141
759 52
759 626
759 381
759 729
927 408
927 935
927 851
927 320
927 61
927 245
927 281
927 31
927 79
341 538
341 295
341 427
341 430
341 615
341 535
341 73
341 85
341 987
341 818
939 252
939 687
939 957
939 476
939 149
939 331
939 383
939 235
939 182
41 305
41 448
41 595
41 350
41 366
41 639
41 652
41 723
41 87
41 92
647 605
647 194
647 706
647 223
647 462
647 674
647 929
647 560
647 328
647 254
583 208
583 153
583 379
583 294
583 490
583 857
583 100
583 152
583 801
583 428
701 864
701 828
701 175
701 855
701 302
701 154
701 941
701 895
701 730
99 952
99 60
99 741
99 441
99 446
99 749
99 334
99 708
99 982
99 414
359 679
359 482
359 547
359 98
359 554
359 737
359 853
359 568
359 614
359 989
716 252
716 187
716 790
716 624
716 467
716 361
716 411
716 909
716 623
716 332
114 456
114 262
114 918
114 844
114 658
114 305
114 674
114 568
114 773
114 847
896 513
896 966
896 734
896 13
896 756
896 256
896 823
896 922
896 943
896 733
222 150
222 606
222 343
222 904
222 937
222 297
222 333
222 462
222 735
222 8
429 399
429 468
429 27
429 609
429 542
429 755
429 49
429 732
429 224
429 72
158 624
158 252
158 332
158 19
158 909
158 411
158 458
158 597
158 398
158 790
171 925
171 536
171 839
171 58
171 23
171 993
171 450
171 346
171 819
171 351
878 240
878 21
878 601
878 985
878 364
878 438
878 928
878 885
878 960
59 440
59 309
59 599
59 1
59 786
59 580
59 709
59 548
59 900
59 845
408 281
408 634
408 673
408 320
408 245
408 935
408 596
408 24
914 35
914 527
914 95
914 950
914 791
914 499
914 869
914 469
914 661
914 478
922 256
922 734
922 733
922 559
922 662
922 513
922 823
922 13
922 756
485 164
485 34
485 840
485 76
485 129
485 172
485 445
485 40
485 120
485 131
516 372
516 38
516 863
516 43
516 231
516 512
516 144
516 243
516 682
186 450
186 980
186 879
186 606
186 839
186 755
186 917
186 191
186 424
358 576
358 242
358 614
358 722
358 150
358 749
358 976
358 266
358 127
358 80
825 765
825 986
825 522
825 944
825 169
825 824
825 329
825 264
825 166
825 165
209 36
209 390
209 748
209 45
209 884
209 206
209 704
209 946
209 590
209 394
244 795
244 618
244 772
244 287
244 353
244 533
244 151
244 624
244 291
244 972
613 801
613 122
613 661
613 933
613 679
613 696
613 697
613 265
613 142
143 431
143 761
143 166
143 397
143 824
143 975
143 269
143 479
143 553
143 57
792 67
792 611
792 220
792 677
792 981
792 423
792 696
792 303
792 968
792 377
300 249
300 995
300 288
300 500
300 868
300 294
300 630
300 885
300 375
300 225
483 910
483 668
483 37
483 805
483 414
483 179
483 147
483 164
483 226
483 830
88 784
88 662
88 288
88 305
88 529
88 493
88 502
88 37
88 84
304 354
304 413
304 439
304 565
304 858
304 26
304 387
304 279
304 544
304 893
360 720
360 20
360 814
360 741
360 93
360 708
360 446
360 334
360 57
360 60
497 465
497 394
497 787
497 892
497 156
497 851
497 632
497 187
497 118
497 363
530 837
530 261
530 605
530 495
530 416
530 486
530 474
530 671
530 340
945 87
945 50
945 396
945 152
945 669
945 923
945 858
945 510
945 273
945 195
63 29
63 625
63 779
63 913
63 887
63 75
63 749
63 271
63 982
247 655
247 831
247 352
247 561
247 738
247 578
247 197
247 365
247 444
247 685
27 192
27 430
27 61
27 564
27 969
27 170
27 782
27 73
967 201
967 44
967 491
967 718
967 692
967 531
967 46
967 127
967 314
967 618
355 45
355 704
355 196
355 36
355 586
355 659
355 390
355 884
355 311
355 5
540 181
540 555
540 409
540 206
540 75
540 167
540 407
540 18
540 19
540 84
731 251
731 916
731 410
731 601
731 173
731 697
731 471
731 585
731 711
731 667
313 318
313 104
313 528
313 813
313 6
313 829
313 113
313 846
313 373
313 24
314 167
314 268
314 453
314 409
314 235
314 657
314 181
314 575
314 108
703 378
703 908
703 725
703 719
703 958
703 828
703 864
703 539
703 493
703 640
728 798
728 454
728 384
728 858
728 592
728 875
728 494
728 20
728 821
728 577
648 915
648 61
648 989
648 865
648 270
648 588
648 192
648 808
648 447
496 872
496 214
496 130
496 179
496 740
496 91
496 440
496 814
496 788
496 644
664 417
664 730
664 933
664 653
664 122
664 15
664 315
664 375
664 265
664 997
306 931
306 906
306 597
306 785
306 598
306 740
306 780
306 292
306 775
306 10
503 965
503 656
503 571
503 727
503 83
503 32
503 645
503 970
503 549
503 779
335 264
335 337
335 446
335 998
335 160
335 576
335 744
335 566
335 755
335 515
975 269
975 397
975 761
975 824
975 659
975 431
975 553
975 57
975 166
83 756
83 588
83 32
83 851
83 593
83 970
83 571
83 727
83 504
202 81
202 126
202 282
202 587
202 274
202 388
202 322
202 0
202 55
615 427
615 345
615 564
615 38
615 85
615 829
615 538
615 295
615 124
675 763
675 661
675 813
675 155
675 532
675 833
675 948
675 887
675 80
675 288
787 224
787 465
787 187
787 394
787 118
787 363
787 156
787 892
787 632
559 738
559 662
559 986
559 72
559 326
559 658
559 916
559 268
559 399
841 17
841 70
841 104
841 611
841 596
841 633
841 683
841 826
841 98
719 908
719 342
719 378
719 725
719 688
719 640
719 539
719 463
719 958
793 162
793 433
793 402
793 49
793 876
793 263
793 125
793 880
793 115
793 7
443 656
443 665
443 683
443 169
443 832
443 704
443 642
443 276
443 920
443 316
895 607
895 828
895 154
895 364
895 989
895 855
895 302
895 175
622 711
622 274
622 424
622 294
622 465
622 251
622 634
622 585
622 471
622 242
897 658
897 535
897 309
897 419
897 845
897 121
897 889
897 651
897 334
897 802
195 196
195 575
195 789
195 235
195 161
195 523
195 315
195 453
195 382
797 349
797 753
797 643
797 489
797 676
797 412
797 998
797 400
797 781
797 236
898 169
898 947
898 250
898 371
898 238
898 29
898 579
898 955
898 886
898 981
415 571
415 928
415 727
415 645
415 970
415 298
415 510
415 213
415 872
415 32
567 758
567 842
567 203
567 173
567 189
567 466
567 71
567 204
567 934
567 96
285 50
285 587
285 876
285 405
285 444
285 819
285 220
285 324
285 549
285 479
457 299
457 795
457 507
457 988
457 923
457 672
457 654
457 610
457 472
457 242
271 715
271 779
271 508
271 785
271 994
271 183
271 352
271 138
271 750
515 266
515 976
515 498
515 848
515 87
515 80
515 874
515 964
919 184
919 840
919 305
919 248
919 943
919 626
919 141
919 52
477 97
477 754
477 960
477 240
477 985
477 438
477 21
477 511
477 965
627 39
627 763
627 379
627 426
627 519
627 603
627 629
627 455
627 193
627 888
86 690
86 140
86 206
86 130
86 498
86 746
86 713
86 680
86 228
86 281
513 802
513 733
513 823
513 256
513 756
513 891
513 13
513 734
686 794
686 101
686 155
686 545
686 746
686 33
686 717
686 370
686 974
737 989
737 853
737 554
737 679
737 568
737 547
737 938
737 482
737 779
8 333
8 838
8 904
8 739
8 297
8 735
8 343
8 937
859 863
859 382
859 253
859 796
859 652
859 391
859 257
859 145
859 800
376 326
376 511
376 28
376 385
376 905
376 959
376 886
376 999
376 401
962 421
962 551
962 786
962 576
962 710
962 699
962 361
962 573
962 416
962 163
445 172
445 380
445 76
445 131
445 120
445 940
445 452
445 129
505 420
505 724
505 636
505 293
505 464
505 866
505 770
505 493
505 56
505 150
618 291
618 151
618 772
618 972
618 906
618 287
618 724
90 752
90 844
90 918
90 658
90 837
90 390
90 847
90 262
90 984
90 773
339 58
339 66
339 519
339 882
339 259
339 581
339 745
339 812
339 451
255 188
255 133
255 344
255 12
255 216
255 860
255 656
255 747
255 707
255 612
672 795
672 299
672 472
672 923
672 610
672 988
672 507
672 654
2 1
2 435
2 390
2 18
2 668
2 910
2 625
2 147
2 226
2 3
226 668
226 147
226 816
226 625
226 830
226 18
226 164
226 910
134 200
134 278
134 212
134 770
134 991
134 45
134 56
134 383
134 152
134 721
382 253
382 616
382 145
382 257
382 652
382 391
382 800
369 48
369 422
369 442
369 783
369 698
369 472
369 199
369 299
369 82
248 791
248 955
248 340
248 256
248 50
248 947
248 579
248 238
248 250
637 208
637 653
637 857
637 299
637 952
637 379
637 428
637 153
637 729
637 442
250 955
250 849
250 579
250 947
250 238
250 29
250 340
250 887
449 174
449 631
449 608
449 979
449 774
449 425
449 135
449 392
449 177
449 163
480 817
480 229
480 563
480 913
480 62
480 924
480 892
480 156
480 809
480 811
911 268
911 712
911 31
911 109
911 843
911 636
911 556
911 436
911 670
43 393
43 872
43 685
43 512
43 561
43 863
43 144
43 243
43 682
289 942
289 53
289 603
289 977
289 0
289 180
289 766
289 552
289 488
289 385
296 865
296 641
296 655
296 181
296 91
296 393
296 969
296 740
296 66
296 80
393 887
393 788
393 320
393 561
393 669
393 673
393 471
393 500
619 525
619 843
619 577
619 321
619 207
619 386
619 805
619 218
619 232
619 776
82 698
82 299
82 783
82 92
82 569
82 18
82 924
82 422
82 48
431 57
431 169
431 397
431 269
431 553
431 625
431 824
431 761
645 510
645 727
645 221
645 309
645 167
645 571
645 32
645 970
109 670
109 436
109 556
109 589
109 843
109 268
109 16
109 175
631 979
631 37
631 135
631 174
631 163
631 177
631 435
631 425
631 774
232 321
232 207
232 525
232 456
232 776
232 572
232 455
232 386
232 218
930 702
930 882
930 581
930 79
930 406
930 66
930 451
930 608
930 752
930 442
212 991
212 681
212 278
212 721
212 293
212 150
212 200
212 770
212 56
463 325
463 411
463 110
463 786
463 908
463 378
463 342
463 998
649 800
649 934
649 466
649 344
649 518
649 681
649 834
649 160
649 10
989 482
989 152
989 547
989 640
989 691
989 853
344 12
344 105
344 656
344 612
344 216
344 747
344 133
344 777
353 533
353 772
353 151
353 287
353 826
353 224
353 291
353 602
353 972
472 923
472 610
472 988
472 977
472 78
472 654
472 299
804 524
804 835
804 521
804 467
804 395
804 371
804 383
804 111
804 689
804 128
30 994
30 624
30 132
30 806
30 831
30 501
30 51
30 779
30 36
30 920
193 935
193 310
193 888
193 39
193 634
193 763
193 455
193 820
193 629
809 924
809 811
809 817
809 229
809 881
809 563
809 913
809 62
809 261
433 115
433 880
433 263
433 125
433 162
433 932
433 49
433 402
433 325
812 347
812 921
812 324
812 227
812 405
812 140
812 479
812 891
812 549
815 765
815 356
815 946
815 995
815 330
815 600
815 557
815 764
815 277
815 94
877 950
877 257
877 68
877 799
877 468
877 198
877 638
877 168
877 905
877 320
185 866
185 16
185 422
185 201
185 735
185 78
185 318
185 682
185 696
185 869
710 231
710 520
710 576
710 361
710 421
710 426
710 416
710 699
710 551
400 781
400 753
400 826
400 953
400 412
400 840
400 749
400 502
400 236
406 852
406 190
406 912
406 64
406 700
406 126
406 23
406 307
406 103
96 23
96 758
96 450
96 888
96 744
96 840
96 925
96 379
96 189
409 275
409 75
409 555
409 995
409 181
409 167
409 280
409 264
365 738
365 197
365 413
365 396
365 655
365 641
365 685
365 578
365 146
533 151
533 35
533 602
533 972
533 287
533 291
533 566
533 487
62 563
62 584
62 881
62 755
62 913
62 924
62 142
62 509
532 182
532 331
532 501
532 652
532 699
532 687
532 957
532 476
532 629
375 868
375 630
375 233
375 963
375 294
375 249
375 885
375 500
992 798
992 736
992 936
992 592
992 437
992 16
992 258
992 78
992 751
992 161
889 221
889 651
889 404
889 309
889 873
889 57
889 845
889 938
889 121
229 563
229 913
229 817
229 881
229 811
229 924
229 696
229 172
594 807
594 337
594 286
594 14
594 414
594 233
594 754
594 949
594 418
594 108
215 161
215 100
215 12
215 561
215 504
215 702
215 836
215 93
215 224
215 605
481 374
481 468
481 638
481 694
481 102
481 198
481 168
481 973
481 799
481 470
65 495
65 833
65 486
65 837
65 474
65 267
65 736
65 373
65 671
951 733
951 79
951 318
951 685
951 817
951 766
951 130
951 823
951 176
44 718
44 491
44 692
44 201
44 18
44 531
44 3
44 46
44 127
599 811
599 900
599 709
599 130
599 1
599 580
599 786
599 548
599 267
173 490
173 758
173 116
173 204
173 607
173 934
173 28
173 189
333 391
333 343
333 682
333 937
333 735
333 297
333 904
473 738
473 230
473 691
473 574
473 938
473 827
473 310
473 334
473 633
473 239
117 357
117 646
117 71
117 367
117 116
117 802
117 590
117 203
117 936
589 670
589 268
589 436
589 31
589 556
589 47
589 174
589 843
7 687
7 598
7 305
7 417
7 402
7 325
7 49
7 115
7 162
717 794
717 155
717 33
717 974
717 746
717 51
717 101
717 370
4 385
4 768
4 53
4 293
4 942
4 997
4 552
4 977
4 180
4 488
419 334
419 741
419 213
419 446
419 658
419 708
419 845
419 807
419 295
102 638
102 799
102 198
102 694
102 176
102 294
102 168
102 973
102 861
954 348
954 802
954 413
954 788
954 242
954 604
954 547
954 574
954 651
954 12
74 620
74 570
74 37
74 124
74 210
74 978
74 881
74 990
74 591
892 363
892 632
892 394
892 156
892 118
892 84
892 614
177 425
177 174
177 392
177 774
177 873
177 163
177 135
177 979
310 220
310 633
310 239
310 827
310 726
310 303
310 377
407 84
407 234
407 181
407 75
407 350
407 778
407 586
407 366
407 555
543 545
543 603
543 926
543 521
543 558
543 695
543 953
543 526
543 246
543 730
525 778
525 207
525 776
525 70
525 302
525 321
525 176
525 386
535 767
535 684
535 780
535 592
535 950
535 326
535 444
356 277
356 94
356 764
356 265
356 600
356 330
356 125
356 557
106 956
106 846
106 813
106 739
106 24
106 820
106 6
106 861
106 528
106 362
551 361
551 604
551 573
551 416
551 915
551 576
551 421
551 380
844 847
844 51
844 773
844 262
844 456
844 658
844 611
844 568
307 639
307 636
307 852
307 103
307 190
307 700
307 64
307 308
307 912
312 527
312 110
312 95
312 791
312 478
312 499
312 35
312 469
312 994
312 585
432 404
432 237
432 660
432 322
432 452
432 241
432 789
432 127
432 720
432 25
721 278
721 200
721 991
721 749
721 150
721 56
721 293
721 770
149 182
149 476
149 687
149 957
149 714
149 673
149 397
149 331
569 205
569 11
569 441
569 707
569 84
569 984
569 321
569 69
569 899
726 695
726 239
726 303
726 127
726 520
726 220
726 827
726 377
527 469
527 35
527 857
527 499
527 779
527 478
527 791
527 95
958 908
958 199
958 378
958 725
958 539
958 688
958 640
958 342
11 205
11 984
11 69
11 932
11 899
11 231
11 184
11 707
11 614
435 18
435 910
435 46
435 625
435 587
435 668
435 330
435 138
258 20
258 798
258 736
258 437
258 751
258 75
258 577
258 592
258 734
541 986
541 966
541 609
541 876
541 732
541 399
541 72
541 621
541 148
208 428
208 379
208 857
208 153
208 100
208 256
208 952
208 494
949 418
949 337
949 584
949 290
949 286
949 151
949 754
949 108
689 128
689 835
689 371
689 111
689 249
689 521
689 383
689 524
689 56
993 346
993 280
993 839
993 351
993 925
993 819
993 450
993 47
993 536
636 64
636 866
636 771
636 190
636 749
636 103
636 308
901 801
901 470
901 850
901 742
901 803
901 34
901 956
901 451
901 948
901 697
54 160
54 308
54 971
54 799
54 997
54 15
54 933
54 34
54 417
54 653
482 547
482 853
482 614
482 679
482 554
482 779
482 166
330 165
330 764
330 200
330 277
330 600
330 94
831 562
831 121
831 392
831 903
831 75
831 561
831 745
572 292
572 775
572 386
572 332
572 207
572 601
572 776
572 730
572 218
593 309
593 388
593 571
593 506
593 970
593 727
593 32
593 510
847 568
847 918
847 456
847 773
847 262
847 678
847 658
283 968
283 423
283 292
283 677
283 650
283 982
283 280
283 981
283 991
283 67
490 420
490 58
490 807
490 160
490 464
490 639
490 826
490 116
836 112
836 10
836 494
836 384
836 821
836 454
836 920
836 413
836 875
121 604
121 651
121 309
121 870
121 845
121 404
121 724
428 239
428 40
428 830
428 952
428 153
428 857
428 379
38 372
38 243
38 405
38 910
38 863
38 427
38 345
659 553
659 316
659 761
659 397
659 98
659 269
659 899
659 299
183 750
183 138
183 395
183 857
183 352
183 785
183 715
183 508
183 506
259 451
259 882
259 918
259 562
259 581
259 58
259 991
259 745
17 70
17 324
17 104
17 699
17 596
17 98
17 336
17 881
399 662
399 732
399 609
399 966
399 72
399 380
557 167
557 600
557 94
557 380
557 196
557 542
557 764
557 277
396 738
396 685
396 641
396 655
396 197
396 987
396 381
396 578
488 518
488 53
488 977
488 385
488 942
488 768
488 180
488 552
392 979
392 873
392 161
392 425
392 562
392 174
392 135
783 199
783 521
783 48
783 469
783 698
783 422
783 729
15 302
15 122
15 417
15 997
15 662
15 653
15 267
15 933
796 113
796 871
796 512
796 542
796 277
796 608
796 663
796 197
796 60
603 821
603 942
603 552
603 964
603 272
603 385
603 180
673 607
673 591
673 621
673 281
673 184
673 245
915 865
915 92
915 434
915 816
915 447
915 279
915 851
915 588
917 980
917 762
917 191
917 424
917 879
917 694
917 606
917 755
963 964
963 885
963 999
963 868
963 679
963 546
963 500
963 234
963 225
278 602
278 200
278 752
278 991
278 150
278 257
278 770
509 740
509 210
509 990
509 620
509 570
509 107
509 188
509 591
135 979
135 174
135 105
135 124
135 425
135 774
272 546
272 602
272 323
272 769
272 47
272 234
272 514
272 676
272 712
960 240
960 21
960 486
960 364
960 97
960 438
960 985
221 342
221 571
221 529
221 142
221 749
221 309
221 560
221 32
21 985
21 53
21 364
21 438
21 240
21 614
21 601
331 182
331 985
331 957
331 687
331 252
331 476
144 863
144 458
144 337
144 437
144 372
144 243
144 736
630 868
630 288
630 294
630 709
630 500
630 225
630 249
223 674
223 163
223 462
223 857
223 328
223 706
223 334
223 446
223 194
694 973
694 198
694 87
694 168
694 638
694 264
694 468
42 237
42 159
42 146
42 720
42 660
42 789
42 748
42 890
42 241
522 169
522 824
522 166
522 765
522 165
522 944
522 315
522 239
522 940
579 955
579 238
579 340
579 270
579 947
579 826
165 166
165 329
165 633
165 765
165 19
165 940
581 66
581 562
581 882
581 451
581 745
581 58
573 891
573 753
573 261
573 28
573 416
573 361
573 996
573 137
582 51
582 956
582 167
582 453
582 172
582 608
582 771
582 802
582 639
869 478
869 118
869 499
869 597
869 773
869 469
869 19
869 95
351 925
351 450
351 839
351 536
351 819
351 346
351 23
351 665
448 87
448 235
448 723
448 595
448 584
448 996
448 350
448 366
448 151
574 302
574 864
574 230
574 142
574 855
574 938
574 941
574 154
227 405
227 891
227 604
227 347
227 921
227 768
227 479
227 324
227 549
412 349
412 110
412 236
412 984
412 753
412 489
412 643
412 243
820 440
820 580
820 601
820 739
820 956
820 851
820 275
820 548
926 526
926 558
926 953
926 998
926 712
926 246
926 176
926 545
926 405
418 233
418 286
418 108
418 389
418 807
418 638
418 14
418 754
623 506
623 398
623 790
623 596
623 411
623 332
623 352
623 909
623 252
700 912
700 558
700 395
700 190
700 852
700 308
700 64
700 93
437 751
437 592
437 577
437 784
437 20
437 798
437 736
762 424
762 773
762 833
762 606
762 879
762 191
762 607
762 568
921 876
921 347
921 952
921 479
921 891
921 549
921 324
695 545
695 799
695 953
695 611
695 813
695 558
695 526
695 246
931 775
931 155
931 938
931 107
931 906
931 598
931 336
931 507
931 740
357 203
357 71
357 936
357 590
357 126
357 170
357 322
357 985
643 570
643 349
643 110
643 236
643 874
643 753
643 489
643 781
292 220
292 775
292 598
292 740
292 586
292 679
292 597
928 554
928 213
928 752
928 364
928 298
928 872
928 826
928 184
1 786
1 440
1 580
1 548
1 900
1 69
1 709
190 308
190 912
190 771
190 852
190 64
190 103
45 5
45 36
45 884
45 196
45 704
45 311
45 390
233 754
233 807
233 228
233 159
233 605
233 286
129 361
129 452
129 76
129 131
129 120
129 40
129 840
129 172
641 685
641 91
641 900
641 197
641 655
641 578
641 738
421 361
421 699
421 576
421 416
421 604
421 873
421 616
520 176
520 947
520 122
520 416
520 827
520 303
520 78
13 943
13 733
13 734
13 256
13 756
13 192
466 681
466 204
466 735
466 934
466 189
466 758
466 390
466 842
439 387
439 354
439 565
439 336
439 26
439 588
439 893
439 544
803 850
803 713
803 913
803 795
803 470
803 742
803 948
803 529
751 577
751 592
751 798
751 16
751 736
751 20
751 493
577 78
577 798
577 592
577 20
577 298
996 350
996 723
996 595
996 584
996 495
996 575
996 366
350 366
350 380
350 639
350 723
350 595
350 671
990 978
990 620
990 570
990 210
990 591
990 249
990 124
398 909
398 411
398 790
398 332
398 413
398 252
398 624
398 819
657 315
657 179
657 575
657 434
657 206
657 453
657 830
657 235
657 40
328 194
328 560
328 591
328 462
328 929
328 674
328 706
328 254
827 220
827 894
827 239
827 303
827 139
537 550
537 492
537 678
537 870
537 971
537 459
537 430
537 907
537 782
537 526
708 441
708 334
708 741
708 323
708 446
708 337
708 60
865 447
865 434
865 279
865 816
865 92
865 588
865 293
660 789
660 748
660 890
660 146
660 237
660 720
660 159
660 241
228 206
228 817
228 498
228 140
228 935
228 680
228 881
228 130
367 590
367 142
367 203
367 818
367 605
367 646
367 936
367 87
370 155
370 746
370 974
370 724
370 33
370 101
370 794
48 422
48 924
48 442
48 729
48 199
48 698
665 874
665 683
665 642
665 832
665 323
665 894
665 316
665 276
120 172
120 76
120 840
120 452
120 361
120 131
770 56
770 150
770 991
770 293
770 200
722 848
722 80
722 336
722 554
722 266
722 976
722 861
722 964
875 454
875 112
875 821
875 487
875 784
875 10
875 384
875 494
899 849
899 69
899 210
899 887
899 205
899 632
899 707
128 467
128 395
128 257
128 371
128 524
128 835
128 51
128 111
270 148
270 808
270 607
270 925
270 833
270 588
270 340
270 826
714 20
714 514
714 780
714 676
714 67
714 590
714 769
714 234
714 152
164 910
164 37
164 805
164 830
164 414
164 668
164 147
732 72
732 609
732 966
732 621
732 148
732 986
122 265
122 997
122 933
122 653
122 697
122 696
735 297
735 343
735 739
735 601
777 747
777 12
777 133
777 860
777 105
777 216
777 188
777 612
777 656
932 49
932 880
932 402
932 125
932 325
932 560
932 115
932 263
142 938
142 389
142 924
629 39
629 763
629 888
629 455
629 182
629 426
629 799
768 977
768 552
768 180
768 293
768 385
768 942
768 53
205 184
205 984
205 707
205 69
205 849
205 321
205 305
706 254
706 929
706 674
706 560
706 194
706 462
706 57
297 343
297 739
297 904
297 937
297 103
794 101
794 974
794 33
794 518
794 155
794 105
794 746
263 162
263 817
263 880
263 125
263 325
263 402
263 49
832 894
832 642
832 744
832 683
832 874
832 276
832 920
832 316
816 447
816 92
816 434
816 667
816 279
816 851
816 53
900 775
900 674
900 462
900 709
900 929
900 438
420 493
420 866
420 460
420 724
420 78
420 290
420 116
420 464
33 746
33 179
33 155
33 101
33 974
33 518
262 871
262 669
262 661
262 658
262 773
262 568
346 925
346 839
346 450
346 819
346 536
346 91
843 670
843 268
843 663
843 436
843 556
843 955
131 40
131 172
131 452
131 741
131 840
131 76
918 495
918 84
918 616
918 456
918 245
274 633
274 81
274 322
274 0
274 50
274 55
274 620
274 388
110 800
110 236
110 349
110 709
110 753
110 489
336 231
336 565
336 893
336 354
336 387
336 107
492 907
492 459
492 25
492 550
492 870
492 456
492 678
492 137
492 971
789 159
789 720
789 748
789 237
789 241
789 890
404 845
404 924
404 309
404 73
404 938
404 651
404 231
676 781
676 771
676 47
676 769
676 873
676 514
676 234
175 828
175 855
175 68
175 683
175 154
175 774
853 679
853 547
853 614
853 562
853 554
853 152
972 772
972 291
972 566
972 151
972 287
972 602
238 29
238 955
238 340
238 849
238 669
238 947
384 454
384 494
384 373
384 821
384 112
384 487
384 10
553 824
553 57
553 761
553 397
553 167
553 269
342 688
342 19
342 908
342 378
342 640
342 539
441 946
441 362
441 60
441 625
441 984
441 69
894 276
894 744
894 929
894 874
894 316
894 725
894 642
434 447
434 588
434 851
434 279
434 92
434 736
969 430
969 79
969 192
969 426
969 80
969 905
969 782
969 73
225 249
225 885
225 500
225 12
225 868
225 652
225 288
566 153
566 811
566 952
566 179
566 956
566 542
566 379
690 140
690 766
690 818
690 374
690 214
690 460
690 498
690 680
690 206
754 286
754 965
754 108
754 807
754 14
366 584
366 564
366 87
366 723
366 595
718 531
718 692
718 201
718 46
718 491
718 127
718 3
718 24
849 955
849 946
849 29
849 947
849 340
849 887
410 242
410 585
410 711
410 471
410 251
410 916
410 667
410 798
467 835
467 458
467 371
467 395
467 521
467 111
14 602
14 374
14 807
14 766
14 108
14 286
14 20
698 422
698 729
698 16
698 442
698 199
575 235
575 315
575 523
575 286
575 658
575 453
580 37
580 709
580 440
580 786
580 507
580 548
669 512
669 634
669 68
669 871
669 742
669 663
254 674
254 194
254 560
254 321
254 929
254 462
929 194
929 462
929 674
929 560
514 769
514 234
514 524
514 943
514 755
514 323
514 873
519 979
519 888
519 749
519 39
519 687
519 611
519 426
519 654
241 146
241 159
241 237
241 890
241 866
241 748
752 200
752 66
752 442
752 60
752 184
139 469
139 780
139 170
139 767
139 220
139 950
139 199
139 326
139 684
56 293
56 991
56 150
56 200
264 211
264 198
264 389
264 861
264 943
264 801
884 5
884 390
884 36
884 152
884 704
884 311
884 196
424 980
424 879
424 959
424 191
424 373
424 606
873 349
873 979
873 425
873 163
284 994
284 691
284 834
284 501
284 132
284 952
284 282
284 806
284 101
570 124
570 210
570 620
570 591
570 978
523 380
523 213
523 161
523 315
523 550
523 235
523 453
523 179
586 704
586 213
586 36
586 152
586 946
586 311
576 416
576 699
576 224
576 163
863 170
863 231
863 372
863 682
863 243
521 111
521 371
521 383
521 835
521 524
97 352
97 616
97 389
97 140
97 240
97 438
97 772
638 799
638 168
638 198
638 468
638 973
750 994
750 506
750 105
750 785
750 508
750 791
750 715
750 204
948 470
948 661
948 833
948 742
948 850
948 529
948 944
455 763
455 888
455 742
455 218
455 426
455 39
465 118
465 156
465 632
465 394
465 471
465 230
465 373
925 839
925 23
925 450
925 55
468 973
468 168
468 198
468 776
891 840
891 347
891 324
891 778
891 386
995 697
995 294
995 725
995 372
995 132
995 155
107 526
107 506
107 218
107 976
107 31
107 740
107 598
132 282
132 806
132 779
132 834
132 101
132 501
79 31
79 864
79 662
79 905
79 116
79 61
299 795
299 988
299 536
332 411
332 909
332 252
332 624
332 790
479 405
479 876
479 324
479 347
479 549
103 163
103 912
103 126
103 64
103 852
427 538
427 818
427 85
427 295
427 414
427 987
427 230
474 940
474 661
474 671
474 837
474 486
474 267
474 495
113 829
113 362
113 871
113 6
113 24
113 528
113 846
113 764
316 920
316 276
316 642
316 744
316 683
656 747
656 12
656 216
656 105
656 133
723 965
723 595
723 34
723 584
723 87
558 176
558 545
558 246
558 526
558 998
558 953
101 155
101 974
101 746
565 858
565 354
565 26
565 544
565 387
565 893
838 903
838 273
838 19
838 260
838 644
838 608
838 788
105 133
105 747
105 216
402 880
402 115
402 325
402 125
402 49
860 612
860 138
860 116
860 747
860 885
860 216
860 184
860 133
805 147
805 257
805 414
805 830
805 668
805 511
805 910
941 855
941 302
941 864
941 730
941 682
941 828
941 154
712 670
712 546
712 234
712 47
712 436
712 769
713 260
713 140
713 943
713 782
713 130
617 626
617 373
617 141
617 275
617 211
617 52
617 146
617 381
617 502
890 600
890 748
890 146
890 159
890 785
890 237
818 987
818 295
818 85
818 214
818 538
818 646
795 561
795 988
795 610
795 654
795 507
286 807
286 662
286 108
249 288
249 500
249 868
137 870
137 290
137 459
137 907
137 678
137 25
137 550
145 800
145 391
145 253
145 616
145 92
145 257
6 362
6 24
6 846
6 829
6 528
6 924
6 318
857 379
857 952
857 153
763 318
763 888
763 39
763 93
763 426
35 95
35 397
35 661
35 478
35 791
35 499
401 84
401 886
401 511
401 905
401 959
401 999
401 28
401 323
834 240
834 71
834 691
834 501
834 806
621 609
621 148
621 966
621 72
621 288
621 986
837 486
837 671
837 957
837 758
837 495
201 491
201 531
201 888
201 377
201 692
201 3
251 667
251 242
251 916
251 471
251 711
251 585
347 405
347 814
347 549
347 876
347 324
66 882
66 315
66 464
66 58
965 544
965 288
965 329
965 940
965 779
965 373
978 0
978 124
978 620
978 707
978 210
978 591
116 646
116 464
116 724
116 607
5 704
5 390
5 152
5 601
5 36
5 946
5 311
460 786
460 214
460 374
460 348
460 766
460 999
460 290
170 936
170 126
170 646
170 423
411 252
411 325
411 909
151 291
151 287
151 772
500 868
500 389
500 885
632 118
632 363
632 187
632 224
632 156
616 391
616 253
616 51
487 966
487 821
487 373
487 494
487 10
487 112
487 454
858 531
858 46
858 778
858 373
858 413
858 273
774 174
774 979
774 425
774 204
799 198
799 973
799 168
866 464
866 848
866 340
866 493
866 724
224 504
224 363
224 187
224 601
458 148
458 906
458 808
458 819
458 724
458 80
458 23
684 683
684 780
684 326
684 767
684 950
684 444
141 584
141 348
141 502
141 211
141 52
141 381
141 626
499 478
499 661
499 791
499 469
499 95
981 423
981 650
981 968
981 280
981 677
981 67
981 440
152 87
348 374
348 214
348 766
348 453
348 343
348 290
337 584
337 755
337 736
337 16
337 756
426 39
426 888
426 345
624 252
624 909
624 790
624 848
104 98
104 70
104 662
104 596
104 633
104 242
130 680
130 140
130 498
130 206
746 974
746 518
68 956
68 663
68 634
68 542
68 784
68 512
68 871
771 912
771 18
771 64
771 852
771 956
771 308
417 933
417 162
417 653
417 997
417 322
417 243
218 207
218 639
218 814
218 776
218 386
715 138
715 956
715 785
715 508
715 352
715 276
715 506
197 738
197 685
197 153
197 578
197 655
813 611
813 846
813 833
813 528
813 362
813 829
652 604
652 486
652 305
652 595
652 267
767 326
767 489
767 780
767 444
767 950
237 146
237 748
237 720
237 159
118 187
118 156
118 394
118 363
562 882
562 261
562 745
562 451
422 199
422 442
422 188
464 493
464 724
464 504
388 0
388 50
388 587
388 322
388 55
388 81
587 611
587 0
587 81
587 699
587 55
829 764
829 846
829 362
829 528
829 24
489 753
489 236
489 140
489 349
489 781
639 518
639 595
639 814
539 908
539 640
539 725
539 662
539 688
539 378
453 923
453 315
453 235
325 115
325 125
325 880
423 982
423 67
423 626
423 677
423 280
423 968
544 279
544 604
544 893
544 26
544 387
955 340
955 947
955 26
904 739
904 343
904 937
904 876
39 277
39 944
39 888
968 67
968 650
968 280
968 982
968 677
548 440
548 536
548 478
548 709
548 786
845 651
845 802
845 309
845 938
293 991
293 150
555 84
555 167
555 833
555 75
555 511
555 181
850 470
850 260
850 833
850 742
850 529
850 887
176 982
176 823
176 741
176 138
192 73
192 564
192 782
192 430
192 61
907 870
907 25
907 678
907 971
907 459
907 34
326 444
326 950
781 349
781 126
781 753
781 236
781 780
842 189
842 108
842 204
842 37
842 934
842 758
842 644
842 938
545 246
545 953
545 526
545 196
545 998
668 147
668 18
668 625
668 910
85 538
85 230
85 295
85 345
85 987
85 40
683 642
683 744
683 920
994 501
994 323
994 806
994 282
994 791
383 395
383 111
383 371
383 835
383 524
626 381
626 52
626 211
626 819
626 275
778 75
778 814
778 386
778 650
778 776
778 124
502 52
502 211
502 729
502 381
502 373
971 459
971 550
971 681
971 934
971 25
971 34
758 189
758 204
758 681
758 934
596 680
596 70
596 633
596 98
681 440
681 934
681 597
681 189
681 389
459 25
459 550
459 275
459 870
459 678
493 724
493 354
493 662
309 651
510 970
510 32
510 571
510 905
510 727
974 973
974 155
600 277
600 194
600 764
600 23
600 94
738 578
738 179
738 655
959 999
959 511
959 905
959 298
959 886
959 28
52 211
52 275
52 381
980 191
980 755
980 161
980 606
980 879
556 268
556 670
556 436
556 31
916 585
916 711
916 667
916 242
916 471
801 265
801 470
801 389
801 696
801 697
970 32
970 571
970 682
970 727
69 707
69 663
69 790
69 984
526 246
526 953
526 998
160 680
160 848
160 976
160 298
160 964
287 772
287 291
287 602
870 550
870 678
870 25
414 37
414 830
414 910
414 147
682 372
682 413
682 243
28 997
28 511
28 886
28 999
646 590
646 203
646 936
646 529
234 47
234 769
234 546
210 124
210 620
210 591
210 161
806 191
806 501
806 691
806 282
32 727
32 571
765 940
765 944
765 329
765 764
765 169
269 824
269 397
269 169
269 761
269 944
29 57
29 887
29 236
29 290
667 585
667 711
667 946
667 471
588 447
588 808
588 851
282 608
282 501
282 162
273 903
273 644
273 260
273 584
273 608
942 180
942 385
942 650
942 552
942 677
191 161
191 606
191 879
75 181
75 167
182 476
182 687
182 755
182 957
94 194
94 277
94 764
94 51
94 354
823 769
823 733
823 756
823 108
823 256
984 707
984 184
984 305
111 395
111 524
111 835
111 371
371 524
371 835
938 469
47 546
47 769
47 670
204 508
204 934
204 189
937 50
937 343
937 739
430 564
430 61
430 782
430 73
881 817
881 498
881 913
881 811
203 936
203 184
203 71
203 590
609 72
609 966
609 986
609 148
115 37
115 162
115 125
115 880
913 563
913 817
913 811
133 747
133 612
133 216
133 12
671 261
671 495
671 267
671 486
776 386
776 189
776 207
24 362
24 846
24 528
549 405
549 324
549 876
95 478
95 661
95 469
95 791
329 702
329 944
329 611
329 377
329 940
438 364
438 985
438 240
31 268
31 584
31 436
744 920
744 874
744 906
744 642
311 36
311 704
311 253
311 390
311 196
798 230
798 20
798 592
266 153
266 964
266 976
266 80
266 848
644 788
644 608
644 903
644 260
678 550
678 610
678 25
742 188
742 529
742 470
98 725
98 60
98 70
772 291
772 267
610 923
610 988
610 507
610 654
125 880
125 162
542 318
542 512
542 871
542 634
542 663
788 507
788 903
788 260
788 19
988 654
988 507
988 923
906 612
906 597
906 598
906 775
906 281
966 148
966 72
386 207
386 321
524 51
524 835
973 168
973 320
973 198
528 362
528 846
745 808
745 451
745 58
745 882
811 817
811 563
55 81
55 395
55 0
55 50
755 879
112 454
112 10
112 833
112 821
112 494
112 49
976 964
976 848
976 298
37 147
23 450
23 819
23 235
933 653
933 997
933 697
933 265
446 261
446 334
446 741
446 60
766 290
766 214
766 374
57 893
57 397
78 840
78 592
78 290
78 536
874 87
874 769
874 276
874 642
159 748
159 146
159 720
852 64
852 912
852 126
852 308
92 688
92 851
92 447
699 416
699 163
699 361
200 168
200 991
940 692
940 452
680 140
680 206
680 498
761 611
761 824
761 166
761 397
597 740
597 598
597 775
597 162
606 879
606 839
148 661
148 986
908 688
908 378
908 640
908 725
279 741
279 387
279 944
279 26
729 604
729 153
729 199
308 912
308 64
308 230
814 207
814 552
814 179
814 245
156 187
156 363
156 394
444 780
444 70
444 950
321 207
321 322
848 964
848 80
281 320
281 322
281 935
281 245
560 276
560 70
560 127
839 536
839 214
839 450
791 478
211 381
211 275
211 389
211 536
501 691
598 775
598 740
598 231
953 246
953 998
436 268
436 670
49 957
49 880
552 385
552 977
552 180
394 187
394 363
378 688
378 640
977 180
977 476
977 692
977 53
146 720
146 872
506 508
506 138
506 785
506 352
982 67
982 650
982 677
982 280
67 677
67 650
67 280
590 71
590 936
361 416
73 782
73 564
748 720
748 76
998 786
998 246
476 957
476 3
476 687
315 235
315 161
934 189
199 442
611 377
456 504
456 784
456 323
456 84
36 390
36 704
364 985
364 240
349 753
349 236
349 554
345 651
345 538
345 295
345 100
345 604
345 802
826 213
826 298
826 872
782 61
782 564
298 964
298 213
302 855
302 864
302 154
725 640
725 749
997 16
997 653
508 352
508 265
508 138
508 785
830 707
830 147
380 188
380 179
663 634
663 512
663 871
663 601
174 425
174 979
174 872
733 756
733 734
733 256
733 943
861 303
861 568
861 736
861 276
861 372
670 318
612 188
612 887
612 216
612 12
835 395
126 71
126 245
276 642
910 147
169 166
169 824
169 944
451 58
451 882
504 605
504 702
504 100
504 93
504 561
81 322
81 653
81 50
81 0
108 807
685 655
685 578
685 91
547 679
547 614
547 554
547 691
784 3
784 607
491 531
491 3
491 206
491 46
491 692
957 687
10 454
10 821
10 494
462 194
462 674
16 305
16 736
230 987
230 538
230 909
741 60
741 334
747 216
747 807
747 12
377 239
377 303
377 220
470 529
470 362
486 495
486 267
871 634
871 512
924 563
362 846
912 730
912 64
979 425
184 267
277 764
595 305
595 885
242 923
242 711
819 536
775 740
650 280
650 677
650 34
385 578
385 180
413 363
413 790
265 696
265 697
363 187
478 469
828 864
828 154
828 518
253 257
253 391
253 800
846 704
179 91
882 58
395 246
340 947
780 935
538 295
538 987
538 808
677 280
936 71
956 739
956 634
608 903
893 387
893 354
893 26
702 518
702 93
702 605
702 161
702 100
702 442
885 868
323 688
323 999
785 138
785 352
691 318
93 100
93 605
93 561
511 84
511 886
651 802
651 604
568 773
568 318
71 261
172 76
172 452
172 40
216 188
452 76
452 840
640 688
124 591
124 620
261 605
261 495
261 808
447 786
447 808
40 295
40 76
260 903
260 19
91 802
91 655
91 450
91 578
76 987
243 372
808 127
236 753
0 50
166 824
166 944
947 696
257 800
880 162
952 602
952 379
821 454
821 494
999 886
999 905
154 864
154 855
100 546
100 605
34 653
34 389
252 909
591 620
563 498
563 294
563 817
561 692
855 864
855 730
240 905
550 25
692 3
391 800
381 275
494 454
46 127
46 18
46 531
625 18
620 946
507 654
387 354
387 26
231 790
518 53
180 53
354 26
181 167
181 709
943 196
943 256
943 734
425 163
655 578
602 291
903 440
546 769
546 985
546 868
607 833
851 688
454 773
696 697
127 294
352 138
987 295
245 320
245 935
440 709
946 213
374 214
886 756
256 734
654 923
213 872
554 679
554 614
727 571
214 290
239 872
239 303
711 471
711 585
20 592
61 19
61 564
168 198
614 679
642 920
220 303
920 51
194 674
756 734
140 498
405 324
498 206
334 60
531 3
790 909
150 564
986 72
379 153
773 658
512 634
320 935
471 585
