82 619
82 625
82 96
82 914
82 408
82 928
82 387
82 366
82 275
82 539
676 273
676 682
676 702
676 51
676 767
676 900
676 263
676 518
676 883
676 197
812 803
812 209
812 867
812 900
812 909
812 813
812 414
812 91
812 447
812 385
966 706
966 195
966 514
966 477
966 899
966 615
966 801
966 232
966 581
966 141
927 155
927 284
927 2
927 679
927 540
927 544
927 462
927 465
927 521
927 352
953 99
953 276
953 727
953 256
953 497
953 510
953 842
953 811
953 998
953 337
782 490
782 14
782 412
782 877
782 156
782 764
782 602
782 450
782 321
782 457
511 950
511 455
511 527
511 242
511 553
511 606
511 737
511 103
511 862
511 226
974 665
974 439
974 1
974 56
974 650
974 190
974 787
974 777
974 368
974 850
244 46
244 13
244 706
244 44
244 286
244 636
244 918
244 678
244 154
244 114
630 39
630 866
630 310
630 12
630 249
630 90
630 728
630 748
630 685
630 197
206 729
206 449
206 388
206 98
206 851
206 834
206 577
206 297
206 912
206 767
338 4
338 436
338 75
338 213
338 580
338 379
338 599
338 515
338 568
338 791
459 304
459 495
459 587
459 591
459 593
459 487
459 718
459 532
459 789
459 317
555 51
555 951
555 759
555 149
555 490
555 880
555 883
555 520
555 199
555 93
119 497
119 381
119 831
119 754
119 641
119 733
119 757
119 710
119 609
119 261
864 654
864 320
864 112
864 341
864 478
864 745
864 874
864 316
864 475
864 464
535 528
535 526
535 686
535 427
535 33
535 947
535 886
535 303
535 853
535 548
550 163
550 377
550 775
550 731
550 269
550 700
550 569
550 30
550 138
550 781
130 15
130 218
130 866
130 799
130 583
130 386
130 808
130 110
130 760
130 179
501 460
501 452
501 881
501 307
501 791
501 249
501 929
501 687
501 740
501 345
302 688
302 698
302 268
302 397
302 136
302 167
302 664
302 628
302 351
302 464
985 533
985 313
985 430
985 398
985 673
985 242
985 221
985 530
985 603
985 657
9 202
9 986
9 429
9 517
9 576
9 451
9 762
9 256
9 721
9 434
211 203
211 356
211 887
211 965
211 913
211 355
211 830
211 614
211 194
211 671
426 796
426 142
426 17
426 579
426 351
426 415
426 216
426 392
426 473
426 220
499 408
499 472
499 764
499 509
499 602
499 156
499 689
499 14
499 802
499 61
563 699
563 396
563 425
563 838
563 18
563 134
563 835
563 841
563 531
563 395
733 180
733 757
733 71
733 934
733 754
733 565
733 497
733 261
733 152
174 266
174 260
174 615
174 117
174 682
174 413
174 154
174 648
174 650
174 52
692 929
692 721
692 863
692 899
692 861
692 852
692 323
692 479
692 807
692 265
507 860
507 288
507 741
507 465
507 444
507 780
507 956
507 383
507 707
507 811
572 188
572 678
572 29
572 922
572 481
572 724
572 89
572 28
572 977
572 121
738 483
738 152
738 503
738 71
738 754
738 559
738 969
738 868
738 240
738 857
60 342
60 978
60 225
60 679
60 381
60 710
60 217
60 63
60 93
60 831
526 638
526 303
526 304
526 251
526 853
526 548
526 838
526 726
526 454
390 790
390 999
390 198
390 339
390 309
390 720
390 890
390 372
390 210
390 948
926 230
926 557
926 900
926 441
926 991
926 735
926 150
926 255
926 124
926 891
101 651
101 199
101 725
101 595
101 645
101 882
101 98
101 641
101 916
101 951
823 815
823 530
823 393
823 533
823 657
823 402
823 19
823 36
823 813
823 430
233 809
233 726
233 617
233 229
233 822
233 888
233 407
233 270
233 357
233 772
454 502
454 553
454 627
454 509
454 693
454 968
454 859
454 158
454 742
343 407
343 822
343 517
343 99
343 229
343 772
343 888
343 919
343 64
343 701
851 767
851 98
851 297
851 577
851 59
851 729
851 912
851 500
851 449
73 934
73 320
73 821
73 456
73 757
73 497
73 627
73 466
73 565
73 180
990 968
990 981
990 254
990 189
990 532
990 742
990 509
990 558
990 490
990 701
169 887
169 348
169 788
169 560
169 341
169 722
169 923
169 22
169 370
169 798
469 806
469 279
469 744
469 190
469 740
469 489
469 703
469 783
469 83
469 619
34 549
34 636
34 6
34 538
34 869
34 950
34 228
34 200
34 849
34 428
281 429
281 131
281 920
281 734
281 942
281 652
281 219
281 667
281 474
281 756
163 661
163 731
163 85
163 781
163 700
163 680
163 377
163 147
163 972
920 667
920 221
920 942
920 129
920 219
920 794
920 432
920 734
920 479
326 410
326 964
326 66
326 832
326 380
326 216
326 531
326 395
326 307
326 251
389 67
389 362
389 384
389 619
389 43
389 846
389 411
389 627
389 295
389 516
157 610
157 214
157 95
157 975
157 360
157 910
157 215
157 846
157 55
157 995
580 181
580 75
580 664
580 379
580 638
580 117
580 436
580 599
580 213
875 639
875 518
875 368
875 735
875 67
875 301
875 704
875 144
875 747
875 253
561 65
561 498
561 986
561 149
561 197
561 987
561 633
561 715
561 933
561 952
929 863
929 263
929 265
929 479
929 721
929 323
929 94
929 861
711 675
711 96
711 765
711 336
711 294
711 694
711 383
711 349
711 311
711 773
873 856
873 538
873 212
873 869
873 613
873 829
873 470
873 328
873 793
873 871
998 276
998 842
998 727
998 286
998 884
998 278
998 256
998 962
998 510
628 658
628 767
628 136
628 59
628 804
628 688
628 748
628 167
628 296
237 797
237 2
237 991
237 622
237 104
237 37
237 92
237 100
237 227
237 340
850 56
850 186
850 656
850 536
850 787
850 753
850 713
850 751
850 439
924 876
924 743
924 333
924 425
924 432
924 277
924 955
924 381
924 592
924 897
143 185
143 775
143 360
143 350
143 362
143 354
143 584
143 537
143 802
143 665
308 29
308 606
308 128
308 708
308 78
308 804
308 950
308 527
308 366
308 226
8 105
8 378
8 276
8 686
8 570
8 506
8 768
8 832
8 681
8 603
349 131
349 386
349 902
349 219
349 734
349 756
349 644
349 366
349 667
514 477
514 581
514 315
514 141
514 750
514 730
514 899
514 623
514 801
746 548
746 330
746 139
746 943
746 819
746 300
746 38
746 712
746 872
746 958
178 559
178 330
178 38
178 943
178 716
178 649
178 887
178 712
178 27
178 807
760 15
760 110
760 218
760 799
760 776
760 179
760 808
760 386
760 222
269 109
269 604
269 120
269 488
269 859
269 739
269 30
269 775
269 191
649 716
649 330
649 374
649 807
649 712
649 118
649 943
649 559
649 38
438 77
438 600
438 35
438 305
438 18
438 973
438 995
438 285
438 757
438 877
872 618
872 571
872 76
872 196
872 784
872 205
872 989
872 453
872 209
312 886
312 553
312 360
312 922
312 268
312 656
312 186
312 701
312 518
312 403
467 693
467 634
467 666
467 173
467 296
467 437
467 697
467 595
467 132
467 890
336 293
336 265
336 29
336 358
336 736
336 487
336 674
336 879
336 941
824 129
824 901
824 983
824 632
824 104
824 404
824 266
824 854
824 792
824 259
597 319
597 242
597 752
597 532
597 828
597 525
597 589
597 898
597 939
597 640
865 272
865 643
865 344
865 902
865 504
865 965
865 369
865 353
865 324
865 45
363 719
363 122
363 184
363 886
363 525
363 49
363 585
363 532
363 820
363 588
698 820
698 304
698 167
698 688
698 491
698 201
698 67
698 165
698 59
671 736
671 203
671 404
671 129
671 194
671 254
671 355
671 913
671 200
814 445
814 267
814 362
814 10
814 936
814 884
814 717
814 321
814 537
814 941
36 530
36 393
36 402
36 146
36 815
36 19
36 935
36 266
36 533
303 726
303 304
303 80
303 838
303 853
303 881
303 548
303 658
151 234
151 821
151 433
151 306
151 69
151 786
151 935
151 958
151 204
151 374
778 404
778 57
778 16
778 629
778 546
778 954
778 933
778 146
778 586
778 182
16 629
16 866
16 431
16 4
16 682
16 954
16 145
16 586
16 182
590 612
590 596
590 126
590 248
590 315
590 817
590 180
590 582
590 90
590 611
375 536
375 777
375 541
375 1
375 127
375 439
375 787
375 56
375 411
375 5
937 439
937 843
937 255
937 224
937 150
937 124
937 441
937 279
937 214
937 891
461 170
461 621
461 655
461 761
461 994
461 668
461 458
461 161
461 332
461 607
409 906
409 342
409 771
409 915
409 435
409 418
409 751
409 743
409 598
409 325
521 800
521 155
521 544
521 834
521 465
521 540
521 364
521 352
521 146
328 315
328 869
328 793
328 455
328 829
328 871
328 931
328 582
328 470
596 612
596 90
596 611
596 298
596 126
596 817
596 582
596 248
596 113
419 219
419 667
419 756
419 883
419 298
419 942
419 255
419 474
419 675
419 734
714 631
714 552
714 816
714 373
714 797
714 282
714 192
714 635
714 68
714 896
59 756
59 136
59 748
59 167
59 688
59 31
59 491
408 156
408 764
408 61
408 602
408 804
408 14
408 472
408 142
185 362
185 803
185 537
185 354
185 775
185 584
185 802
185 665
185 350
547 223
547 921
547 827
547 786
547 166
547 398
547 971
547 520
547 107
547 446
97 569
97 861
97 578
97 105
97 758
97 323
97 863
97 176
97 479
97 852
434 202
434 517
434 567
434 986
434 291
434 190
434 429
434 171
434 762
680 267
680 731
680 147
680 377
680 781
680 661
680 85
680 485
680 700
755 571
755 371
755 448
755 44
755 963
755 487
755 524
755 491
755 331
755 137
311 435
311 418
311 946
311 40
311 915
311 882
311 103
311 771
311 633
11 724
11 977
11 298
11 764
11 844
11 779
11 1
11 41
11 172
11 556
290 21
290 367
290 664
290 235
290 861
290 967
290 976
290 460
290 588
290 732
425 699
425 835
425 80
425 396
425 922
425 18
425 964
425 134
367 21
367 976
367 732
367 26
367 460
367 566
367 790
367 967
367 706
416 562
416 672
416 677
416 347
416 93
416 115
416 480
416 887
416 442
416 292
297 577
297 912
297 98
297 767
297 500
297 449
297 341
297 729
586 145
586 182
586 57
586 629
586 431
586 954
586 209
586 4
107 223
107 398
107 828
107 992
107 640
107 921
107 898
107 971
107 446
196 618
196 335
196 205
196 647
196 744
196 989
196 784
196 453
196 340
131 828
131 942
131 734
131 376
131 436
131 474
131 219
131 756
553 498
553 245
553 189
553 656
553 981
553 742
553 558
48 552
48 749
48 406
48 115
48 472
48 519
48 718
48 751
48 165
48 226
784 618
784 368
784 647
784 205
784 453
784 76
784 989
784 744
442 273
442 292
442 562
442 347
442 683
442 89
442 258
442 677
442 194
940 631
940 910
940 64
940 805
940 911
940 284
940 228
940 853
940 366
940 715
534 911
534 718
534 190
534 723
534 855
534 840
534 525
534 669
534 885
534 570
319 175
319 494
319 271
319 427
319 26
319 102
319 88
319 299
319 300
50 660
50 893
50 749
50 239
50 322
50 826
50 64
50 493
50 181
50 38
830 355
830 203
830 254
830 913
830 356
830 975
830 960
830 451
830 194
148 177
148 804
148 996
148 616
148 583
148 952
148 80
148 122
148 110
148 104
907 743
907 707
907 475
907 332
907 914
907 982
907 291
907 316
907 849
907 186
209 867
209 252
209 422
209 153
209 113
209 855
209 886
594 79
594 805
594 919
594 993
594 903
594 695
594 498
594 961
594 528
594 207
173 697
173 666
173 595
173 634
173 132
173 747
173 489
173 518
173 693
15 858
15 799
15 808
15 776
15 110
15 458
15 386
15 179
496 448
496 403
496 959
496 0
496 571
496 365
496 371
496 947
496 715
496 524
543 109
543 859
543 129
543 908
543 517
543 837
543 609
543 191
543 604
543 37
399 849
399 640
399 752
399 18
399 242
399 708
399 898
399 839
399 72
399 589
610 833
610 910
610 679
610 623
610 215
610 55
610 840
610 995
610 975
471 260
471 681
471 334
471 368
471 747
471 569
471 735
471 639
471 230
471 253
715 64
715 403
715 524
715 128
715 959
715 518
715 424
118 587
118 593
118 591
118 512
118 487
118 317
118 568
118 495
118 789
856 871
856 793
856 470
856 860
856 613
856 538
856 212
856 928
856 869
843 518
843 891
843 224
843 214
843 387
843 124
843 374
843 255
843 696
557 255
557 441
557 214
557 124
557 224
557 613
557 891
557 12
557 150
903 675
903 207
903 263
903 528
903 79
903 993
903 695
903 805
903 919
274 895
274 641
274 916
274 69
274 289
274 839
274 725
274 645
274 139
274 827
551 164
551 144
551 241
551 231
551 106
551 485
551 845
551 973
551 39
551 541
243 250
243 897
243 277
243 876
243 333
243 955
243 743
243 296
243 432
243 592
972 26
972 542
972 177
972 952
972 616
972 804
972 813
972 583
972 80
246 161
246 668
246 621
246 718
246 786
246 945
246 251
246 607
246 911
246 914
489 83
489 566
489 113
489 619
489 774
489 806
489 617
489 783
951 149
951 883
951 93
951 520
951 880
951 199
951 759
951 51
292 503
292 120
292 347
292 94
292 480
292 562
292 677
292 650
605 719
605 828
605 184
605 122
605 512
605 201
605 542
605 820
605 585
605 49
397 695
397 412
397 863
397 609
397 919
397 805
397 273
397 136
397 456
658 548
658 874
658 476
658 838
658 304
658 456
658 296
658 686
758 659
758 484
758 440
758 795
758 642
758 186
758 965
758 421
758 93
785 278
785 177
785 945
785 771
785 484
785 451
785 808
785 638
785 761
785 837
648 441
648 917
648 365
648 405
648 659
648 154
648 652
648 682
648 181
913 451
913 203
913 960
913 254
913 355
913 194
913 356
188 922
188 89
188 121
188 481
188 833
188 724
188 946
188 997
188 840
669 525
669 723
669 840
669 885
669 542
669 190
669 320
669 791
669 855
705 192
705 32
705 832
705 768
705 635
705 378
705 931
705 105
705 686
705 570
895 803
895 916
895 289
895 641
895 839
895 255
895 725
895 139
895 645
187 223
187 215
187 687
187 554
187 345
187 688
187 249
187 307
187 881
187 192
969 769
969 483
969 443
969 71
969 152
969 857
969 754
969 988
969 446
283 925
283 664
283 905
283 827
283 673
283 162
283 183
283 855
283 25
283 142
906 40
906 435
906 915
906 325
906 771
906 418
906 299
906 706
906 342
140 78
140 453
140 475
140 745
140 478
140 528
140 112
140 179
140 125
140 956
857 71
857 152
857 483
857 754
857 740
857 637
857 261
857 868
195 287
195 412
195 21
195 849
195 883
195 141
195 126
195 232
195 581
564 476
564 378
564 116
564 307
564 168
564 468
564 862
564 696
564 558
564 400
220 516
220 17
220 91
220 749
220 473
220 579
220 216
220 351
220 415
818 200
818 984
818 904
818 732
818 976
818 228
818 6
818 762
818 982
818 769
957 146
957 28
957 620
957 417
957 252
957 769
957 819
957 266
957 96
957 794
353 874
353 45
353 902
353 504
353 272
353 643
353 344
353 369
353 965
387 84
387 539
387 798
387 914
387 241
387 275
387 709
387 928
258 317
258 347
258 480
258 2
258 394
258 677
258 197
258 562
258 718
741 405
741 956
741 444
741 734
741 707
741 35
741 216
741 811
741 288
667 111
667 734
667 474
667 756
667 219
667 942
13 46
13 153
13 222
13 64
13 643
13 44
13 918
13 114
13 636
385 111
385 855
385 588
385 672
385 978
385 428
385 238
385 74
385 894
417 794
417 819
417 28
417 750
417 252
417 620
417 146
417 266
417 335
505 76
505 573
505 7
505 542
505 240
505 96
505 625
505 44
505 482
505 23
440 554
440 776
440 484
440 930
440 795
440 93
440 421
440 642
440 659
573 23
573 482
573 542
573 96
573 625
573 528
573 240
573 962
573 366
247 574
247 443
247 287
247 651
247 391
247 159
247 739
247 108
247 938
247 486
444 811
444 678
444 405
444 956
444 860
444 256
444 288
444 707
357 726
357 809
357 262
357 822
357 401
357 772
357 888
357 229
357 270
575 943
575 522
575 961
575 257
575 702
575 750
575 229
575 810
575 394
575 716
90 611
90 197
90 126
90 817
90 1
90 477
90 248
231 329
231 106
231 241
231 796
231 637
231 970
231 973
231 541
231 485
697 437
697 890
697 634
697 595
697 260
697 132
697 666
697 693
909 813
909 447
909 970
909 331
909 961
909 414
909 32
909 863
909 262
53 980
53 24
53 930
53 27
53 301
53 153
53 576
53 81
53 463
53 614
578 848
578 569
578 3
578 603
578 153
578 230
578 681
578 866
578 260
364 462
364 540
364 800
364 474
364 465
364 352
364 544
364 4
364 834
470 869
470 315
470 829
470 455
470 0
470 793
470 931
135 670
135 979
135 961
135 916
135 225
135 765
135 492
135 58
135 878
135 406
647 989
647 449
647 205
647 744
647 618
647 221
647 500
647 893
79 805
79 66
79 388
79 919
79 421
79 695
79 993
79 516
981 742
981 189
981 725
981 558
981 64
981 968
981 47
981 245
473 133
473 522
473 17
473 415
473 216
473 91
473 579
473 392
753 779
753 556
753 41
753 172
753 86
753 176
753 298
753 844
753 66
925 25
925 858
925 183
925 847
925 142
925 359
925 33
925 905
925 162
935 69
935 374
935 545
935 821
935 234
935 433
935 958
935 204
159 446
159 124
159 108
159 651
159 574
159 443
159 486
159 391
159 739
223 921
223 166
223 971
223 849
223 786
223 398
223 992
403 524
403 448
403 571
403 959
403 947
403 0
403 371
232 581
232 525
232 477
232 730
232 104
232 623
232 141
232 801
930 468
930 301
930 980
930 576
930 614
930 129
930 602
930 27
361 932
361 136
361 410
361 141
361 113
361 144
361 899
361 730
361 801
361 623
815 530
815 393
815 657
815 533
815 19
815 402
815 430
815 145
653 689
653 12
653 310
653 39
653 728
653 685
653 110
653 679
653 381
653 181
694 773
694 615
694 675
694 268
694 878
694 383
694 560
694 294
694 765
639 735
639 230
639 747
639 368
639 704
639 253
639 334
639 862
796 91
796 579
796 750
796 280
796 973
796 800
796 522
796 392
212 103
212 538
212 829
212 793
212 613
212 549
212 871
212 869
463 614
463 568
463 81
463 153
463 24
463 980
463 27
463 576
463 301
47 356
47 742
47 558
47 968
47 189
47 790
47 245
47 780
47 286
655 994
655 621
655 668
655 761
655 458
655 161
655 197
655 607
655 315
99 337
99 510
99 341
99 256
99 276
99 672
99 727
99 762
293 691
293 332
293 879
293 736
293 137
293 674
293 382
293 358
293 384
35 285
35 582
35 77
35 995
35 76
35 305
35 662
35 600
537 584
537 350
537 362
537 802
537 684
537 880
537 199
477 66
477 141
477 899
477 730
477 623
477 581
882 633
882 40
882 946
882 435
882 261
882 916
882 915
882 833
322 315
322 259
322 759
322 983
322 984
322 376
322 800
322 854
322 214
943 330
943 716
943 38
943 712
943 559
943 807
182 145
182 954
182 629
182 431
182 57
182 4
182 682
183 218
183 905
183 142
183 737
183 847
183 663
183 25
183 162
527 29
527 708
527 128
527 804
527 316
527 606
527 226
527 950
156 764
156 675
156 314
156 14
156 602
156 450
156 61
948 210
948 720
948 999
948 228
948 372
948 198
948 984
948 339
948 536
414 813
414 447
414 836
414 365
414 262
414 634
414 331
414 346
241 539
241 973
241 106
241 45
241 485
241 541
241 84
763 155
763 515
763 608
763 673
763 870
763 200
763 554
763 795
763 690
763 314
171 202
171 986
171 291
171 37
171 762
171 739
171 517
171 181
171 429
704 735
704 253
704 65
704 632
704 334
704 853
704 368
704 747
418 598
418 342
418 325
418 435
418 915
418 771
418 40
810 780
810 858
810 582
810 617
810 889
810 33
810 970
810 702
810 424
761 170
761 458
761 994
761 945
761 668
761 607
761 621
113 126
113 612
113 160
113 144
113 248
113 582
699 134
699 395
699 396
699 726
699 18
699 835
699 841
699 531
257 542
257 950
257 186
257 701
257 656
257 296
257 804
257 268
257 886
892 512
892 54
892 327
892 624
892 747
892 62
892 170
892 896
892 644
892 529
57 431
57 954
57 145
57 455
57 629
57 682
57 4
309 210
309 720
309 502
309 422
309 999
309 790
309 198
309 339
309 372
370 560
370 722
370 30
370 798
370 923
370 788
370 663
370 22
370 348
769 904
769 774
769 200
769 443
769 28
769 709
769 984
37 991
37 227
37 340
37 2
37 92
37 622
37 100
17 91
17 392
17 522
17 216
17 662
17 415
17 579
358 111
358 736
358 332
358 691
358 568
358 137
358 674
358 683
51 199
51 880
51 759
51 883
51 149
51 702
51 520
908 30
908 498
908 723
908 837
908 109
908 191
908 604
908 488
908 120
30 750
30 859
30 120
30 109
30 604
30 583
556 176
556 844
556 172
556 86
556 298
556 41
556 806
556 779
147 867
147 792
147 700
147 661
147 377
147 72
147 781
147 731
323 852
323 263
323 863
323 721
323 479
323 265
323 861
437 973
437 890
437 693
437 634
437 876
437 132
437 666
437 541
836 295
836 346
836 365
836 3
836 447
836 817
836 331
836 982
836 67
816 282
816 68
816 797
816 166
816 552
816 373
816 631
816 192
816 635
832 516
832 686
832 378
832 105
832 768
832 603
832 570
604 859
604 488
604 120
604 109
604 837
604 191
949 239
949 493
949 52
949 413
949 944
949 787
949 264
949 826
949 766
949 660
202 739
202 291
202 517
202 429
202 986
202 762
202 666
380 964
380 18
380 395
380 835
380 134
380 562
380 531
380 695
380 841
482 962
482 96
482 542
482 625
482 366
482 23
482 240
482 7
78 606
78 128
78 583
78 946
78 29
78 950
78 727
78 226
900 150
900 273
900 767
900 817
900 411
900 68
900 751
947 0
947 868
947 371
947 524
947 448
947 723
947 571
523 208
523 803
523 70
523 626
523 306
523 42
523 988
523 513
523 689
523 76
960 254
960 451
960 203
960 502
960 355
960 386
960 194
960 356
430 533
430 393
430 709
430 19
430 657
430 530
430 853
420 154
420 422
420 476
420 87
420 696
420 158
420 116
420 468
420 400
420 862
724 683
724 997
724 89
724 481
724 121
724 977
724 249
265 721
265 479
265 863
265 847
265 852
265 861
74 894
74 546
74 672
74 933
74 428
74 588
74 238
74 181
74 111
87 468
87 853
87 645
87 158
87 432
87 912
87 400
87 696
87 862
423 939
423 717
423 508
423 94
423 10
423 941
423 193
423 936
423 222
423 445
729 98
729 449
729 912
729 508
729 582
729 500
729 577
23 542
23 96
23 7
23 240
23 625
23 366
23 86
795 673
795 642
795 484
795 659
795 608
795 421
795 554
592 432
592 743
592 876
592 955
592 598
592 897
592 333
592 518
952 177
952 313
952 684
952 996
952 382
952 616
952 583
848 718
848 681
848 866
848 569
848 928
848 93
848 234
848 612
848 603
878 765
878 294
878 123
878 615
878 773
878 66
878 383
878 503
325 771
325 435
325 915
325 49
325 342
325 40
325 598
608 673
608 762
608 315
608 421
608 642
608 494
608 314
608 554
495 512
495 591
495 789
495 780
495 421
495 593
495 317
495 587
654 316
654 84
654 478
654 112
654 874
654 475
654 125
654 464
654 745
783 617
783 566
783 267
783 703
783 723
783 83
783 774
783 806
24 576
24 568
24 153
24 691
24 391
24 614
24 980
24 81
616 80
616 360
616 583
616 684
616 177
616 996
616 382
566 703
566 83
566 267
566 806
566 774
566 617
566 894
670 791
670 802
670 160
670 68
670 224
670 627
670 412
670 58
670 867
208 626
208 70
208 138
208 513
208 306
208 689
208 988
208 76
208 42
962 201
962 804
962 928
962 625
962 7
962 849
962 96
529 624
529 593
529 567
529 62
529 739
529 318
529 644
529 327
529 896
788 251
788 348
788 22
788 388
788 798
788 923
788 560
788 722
730 581
730 141
730 899
730 801
730 623
730 666
558 509
558 245
558 968
558 189
558 742
354 350
354 665
354 214
354 837
354 362
354 584
354 775
354 84
383 123
383 675
383 615
383 773
383 294
383 765
162 847
162 663
162 142
162 251
162 25
162 905
162 636
6 984
6 904
6 154
6 200
6 516
6 3
6 866
6 228
668 718
668 458
668 607
668 161
668 994
668 170
797 68
797 164
797 631
797 320
797 552
797 282
797 192
845 541
845 221
845 80
845 106
845 455
845 548
845 485
845 347
845 250
468 158
468 476
468 931
468 862
468 400
468 116
606 226
606 128
606 646
606 29
606 708
606 950
626 728
626 644
626 42
626 963
626 513
626 988
626 306
626 457
963 491
963 946
963 852
963 644
963 263
963 351
963 239
963 31
478 316
478 112
478 498
478 475
478 745
478 125
478 874
799 218
799 110
799 794
799 179
799 808
799 386
799 776
827 839
827 289
827 524
827 645
827 673
827 139
827 662
268 186
268 701
268 656
268 284
268 665
268 886
989 618
989 205
989 453
989 773
989 744
989 674
587 789
587 591
587 532
587 593
587 487
587 317
587 121
971 992
971 921
971 786
971 849
971 398
971 446
971 166
807 921
807 559
807 330
807 716
807 38
807 497
447 876
447 365
447 813
447 262
447 331
447 346
270 407
270 888
270 772
270 822
270 809
270 579
270 229
270 401
491 748
491 31
491 167
491 688
491 351
491 136
289 839
289 641
289 916
289 725
289 139
289 645
289 847
684 177
684 584
684 996
684 221
684 893
684 313
684 125
238 672
238 588
238 502
238 111
238 127
238 894
238 428
238 221
450 602
450 457
450 321
450 14
450 764
450 144
450 412
450 877
81 576
81 980
81 568
81 614
81 153
81 301
81 27
466 261
466 275
466 320
466 539
466 709
466 942
466 371
466 928
466 885
802 917
802 362
802 350
802 665
802 279
56 439
56 127
56 1
56 536
56 777
56 787
56 5
638 117
638 664
638 567
638 599
638 379
638 75
638 436
168 116
168 158
168 696
168 866
168 476
168 400
168 204
168 294
168 433
879 386
879 332
879 736
879 31
879 565
879 674
879 137
879 691
624 318
624 324
624 327
624 567
624 54
624 62
624 896
624 644
525 855
525 885
525 190
525 612
525 723
52 62
52 631
52 660
52 264
52 413
52 766
52 650
52 154
933 600
933 77
933 546
933 305
933 285
933 472
933 987
732 706
732 176
732 21
732 218
732 650
732 976
732 460
646 793
646 199
646 880
646 181
646 894
646 279
646 149
646 759
646 520
310 685
310 516
310 858
310 39
310 728
310 689
310 12
310 833
410 134
410 739
410 531
410 395
410 623
410 938
410 964
410 396
493 239
493 826
493 660
493 264
493 766
493 820
493 944
493 5
776 179
776 619
776 351
776 808
776 218
776 110
224 214
224 255
224 441
224 279
224 701
224 891
464 320
464 316
464 874
464 125
464 745
464 112
464 506
28 620
28 794
28 252
28 904
28 737
28 335
589 532
589 242
589 939
589 640
589 828
589 898
589 752
589 72
413 650
413 826
413 264
413 239
413 660
413 154
413 766
313 176
313 643
313 599
313 260
313 69
313 369
313 122
987 546
987 498
987 600
987 285
987 115
987 519
987 77
987 305
127 777
127 1
127 713
127 439
127 536
127 5
127 545
531 395
531 964
531 835
531 18
531 841
49 820
49 201
49 122
49 4
49 719
49 184
49 585
877 757
877 457
877 14
877 412
877 321
877 376
877 488
95 55
95 634
95 215
95 975
95 995
95 910
95 931
95 846
95 360
993 919
993 584
993 695
993 528
993 945
993 263
993 805
175 280
175 26
175 271
175 88
175 102
175 427
175 300
175 494
175 299
567 978
567 475
567 644
567 54
567 327
567 896
988 42
988 138
988 70
988 513
988 538
988 306
165 115
165 490
165 472
165 373
165 376
165 341
165 519
165 749
944 826
944 766
944 904
944 574
944 239
944 264
944 637
944 660
662 7
662 710
662 77
662 285
662 902
662 305
662 739
996 583
996 382
996 922
996 177
996 911
996 494
687 452
687 740
687 249
687 881
687 689
687 307
687 554
687 345
164 825
164 609
164 490
164 515
164 870
164 314
164 329
164 690
719 703
719 201
719 184
719 834
719 585
719 122
719 820
713 439
713 1
713 25
713 777
713 536
713 234
713 787
713 3
651 391
651 486
651 108
651 42
651 490
651 574
651 102
132 890
132 634
132 518
132 595
132 666
132 693
888 822
888 772
888 407
888 726
888 229
888 401
184 273
184 122
184 820
184 54
184 201
184 585
46 636
46 918
46 656
46 114
46 44
46 64
46 859
46 678
67 914
67 627
67 982
67 365
67 43
67 295
428 588
428 111
428 672
428 946
428 894
428 774
886 186
886 656
886 701
886 804
137 674
137 691
137 331
137 384
137 736
137 332
770 867
770 225
770 911
770 248
770 100
770 77
770 346
770 622
770 92
770 227
771 435
771 342
771 915
771 598
994 458
994 791
994 621
994 161
994 607
994 945
945 621
945 890
945 528
945 607
945 161
55 910
55 360
55 457
55 995
55 846
55 975
55 215
681 260
681 569
681 866
681 603
681 230
681 867
250 876
250 333
250 955
250 284
250 277
250 967
250 897
250 743
893 181
893 901
893 982
893 690
893 43
893 153
893 295
894 672
894 111
894 181
894 588
346 365
346 262
346 982
346 295
346 331
346 768
106 867
106 973
106 318
106 485
106 637
106 541
619 617
619 703
619 83
619 806
619 267
198 372
198 720
198 210
198 339
198 502
198 536
198 422
235 405
235 706
235 460
235 967
235 85
235 860
235 976
235 7
235 144
625 68
625 96
625 7
625 240
123 821
123 615
123 881
123 503
123 765
123 773
123 271
123 294
155 352
155 462
155 834
155 465
155 544
155 540
155 800
207 805
207 32
207 961
207 240
207 335
207 695
207 919
207 868
792 983
792 104
792 854
792 901
792 259
792 404
792 961
792 236
513 70
513 138
513 217
513 42
513 306
513 104
835 395
835 396
835 841
835 134
835 964
344 965
344 369
344 902
344 504
344 643
344 45
344 272
344 324
295 43
295 365
295 912
295 657
295 982
612 248
612 611
612 817
612 126
612 582
728 689
728 104
728 39
728 12
728 833
728 685
593 19
593 591
593 317
593 487
593 789
720 790
720 372
720 999
720 339
720 422
720 210
378 686
378 775
378 105
378 570
378 192
378 768
502 405
502 683
502 779
502 288
502 762
262 508
262 138
262 331
262 422
262 25
160 72
160 68
160 217
160 144
160 126
160 221
160 853
160 905
279 432
279 441
279 214
279 991
279 350
854 404
854 939
854 983
854 236
854 901
854 632
854 259
690 870
690 515
690 329
690 825
690 314
690 474
690 388
898 640
898 828
898 72
898 939
898 752
898 242
116 862
116 476
116 158
116 917
116 696
116 400
394 562
394 347
394 480
394 585
394 833
394 453
394 744
394 205
280 432
280 494
280 102
280 80
280 88
280 300
280 299
280 125
324 643
324 663
324 965
324 869
324 369
324 504
324 272
508 445
508 193
508 12
508 936
508 884
508 10
508 717
112 320
112 316
112 125
112 745
112 475
334 230
334 345
334 253
334 632
334 735
334 747
334 141
983 901
983 259
983 961
983 404
983 236
983 970
61 602
61 549
61 84
61 472
61 764
61 14
61 984
579 392
579 415
579 373
579 91
631 282
631 635
631 552
631 192
631 373
204 433
204 374
204 234
204 821
204 545
204 958
204 284
749 376
749 451
749 519
749 516
749 115
749 472
880 149
880 199
880 759
880 520
880 883
190 885
190 462
190 855
190 723
706 967
706 817
706 976
706 21
522 506
522 91
522 716
522 750
522 392
522 415
627 737
627 44
627 859
627 158
627 150
379 436
379 213
379 664
379 599
379 75
379 914
379 117
305 341
305 77
305 285
305 546
305 600
400 862
400 696
400 158
400 476
476 696
476 862
476 158
117 75
117 213
117 664
117 599
117 436
117 708
217 978
217 710
217 154
217 831
217 791
217 679
217 63
287 890
287 443
287 341
287 574
287 108
287 486
287 391
287 938
938 870
938 486
938 574
938 108
938 790
938 739
938 443
301 153
301 27
301 980
301 576
301 614
617 774
617 267
617 83
617 703
635 552
635 192
635 723
635 828
635 282
635 68
991 92
991 2
991 340
991 227
991 855
991 622
138 306
138 42
138 70
138 751
138 76
637 541
637 973
637 970
637 506
637 485
637 133
88 337
88 271
88 102
88 494
88 299
88 26
88 300
685 197
685 689
685 39
685 12
685 32
685 833
806 267
806 703
806 774
806 83
382 115
382 759
382 177
382 359
382 583
382 601
997 819
997 89
997 840
997 121
997 922
997 506
997 977
997 481
299 26
299 102
299 721
299 427
299 300
999 210
999 790
999 512
999 481
999 372
999 339
85 781
85 377
85 661
85 700
85 917
85 405
85 731
252 946
252 285
252 620
252 335
252 794
252 146
236 284
236 599
236 296
236 404
236 901
236 259
236 21
650 791
650 480
650 503
650 154
180 565
180 456
180 757
180 497
180 152
180 934
180 837
273 767
273 585
273 199
273 170
273 40
717 884
717 193
717 941
717 936
717 10
717 445
717 222
809 709
809 407
809 822
809 772
809 640
809 401
809 480
474 756
474 942
474 219
474 734
707 860
707 288
707 911
707 956
707 811
707 373
779 41
779 86
779 298
779 197
779 844
779 172
462 885
462 465
462 834
462 225
462 544
462 352
45 32
45 902
45 369
45 504
45 272
45 965
422 339
422 633
422 372
422 210
992 921
992 490
992 398
992 786
992 166
992 446
992 849
32 411
32 105
32 374
32 813
32 961
897 277
897 955
897 432
897 333
897 536
897 876
333 876
333 743
333 955
333 277
333 432
825 515
825 150
825 388
825 314
825 609
825 837
825 870
825 329
103 549
103 538
103 871
103 652
103 613
103 887
103 967
548 853
548 304
548 176
548 838
887 722
887 348
887 368
887 923
887 500
100 868
100 2
100 842
100 227
100 884
100 622
100 92
479 861
479 721
479 863
479 852
652 75
652 455
652 565
652 934
652 321
652 917
652 618
485 973
485 369
485 541
841 396
841 18
841 134
841 395
841 964
484 93
484 554
484 756
484 421
484 659
484 642
941 421
941 936
941 10
941 884
941 222
941 445
712 559
712 330
712 27
712 38
712 819
712 716
205 391
205 744
205 453
205 618
402 931
402 657
402 393
402 673
402 19
402 530
402 533
672 111
672 221
672 588
234 433
234 69
234 821
234 545
234 958
307 193
307 740
307 345
307 452
307 881
492 58
492 20
492 601
492 133
492 932
492 979
492 406
492 562
492 359
831 656
831 63
831 679
831 978
831 122
831 980
831 710
510 337
510 842
510 276
510 256
510 170
510 727
510 278
885 723
885 320
885 275
885 63
228 984
228 904
228 917
228 200
228 377
407 401
407 726
407 822
407 772
407 838
965 504
965 643
965 369
10 222
10 193
10 445
10 936
10 884
683 934
683 89
683 568
683 977
683 111
683 455
559 716
559 629
559 330
559 38
611 126
611 441
611 817
611 248
611 633
611 582
31 846
31 457
31 129
31 736
31 828
31 167
742 245
742 968
742 509
742 189
62 327
62 318
62 896
62 54
62 829
62 166
92 500
92 2
92 340
92 227
92 622
94 958
94 193
94 678
94 673
94 431
94 754
94 263
798 251
798 923
798 22
798 663
798 560
798 348
696 862
696 158
276 337
276 842
276 727
276 256
276 278
546 285
546 77
546 80
546 66
546 225
549 5
549 266
549 613
549 538
549 136
549 871
560 251
560 722
560 22
560 663
560 348
3 512
3 516
3 200
3 866
3 603
3 595
801 331
801 899
801 581
801 141
801 623
189 316
189 170
189 245
189 509
955 201
955 876
955 518
955 743
431 264
431 954
431 682
431 629
431 145
460 976
460 452
460 967
460 7
460 21
86 7
86 298
86 213
86 172
86 844
86 41
691 384
691 332
691 674
691 736
691 89
72 242
72 752
72 939
72 828
72 640
748 429
748 12
748 167
748 688
748 577
748 261
124 255
124 441
124 214
124 150
124 891
108 391
108 574
108 839
108 443
108 486
43 982
43 245
43 819
43 911
43 956
43 722
176 41
176 172
176 844
176 595
337 256
337 727
337 170
337 842
337 278
177 583
177 80
20 979
20 63
20 932
20 406
20 601
20 359
20 58
20 133
20 545
229 772
229 401
229 822
229 726
109 488
109 837
109 859
109 120
109 191
917 365
917 581
917 661
917 700
979 133
979 359
979 58
979 406
979 225
979 601
979 901
350 775
350 584
350 665
350 362
750 120
750 661
750 65
750 503
239 826
239 766
239 264
239 660
519 868
519 115
519 226
519 774
519 498
519 472
936 884
936 193
936 445
936 222
632 731
632 404
632 253
632 498
632 259
632 901
393 533
393 222
393 530
393 657
393 19
689 833
689 39
351 167
351 136
351 512
351 26
874 745
874 125
874 516
874 475
213 664
213 436
213 599
213 75
213 321
142 905
142 847
142 25
142 737
765 615
765 675
765 773
765 294
844 172
844 904
844 298
844 41
975 759
975 846
975 995
975 910
975 215
644 896
644 54
644 327
448 0
448 959
448 790
448 524
448 371
448 571
480 562
480 256
480 677
480 347
659 642
659 932
659 554
659 568
659 509
700 731
700 661
700 781
700 377
84 64
84 805
84 539
84 602
84 722
194 254
194 356
194 203
194 451
600 77
600 472
600 285
600 115
600 225
942 756
942 734
942 219
829 613
829 455
829 871
829 793
829 869
601 406
601 359
601 58
601 932
601 360
601 373
286 33
286 424
286 278
286 842
286 568
286 889
286 780
539 275
539 928
539 453
539 709
539 914
747 368
747 735
747 253
934 757
934 565
934 456
934 497
934 386
54 58
54 327
54 896
54 170
114 636
114 918
114 678
114 968
114 618
114 931
114 341
203 356
203 254
203 355
203 451
66 613
66 388
66 329
66 883
657 530
657 533
657 330
145 4
145 682
145 629
145 954
721 852
721 861
721 863
225 197
225 905
225 891
421 554
421 642
63 342
63 978
63 679
63 710
63 381
359 133
359 406
359 932
359 58
125 745
125 405
789 384
789 317
789 306
789 512
789 591
5 787
5 677
5 318
5 439
5 777
44 950
44 918
44 571
44 509
388 870
388 70
388 329
388 677
264 826
264 660
264 766
260 483
260 152
260 569
260 230
740 249
740 452
740 791
740 345
740 881
29 128
29 950
29 708
29 226
552 192
552 282
552 68
552 373
339 412
339 372
339 210
291 762
291 986
291 259
291 517
291 867
291 429
794 620
794 146
794 218
794 69
976 967
976 218
976 21
743 277
743 598
391 486
391 574
391 682
253 368
253 498
253 735
509 968
509 412
910 360
910 846
910 215
910 995
859 191
859 272
40 374
40 633
40 946
40 65
674 736
674 332
674 384
126 144
126 248
545 254
545 374
545 433
545 958
545 821
923 251
923 22
923 722
923 348
923 503
980 576
980 614
980 27
445 222
445 884
445 193
921 166
921 446
921 398
921 786
808 179
808 386
808 110
808 970
26 271
26 494
26 102
708 424
708 226
708 128
708 506
870 314
870 329
870 609
870 515
261 71
261 754
261 152
261 340
916 725
916 21
916 641
916 946
317 532
317 591
317 487
121 922
121 89
121 977
121 840
121 481
439 1
439 777
620 819
620 146
620 266
620 335
620 737
642 488
642 93
642 554
757 497
757 565
757 456
569 866
569 230
569 852
544 540
544 465
544 834
544 800
544 352
768 603
768 570
768 686
768 105
768 813
356 254
356 451
356 355
381 679
381 767
381 710
381 341
381 978
481 922
481 977
481 819
481 89
133 932
133 970
133 58
133 406
386 110
451 427
811 956
811 424
811 288
811 405
811 860
384 332
384 503
384 736
384 19
709 320
709 275
709 272
709 928
201 457
201 820
201 122
538 871
538 613
538 793
781 443
781 731
781 377
781 661
497 456
497 565
376 490
376 961
376 315
376 813
376 14
532 591
532 304
532 487
614 27
614 576
702 424
702 858
702 193
702 780
702 33
702 889
766 820
766 660
766 826
271 427
271 102
271 278
271 300
271 503
846 360
846 995
846 215
793 871
793 869
0 411
0 959
0 371
0 571
0 524
263 852
263 678
263 584
150 255
150 891
150 441
457 321
457 412
457 959
623 899
623 221
842 278
842 256
842 727
598 342
598 321
598 435
598 915
348 663
348 722
348 22
251 663
251 22
905 25
905 737
905 847
65 889
65 633
65 192
65 678
65 800
65 129
634 595
634 693
634 666
978 710
978 483
978 679
172 278
172 41
172 298
834 540
834 800
834 465
852 861
663 22
663 25
970 889
970 984
970 961
401 726
401 822
401 230
401 772
860 956
860 405
860 288
860 373
139 641
139 839
139 645
139 725
139 673
411 245
411 645
411 210
411 222
411 787
912 767
912 449
912 98
912 104
745 475
745 316
396 964
396 446
396 18
396 134
904 200
904 984
904 321
645 641
645 839
504 902
504 272
504 643
504 369
858 889
858 490
858 33
858 833
858 780
643 272
643 369
452 791
452 881
452 345
452 249
452 341
254 355
498 115
701 64
701 656
701 186
282 68
282 373
282 828
282 284
306 42
306 76
722 22
456 500
456 216
456 565
774 83
774 703
599 75
599 436
219 734
219 756
33 424
33 427
33 889
33 780
240 868
240 542
240 366
427 102
427 764
427 300
315 838
315 931
833 39
890 296
890 693
890 595
633 946
633 149
633 847
210 372
506 91
506 986
506 840
506 128
665 775
665 584
665 362
710 679
710 922
777 536
777 787
777 1
677 347
677 562
677 503
918 304
918 449
918 636
918 678
918 977
329 314
329 515
329 609
372 790
42 70
42 751
973 541
191 120
191 186
191 837
191 488
517 120
517 986
517 429
958 821
958 433
958 318
392 899
392 275
392 91
392 415
570 603
570 179
570 105
570 686
102 300
571 371
571 840
968 585
968 245
629 4
629 954
216 533
216 415
216 565
744 76
744 453
744 618
977 89
977 149
12 39
12 197
727 803
727 278
803 737
803 335
803 902
803 867
803 249
199 883
199 520
465 540
465 352
515 314
515 458
515 609
76 70
181 718
861 863
227 786
227 2
227 340
227 622
574 443
574 486
528 695
528 919
528 577
967 615
967 21
318 284
318 622
318 896
318 327
330 716
330 38
754 483
754 152
754 71
424 889
424 780
424 226
1 536
249 881
249 345
530 19
530 533
585 820
585 122
161 458
161 621
161 345
161 607
331 129
443 486
822 772
395 134
395 964
483 71
483 868
483 621
483 152
876 277
902 272
902 166
64 248
488 688
488 19
488 931
682 954
725 327
725 641
725 839
540 352
540 826
540 800
98 577
98 500
98 284
98 449
800 352
285 77
266 335
266 146
266 819
735 230
735 368
956 911
956 288
134 18
615 773
615 294
805 695
805 919
726 838
335 737
335 490
406 58
406 932
868 296
868 69
104 2
104 767
14 602
14 764
110 179
475 316
883 520
304 838
304 296
83 703
83 267
881 345
296 128
660 826
355 609
355 277
71 500
71 152
71 340
267 340
267 703
995 215
115 472
661 377
661 731
959 790
959 524
959 128
959 371
688 167
688 136
723 855
931 455
200 984
193 884
621 607
621 458
500 449
314 609
618 453
93 41
105 813
105 686
91 415
731 377
664 436
664 75
248 817
277 432
277 129
695 919
737 847
595 693
433 374
433 69
433 821
458 607
242 939
242 640
242 752
352 170
494 867
494 300
494 415
817 582
215 360
939 636
939 752
939 640
762 429
821 69
576 27
374 518
179 218
914 911
914 928
914 275
602 764
327 896
245 39
673 129
487 512
487 591
804 950
693 666
840 718
840 922
773 294
773 675
954 4
641 839
153 568
603 686
362 775
982 365
982 80
869 455
120 837
716 38
259 901
259 404
288 332
288 405
298 41
666 577
986 429
986 739
441 964
70 718
70 751
366 96
366 889
889 780
899 581
167 136
486 577
149 759
149 520
588 221
588 111
613 871
849 446
849 398
855 144
928 275
398 786
398 166
751 446
751 787
751 791
636 752
636 678
675 294
675 516
932 752
932 144
847 25
562 347
891 255
891 214
901 404
915 435
915 342
853 838
342 435
622 340
622 2
786 166
524 371
186 656
640 752
819 146
347 154
321 412
436 75
7 542
512 591
581 141
275 320
520 759
69 218
284 911
449 577
584 775
