557 941
557 640
557 447
557 50
557 927
557 912
557 363
557 412
557 49
557 632
969 144
969 105
969 843
969 270
969 59
969 532
969 130
969 274
969 438
969 134
1 895
1 140
1 369
1 657
1 367
1 213
1 578
1 335
1 474
1 834
751 108
751 579
751 532
751 288
751 147
751 212
751 802
751 192
751 506
751 328
629 753
629 7
629 906
629 368
629 756
629 876
629 516
629 792
629 949
629 703
966 497
966 991
966 230
966 156
966 382
966 412
966 698
966 185
966 316
966 347
106 277
106 607
106 6
106 128
106 890
106 392
106 822
106 331
106 649
106 722
925 44
925 907
925 440
925 731
925 17
925 867
925 416
925 858
925 930
925 968
697 509
697 802
697 453
697 68
697 510
697 540
697 750
697 347
697 458
697 663
841 177
841 532
841 257
841 0
841 11
841 273
841 893
841 730
841 575
841 281
582 776
582 251
582 602
582 592
582 749
582 787
582 775
582 881
582 488
582 567
625 760
625 501
625 422
625 656
625 254
625 829
625 210
625 339
625 683
625 849
141 194
141 119
141 852
141 638
141 64
141 113
141 688
141 748
141 968
141 979
394 189
394 695
394 408
394 632
394 843
394 816
394 419
394 604
394 676
394 551
466 181
466 119
466 144
466 873
466 491
466 200
466 687
466 20
466 749
466 318
679 8
679 767
679 324
679 4
679 809
679 0
679 10
679 87
679 609
679 997
129 613
129 563
129 976
129 419
129 346
129 748
129 263
129 135
129 806
129 392
276 635
276 669
276 178
276 241
276 788
276 255
276 655
276 682
276 689
276 990
406 854
406 559
406 183
406 703
406 328
406 837
406 54
406 444
406 118
406 452
813 706
813 417
813 481
813 288
813 334
813 550
813 893
813 223
813 272
813 753
67 324
67 447
67 179
67 56
67 383
67 893
67 631
67 335
67 148
67 509
566 760
566 169
566 995
566 523
566 200
566 835
566 318
566 382
566 696
566 905
234 986
234 350
234 392
234 279
234 830
234 80
234 650
234 901
234 196
234 531
450 772
450 859
450 853
450 916
450 606
450 89
450 708
450 609
450 102
450 945
486 47
486 703
486 946
486 905
486 666
486 306
486 339
486 927
486 960
486 383
634 272
634 128
634 460
634 75
634 620
634 28
634 254
634 15
634 352
634 43
338 825
338 412
338 149
338 601
338 424
338 839
338 844
338 643
338 527
338 467
507 987
507 696
507 498
507 710
507 889
507 396
507 470
507 157
507 351
507 441
610 318
610 71
610 277
610 391
610 289
610 536
610 437
610 102
610 287
610 725
72 73
72 50
72 717
72 893
72 467
72 691
72 946
72 765
72 663
72 561
536 447
536 247
536 500
536 528
536 996
536 492
536 669
536 477
536 728
190 970
190 254
190 295
190 754
190 960
190 151
190 913
190 612
190 575
190 814
757 153
757 441
757 809
757 275
757 311
757 549
757 385
757 242
757 136
757 607
386 901
386 215
386 350
386 958
386 930
386 429
386 18
386 726
386 809
386 544
403 272
403 4
403 739
403 621
403 495
403 155
403 156
403 243
403 177
403 849
69 830
69 78
69 157
69 837
69 907
69 405
69 407
69 723
69 346
69 158
238 169
238 661
238 90
238 337
238 303
238 970
238 802
238 653
238 60
238 100
108 94
108 884
108 893
108 904
108 449
108 302
108 98
108 632
108 0
166 554
166 618
166 277
166 370
166 577
166 911
166 626
166 273
166 59
166 363
794 168
794 213
794 692
794 225
794 248
794 547
794 294
794 630
794 41
794 210
908 197
908 706
908 363
908 158
908 987
908 458
908 934
908 149
908 714
908 662
219 206
219 432
219 549
219 136
219 753
219 77
219 40
219 680
219 408
219 142
411 981
411 911
411 8
411 716
411 427
411 544
411 64
411 469
411 671
411 701
310 233
310 348
310 288
310 439
310 221
310 2
310 209
310 331
310 186
310 422
529 975
529 607
529 672
529 883
529 164
529 344
529 808
529 559
529 179
529 142
475 200
475 906
475 105
475 894
475 782
475 809
475 74
475 692
475 122
475 567
633 980
633 601
633 508
633 113
633 715
633 800
633 366
633 29
633 569
633 479
34 315
34 228
34 820
34 976
34 997
34 111
34 318
34 683
34 23
34 951
631 759
631 854
631 156
631 222
631 719
631 471
631 377
631 225
631 279
260 33
260 737
260 695
260 284
260 959
260 196
260 998
260 156
260 45
260 356
708 5
708 460
708 644
708 186
708 824
708 355
708 453
708 287
708 409
278 621
278 872
278 597
278 707
278 97
278 519
278 366
278 13
278 193
278 692
762 895
762 405
762 555
762 662
762 161
762 263
762 648
762 355
762 533
762 603
704 666
704 855
704 199
704 301
704 885
704 612
704 678
704 459
704 267
704 206
870 546
870 143
870 632
870 331
870 769
870 115
870 522
870 955
870 362
870 179
321 716
321 335
321 379
321 404
321 719
321 375
321 636
321 499
321 534
321 20
580 942
580 746
580 124
580 978
580 800
580 498
580 988
580 495
580 93
580 829
665 4
665 830
665 420
665 989
665 216
665 573
665 715
665 440
665 559
665 894
878 135
878 365
878 847
878 440
878 248
878 171
878 401
878 829
878 47
878 94
246 70
246 512
246 570
246 902
246 546
246 746
246 251
246 972
246 217
246 357
931 89
931 591
931 597
931 996
931 80
931 250
931 852
931 866
931 527
931 115
208 351
208 614
208 851
208 592
208 337
208 113
208 471
208 839
208 934
208 562
639 25
639 990
639 162
639 448
639 65
639 96
639 332
639 663
639 608
639 604
37 788
37 675
37 97
37 630
37 391
37 86
37 94
37 781
37 700
37 415
528 272
528 10
528 301
528 815
528 334
528 132
528 907
528 217
528 807
658 636
658 345
658 393
658 662
658 71
658 711
658 686
658 122
658 588
658 44
875 568
875 539
875 570
875 496
875 15
875 12
875 730
875 147
875 50
875 942
465 420
465 474
465 822
465 336
465 591
465 65
465 107
465 522
465 471
465 178
709 378
709 872
709 818
709 831
709 216
709 220
709 936
709 420
709 863
709 803
91 864
91 55
91 635
91 295
91 839
91 836
91 705
91 579
91 558
91 228
239 983
239 183
239 210
239 893
239 332
239 30
239 612
239 142
239 669
239 96
123 212
123 505
123 614
123 46
123 82
123 816
123 493
123 644
123 240
123 164
945 342
945 368
945 26
945 823
945 418
945 343
945 690
945 268
945 505
329 662
329 23
329 514
329 957
329 856
329 262
329 644
329 31
329 214
329 275
821 347
821 113
821 410
821 894
821 913
821 598
821 723
821 941
821 800
821 117
79 206
79 620
79 812
79 837
79 621
79 233
79 56
79 810
79 159
79 482
121 439
121 954
121 266
121 868
121 500
121 608
121 172
121 717
121 241
121 60
29 857
29 178
29 439
29 711
29 974
29 666
29 107
29 712
29 864
400 281
400 184
400 845
400 742
400 554
400 868
400 727
400 620
400 986
400 455
472 781
472 446
472 546
472 134
472 158
472 274
472 522
472 127
472 776
472 502
699 703
699 339
699 530
699 670
699 837
699 132
699 365
699 525
699 617
699 992
768 508
768 14
768 918
768 911
768 160
768 739
768 143
768 944
768 366
768 23
558 696
558 479
558 758
558 482
558 110
558 964
558 855
558 114
558 810
994 180
994 366
994 799
994 266
994 59
994 470
994 436
994 861
994 332
994 207
541 180
541 229
541 523
541 581
541 785
541 295
541 138
541 843
541 997
541 978
596 754
596 298
596 881
596 365
596 487
596 743
596 144
596 777
596 242
596 211
650 897
650 33
650 417
650 135
650 484
650 800
650 357
650 598
650 744
256 707
256 937
256 233
256 717
256 60
256 894
256 93
256 801
256 977
256 731
548 936
548 128
548 286
548 447
548 351
548 706
548 627
548 249
548 998
548 142
42 237
42 655
42 971
42 956
42 680
42 828
42 266
42 308
42 523
42 913
360 779
360 461
360 258
360 622
360 290
360 426
360 261
360 705
360 430
360 713
376 572
376 823
376 929
376 858
376 736
376 85
376 230
376 231
376 209
376 891
296 133
296 676
296 716
296 357
296 619
296 693
296 73
296 775
296 602
296 824
886 44
886 702
886 55
886 512
886 586
886 113
886 723
886 456
886 178
886 501
112 248
112 405
112 798
112 408
112 288
112 554
112 488
112 184
112 328
112 684
311 511
311 890
311 623
311 214
311 222
311 359
311 573
311 852
311 727
645 179
645 168
645 519
645 538
645 287
645 581
645 279
645 339
645 501
645 620
774 124
774 612
774 383
774 138
774 607
774 258
774 240
774 816
774 291
774 87
511 820
511 873
511 770
511 771
511 418
511 975
511 608
511 744
511 900
545 102
545 640
545 250
545 556
545 343
545 49
545 62
545 573
545 298
545 189
736 589
736 225
736 347
736 269
736 739
736 624
736 215
736 910
736 753
892 70
892 116
892 402
892 686
892 93
892 615
892 87
892 147
892 995
892 301
943 781
943 284
943 336
943 991
943 808
943 954
943 968
943 211
943 717
943 896
202 348
202 692
202 891
202 531
202 49
202 785
202 575
202 500
202 277
202 637
204 537
204 942
204 500
204 481
204 565
204 593
204 247
204 229
204 271
204 959
283 865
283 555
283 766
283 182
283 761
283 307
283 506
283 740
283 735
283 868
543 586
543 159
543 126
543 950
543 372
543 877
543 624
543 910
543 92
543 380
173 297
173 244
173 741
173 210
173 781
173 484
173 860
173 776
173 979
173 266
671 375
671 24
671 594
671 209
671 714
671 739
671 565
671 577
671 967
168 655
168 288
168 607
168 337
168 31
168 798
168 929
168 707
327 617
327 559
327 830
327 306
327 315
327 652
327 955
327 957
327 370
327 367
258 371
258 275
258 427
258 667
258 209
258 134
258 991
258 706
423 827
423 949
423 963
423 836
423 750
423 139
423 737
423 177
423 469
423 686
553 164
553 174
553 201
553 710
553 323
553 191
553 262
553 716
553 316
553 3
846 831
846 153
846 292
846 951
846 946
846 920
846 344
846 56
846 861
846 109
216 430
216 713
216 562
216 143
216 504
216 850
216 165
216 559
489 345
489 964
489 383
489 225
489 532
489 247
489 45
489 811
489 592
489 609
111 118
111 537
111 436
111 865
111 778
111 685
111 127
111 787
111 16
961 155
961 873
961 917
961 649
961 766
961 862
961 737
961 779
961 617
961 656
261 752
261 944
261 602
261 703
261 257
261 429
261 876
261 368
261 18
905 798
905 85
905 237
905 58
905 868
905 575
905 816
905 101
66 668
66 10
66 508
66 952
66 503
66 371
66 705
66 530
66 628
66 184
666 556
666 702
666 815
666 973
666 600
666 621
666 938
626 308
626 904
626 761
626 623
626 695
626 647
626 114
626 462
626 778
615 607
615 608
615 214
615 761
615 56
615 498
615 393
615 505
615 189
844 128
844 206
844 372
844 356
844 262
844 392
844 603
844 533
844 363
232 976
232 714
232 428
232 721
232 13
232 585
232 398
232 46
232 660
232 395
325 388
325 992
325 837
325 747
325 189
325 828
325 494
325 667
325 618
325 693
314 22
314 839
314 819
314 205
314 517
314 94
314 840
314 474
314 133
314 963
623 455
623 439
623 459
623 13
623 894
623 981
623 516
623 909
88 516
88 225
88 694
88 883
88 832
88 898
88 20
88 742
88 710
88 171
317 976
317 371
317 226
317 681
317 872
317 337
317 455
317 866
317 119
317 369
27 899
27 568
27 613
27 231
27 923
27 39
27 140
27 656
27 727
27 409
41 422
41 324
41 39
41 669
41 627
41 902
41 47
41 68
41 642
900 700
900 210
900 656
900 432
900 279
900 38
900 2
900 863
900 750
562 118
562 953
562 845
562 606
562 51
562 371
562 614
562 680
572 937
572 877
572 701
572 643
572 43
572 500
572 680
572 955
572 101
780 181
780 210
780 308
780 933
780 427
780 142
780 409
780 197
780 786
780 958
218 76
218 136
218 856
218 240
218 957
218 638
218 174
218 716
218 259
218 502
282 968
282 702
282 723
282 546
282 17
282 802
282 176
282 885
282 818
282 180
622 573
622 590
622 137
622 519
622 765
622 609
622 356
622 302
622 331
897 738
897 192
897 895
897 917
897 899
897 107
897 542
897 591
897 100
30 906
30 333
30 436
30 116
30 798
30 94
30 426
30 934
30 224
985 4
985 221
985 689
985 114
985 249
985 86
985 772
985 583
985 393
985 76
145 586
145 725
145 57
145 8
145 978
145 941
145 652
145 670
145 856
145 187
972 806
972 819
972 869
972 305
972 177
972 105
972 12
972 621
972 926
162 713
162 744
162 696
162 153
162 840
162 992
162 85
162 398
162 53
387 521
387 659
387 417
387 513
387 249
387 318
387 812
387 648
387 895
387 461
505 748
505 857
505 93
505 459
505 490
505 181
505 640
63 981
63 431
63 653
63 178
63 138
63 993
63 885
63 189
63 373
63 410
381 127
381 616
381 831
381 602
381 184
381 214
381 191
381 523
381 653
381 882
698 565
698 581
698 5
698 874
698 683
698 397
698 957
698 673
698 653
480 807
480 902
480 678
480 862
480 75
480 337
480 28
480 602
480 36
480 169
669 180
669 174
669 746
669 102
669 944
669 941
223 318
223 787
223 44
223 930
223 785
223 867
223 133
223 481
223 922
747 139
747 649
747 745
747 13
747 606
747 964
747 180
747 579
747 59
300 670
300 888
300 693
300 874
300 64
300 35
300 914
300 593
300 155
300 957
967 352
967 136
967 730
967 861
967 820
967 446
967 57
967 74
967 564
847 778
847 432
847 516
847 444
847 429
847 356
847 729
847 326
847 55
175 872
175 287
175 240
175 951
175 117
175 55
175 264
175 918
175 936
175 624
285 769
285 727
285 405
285 670
285 916
285 649
285 454
285 522
285 732
285 678
842 861
842 247
842 941
842 550
842 429
842 324
842 3
842 946
842 19
842 843
188 766
188 443
188 759
188 93
188 326
188 993
188 810
188 299
188 2
188 215
803 408
803 237
803 707
803 390
803 723
803 685
803 185
803 429
803 674
81 182
81 919
81 616
81 537
81 503
81 938
81 271
81 818
81 146
81 254
341 909
341 182
341 351
341 550
341 618
341 662
341 848
341 269
341 871
341 988
981 421
981 446
981 497
981 452
981 957
981 630
981 55
96 157
96 61
96 388
96 305
96 85
96 954
96 795
96 50
396 888
396 638
396 255
396 262
396 373
396 469
396 151
396 782
396 525
459 907
459 879
459 627
459 248
459 743
459 817
459 635
973 205
973 370
973 402
973 286
973 752
973 84
973 119
973 567
973 280
552 184
552 277
552 746
552 71
552 685
552 73
552 122
552 992
552 116
552 937
935 210
935 535
935 144
935 71
935 269
935 444
935 951
935 682
935 231
935 33
734 738
734 279
734 837
734 951
734 688
734 70
734 424
734 230
734 765
734 586
912 60
912 573
912 74
912 284
912 958
912 353
912 860
912 371
912 326
252 849
252 52
252 518
252 716
252 55
252 759
252 93
252 556
252 599
252 890
414 0
414 319
414 6
414 551
414 306
414 299
414 711
414 32
414 989
414 297
62 337
62 240
62 137
62 986
62 788
62 74
62 331
62 940
62 926
290 388
290 485
290 31
290 732
290 796
290 53
290 363
290 312
290 335
103 3
103 711
103 590
103 402
103 822
103 199
103 8
103 746
103 184
103 591
291 199
291 54
291 899
291 851
291 927
291 160
291 451
291 827
291 3
461 281
461 719
461 653
461 510
461 57
461 853
461 31
461 266
524 307
524 570
524 397
524 635
524 51
524 783
524 563
524 320
524 836
524 5
127 473
127 705
127 207
127 382
127 417
127 581
127 134
355 977
355 5
355 35
355 224
355 370
355 25
355 499
355 305
720 2
720 739
720 125
720 512
720 801
720 569
720 4
720 236
720 996
720 750
869 982
869 382
869 318
869 872
869 702
869 205
869 104
869 398
869 968
271 613
271 812
271 881
271 245
271 515
271 436
271 928
271 649
814 2
814 946
814 241
814 247
814 124
814 114
814 569
814 382
814 434
257 733
257 906
257 997
257 336
257 265
257 301
257 39
257 896
879 309
879 275
879 94
879 987
879 237
879 211
879 76
879 881
879 797
126 831
126 560
126 235
126 888
126 685
126 516
126 3
126 663
126 674
130 849
130 380
130 441
130 165
130 584
130 331
130 366
130 348
130 410
87 412
87 124
87 367
87 848
87 838
87 717
87 401
917 434
917 245
917 525
917 253
917 604
917 345
917 65
917 690
364 741
364 920
364 378
364 429
364 954
364 860
364 599
364 742
364 519
364 549
712 554
712 182
712 692
712 345
712 354
712 585
712 628
712 241
712 124
462 681
462 264
462 924
462 144
462 363
462 401
462 953
462 755
462 521
835 60
835 988
835 372
835 725
835 90
835 99
835 559
835 834
835 916
977 996
977 447
977 766
977 222
977 867
977 31
977 243
977 343
200 754
200 798
200 538
200 958
200 14
200 750
200 588
237 602
237 186
237 988
237 35
237 307
237 199
451 446
451 210
451 573
451 716
451 894
451 247
451 815
451 721
451 804
987 632
987 209
987 799
987 154
987 117
987 726
987 45
432 299
432 221
432 904
432 344
432 954
432 12
432 319
758 766
758 680
758 918
758 504
758 395
758 730
758 235
758 728
758 569
201 105
201 426
201 385
201 589
201 807
201 286
201 265
201 824
201 840
812 601
812 563
812 951
812 347
812 117
812 868
812 888
110 474
110 692
110 153
110 958
110 804
110 176
110 649
110 834
110 379
428 806
428 642
428 565
428 330
428 354
428 143
428 60
428 49
428 648
880 965
880 518
880 100
880 409
880 906
880 843
880 24
880 817
880 921
880 398
203 231
203 160
203 564
203 713
203 146
203 561
203 863
203 858
203 523
203 137
592 21
592 286
592 98
592 136
592 667
592 915
592 324
530 955
530 577
530 287
530 60
530 674
530 646
530 478
530 986
298 454
298 688
298 425
298 483
298 460
298 889
298 180
298 781
600 119
600 793
600 395
600 590
600 840
600 893
600 409
600 122
600 637
476 231
476 272
476 533
476 707
476 391
476 727
476 101
476 612
476 92
476 816
657 70
657 38
657 233
657 313
657 624
657 547
657 995
657 220
657 416
718 444
718 206
718 938
718 597
718 577
718 457
718 616
718 845
718 488
718 856
921 7
921 40
921 485
921 299
921 579
921 865
921 614
921 863
921 36
993 143
993 641
993 140
993 165
993 160
993 153
993 75
993 181
810 540
810 22
810 370
810 10
810 199
810 707
810 452
933 882
933 463
933 95
933 995
933 215
933 809
933 667
933 574
933 352
114 235
114 515
114 833
114 940
114 514
114 588
146 707
146 800
146 85
146 82
146 501
146 359
146 192
146 807
358 588
358 753
358 632
358 133
358 508
358 532
358 964
358 598
358 693
358 677
772 433
772 998
772 802
772 467
772 183
772 57
772 784
772 435
430 373
430 371
430 361
430 388
430 57
430 349
430 177
430 807
877 689
877 196
877 510
877 918
877 213
877 395
877 958
877 468
504 970
504 681
504 648
504 346
504 752
504 827
504 105
504 444
826 769
826 788
826 975
826 137
826 434
826 115
826 161
826 766
826 670
826 962
399 58
399 412
399 474
399 167
399 602
399 425
399 649
399 410
399 248
399 435
544 68
544 49
544 885
544 944
544 663
544 954
544 651
544 710
437 377
437 464
437 267
437 191
437 474
437 676
437 585
437 809
437 309
836 192
836 250
836 64
836 695
836 405
836 477
836 881
11 550
11 521
11 375
11 787
11 820
11 860
11 531
11 187
11 735
664 782
664 102
664 144
664 344
664 547
664 493
664 259
664 834
664 275
664 822
84 59
84 811
84 549
84 28
84 212
84 68
84 782
84 172
84 363
654 80
654 124
654 187
654 789
654 26
654 334
654 197
654 602
654 715
654 988
227 417
227 23
227 20
227 265
227 957
227 446
227 521
227 385
227 731
227 474
962 440
962 405
962 608
962 903
962 179
962 409
962 885
962 742
962 6
51 443
51 727
51 415
51 522
51 677
51 167
51 913
51 852
211 752
211 3
211 635
211 32
211 785
211 339
211 139
155 417
155 330
155 510
155 642
155 688
155 791
155 764
305 668
305 506
305 742
305 721
305 776
305 225
305 727
289 701
289 887
289 395
289 638
289 741
289 531
289 468
289 418
289 515
793 956
793 377
793 672
793 804
793 419
793 456
793 613
793 647
793 808
404 442
404 873
404 333
404 100
404 304
404 471
404 944
404 858
404 395
487 392
487 147
487 867
487 806
487 331
487 889
487 416
487 568
487 302
464 859
464 455
464 673
464 852
464 853
464 236
464 374
464 167
464 999
538 951
538 955
538 818
538 729
538 851
538 833
538 343
538 899
313 517
313 930
313 903
313 309
313 759
313 546
313 575
313 909
313 163
196 937
196 776
196 770
196 617
196 56
196 105
196 274
723 265
723 392
723 13
723 122
723 932
578 138
578 470
578 45
578 767
578 731
578 881
578 964
578 361
578 174
788 277
788 60
788 333
788 473
788 779
788 984
61 731
61 149
61 15
61 805
61 845
61 478
61 469
61 490
61 125
498 16
498 741
498 334
498 789
498 220
498 713
498 273
668 862
668 220
668 147
668 471
668 267
668 644
668 764
668 167
947 307
947 165
947 644
947 696
947 33
947 549
947 323
947 154
947 458
947 2
90 733
90 678
90 805
90 638
90 95
90 771
90 365
90 706
970 838
970 795
970 606
970 990
970 759
970 206
970 790
213 684
213 14
213 939
213 916
213 217
213 741
213 235
195 598
195 514
195 345
195 159
195 876
195 681
195 44
195 251
195 577
195 716
619 149
619 45
619 850
619 49
619 959
619 823
619 916
619 608
619 471
26 357
26 55
26 595
26 469
26 431
26 384
26 303
26 765
517 661
517 926
517 982
517 152
517 133
517 983
517 719
517 997
413 855
413 539
413 652
413 642
413 673
413 350
413 819
413 133
413 595
413 677
963 526
963 372
963 233
963 197
963 80
963 212
963 594
963 791
199 407
199 357
199 960
199 644
199 662
448 776
448 509
448 156
448 636
448 132
448 752
448 852
448 888
448 309
920 522
920 368
920 151
920 815
920 501
920 601
920 116
920 443
503 739
503 425
503 741
503 241
503 563
503 797
503 518
503 581
627 539
627 974
627 575
627 436
627 118
627 890
627 599
9 817
9 663
9 632
9 169
9 643
9 726
9 488
9 700
9 418
9 231
92 397
92 28
92 32
92 862
92 655
92 784
92 144
92 303
52 159
52 523
52 647
52 89
52 571
52 488
52 308
52 272
52 942
691 831
691 263
691 891
691 784
691 584
691 268
691 457
691 53
691 154
349 660
349 595
349 452
349 17
349 251
349 19
349 628
349 494
349 561
389 882
389 717
389 18
389 540
389 186
389 139
389 581
389 822
389 286
389 330
850 939
850 535
850 965
850 603
850 33
850 356
850 776
850 83
299 526
299 678
299 54
299 738
299 236
299 444
568 687
568 950
568 32
568 896
568 770
568 435
568 13
323 809
323 801
323 185
323 537
323 217
323 293
323 485
323 855
6 761
6 733
6 410
6 391
6 769
6 320
6 7
989 250
989 397
989 964
989 33
989 301
989 224
989 672
989 952
207 839
207 781
207 393
207 946
207 640
207 279
207 132
207 243
979 585
979 971
979 499
979 384
979 986
979 269
979 998
979 421
743 965
743 198
743 992
743 324
743 748
743 798
743 754
743 391
655 97
655 45
655 25
655 372
655 564
655 4
264 804
264 845
264 613
264 519
264 170
264 978
264 593
264 588
442 509
442 267
442 93
442 859
442 996
442 525
442 906
442 885
442 907
148 45
148 700
148 236
148 865
148 71
148 222
148 333
148 954
148 924
520 731
520 163
520 616
520 231
520 86
520 819
520 287
520 617
520 785
520 560
220 771
220 453
220 293
220 542
220 637
220 159
385 777
385 537
385 205
385 163
385 32
385 10
385 525
463 440
463 890
463 457
463 854
463 104
463 901
463 275
463 214
463 852
101 802
101 983
101 83
101 356
101 675
101 15
101 333
100 242
100 53
100 597
100 707
100 630
100 575
745 445
745 999
745 221
745 320
745 249
745 710
745 694
745 473
745 419
391 368
391 268
391 245
391 688
391 924
807 701
807 719
807 532
807 431
807 644
244 975
244 392
244 742
244 333
244 618
244 499
244 760
244 297
244 693
874 113
874 83
874 214
874 467
874 253
874 859
874 320
874 763
646 534
646 795
646 565
646 340
646 959
646 397
646 128
646 375
646 248
458 506
458 115
458 975
458 124
458 441
458 730
458 635
574 438
574 453
574 156
574 309
574 584
574 342
574 226
574 105
574 214
744 494
744 107
744 370
744 19
744 269
744 50
744 142
359 286
359 725
359 612
359 255
359 136
359 250
359 881
359 911
185 640
185 567
185 402
185 424
185 65
185 342
185 214
415 932
415 798
415 254
415 988
415 477
415 478
415 787
415 176
792 597
792 177
792 540
792 241
792 279
792 586
792 687
792 326
792 193
864 78
864 887
864 651
864 934
864 703
864 515
864 342
864 648
764 319
764 397
764 388
764 365
764 469
764 337
764 838
764 789
22 848
22 907
22 563
22 424
22 133
22 31
22 616
22 454
128 490
128 805
128 778
128 873
128 270
618 778
618 725
618 86
618 40
618 456
618 167
684 436
684 456
684 80
684 693
684 796
684 384
684 811
684 729
570 796
570 184
570 609
570 267
570 781
570 322
570 731
872 763
872 542
872 944
872 453
872 427
21 18
21 159
21 468
21 177
21 113
21 516
21 761
21 452
21 532
815 983
815 809
815 948
815 632
815 695
815 637
40 253
40 730
40 468
40 859
40 607
40 617
40 131
828 746
828 688
828 491
828 670
828 454
828 19
828 652
828 732
172 425
172 8
172 555
172 560
172 659
172 134
172 526
172 367
980 513
980 730
980 13
980 176
980 647
980 401
980 512
980 811
980 361
484 405
484 99
484 866
484 873
484 397
484 937
484 701
484 470
990 790
990 280
990 326
990 447
990 986
990 224
990 883
523 142
523 50
523 48
523 33
352 418
352 838
352 365
352 797
352 170
352 24
352 453
342 328
342 915
342 608
342 827
342 680
342 38
493 922
493 890
493 434
493 491
493 827
493 715
493 611
493 165
754 786
754 54
754 845
754 739
754 46
754 109
262 455
262 398
262 180
262 115
262 907
262 898
508 848
508 825
508 76
508 638
508 682
508 183
5 193
5 347
5 575
5 581
5 328
5 806
939 369
939 857
939 740
939 446
939 995
939 153
939 643
939 233
212 117
212 576
212 805
212 33
212 253
212 136
773 922
773 226
773 648
773 502
773 839
773 137
773 78
773 392
773 39
773 706
647 887
647 280
647 179
647 983
647 268
647 862
701 116
701 922
701 928
701 53
701 336
509 728
509 117
509 297
509 286
509 474
509 28
996 287
996 593
996 421
996 109
996 738
778 954
778 119
778 801
778 75
778 48
819 868
819 322
819 811
819 76
819 426
819 863
481 158
481 855
481 150
481 193
481 98
481 454
481 777
659 831
659 675
659 71
659 231
659 184
659 676
659 781
659 482
940 501
940 605
940 539
940 824
940 584
940 735
940 149
940 706
340 369
340 318
340 89
340 71
340 865
340 771
340 683
340 374
340 686
118 779
118 755
118 373
118 845
118 73
118 829
896 151
896 306
896 233
896 820
896 711
896 420
896 228
32 983
32 335
32 953
32 755
32 583
395 611
395 467
395 916
395 20
722 328
722 998
722 769
722 522
722 373
722 270
722 705
722 366
722 563
263 131
263 851
263 801
263 343
263 183
263 495
263 637
58 139
58 535
58 36
58 960
58 728
58 225
58 407
58 0
319 890
319 590
319 240
319 839
319 7
319 799
319 301
740 438
740 460
740 763
740 470
740 222
740 801
740 205
740 711
999 585
999 975
999 791
999 445
999 229
999 706
999 686
999 8
14 884
14 714
14 871
14 374
14 770
14 783
14 636
953 559
953 24
953 830
953 482
953 302
953 915
953 928
593 882
593 318
593 919
593 39
593 169
593 605
599 513
599 347
599 198
599 858
599 706
599 281
599 817
661 936
661 20
661 77
661 791
661 688
661 85
661 681
661 588
733 488
733 334
733 652
733 526
733 885
733 167
733 194
89 370
89 564
89 38
89 549
89 371
89 55
915 737
915 526
915 579
915 888
915 770
915 143
915 23
496 273
496 797
496 690
496 125
496 713
496 43
496 97
496 250
496 469
308 608
308 12
308 678
308 301
308 417
308 420
322 779
322 856
322 427
322 109
322 457
322 485
322 131
322 597
473 416
473 83
473 735
473 909
473 470
473 198
473 726
354 667
354 295
354 133
354 158
354 800
354 344
354 443
354 771
438 675
438 750
438 171
438 693
438 250
438 377
438 829
348 662
348 765
348 45
348 752
348 881
348 147
348 887
702 230
702 857
702 525
702 867
702 371
702 861
36 440
36 474
36 971
36 272
36 495
36 408
36 598
802 742
802 991
802 158
802 351
441 652
441 424
441 514
441 561
441 194
441 151
170 818
170 134
170 331
170 621
170 848
170 609
170 750
170 930
738 160
738 113
738 855
738 784
738 47
738 959
390 689
390 477
390 375
390 737
390 43
390 95
390 988
390 628
390 949
741 59
741 526
741 303
741 78
560 692
560 356
560 186
560 2
560 452
560 960
560 80
982 251
982 949
982 120
982 891
982 640
982 760
982 222
982 346
651 876
651 193
651 189
651 346
651 412
651 854
651 519
651 332
782 564
782 143
782 555
782 71
782 795
782 492
235 867
235 497
235 412
235 119
235 753
235 518
867 35
867 643
867 316
867 194
274 435
274 714
274 581
274 318
274 641
274 388
274 485
795 910
795 565
795 171
795 638
795 353
795 584
169 587
169 840
169 68
169 444
169 502
513 949
513 222
513 217
513 331
513 693
513 253
513 922
191 714
191 525
191 641
191 624
191 595
191 378
191 402
797 964
797 918
797 198
797 540
797 907
797 384
369 249
369 48
369 616
369 453
369 749
369 306
140 853
140 59
140 120
140 832
140 7
140 680
140 898
23 837
23 936
23 226
23 998
23 270
38 784
38 946
38 695
38 160
38 576
38 267
19 135
19 863
19 198
19 315
19 739
19 785
99 689
99 284
99 365
99 776
99 17
99 682
99 930
99 779
161 852
161 760
161 303
161 304
161 24
161 986
161 737
161 265
7 485
7 56
7 420
7 277
7 534
343 724
343 478
343 763
343 919
343 956
526 490
526 978
526 765
526 193
443 735
443 763
443 833
443 601
443 971
443 454
910 425
910 368
910 688
910 407
910 866
910 862
910 725
336 152
336 761
336 230
336 320
336 882
336 808
916 346
916 255
916 894
916 635
514 277
514 834
514 422
514 64
514 929
514 3
790 499
790 65
790 295
790 15
790 68
790 685
790 607
790 756
628 683
628 491
628 225
628 719
628 471
628 775
567 677
567 866
567 673
567 366
567 407
567 932
978 928
978 267
978 922
978 913
978 24
457 895
457 975
457 787
457 43
457 18
457 293
672 151
672 46
672 928
672 332
672 383
672 150
672 229
854 527
854 174
854 492
854 642
854 569
854 408
763 0
763 429
763 791
763 367
763 143
660 221
660 924
660 556
660 512
660 956
660 401
660 186
660 583
965 775
965 4
965 898
965 77
965 73
965 732
965 297
555 316
555 715
555 153
555 371
555 16
555 120
683 363
683 791
683 477
683 636
683 882
269 605
269 183
269 588
269 31
269 825
150 554
150 861
150 955
150 519
150 254
150 324
150 964
150 938
255 891
255 137
255 606
255 786
255 109
255 926
687 789
687 914
687 907
687 335
687 98
687 866
687 312
494 959
494 860
494 535
494 785
494 86
494 107
494 756
932 104
932 840
932 312
932 436
932 737
932 748
932 98
194 554
194 372
194 68
194 326
194 309
194 675
502 15
502 730
502 467
502 824
502 187
502 689
527 884
527 725
527 728
527 373
527 83
527 923
527 47
806 43
806 181
806 307
806 251
806 315
565 685
565 446
565 843
565 732
350 500
350 569
350 726
350 805
350 292
350 490
350 138
924 640
924 779
924 714
924 840
924 16
924 649
871 482
871 215
871 911
871 181
871 183
871 944
871 242
871 789
398 135
398 117
398 563
398 902
398 375
591 549
591 753
591 950
591 983
591 853
591 834
167 539
167 735
167 181
167 694
241 154
241 125
241 478
241 955
873 71
873 624
873 856
873 418
804 122
804 537
804 312
804 765
804 587
804 868
424 47
424 692
424 294
424 439
424 941
868 677
868 421
868 362
83 115
83 710
83 139
83 180
83 279
825 587
825 292
825 280
825 57
825 426
825 135
825 776
927 860
927 197
927 189
927 827
927 206
927 132
927 495
293 25
293 595
293 695
293 433
293 559
293 163
293 830
455 179
455 853
455 786
455 783
455 328
694 521
694 934
694 53
694 105
694 680
694 122
694 77
454 771
454 12
454 125
454 682
729 488
729 549
729 178
729 353
729 766
729 25
729 662
109 801
109 335
109 48
109 332
109 675
956 265
956 542
956 306
956 436
956 521
956 611
421 328
421 801
421 923
421 663
421 488
421 673
938 95
938 54
938 17
938 787
938 587
938 583
316 585
316 440
316 374
316 589
316 259
316 373
656 554
656 224
656 426
656 226
656 903
656 303
16 275
16 183
16 590
16 353
16 497
16 675
889 197
889 673
889 469
889 501
889 941
889 901
889 786
119 716
119 362
119 73
492 649
492 13
492 153
492 393
492 827
492 171
492 746
132 490
132 292
132 86
132 2
132 485
163 822
163 131
163 713
163 39
163 834
163 895
306 374
306 732
306 25
306 643
266 365
266 518
266 47
266 546
266 833
65 281
65 54
65 796
65 48
65 379
909 53
909 866
909 483
909 949
909 178
909 899
998 606
998 159
998 157
998 638
948 902
948 859
948 417
948 75
948 253
948 243
948 468
948 609
948 233
724 224
724 447
724 586
724 17
724 719
724 490
724 926
724 249
724 297
952 911
952 120
952 816
952 73
952 604
952 356
952 57
952 587
674 817
674 590
674 217
674 968
674 936
674 431
674 533
422 604
422 971
422 435
422 519
422 377
422 85
515 77
515 409
515 452
515 865
515 248
515 824
243 556
243 856
243 796
243 165
243 648
243 210
800 268
800 857
800 332
800 884
380 551
380 75
380 635
380 901
380 922
380 644
380 974
380 859
546 749
546 919
546 577
546 992
728 54
728 667
728 809
728 64
728 636
156 419
156 588
156 700
156 636
786 863
786 895
786 453
786 45
786 152
410 992
410 789
410 295
410 46
410 86
883 761
883 876
883 356
883 831
883 4
883 604
883 853
958 837
958 46
958 974
958 0
611 159
611 102
611 620
611 686
611 681
611 644
611 497
249 435
249 746
249 539
249 833
857 70
857 750
857 367
857 138
857 571
197 677
197 681
197 460
197 735
401 923
401 571
401 180
401 770
401 499
929 456
929 265
929 995
929 281
929 851
929 2
929 893
968 302
968 911
968 860
968 960
431 859
431 648
431 368
431 259
431 48
431 884
689 914
689 326
689 976
689 53
885 820
885 988
885 983
307 823
307 576
307 54
307 15
307 479
919 997
919 783
919 345
919 35
919 383
919 242
675 833
675 663
675 598
690 187
690 918
690 15
690 154
690 230
690 832
690 584
805 587
805 460
805 692
805 576
805 617
865 0
865 357
865 136
865 820
533 402
533 851
533 468
533 120
533 429
533 82
858 685
858 899
858 288
858 435
858 776
18 122
18 427
18 594
18 667
18 178
937 497
937 477
937 891
937 97
937 573
164 680
164 620
164 717
164 603
164 891
164 270
164 78
312 151
312 136
312 678
312 510
312 382
312 44
337 419
337 739
337 378
449 512
449 913
449 434
449 501
449 542
449 590
449 630
449 15
449 649
571 95
571 153
571 752
571 165
571 685
571 601
571 135
373 621
373 379
373 70
761 767
761 384
761 361
992 903
992 433
992 447
887 609
887 714
887 102
887 326
887 214
887 510
799 176
799 253
799 770
799 433
799 159
799 550
799 133
474 775
936 440
936 339
936 811
936 995
479 923
479 495
479 677
479 344
479 703
479 187
479 884
551 353
551 397
551 416
551 491
551 383
551 240
551 827
861 834
861 823
861 95
861 418
270 183
270 959
270 535
270 549
270 180
353 926
353 787
353 563
353 226
353 630
77 843
77 94
77 95
77 766
77 44
187 676
187 39
187 700
187 144
495 0
495 913
495 76
495 131
700 490
700 82
700 838
700 198
648 288
648 372
165 995
165 577
165 315
393 811
393 265
393 976
393 991
393 407
587 302
587 755
587 899
587 75
641 149
641 756
641 752
641 485
641 12
641 284
641 848
589 755
589 630
589 378
589 236
589 971
589 78
589 356
550 643
550 901
550 288
550 158
550 97
315 55
315 209
315 225
315 711
315 361
890 696
890 273
890 250
301 157
301 785
301 640
516 0
516 944
516 33
516 362
783 902
783 983
783 482
783 748
783 512
783 302
995 221
995 849
24 378
24 500
24 124
24 95
189 113
189 950
189 710
903 388
903 901
903 853
903 735
903 944
903 245
767 259
767 637
767 456
767 245
767 598
767 275
767 942
756 439
756 755
756 131
756 482
756 928
756 198
775 808
775 420
775 685
775 843
775 624
595 898
595 221
595 224
595 142
595 673
125 677
125 82
125 378
125 416
125 636
416 583
416 254
416 174
416 171
770 286
770 229
770 707
104 351
104 429
104 435
104 361
104 730
104 259
104 540
949 497
949 64
949 230
949 603
891 176
891 705
891 171
253 294
253 613
253 602
254 716
254 946
254 798
236 420
236 950
236 230
236 357
236 259
960 198
960 292
960 124
960 222
833 703
833 667
833 433
833 695
950 506
950 59
950 906
950 292
950 137
601 44
601 86
601 248
601 242
594 245
594 895
594 944
594 384
594 497
594 603
594 539
789 17
789 893
789 750
789 928
74 50
74 534
74 652
74 488
74 445
74 138
265 483
265 769
368 904
368 297
368 732
483 157
483 554
483 682
483 785
483 363
483 913
483 288
120 70
120 304
120 419
120 525
120 766
906 426
906 779
906 590
832 433
832 784
832 10
832 579
832 53
832 766
832 182
147 333
147 907
147 242
147 471
160 418
160 817
160 624
160 482
344 215
344 914
344 904
344 159
176 8
176 361
176 922
176 811
434 351
434 695
434 829
434 39
434 598
76 853
76 334
76 946
76 440
984 914
984 259
984 955
984 152
984 420
984 818
984 367
984 330
984 715
796 427
796 942
796 275
796 297
796 268
894 82
894 540
894 824
397 823
397 930
456 25
456 750
456 131
456 433
748 248
748 830
748 182
748 711
547 378
547 138
547 777
547 884
547 82
547 636
547 154
192 281
192 117
192 229
192 606
192 605
192 512
499 228
499 453
499 142
499 576
273 228
273 862
273 224
273 85
273 122
535 39
535 549
535 759
535 346
535 117
609 149
609 876
107 831
107 584
107 911
107 624
107 532
818 876
818 918
818 445
818 884
954 328
954 295
82 914
82 383
82 408
563 324
563 446
512 976
512 771
251 280
251 975
251 28
251 564
971 534
971 154
971 822
971 539
75 324
75 444
75 149
974 681
974 608
974 808
974 64
974 518
974 93
292 942
292 717
292 670
292 209
408 113
408 339
408 719
284 713
284 98
284 245
284 452
284 840
913 419
913 226
918 554
918 829
918 901
460 727
460 50
460 445
460 439
677 576
677 957
808 154
808 991
808 409
808 755
577 988
577 696
577 388
240 848
240 280
240 370
749 25
749 377
749 823
749 46
749 559
749 297
923 542
923 584
923 726
923 849
923 882
542 893
542 60
542 816
542 49
824 135
824 575
824 467
97 895
97 614
97 706
97 436
540 367
540 35
540 859
620 612
620 60
620 673
620 904
884 345
884 491
584 363
584 705
228 152
228 521
228 8
228 525
228 210
35 849
35 182
35 491
35 604
904 490
904 686
904 384
904 382
309 98
309 755
309 635
309 229
640 827
640 848
44 452
44 693
845 335
845 721
845 3
268 820
268 137
268 817
268 440
54 561
54 333
138 50
138 86
177 295
177 8
177 50
556 382
556 726
556 248
556 753
556 605
471 250
471 531
80 711
80 942
80 28
80 379
286 388
286 983
12 928
12 583
12 727
12 366
182 501
182 279
182 848
171 951
171 855
171 851
374 320
374 149
374 521
374 425
374 561
135 116
135 696
849 332
849 605
849 303
184 534
184 830
838 583
838 653
838 242
838 297
838 57
134 320
134 506
134 663
134 898
777 737
777 231
777 703
777 959
777 840
777 616
721 714
721 670
721 827
721 331
721 726
721 624
174 357
174 855
174 603
174 779
685 863
876 326
876 73
876 911
957 56
957 139
320 383
320 617
320 362
739 598
862 852
862 304
862 444
911 866
287 522
287 829
287 351
863 771
863 653
13 205
13 20
817 295
817 412
817 372
361 942
361 302
361 680
901 85
901 379
597 614
597 3
597 759
597 25
737 302
737 605
144 229
144 955
637 116
637 787
637 856
637 17
914 247
914 224
914 839
914 667
209 379
209 695
209 678
224 613
444 426
576 158
576 330
576 247
576 73
93 426
93 823
951 409
951 250
539 10
539 377
613 154
613 573
613 330
941 705
941 703
941 245
604 281
604 759
604 564
510 606
510 742
510 425
510 152
439 179
439 653
439 277
569 603
569 670
569 215
569 809
402 193
402 881
402 330
402 339
371 330
57 713
57 531
98 409
98 384
98 117
732 561
732 10
732 820
506 586
506 537
506 673
506 332
478 198
478 588
478 579
478 585
478 186
39 20
899 590
899 559
899 405
705 707
705 115
888 2
888 860
888 642
888 653
95 521
95 222
598 259
681 71
681 467
152 94
152 564
152 122
152 102
860 347
860 427
279 477
839 267
839 142
56 280
56 131
56 930
334 68
334 642
334 725
334 676
245 975
245 964
726 225
726 673
866 614
866 375
3 829
605 975
605 534
605 859
47 304
47 294
47 28
8 445
25 822
976 485
976 384
976 242
407 997
407 339
407 760
407 477
345 926
345 682
345 765
561 78
561 696
561 375
294 379
294 482
294 829
294 791
294 335
294 339
746 682
746 934
643 417
643 116
643 760
153 468
848 447
500 798
500 468
500 642
630 616
630 959
630 105
10 288
10 946
53 372
934 346
934 468
934 823
934 304
433 781
433 31
433 446
926 710
926 143
926 445
991 73
991 46
991 4
991 686
942 959
377 583
377 78
377 304
765 678
765 304
588 662
426 585
362 467
362 537
362 607
362 131
362 752
233 247
233 840
217 467
217 667
217 843
217 856
157 242
157 882
157 186
157 347
831 586
831 830
370 136
370 64
205 124
205 267
205 382
205 379
346 417
346 642
564 452
564 997
267 139
760 470
760 602
760 48
663 531
537 469
537 676
676 686
676 785
676 186
997 435
997 834
781 332
304 477
304 4
784 988
784 193
784 612
784 158
378 178
378 579
491 621
491 427
491 151
731 330
731 365
731 653
670 115
902 715
902 791
902 753
902 585
853 281
435 769
477 662
688 986
688 17
470 531
470 226
470 727
330 468
382 534
70 583
70 759
70 193
48 447
48 179
48 742
295 801
787 532
419 581
419 179
822 31
822 725
501 326
351 801
351 425
102 616
102 303
652 585
652 277
652 392
215 696
215 49
215 635
193 221
366 17
366 522
365 534
583 133
178 116
46 20
46 59
181 779
181 928
181 621
830 855
55 771
714 638
882 710
882 85
725 898
715 43
715 412
715 579
895 482
383 392
115 837
115 418
603 64
603 816
898 280
898 614
898 632
616 928
116 518
49 388
49 469
31 693
375 221
375 247
581 573
335 575
221 636
347 231
302 149
759 28
94 272
94 710
412 139
418 372
485 986
206 855
206 328
206 644
955 226
379 755
834 525
357 606
357 137
614 446
614 852
131 769
531 851
531 453
137 405
259 811
851 686
851 881
719 183
719 436
606 519
139 522
445 324
445 811
445 612
617 518
617 642
922 384
922 333
229 791
229 771
43 856
43 78
43 638
612 59
964 230
333 843
20 798
986 198
222 68
521 230
28 420
532 226
735 608
735 586
717 730
717 554
427 15
425 752
425 303
682 275
682 151
713 280
158 579
621 753
930 488
930 534
519 607
769 105
769 518
490 586
497 742
497 86
820 281
367 405
367 590
151 755
280 573
272 186
272 692
791 823
518 632
154 816
33 303
837 678
214 143
68 711
78 816
429 45
