288 535
288 271
288 112
288 6
288 720
288 30
288 35
288 912
288 620
288 804
552 653
552 25
552 768
552 317
552 839
552 925
552 508
552 876
552 574
552 760
520 330
520 526
520 563
520 262
520 608
520 265
520 792
520 603
520 750
520 118
794 728
794 482
794 991
794 321
794 370
794 75
794 518
794 310
794 543
794 149
387 776
387 68
387 453
387 153
387 739
387 918
387 624
387 583
387 977
387 443
679 424
679 74
679 194
679 648
679 192
679 370
679 858
679 518
679 837
679 176
46 289
46 639
46 278
46 302
46 669
46 322
46 492
46 603
46 142
46 478
386 577
386 880
386 535
386 21
386 217
386 308
386 522
386 466
386 285
386 259
274 997
274 167
274 414
274 925
274 576
274 855
274 907
274 618
274 751
274 361
738 671
738 336
738 877
738 685
738 280
738 704
738 269
738 97
738 750
738 995
255 435
255 874
255 924
255 963
255 182
255 744
255 164
255 199
255 194
255 464
496 66
496 287
496 302
496 219
496 169
496 695
496 81
496 965
496 888
496 674
56 185
56 448
56 978
56 684
56 873
56 730
56 182
56 527
56 729
56 703
286 347
286 788
286 599
286 871
286 556
286 792
286 505
286 33
286 775
286 206
503 373
503 965
503 342
503 479
503 451
503 967
503 346
503 925
503 893
503 845
746 951
746 114
746 983
746 168
746 675
746 416
746 723
746 758
746 325
746 229
281 25
281 305
281 70
281 356
281 388
281 235
281 536
281 972
281 954
281 399
633 913
633 458
633 702
633 443
633 451
633 856
633 180
633 413
633 494
633 407
41 219
41 70
41 806
41 424
41 642
41 60
41 573
41 935
41 556
41 902
163 511
163 591
163 600
163 584
163 793
163 194
163 913
163 891
163 547
163 975
959 710
959 790
959 139
959 53
959 228
959 485
959 773
959 889
959 381
959 578
962 467
962 376
962 466
962 871
962 371
962 200
962 929
962 63
962 793
962 777
213 582
213 315
213 12
213 124
213 332
213 172
213 363
213 935
213 216
213 523
391 300
391 78
391 77
391 60
391 942
391 971
391 769
391 411
391 669
391 81
760 889
760 20
760 508
760 403
760 925
760 313
760 404
760 192
760 538
789 943
789 666
789 474
789 506
789 939
789 328
789 972
789 201
789 860
789 145
273 881
273 569
273 628
273 35
273 42
273 748
273 251
273 596
273 317
273 559
405 898
405 922
405 180
405 632
405 342
405 953
405 835
405 642
405 530
405 220
223 645
223 456
223 326
223 644
223 736
223 152
223 604
223 626
223 305
223 188
813 858
813 598
813 74
813 920
813 140
813 460
813 914
813 956
813 226
813 635
457 748
457 344
457 632
457 143
457 45
457 212
457 262
457 849
457 906
457 168
751 855
751 361
751 871
751 576
751 997
751 167
751 691
751 252
751 618
266 21
266 212
266 320
266 189
266 898
266 900
266 199
266 33
266 302
266 433
631 718
631 841
631 568
631 800
631 236
631 948
631 282
631 802
631 69
631 723
113 94
113 93
113 416
113 683
113 591
113 305
113 699
113 440
113 579
113 442
160 747
160 157
160 726
160 380
160 482
160 818
160 787
160 907
160 99
160 532
725 297
725 342
725 418
725 61
725 131
725 176
725 51
725 675
725 982
725 29
916 142
916 30
916 831
916 855
916 839
916 62
916 774
916 372
916 683
916 687
293 706
293 53
293 469
293 788
293 444
293 949
293 647
293 968
293 930
293 777
764 953
764 278
764 878
764 351
764 9
764 752
764 456
764 988
764 335
764 929
801 807
801 585
801 720
801 973
801 120
801 501
801 810
801 734
801 590
801 659
911 960
911 954
911 30
911 828
911 139
911 809
911 754
911 299
911 495
911 327
682 799
682 166
682 128
682 708
682 806
682 961
682 542
682 626
682 876
682 237
105 662
105 267
105 132
105 951
105 62
105 220
105 207
105 239
105 894
105 60
161 620
161 364
161 893
161 545
161 438
161 185
161 983
161 904
161 705
161 577
16 627
16 954
16 30
16 619
16 536
16 803
16 728
16 401
16 83
16 434
348 91
348 866
348 972
348 436
348 28
348 559
348 694
348 146
348 960
348 150
324 985
324 610
324 931
324 57
324 26
324 818
324 884
324 140
324 710
324 737
464 593
464 477
464 500
464 737
464 182
464 275
464 800
464 199
464 14
263 133
263 571
263 937
263 135
263 272
263 398
263 818
263 976
263 698
263 32
454 155
454 557
454 900
454 541
454 390
454 268
454 477
454 755
454 925
454 606
249 567
249 156
249 753
249 237
249 96
249 561
249 745
249 228
249 620
249 109
290 109
290 468
290 623
290 250
290 718
290 754
290 824
290 72
290 763
290 886
261 620
261 816
261 843
261 636
261 489
261 705
261 491
261 566
261 964
261 823
529 768
529 206
529 561
529 683
529 184
529 874
529 110
529 101
529 74
529 152
250 728
250 731
250 778
250 200
250 714
250 828
250 507
250 826
250 199
636 894
636 904
636 566
636 574
636 420
636 800
636 843
636 48
636 20
993 600
993 264
993 284
993 783
993 535
993 219
993 576
993 781
993 767
993 966
525 613
525 116
525 649
525 128
525 836
525 332
525 282
525 104
525 644
525 490
575 418
575 346
575 92
575 500
575 986
575 714
575 736
575 310
575 333
575 415
7 358
7 277
7 141
7 411
7 847
7 242
7 929
7 548
7 513
7 14
649 797
649 596
649 609
649 275
649 599
649 18
649 451
649 301
649 389
144 318
144 946
144 811
144 477
144 494
144 970
144 434
144 345
144 899
144 860
883 168
883 334
883 955
883 849
883 33
883 284
883 785
883 209
883 418
883 502
667 905
667 243
667 763
667 236
667 731
667 344
667 834
667 28
667 485
667 61
695 302
695 585
695 707
695 593
695 976
695 965
695 440
695 117
695 413
658 268
658 964
658 537
658 544
658 437
658 762
658 640
658 390
658 625
658 125
875 248
875 556
875 181
875 940
875 797
875 828
875 863
875 766
875 566
875 306
143 352
143 235
143 44
143 106
143 632
143 200
143 153
143 912
143 657
958 267
958 557
958 821
958 460
958 231
958 468
958 676
958 336
958 383
958 495
992 891
992 824
992 403
992 974
992 404
992 929
992 230
992 851
992 306
992 110
810 807
810 590
810 412
810 659
810 973
810 767
810 963
810 220
810 924
865 785
865 421
865 437
865 51
865 706
865 61
865 599
865 339
865 982
865 716
166 797
166 53
166 788
166 581
166 876
166 844
166 116
166 178
166 219
534 584
534 428
534 509
534 284
534 50
534 709
534 485
534 510
534 58
534 933
312 613
312 133
312 208
312 589
312 654
312 698
312 922
312 332
312 564
312 127
588 428
588 945
588 980
588 513
588 379
588 377
588 409
588 586
588 949
588 83
859 776
859 252
859 772
859 623
859 390
859 723
859 374
859 209
859 952
859 560
986 190
986 58
986 803
986 601
986 11
986 634
986 568
986 438
986 310
64 412
64 624
64 350
64 308
64 841
64 615
64 431
64 800
64 733
64 906
486 219
486 505
486 872
486 670
486 565
486 777
486 112
486 917
486 231
486 15
55 396
55 642
55 309
55 80
55 6
55 479
55 599
55 946
55 713
55 473
666 474
666 328
666 201
666 145
666 939
666 269
666 892
666 608
666 965
927 354
927 301
927 158
927 236
927 426
927 334
927 332
927 396
927 786
927 591
21 217
21 896
21 739
21 619
21 468
21 812
21 773
21 742
826 58
826 899
826 474
826 389
826 972
826 477
826 601
826 507
826 466
329 52
329 74
329 505
329 395
329 983
329 373
329 235
329 53
329 170
329 656
942 835
942 526
942 141
942 943
942 971
942 481
942 717
942 178
942 232
218 780
218 741
218 512
218 278
218 893
218 524
218 630
218 885
218 446
218 937
845 768
845 243
845 17
845 505
845 786
845 870
845 54
845 926
845 627
221 699
221 844
221 419
221 873
221 129
221 491
221 388
221 774
221 307
221 740
362 583
362 267
362 26
362 824
362 624
362 530
362 120
362 505
362 951
362 402
23 602
23 684
23 612
23 140
23 106
23 480
23 893
23 564
23 369
23 469
606 368
606 670
606 500
606 605
606 320
606 479
606 323
606 269
606 964
121 452
121 655
121 140
121 988
121 570
121 139
121 985
121 356
121 383
121 740
360 932
360 906
360 561
360 730
360 761
360 884
360 112
360 901
360 27
360 239
2 804
2 661
2 142
2 656
2 4
2 651
2 654
2 983
2 758
2 511
668 819
668 779
668 140
668 846
668 272
668 287
668 508
668 880
668 547
668 107
24 313
24 873
24 287
24 3
24 936
24 950
24 571
24 68
24 107
24 628
198 134
198 623
198 991
198 674
198 816
198 530
198 466
198 731
198 784
198 59
483 598
483 776
483 322
483 377
483 909
483 364
483 506
483 444
483 540
483 336
712 298
712 158
712 539
712 772
712 359
712 744
712 819
712 92
712 222
712 382
423 84
423 507
423 264
423 773
423 171
423 781
423 647
423 783
423 966
423 600
432 812
432 829
432 190
432 654
432 528
432 65
432 821
432 997
432 171
432 187
796 141
796 196
796 724
796 330
796 147
796 238
796 85
796 706
796 616
796 6
943 82
943 195
943 73
943 670
943 786
943 620
943 974
943 961
914 43
914 347
914 22
914 178
914 480
914 591
914 908
914 817
914 894
935 12
935 216
935 54
935 582
935 759
935 363
935 510
935 124
229 411
229 460
229 573
229 874
229 971
229 416
229 302
229 300
229 718
832 856
832 333
832 560
832 232
832 526
832 839
832 19
832 581
832 136
832 138
191 514
191 919
191 510
191 128
191 22
191 165
191 765
191 827
191 419
191 197
311 979
311 921
311 337
311 110
311 270
311 637
311 672
311 791
311 933
311 869
108 626
108 987
108 43
108 907
108 326
108 322
108 267
108 146
108 365
108 504
542 687
542 753
542 214
542 77
542 866
542 399
542 179
542 708
542 497
376 492
376 515
376 258
376 947
376 944
376 462
376 638
376 129
376 669
247 73
247 604
247 131
247 15
247 511
247 443
247 153
247 252
247 808
247 873
886 225
886 461
886 115
886 357
886 202
886 690
886 254
886 49
886 757
151 849
151 871
151 51
151 652
151 548
151 388
151 674
151 933
151 569
151 620
912 752
912 652
912 271
912 933
912 949
912 630
912 115
912 720
770 559
770 978
770 838
770 981
770 383
770 940
770 908
770 262
770 799
770 174
890 538
890 953
890 522
890 167
890 449
890 742
890 898
890 68
890 908
890 739
891 975
891 559
891 70
891 253
891 409
891 233
891 773
891 974
840 744
840 11
840 785
840 478
840 230
840 433
840 877
840 781
840 915
840 212
365 279
365 852
365 406
365 395
365 350
365 594
365 626
365 967
365 823
841 209
841 8
841 322
841 906
841 733
841 758
841 803
841 306
230 657
230 597
230 887
230 732
230 541
230 118
230 244
230 929
424 189
424 858
424 74
424 956
424 370
424 518
424 790
424 837
111 388
111 735
111 699
111 612
111 307
111 644
111 624
111 817
111 774
111 646
961 114
961 189
961 834
961 540
961 501
961 0
961 378
961 635
59 425
59 480
59 714
59 393
59 567
59 429
59 987
59 976
59 122
402 267
402 951
402 747
402 540
402 849
402 26
402 58
402 228
402 307
615 400
615 741
615 906
615 521
615 412
615 727
615 177
615 431
615 689
29 757
29 773
29 205
29 888
29 806
29 72
29 622
29 705
29 220
784 640
784 125
784 625
784 819
784 437
784 795
784 934
784 876
784 338
101 396
101 315
101 768
101 80
101 957
101 309
101 713
101 946
101 473
623 493
623 593
623 246
623 226
623 563
623 723
623 135
154 399
154 256
154 694
154 938
154 573
154 923
154 523
154 164
154 203
154 509
671 750
671 48
671 280
671 995
671 97
671 611
671 704
671 410
671 969
76 522
76 26
76 32
76 69
76 238
76 735
76 731
76 330
76 220
76 469
980 394
980 335
980 874
980 925
980 130
980 131
980 558
980 625
980 550
392 267
392 792
392 981
392 487
392 452
392 122
392 541
392 444
392 210
392 215
325 634
325 697
325 565
325 610
325 441
325 242
325 339
325 621
325 292
903 594
903 279
903 967
903 395
903 441
903 621
903 244
903 772
903 406
903 272
545 0
545 390
545 287
545 276
545 920
545 426
545 174
545 687
545 885
677 737
677 359
677 306
677 475
677 70
677 39
677 186
677 808
677 459
677 516
850 655
850 506
850 766
850 50
850 441
850 474
850 816
850 287
850 790
850 504
40 766
40 339
40 740
40 981
40 323
40 852
40 165
40 441
40 756
40 304
397 647
397 237
397 862
397 519
397 150
397 310
397 308
397 86
397 373
397 322
126 733
126 862
126 578
126 90
126 401
126 460
126 756
126 851
126 902
126 389
814 67
814 63
814 345
814 449
814 48
814 384
814 378
814 756
814 341
814 316
809 349
809 861
809 82
809 498
809 782
809 478
809 815
809 643
809 107
844 307
844 304
844 168
844 774
844 388
844 491
844 612
844 585
798 627
798 283
798 60
798 164
798 211
798 968
798 443
798 158
798 607
798 860
868 466
868 321
868 244
868 35
868 419
868 165
868 514
868 476
868 919
868 38
149 118
149 310
149 372
149 85
149 233
149 805
149 466
149 139
149 90
690 202
690 224
690 357
690 254
690 232
690 115
690 461
690 225
690 757
5 566
5 994
5 472
5 222
5 123
5 944
5 947
5 664
5 515
5 258
645 262
645 838
645 731
645 701
645 512
645 740
645 974
645 674
645 650
607 477
607 399
607 792
607 502
607 617
607 268
607 295
607 646
607 427
979 869
979 921
979 338
979 983
979 270
979 150
979 767
979 672
979 637
665 27
665 188
665 908
665 407
665 567
665 102
665 930
665 616
665 527
665 921
691 936
691 592
691 73
691 715
691 408
691 69
691 995
691 879
691 857
403 538
403 404
403 889
403 674
403 20
403 313
403 192
403 417
296 715
296 128
296 846
296 224
296 344
296 827
296 91
296 819
296 501
296 613
565 933
565 509
565 766
565 745
565 174
565 660
565 777
565 960
576 361
576 332
576 997
576 618
576 167
576 907
576 855
619 435
619 493
619 710
619 18
619 953
619 737
619 123
619 802
91 346
91 150
91 291
91 207
91 871
91 197
91 58
91 694
870 287
870 117
870 458
870 791
870 553
870 823
870 854
870 735
870 440
493 918
493 347
493 252
493 367
493 835
493 92
493 116
493 136
869 492
869 921
869 672
869 150
869 637
869 622
869 270
869 526
676 272
676 543
676 393
676 484
676 245
676 271
676 173
676 807
676 9
742 69
742 116
742 954
742 150
742 733
742 556
742 217
742 322
555 264
555 857
555 864
555 755
555 252
555 867
555 89
555 458
555 75
555 609
681 673
681 248
681 617
681 913
681 326
681 500
681 584
681 777
681 252
681 722
752 354
752 902
752 808
752 335
752 652
752 754
752 489
752 727
966 335
966 84
966 647
966 783
966 781
966 264
966 600
966 283
812 65
812 187
812 829
812 662
812 821
812 190
812 171
812 562
253 259
253 805
253 549
253 260
253 159
253 37
253 539
253 197
253 763
989 70
989 530
989 71
989 592
989 355
989 434
989 14
989 936
989 595
989 130
303 974
303 136
303 985
303 917
303 3
303 327
303 25
303 47
303 0
303 434
352 851
352 923
352 339
352 717
352 673
352 500
352 689
352 511
352 122
662 821
662 603
662 68
662 190
662 48
662 799
662 425
662 336
928 197
928 528
928 941
928 706
928 650
928 758
928 19
928 709
928 207
928 632
861 815
861 643
861 629
861 782
861 349
861 498
861 186
861 888
861 82
938 36
938 203
938 940
938 822
938 663
938 523
938 793
938 452
938 779
326 848
326 683
326 110
326 657
326 839
326 913
326 791
686 862
686 228
686 85
686 835
686 239
686 415
686 510
686 663
686 354
686 689
551 944
551 472
551 701
551 162
551 258
551 123
551 467
551 515
551 947
551 129
804 504
804 720
804 359
804 516
804 557
804 494
804 175
804 39
119 359
119 616
119 338
119 15
119 711
119 637
119 33
119 700
119 44
119 145
127 741
127 887
127 135
127 133
127 589
127 698
127 491
127 398
127 162
79 663
79 299
79 54
79 904
79 940
79 427
79 566
79 471
79 951
79 512
994 823
994 920
994 539
994 343
994 817
994 610
994 169
994 740
994 785
514 321
514 175
514 476
514 838
514 419
514 919
514 468
514 165
922 285
922 524
922 560
922 975
922 295
922 181
922 156
922 642
206 711
206 653
206 394
206 768
206 427
206 435
206 802
206 152
769 508
769 996
769 294
769 771
769 484
769 422
769 656
769 547
769 375
319 89
319 968
319 357
319 788
319 978
319 202
319 439
319 254
319 18
319 546
417 404
417 915
417 627
417 192
417 382
417 275
417 147
417 630
417 45
52 756
52 955
52 680
52 233
52 394
52 739
52 718
52 976
52 465
73 141
73 156
73 289
73 37
73 310
73 670
73 775
240 429
240 193
240 730
240 38
240 895
240 442
240 693
240 999
240 93
240 863
203 276
203 256
203 509
203 456
203 848
203 526
203 104
203 846
242 644
242 594
242 574
242 292
242 646
242 234
242 655
242 14
934 786
934 614
934 734
934 692
934 102
934 598
934 97
934 487
934 920
479 713
479 925
479 670
479 374
479 893
479 745
479 473
820 224
820 157
820 380
820 500
820 465
820 314
820 110
820 363
820 506
820 747
430 426
430 522
430 200
430 414
430 156
430 702
430 47
430 390
430 749
430 527
635 614
635 257
635 175
635 385
635 647
635 0
635 85
635 488
345 384
345 316
345 899
345 341
345 378
345 443
345 825
345 756
941 517
941 194
941 634
941 342
941 984
941 450
941 89
941 532
941 972
713 332
713 946
713 396
713 245
713 744
713 473
713 309
611 995
611 410
611 779
611 793
611 97
611 750
611 280
611 696
611 704
831 438
831 10
831 541
831 721
831 85
831 630
831 248
831 735
831 30
472 123
472 129
472 258
472 515
472 204
472 80
472 944
472 947
379 401
379 481
379 733
379 646
379 836
379 207
379 245
379 291
379 485
710 577
710 884
710 767
710 539
710 797
710 737
710 364
125 544
125 537
125 640
125 795
125 702
125 437
125 762
125 625
830 275
830 492
830 214
830 421
830 177
830 949
830 297
830 541
830 991
830 711
592 470
592 936
592 131
592 304
592 395
592 823
592 406
592 39
872 765
872 932
872 803
872 112
872 170
872 207
872 517
872 540
872 720
201 892
201 939
201 608
201 474
201 601
201 328
201 145
201 506
825 316
825 341
825 272
825 999
825 378
825 899
825 384
825 342
825 988
931 678
931 806
931 204
931 884
931 219
931 381
931 987
931 971
931 991
775 331
775 60
775 670
775 566
775 309
775 336
775 70
775 212
726 157
726 482
726 747
726 499
726 787
726 114
726 314
726 380
726 99
298 708
298 131
298 772
298 373
298 874
298 593
298 744
298 107
298 382
842 824
842 180
842 394
842 354
842 28
842 905
842 761
842 900
842 598
842 629
721 110
721 340
721 323
721 678
721 501
721 169
721 350
721 834
721 929
945 409
945 513
945 234
945 586
945 949
945 83
945 428
945 578
945 523
518 208
518 837
518 370
518 194
518 858
518 74
518 956
882 605
882 568
882 523
882 155
882 138
882 898
882 743
882 933
882 136
882 367
613 819
613 846
613 17
613 47
613 128
613 370
613 490
960 837
960 33
960 346
960 20
960 705
960 512
960 857
998 217
998 952
998 72
998 644
998 622
998 94
998 141
998 8
998 33
998 898
316 341
316 899
316 35
316 756
316 384
316 378
316 467
66 299
66 75
66 87
66 36
66 219
66 562
66 382
66 731
66 272
355 153
355 132
355 936
355 787
355 71
355 733
355 901
355 849
355 897
366 478
366 541
366 416
366 815
366 749
366 339
366 648
366 639
366 233
366 854
179 708
179 214
179 866
179 753
179 497
179 164
179 687
179 822
179 339
369 413
369 32
369 452
369 767
369 140
369 385
369 469
369 237
369 139
406 279
406 967
406 395
406 823
406 594
406 732
406 621
560 847
560 232
560 43
560 36
560 181
560 952
560 687
612 774
612 501
612 498
612 573
612 388
612 991
612 817
795 547
795 437
795 640
795 544
795 537
795 762
795 625
795 897
314 157
314 482
314 110
314 99
314 435
314 787
314 380
314 747
449 407
449 692
449 1
449 462
449 302
449 226
449 965
449 715
103 304
103 184
103 440
103 146
103 604
103 732
103 462
103 546
103 94
103 707
909 574
909 554
909 906
909 561
909 106
909 562
909 598
909 531
909 295
629 905
629 382
629 824
629 900
629 180
629 210
629 471
629 354
955 277
955 718
955 811
955 184
955 407
955 598
955 394
955 655
617 502
617 80
617 584
617 684
617 49
617 63
617 481
617 334
901 923
901 71
901 782
901 936
901 643
901 604
901 132
901 892
562 19
562 484
562 692
562 238
562 272
562 209
562 540
605 987
605 438
605 893
605 344
605 189
605 245
605 818
605 563
14 500
14 808
14 595
14 234
14 481
14 141
49 584
49 45
49 92
49 0
49 204
49 481
49 63
49 597
137 680
137 234
137 142
137 95
137 415
137 951
137 499
137 27
137 310
137 628
385 835
385 306
385 220
385 488
385 663
385 244
385 257
385 401
554 720
554 439
554 696
554 561
554 834
554 819
554 475
554 684
554 511
673 884
673 109
673 364
673 737
673 877
673 968
673 761
673 577
765 351
765 275
765 650
765 42
765 33
765 497
765 68
765 384
856 232
856 443
856 827
856 78
856 581
856 896
856 526
856 333
162 494
162 335
162 589
162 245
162 305
162 155
162 27
162 698
563 895
563 368
563 501
563 834
563 164
563 977
563 181
170 855
170 568
170 482
170 776
170 703
170 767
170 327
170 373
683 763
683 106
683 561
683 715
683 791
683 497
684 729
684 245
684 873
684 584
684 467
684 87
571 34
571 902
571 372
571 593
571 15
571 976
571 90
571 117
445 957
445 579
445 109
445 32
445 743
445 148
445 31
445 129
445 361
445 969
622 776
622 929
622 969
622 175
622 452
622 32
622 834
463 564
463 860
463 502
463 632
463 241
463 548
463 243
463 583
463 171
463 318
415 893
415 134
415 367
415 485
415 866
415 62
415 17
910 932
910 990
910 936
910 743
910 499
910 209
910 924
910 642
910 706
910 638
688 489
688 87
688 80
688 737
688 996
688 957
688 884
688 964
688 292
688 26
915 192
915 313
915 256
915 648
915 584
915 404
915 45
915 988
853 382
853 985
853 238
853 77
853 648
853 3
853 501
853 374
853 703
853 634
982 678
982 523
982 297
982 51
982 997
982 61
982 69
982 215
18 50
18 800
18 341
18 595
18 897
18 357
18 511
117 285
117 158
117 593
117 821
117 34
117 283
117 735
487 215
487 627
487 874
487 331
487 210
487 114
487 95
487 744
533 624
533 200
533 722
533 816
533 848
533 512
533 897
533 489
533 857
533 356
977 499
977 45
977 701
977 176
977 106
977 583
977 155
977 512
864 460
864 75
864 857
864 389
864 177
864 755
864 458
864 867
864 289
1 226
1 260
1 974
1 495
1 72
1 490
1 817
1 439
1 790
887 660
887 407
887 494
887 970
887 851
887 477
887 987
887 268
453 946
453 953
453 458
453 704
453 837
453 957
453 541
453 776
453 68
459 13
459 475
459 709
459 808
459 39
459 516
459 237
459 308
459 964
173 102
173 697
173 639
173 285
173 965
173 142
173 797
173 272
173 836
553 877
553 822
553 440
553 289
553 488
553 601
553 122
553 436
553 204
582 470
582 124
582 363
582 716
582 216
582 729
582 759
582 172
761 792
761 159
761 244
761 932
761 291
761 393
761 58
602 835
602 893
602 272
602 597
602 878
602 918
602 735
602 4
602 67
969 904
969 148
969 32
969 579
969 94
969 31
969 957
104 839
104 595
104 339
104 502
104 342
104 716
104 84
104 897
558 833
558 130
558 235
558 847
558 874
558 323
558 335
558 854
558 215
461 736
461 202
461 183
461 828
461 254
461 225
461 115
461 357
700 292
700 446
700 541
700 732
700 159
700 381
700 265
700 346
700 295
447 337
447 583
447 573
447 587
447 408
447 68
447 262
447 371
447 353
447 758
802 36
802 598
802 256
802 248
802 343
802 768
802 759
829 353
829 190
829 171
829 65
829 187
829 654
829 394
829 413
867 458
867 11
867 755
867 778
867 857
867 60
867 118
867 289
586 513
586 428
586 949
586 878
586 83
586 823
586 409
586 736
880 299
880 659
880 300
880 547
880 186
880 50
880 717
880 114
892 328
892 145
892 506
892 822
892 474
892 939
892 601
923 926
923 714
923 580
923 279
923 481
923 22
923 480
3 985
3 566
3 47
3 570
3 567
3 61
3 469
178 195
178 141
178 788
178 541
178 116
178 528
178 358
762 208
762 749
762 437
762 537
762 640
762 625
762 544
128 92
128 866
128 719
128 510
128 490
269 331
269 231
269 302
269 772
269 750
269 704
269 97
651 390
651 152
651 334
651 279
651 983
651 664
651 238
651 621
651 4
277 929
277 299
277 135
277 654
277 757
277 199
277 971
277 381
475 516
475 289
475 808
475 47
475 440
475 39
475 462
595 342
595 11
595 383
595 678
595 236
595 466
821 491
821 879
821 590
821 528
821 968
340 490
340 517
340 109
340 10
340 675
340 510
340 22
340 351
340 599
531 894
531 333
531 356
531 953
531 816
531 774
531 19
531 44
531 236
9 929
9 43
9 187
9 335
9 895
9 44
9 953
9 426
697 871
697 627
697 610
697 895
697 767
697 441
697 535
697 604
280 704
280 310
280 375
280 995
280 410
280 750
280 97
60 384
60 375
60 70
60 598
211 630
211 275
211 510
211 732
211 237
211 670
211 451
211 627
211 787
448 185
448 978
448 838
448 182
448 572
448 537
448 544
448 527
448 730
478 489
478 920
478 416
478 815
478 420
478 419
398 490
398 698
398 589
398 135
398 133
398 305
398 321
398 408
11 548
11 414
11 678
11 155
11 212
11 638
248 470
248 98
248 584
248 548
248 705
248 490
187 495
187 171
187 190
187 65
187 620
187 351
98 664
98 786
98 136
98 208
98 282
98 971
98 778
98 536
98 799
136 974
136 227
136 232
136 707
136 138
82 643
82 815
82 61
82 498
82 957
82 349
82 888
381 904
381 773
381 102
381 971
381 208
381 446
410 522
410 750
410 995
410 97
410 145
410 661
410 704
193 442
193 999
193 768
193 693
193 567
193 289
193 93
193 863
193 429
373 489
373 318
373 709
373 107
373 543
885 808
885 278
885 524
885 786
885 780
885 937
885 301
885 446
132 275
132 301
132 421
132 654
132 184
132 546
132 863
659 807
659 641
659 734
659 696
659 590
659 963
659 973
426 390
426 396
426 495
426 538
426 414
426 72
877 648
877 429
877 439
877 433
877 337
877 719
338 568
338 729
338 598
338 616
338 257
338 787
338 570
241 153
241 766
241 62
241 675
241 90
241 118
241 570
241 450
241 158
854 320
854 974
854 664
854 332
854 639
854 733
854 550
532 455
532 450
532 724
532 984
532 89
532 414
532 736
532 227
714 824
714 748
714 507
714 745
714 561
714 975
578 418
578 139
578 572
578 932
578 793
578 879
578 638
370 956
370 837
370 421
370 222
370 245
337 791
337 921
337 621
337 164
337 270
337 196
337 657
889 399
889 192
889 232
889 538
889 404
889 20
889 174
640 625
640 537
640 544
640 437
640 609
661 547
661 77
661 827
661 964
661 17
661 610
661 806
661 818
276 509
276 485
276 526
276 920
276 556
276 57
276 189
276 456
650 106
650 217
650 343
650 71
650 93
650 528
650 95
680 233
680 924
680 926
680 168
680 838
680 702
680 895
680 15
999 110
999 669
999 863
999 539
999 429
999 217
999 693
138 93
138 202
138 981
138 146
138 374
138 367
138 964
716 124
716 393
716 657
716 358
716 142
716 339
716 244
723 703
723 948
723 69
723 968
723 205
723 675
550 172
550 332
550 646
550 106
550 589
550 547
550 924
550 12
660 407
660 701
660 489
660 720
660 871
660 970
660 851
660 705
888 498
888 643
888 349
888 609
888 246
888 175
527 978
527 185
527 182
527 730
527 838
527 547
905 354
905 824
905 344
905 900
905 180
905 827
905 28
420 34
420 285
420 574
420 773
420 904
420 182
420 435
420 985
779 846
779 43
779 57
779 22
779 394
779 50
779 26
833 334
833 702
833 968
833 185
833 781
833 732
833 344
833 434
833 755
948 13
948 69
948 205
948 427
948 234
948 467
948 570
948 465
782 643
782 320
782 513
782 498
782 217
782 815
782 556
65 654
65 171
65 393
65 134
65 190
65 72
93 693
93 442
93 95
93 429
93 863
367 141
367 827
367 359
367 632
367 925
367 460
587 811
587 408
587 371
587 843
587 519
587 580
587 297
587 305
587 183
663 981
663 38
663 685
663 244
663 822
663 940
88 583
88 816
88 368
88 786
88 817
88 80
88 207
88 790
88 283
88 260
256 210
256 300
256 343
256 509
256 456
256 548
421 492
421 835
421 301
421 346
421 598
421 603
896 967
896 174
896 130
896 785
896 219
896 232
896 444
896 556
134 334
134 380
134 109
134 181
134 190
134 456
134 188
594 967
594 395
594 146
594 279
594 621
594 260
787 157
787 99
787 747
787 205
19 210
19 96
19 333
19 777
19 953
19 43
327 51
327 139
327 687
327 393
327 828
327 954
327 291
902 754
902 727
902 183
902 90
902 652
902 559
488 772
488 43
488 952
488 350
488 257
488 220
488 364
34 285
34 913
34 701
34 593
34 44
34 819
34 297
83 609
83 513
83 409
83 428
83 709
83 169
38 847
38 225
38 515
38 991
38 828
38 940
38 837
727 603
727 142
727 800
727 235
727 897
727 334
727 758
790 208
790 817
790 441
790 530
790 675
707 858
707 913
707 570
707 413
707 556
707 209
707 926
970 851
970 579
970 540
970 494
970 118
970 657
970 318
168 838
168 164
168 368
168 476
168 646
692 67
692 614
692 54
692 566
692 699
692 39
692 920
389 188
389 351
389 460
389 705
389 567
389 31
186 225
186 729
186 718
186 246
186 950
186 717
186 517
51 342
51 933
51 954
51 722
51 652
292 745
292 879
292 549
292 441
292 4
292 153
202 357
202 254
202 225
202 112
202 757
628 42
628 748
628 881
628 317
628 251
628 569
628 35
155 148
155 743
155 146
155 884
155 259
956 196
956 416
956 74
956 884
956 858
956 433
509 456
509 777
509 732
509 788
446 301
446 937
446 524
446 773
446 50
446 780
521 431
521 177
521 878
521 422
521 400
521 17
521 412
521 689
521 906
564 502
564 862
564 394
564 372
564 358
564 634
564 30
226 614
226 908
226 283
226 739
226 972
226 936
80 492
80 315
80 473
80 309
646 485
646 332
646 377
646 548
771 375
771 484
771 294
771 323
771 422
771 100
771 508
771 819
771 996
860 893
860 816
860 899
860 972
860 301
860 81
315 473
315 946
315 309
315 335
315 396
315 462
315 733
580 519
580 197
580 86
580 843
580 371
580 811
580 672
580 207
4 452
4 470
4 839
4 358
4 27
4 0
924 62
924 210
924 873
924 299
924 627
215 839
215 372
215 711
215 873
215 25
215 210
349 25
349 643
349 703
349 815
349 492
349 498
13 308
13 641
13 735
13 322
13 302
13 413
13 150
13 926
400 918
400 431
400 295
400 177
400 412
400 878
400 689
400 906
20 930
20 404
20 192
20 313
20 538
295 862
295 805
295 792
295 561
295 574
452 224
452 246
452 699
452 341
706 330
706 6
706 836
706 543
706 502
37 259
37 159
37 252
37 169
37 763
37 480
37 549
37 805
425 344
425 165
425 919
425 331
425 100
425 282
425 511
425 799
694 964
694 972
694 436
694 490
694 591
694 169
694 954
67 836
67 112
67 63
67 739
67 181
67 596
67 297
757 225
757 357
757 434
757 115
757 254
581 664
581 232
581 797
581 383
581 205
581 894
581 526
978 194
978 621
978 182
978 546
978 730
981 669
981 436
981 222
981 601
981 709
243 785
243 678
243 951
243 74
243 528
243 491
243 31
653 634
653 43
653 925
653 768
653 265
653 876
653 862
653 87
419 165
419 476
419 919
419 950
419 321
57 102
57 195
57 15
57 900
57 866
57 904
57 524
524 278
524 937
524 642
524 780
524 50
347 855
347 371
347 983
347 48
347 754
347 624
347 647
932 990
932 418
932 181
932 638
932 408
583 732
583 118
583 219
583 122
879 323
879 112
879 416
879 331
879 294
879 715
304 455
304 585
304 984
304 158
304 996
304 574
643 815
643 94
643 498
930 106
930 940
930 593
930 275
930 949
930 642
930 195
434 318
434 78
434 985
434 364
497 639
497 462
497 836
497 557
497 753
497 791
120 501
120 696
120 963
120 641
120 973
120 590
120 175
120 734
596 569
596 559
596 251
596 42
596 878
596 881
596 317
689 906
689 862
689 412
689 431
689 878
753 987
753 399
753 214
753 687
753 164
753 708
133 135
133 717
133 698
133 589
133 284
133 947
306 359
306 834
306 224
306 516
306 603
656 482
656 141
656 333
656 184
656 35
656 412
656 897
159 549
159 197
159 805
159 169
159 259
159 763
709 107
709 205
709 27
709 511
333 8
333 526
333 412
333 42
577 539
577 737
577 822
577 364
577 109
577 505
167 618
167 907
167 361
167 380
167 538
167 997
189 438
189 96
189 353
189 540
189 433
473 309
473 10
473 396
473 946
495 568
495 754
495 414
495 72
495 351
450 451
450 227
450 984
450 455
450 758
450 517
450 89
484 294
484 422
484 996
484 100
484 268
484 375
307 740
307 491
307 774
307 388
307 699
307 222
664 944
664 70
664 702
664 634
664 546
818 652
818 441
818 604
818 222
818 372
152 736
152 200
152 741
152 252
152 768
152 0
54 471
54 504
54 566
54 561
54 216
54 749
75 458
75 252
75 100
75 279
75 460
75 755
543 318
543 953
543 169
543 68
543 674
543 237
536 954
536 399
536 744
536 323
536 687
536 701
536 30
351 115
351 262
351 377
351 284
895 233
895 135
895 740
895 77
895 949
299 724
299 780
299 717
299 359
436 183
436 778
436 122
436 559
436 601
436 156
557 639
557 990
557 614
557 174
557 356
557 778
96 745
96 228
96 181
96 468
96 632
96 156
96 109
715 669
715 284
715 224
715 609
715 791
195 246
195 114
195 799
195 401
195 358
195 343
729 639
729 786
729 87
729 772
729 252
71 499
71 401
71 334
71 907
71 797
71 936
549 383
549 805
549 763
549 964
549 6
549 197
81 176
81 411
81 547
81 591
81 78
81 530
81 669
334 156
334 363
401 975
401 465
401 987
401 451
217 8
217 513
217 63
572 441
572 174
572 852
572 78
572 678
572 783
572 330
572 456
377 485
377 772
377 224
377 593
377 265
377 937
375 508
375 876
375 100
375 422
375 996
444 589
444 925
444 947
444 17
444 208
444 53
204 278
204 991
204 95
204 194
204 822
204 780
78 827
78 530
78 505
78 411
78 749
157 380
157 747
157 482
157 99
157 199
214 711
214 708
214 866
214 102
214 728
214 339
755 289
755 857
755 458
755 499
528 467
528 396
528 654
528 95
535 343
535 511
535 308
535 609
535 30
535 25
806 781
806 504
806 610
806 876
806 77
975 451
975 827
975 648
975 259
975 310
264 600
264 781
264 783
264 556
264 685
264 647
234 685
234 176
234 278
234 570
234 124
626 504
626 670
626 408
626 350
626 819
626 92
238 196
238 147
238 616
238 724
238 330
90 785
90 374
90 489
90 22
90 788
114 983
114 346
114 335
114 547
185 730
185 705
185 773
185 800
185 182
97 704
97 750
97 995
412 647
412 431
283 722
283 584
283 548
283 603
283 502
669 976
669 630
669 492
759 15
759 216
759 172
759 175
759 124
759 470
759 363
130 785
130 284
130 963
130 599
130 741
130 971
747 380
747 99
747 482
364 539
364 675
364 489
648 585
648 84
648 336
648 852
918 573
918 291
918 84
918 6
918 920
918 153
368 471
368 207
368 908
368 855
368 309
368 991
519 427
519 843
519 371
519 408
519 811
519 717
519 86
569 748
569 317
569 655
569 251
569 881
569 42
641 696
641 963
641 318
641 590
641 807
641 734
641 973
754 852
754 953
754 516
754 183
145 711
145 939
145 328
145 608
358 839
358 227
358 116
358 212
36 780
36 848
36 53
36 624
36 776
36 657
17 952
17 846
17 827
17 866
294 996
294 508
294 100
294 339
294 422
294 77
985 382
985 634
985 610
27 257
27 908
27 702
27 95
251 317
251 139
251 35
251 42
251 12
251 881
678 148
678 512
678 239
944 123
944 258
944 515
944 947
944 848
471 50
471 773
471 846
471 504
471 614
471 227
372 756
372 344
372 15
372 8
413 926
413 976
413 275
413 730
124 12
124 363
124 638
124 470
428 409
428 513
428 949
428 685
428 343
228 156
228 540
228 745
228 188
228 834
644 797
644 728
644 212
644 838
644 898
507 188
507 600
507 567
507 792
507 544
507 262
952 874
952 282
952 422
952 374
952 190
183 741
183 156
183 110
183 131
183 601
597 657
597 858
597 835
597 983
597 848
597 735
597 803
270 208
270 637
270 672
270 921
270 951
270 414
603 208
603 743
603 131
785 147
785 817
724 85
724 196
724 147
724 546
724 616
724 330
950 476
950 301
950 321
950 165
950 919
950 468
950 767
822 838
822 87
822 632
279 297
279 621
279 395
435 146
435 995
435 390
435 604
435 573
0 25
0 846
0 45
87 672
87 265
87 153
87 873
323 297
323 768
323 847
783 84
783 600
783 331
783 781
783 647
58 788
58 466
58 849
58 291
442 112
442 63
442 863
442 429
442 608
442 693
591 991
591 35
591 539
591 480
907 618
907 997
907 574
907 361
866 102
866 708
12 216
12 638
12 172
12 363
12 102
437 625
437 816
437 537
655 574
655 188
655 85
655 674
655 184
176 786
176 685
176 800
176 118
176 194
268 878
268 516
268 544
268 476
268 477
579 957
579 148
579 32
579 94
579 743
579 31
512 199
512 857
512 701
843 433
843 371
843 86
843 811
843 871
350 142
350 947
350 504
350 758
350 800
102 262
102 188
418 559
418 440
418 862
418 638
418 460
438 740
438 175
438 893
438 416
438 803
451 786
451 260
451 300
10 917
10 481
10 177
10 639
10 254
10 439
10 719
500 335
500 22
500 465
384 899
384 341
384 756
384 378
972 89
972 614
371 811
371 305
371 433
743 31
743 957
743 260
743 148
693 568
693 599
693 260
693 863
693 429
696 973
696 807
696 590
696 963
696 734
48 745
48 736
48 77
48 129
48 799
467 53
467 199
467 245
467 258
139 767
139 85
585 336
585 817
585 705
585 574
585 987
89 455
89 227
89 984
89 439
262 799
262 188
685 147
685 174
685 616
685 513
803 937
803 847
803 140
803 322
399 599
399 687
399 708
328 939
328 506
328 474
328 608
328 465
642 320
642 987
642 900
224 593
224 624
224 271
431 906
431 308
431 878
431 239
282 260
282 984
282 701
282 374
282 836
647 990
455 227
455 158
455 828
455 984
455 414
455 517
61 731
61 236
61 297
61 997
287 499
287 730
287 852
287 494
637 921
637 8
637 672
637 300
637 411
766 440
766 974
766 480
766 318
766 744
811 433
811 86
811 318
321 257
321 476
321 919
321 165
881 35
881 897
881 317
881 748
881 42
26 92
26 22
26 141
26 722
963 767
963 973
963 734
480 22
480 174
480 236
470 851
470 638
470 699
470 216
823 231
823 383
823 395
984 158
984 517
984 227
504 485
504 216
422 996
422 220
422 100
62 778
62 951
62 158
62 116
62 793
778 265
778 971
778 456
778 828
720 517
720 793
720 926
50 937
50 300
614 271
614 175
614 568
702 271
702 968
702 70
322 733
322 805
899 601
899 378
899 341
485 47
858 837
858 74
858 194
954 222
954 652
913 209
913 517
913 530
913 265
807 590
807 409
807 973
807 734
320 718
320 974
320 271
320 741
320 627
107 921
107 815
107 94
107 498
618 855
618 361
618 510
618 917
618 196
777 505
777 940
777 852
260 72
260 708
567 616
567 737
567 188
153 308
153 632
654 116
654 171
908 739
908 541
908 489
216 363
216 172
100 508
100 967
100 996
736 522
736 94
736 33
516 808
516 359
516 39
42 748
42 317
502 440
502 63
331 353
331 95
331 210
331 336
610 634
610 342
610 604
181 847
181 990
701 510
701 30
973 590
973 734
776 946
776 233
776 317
847 416
847 699
847 122
169 539
169 674
95 846
95 429
634 568
722 182
722 200
722 857
722 848
722 837
732 718
732 608
468 460
468 490
468 477
468 109
852 15
852 69
852 719
146 148
146 259
146 988
711 939
711 728
711 530
711 427
758 142
758 522
917 719
917 481
917 177
917 361
917 439
917 414
357 254
357 225
357 115
876 719
876 199
876 25
750 704
750 995
409 949
409 523
409 513
517 227
220 469
220 793
763 259
763 197
763 805
25 511
25 210
632 492
291 129
291 72
291 207
291 792
414 390
175 568
433 212
433 490
638 990
933 548
933 652
933 835
705 86
745 109
745 86
540 834
540 39
297 991
135 589
135 246
135 698
674 816
674 731
305 408
305 231
305 698
699 6
699 246
987 239
271 6
271 22
271 630
703 675
703 77
703 205
703 624
703 374
708 687
939 474
939 506
939 608
416 300
393 208
393 245
393 443
393 122
374 332
374 359
469 539
469 731
469 140
469 45
965 608
965 140
965 462
965 302
284 849
284 313
284 741
774 388
774 839
774 491
510 92
749 184
749 620
749 6
749 983
749 285
515 123
515 258
515 947
515 129
791 788
791 462
791 501
28 976
28 354
28 140
28 824
28 180
28 900
147 616
147 196
147 675
147 330
505 344
505 920
35 797
609 718
609 246
609 346
799 964
799 988
317 748
573 604
573 15
573 47
482 380
482 99
748 559
748 285
267 951
267 222
267 239
267 172
625 537
625 544
920 566
341 756
341 378
192 404
192 313
192 538
797 99
926 556
926 77
926 728
148 259
148 32
148 31
988 570
988 278
988 209
988 235
620 84
620 265
815 498
805 259
805 197
33 257
33 898
53 408
53 670
53 235
458 857
458 289
439 353
439 177
439 719
411 184
411 481
411 718
411 300
6 508
227 275
462 849
462 494
31 94
31 32
31 957
756 378
919 165
919 237
919 476
131 72
131 874
131 657
84 122
84 781
84 600
526 232
313 538
313 873
313 404
180 824
180 354
180 900
180 443
205 675
205 257
205 383
523 990
523 491
523 172
652 353
652 115
177 719
177 174
590 734
356 44
356 816
356 894
356 184
356 808
383 466
383 231
69 236
69 150
330 196
330 118
824 354
8 548
8 672
8 898
8 106
481 342
344 231
309 946
309 396
940 735
940 828
728 427
728 740
728 848
443 731
443 968
537 544
537 200
427 530
427 600
427 904
209 570
209 499
604 441
494 407
494 233
244 904
244 772
244 546
156 110
741 849
741 456
781 600
343 740
343 171
343 30
231 408
231 302
231 670
672 921
672 86
395 621
395 967
236 894
236 44
285 851
285 44
744 164
744 99
884 561
884 737
396 946
336 817
336 233
570 235
878 47
476 165
476 106
874 390
499 904
499 698
265 717
265 222
363 172
233 407
300 353
819 846
897 839
897 43
257 466
257 492
559 301
171 190
310 210
382 219
382 465
382 45
900 354
32 957
898 735
898 836
380 99
184 546
793 194
793 584
976 237
976 717
222 123
237 849
863 894
863 429
792 388
792 599
990 639
990 630
990 788
921 196
837 74
63 836
63 848
68 624
68 739
621 967
894 800
894 44
308 150
308 47
848 657
491 388
39 873
39 808
129 123
129 258
43 639
630 971
630 246
258 123
258 112
851 871
851 407
164 122
346 967
346 245
353 394
353 608
353 719
465 85
465 45
465 546
616 196
698 589
827 142
862 239
862 394
599 301
835 272
47 289
44 929
86 150
86 506
589 246
378 828
508 996
207 197
739 936
739 836
855 361
855 997
199 118
871 627
704 995
200 235
200 546
474 601
474 506
225 254
225 115
361 997
112 239
834 501
239 733
45 212
158 838
85 359
92 116
92 772
947 123
182 730
440 318
719 522
780 172
780 937
780 278
968 522
278 937
254 115
70 235
407 477
538 404
94 522
477 116
212 717
