123 485
123 57
123 262
123 649
123 850
123 948
123 361
123 179
123 545
123 946
448 597
448 14
448 524
448 200
448 754
448 144
448 122
448 310
448 261
448 166
35 720
35 182
35 734
35 433
35 373
35 313
35 411
35 672
35 873
35 221
335 674
335 726
335 102
335 490
335 784
335 377
335 777
335 292
335 753
335 854
100 657
100 242
100 68
100 885
100 730
100 14
100 445
100 337
100 121
100 438
501 94
501 989
501 900
501 933
501 235
501 6
501 881
501 462
501 964
501 895
716 144
716 280
716 597
716 906
716 371
716 882
716 452
716 471
716 116
716 446
733 747
733 47
733 771
733 673
733 995
733 697
733 71
733 767
733 683
733 530
397 415
397 284
397 229
397 356
397 505
397 769
397 32
397 92
397 209
397 560
953 388
953 667
953 915
953 346
953 652
953 76
953 39
953 267
953 371
953 177
430 44
430 387
430 697
430 820
430 693
430 906
430 907
430 786
430 64
430 621
901 237
901 890
901 514
901 124
901 316
901 686
901 393
901 552
901 2
901 863
130 728
130 2
130 89
130 972
130 890
130 647
130 370
130 692
130 693
130 685
380 608
380 574
380 747
380 968
380 57
380 135
380 598
380 634
380 871
380 840
113 567
113 765
113 13
113 208
113 864
113 395
113 232
113 174
113 499
113 896
147 867
147 963
147 364
147 344
147 819
147 509
147 449
147 212
147 329
147 656
554 10
554 382
554 196
554 960
554 606
554 569
554 995
554 764
554 652
554 985
563 102
563 840
563 658
563 340
563 617
563 137
563 883
563 51
563 256
563 497
347 220
347 143
347 53
347 384
347 535
347 815
347 984
347 477
347 156
347 58
499 878
499 395
499 208
499 252
499 390
499 567
499 842
499 921
499 896
25 355
25 470
25 600
25 507
25 85
25 628
25 416
25 424
25 902
25 450
155 648
155 362
155 406
155 74
155 719
155 724
155 847
155 526
155 241
155 207
142 73
142 319
142 190
142 521
142 269
142 939
142 435
142 440
142 253
142 723
740 692
740 89
740 370
740 696
740 270
740 363
740 657
740 314
740 754
740 978
87 446
87 271
87 280
87 944
87 468
87 936
87 46
87 811
87 12
87 639
804 854
804 941
804 738
804 490
804 377
804 292
804 117
804 982
804 674
804 709
348 512
348 842
348 389
348 954
348 688
348 616
348 79
348 547
348 206
348 174
579 364
579 976
579 204
579 400
579 613
579 914
579 439
579 434
579 805
579 516
81 765
81 951
81 253
81 354
81 70
81 198
81 841
81 479
81 981
81 743
464 286
464 298
464 704
464 682
464 985
464 729
464 111
464 852
464 541
464 132
301 678
301 731
301 781
301 359
301 975
301 56
301 281
301 725
301 543
301 706
913 339
913 210
913 614
913 622
913 300
913 275
913 707
913 751
913 583
913 575
183 423
183 590
183 932
183 154
183 285
183 602
183 952
183 845
183 603
183 525
862 768
862 511
862 317
862 830
862 97
862 234
862 536
862 117
862 565
862 43
305 759
305 942
305 341
305 876
305 141
305 290
305 791
305 304
305 997
305 837
330 205
330 831
330 989
330 216
330 621
330 504
330 255
330 0
330 41
330 22
267 346
267 388
267 667
267 844
267 631
267 652
267 474
267 371
267 717
977 542
977 924
977 523
977 215
977 189
977 651
977 613
977 334
977 492
977 841
181 265
181 762
181 298
181 917
181 826
181 728
181 381
181 376
181 937
181 537
708 23
708 210
708 240
708 282
708 754
708 200
708 571
708 705
708 755
708 592
602 845
602 932
602 871
602 332
602 285
602 952
602 603
602 590
602 525
967 483
967 460
967 4
967 834
967 573
967 297
967 254
967 874
967 641
967 859
74 526
74 724
74 524
74 648
74 207
74 13
74 506
74 843
74 847
582 350
582 357
582 757
582 732
582 996
582 461
582 802
582 60
582 638
582 601
607 27
607 684
607 299
607 992
607 287
607 245
607 86
607 745
607 314
607 882
816 736
816 690
816 588
816 398
816 250
816 751
816 534
816 707
816 575
816 229
940 994
940 325
940 958
940 951
940 198
940 916
940 494
940 586
940 935
940 160
962 491
962 192
962 452
962 459
962 830
962 565
962 80
962 119
962 646
962 1
145 578
145 496
145 44
145 429
145 736
145 288
145 150
145 471
145 441
145 165
233 836
233 52
233 15
233 991
233 855
233 402
233 129
233 882
233 153
233 34
577 958
577 422
577 681
577 800
577 685
577 366
577 878
577 433
577 19
577 290
644 922
644 742
644 884
644 487
644 65
644 495
644 741
644 680
644 473
644 687
237 686
237 457
237 393
237 514
237 124
237 604
237 863
237 316
237 99
990 287
990 840
990 328
990 296
990 298
990 456
990 24
990 27
990 618
990 882
358 800
358 92
358 32
358 278
358 988
358 621
358 718
358 202
358 925
358 167
462 6
462 272
462 964
462 900
462 566
462 895
462 881
462 235
462 706
93 128
93 663
93 208
93 176
93 40
93 171
93 444
93 926
93 909
93 969
197 62
197 336
197 333
197 390
197 659
197 619
197 778
197 244
197 741
197 293
773 156
773 526
773 58
773 535
773 864
773 815
773 878
773 732
773 806
773 984
352 160
352 684
352 869
352 472
352 482
352 877
352 229
352 162
352 158
352 274
418 615
418 266
418 332
418 927
418 503
418 455
418 772
418 21
418 366
418 322
276 840
276 468
276 559
276 161
276 378
276 28
276 650
276 780
276 315
276 536
285 196
285 314
285 952
285 525
285 441
285 590
285 932
285 603
553 512
553 7
553 614
553 389
553 432
553 752
553 206
553 79
553 954
553 547
822 627
822 26
822 807
822 11
822 797
822 363
822 908
822 44
822 474
822 17
9 867
9 517
9 856
9 764
9 691
9 857
9 122
9 630
9 892
9 588
695 182
695 725
695 939
695 698
695 56
695 359
695 626
695 678
695 975
695 731
551 467
551 451
551 312
551 45
551 172
551 581
551 592
551 480
551 808
551 737
749 222
749 635
749 833
749 409
749 961
749 640
749 83
749 588
749 824
749 932
382 960
382 671
382 606
382 365
382 134
382 569
382 995
382 484
382 985
321 802
321 844
321 231
321 109
321 484
321 362
321 403
321 49
321 428
321 133
701 524
701 875
701 882
701 944
701 502
701 560
701 572
701 709
701 16
701 653
425 645
425 251
425 841
425 38
425 766
425 943
425 117
425 471
425 865
425 99
758 415
758 466
758 777
758 784
758 102
758 918
758 759
758 212
758 726
758 753
502 572
502 944
502 52
502 16
502 653
502 234
502 709
502 176
502 875
712 578
712 935
712 165
712 429
712 150
712 140
712 288
712 441
712 500
712 346
249 43
249 970
249 767
249 736
249 568
249 42
249 570
249 5
249 156
249 331
303 590
303 999
303 760
303 949
303 549
303 426
303 53
303 182
303 119
303 983
194 164
194 272
194 768
194 698
194 232
194 935
194 612
194 986
194 82
194 193
367 323
367 392
367 159
367 120
367 853
367 170
367 899
367 787
367 106
367 214
488 860
488 688
488 917
488 844
488 633
488 238
488 475
488 224
488 555
488 866
585 779
585 273
585 765
585 261
585 295
585 785
585 213
585 994
585 750
585 933
326 289
326 849
326 451
326 136
326 18
326 759
326 36
326 510
326 722
326 576
752 174
752 79
752 206
752 126
752 471
752 547
752 67
752 930
752 512
171 396
171 490
171 926
171 444
171 402
171 128
171 989
171 54
171 909
878 848
878 395
878 290
878 702
878 606
878 504
878 842
983 549
983 119
983 548
983 626
983 53
983 949
983 760
983 182
983 426
211 376
211 826
211 537
211 937
211 379
211 406
211 790
211 265
211 743
211 796
950 295
950 178
950 413
950 921
950 410
950 437
950 257
950 957
950 667
950 52
250 562
250 661
250 756
250 260
250 727
250 5
250 736
250 91
250 601
442 422
442 366
442 583
442 436
442 919
442 447
442 351
442 747
442 477
442 427
819 682
819 390
819 293
819 509
819 192
819 336
819 62
819 37
819 346
48 312
48 737
48 592
48 128
48 480
48 906
48 47
48 172
48 665
48 72
663 909
663 522
663 0
663 128
663 781
663 529
663 969
663 396
663 926
59 759
59 662
59 632
59 604
59 980
59 77
59 926
59 54
59 234
59 939
300 546
300 817
300 614
300 622
300 236
300 751
300 210
300 707
300 339
564 420
564 319
564 83
564 780
564 961
564 131
564 824
564 640
564 222
564 409
261 865
261 144
261 973
261 754
261 200
261 122
261 310
261 597
892 856
892 517
892 6
892 789
892 867
892 691
892 857
892 630
892 1
104 982
104 864
104 600
104 232
104 529
104 208
104 896
104 567
104 770
104 322
945 504
945 180
945 40
945 531
945 277
945 770
945 185
945 105
945 766
945 698
338 767
338 599
338 928
338 42
338 943
338 675
338 633
338 927
338 931
338 455
883 110
883 677
883 911
883 719
883 497
883 273
883 803
883 375
883 887
38 251
38 943
38 829
38 766
38 196
38 865
38 317
38 841
38 185
591 134
591 453
591 90
591 513
591 558
591 702
591 778
591 828
591 986
591 786
65 741
65 680
65 989
65 973
65 742
65 843
65 884
65 687
65 922
199 651
199 172
199 153
199 523
199 779
199 924
199 547
199 492
199 189
199 215
139 24
139 528
139 618
139 898
139 879
139 328
139 456
139 681
139 558
139 296
673 771
673 932
673 998
673 140
673 610
673 239
673 279
673 568
673 772
680 687
680 850
680 742
680 884
680 487
680 600
680 568
680 247
997 711
997 840
997 735
997 646
997 837
997 386
997 341
997 580
997 848
812 886
812 215
812 955
812 879
812 63
812 520
812 779
812 694
812 916
812 820
887 497
887 677
887 90
887 529
887 771
887 110
887 803
887 273
887 911
191 707
191 28
191 973
191 76
191 39
191 242
191 239
191 137
191 168
191 226
311 891
311 796
311 55
311 587
311 761
311 533
311 612
311 747
311 669
311 264
536 981
536 315
536 468
536 383
536 28
536 971
536 559
536 234
723 479
723 253
723 190
723 939
723 697
723 101
723 440
723 269
723 435
154 932
154 982
154 952
154 590
154 39
154 185
154 525
154 845
154 603
429 646
429 150
429 165
429 578
429 268
429 744
429 288
429 441
506 847
506 738
506 724
506 526
506 207
506 454
506 648
506 90
506 843
263 131
263 875
263 589
263 827
263 309
263 993
263 692
263 387
263 771
263 242
830 1
830 491
830 234
830 80
830 452
830 43
830 565
830 459
216 47
216 869
216 504
216 621
216 898
216 255
216 41
216 831
216 656
489 282
489 560
489 705
489 571
489 443
489 112
489 755
489 471
489 670
489 240
689 751
689 378
689 413
689 410
689 178
689 470
689 280
689 188
689 957
689 163
938 798
938 498
938 552
938 873
938 226
938 636
938 398
938 360
938 609
938 671
763 70
763 790
763 308
763 889
763 175
763 337
763 164
763 783
763 710
763 173
436 422
436 432
436 768
436 447
436 196
436 271
436 366
436 904
436 351
492 803
492 651
492 523
492 189
492 779
492 542
492 500
492 924
658 340
658 910
658 51
658 137
658 256
658 617
658 978
658 102
658 652
302 455
302 332
302 600
302 266
302 615
302 242
302 927
302 21
302 682
302 998
677 803
677 772
677 273
677 980
677 497
677 110
677 911
677 45
76 39
76 239
76 818
76 915
76 703
76 168
76 375
76 973
859 979
859 834
859 968
859 474
859 662
859 515
859 297
859 483
859 224
974 8
974 923
974 401
974 699
974 584
974 333
974 26
974 283
974 793
974 344
400 434
400 871
400 204
400 639
400 15
400 98
400 516
400 914
400 805
956 817
956 78
956 661
956 149
956 69
956 562
956 91
956 319
956 756
956 947
23 755
23 935
23 112
23 666
23 705
23 571
23 670
23 282
23 240
969 444
969 176
969 909
969 926
969 54
969 666
969 128
969 396
721 988
721 85
721 20
721 911
721 432
721 628
721 522
721 77
721 136
721 755
782 999
782 928
782 84
782 146
782 386
782 803
782 405
782 611
782 77
782 97
12 446
12 280
12 416
12 20
12 875
12 811
12 271
12 46
12 936
322 259
322 567
322 927
322 208
322 345
322 253
322 114
322 268
36 748
36 768
36 576
36 451
36 136
36 722
36 432
36 247
36 604
908 17
908 627
908 11
908 807
908 714
908 797
908 474
908 44
908 378
478 258
478 971
478 225
478 475
478 476
478 746
478 664
478 320
478 412
478 423
731 725
731 56
731 359
731 626
731 62
731 697
731 678
731 975
309 420
309 67
309 643
309 131
309 387
309 827
309 589
309 959
309 714
959 600
959 456
959 24
959 797
959 681
959 296
959 704
959 13
959 476
955 520
955 916
955 820
955 244
955 694
955 63
955 521
955 741
955 879
628 424
628 246
628 450
628 631
628 522
628 902
628 85
628 355
675 928
675 508
675 855
675 767
675 931
675 633
675 42
675 599
675 638
108 88
108 668
108 814
108 61
108 30
108 467
108 928
108 934
108 515
108 808
905 528
905 828
905 230
905 545
905 424
905 696
905 801
905 987
905 775
905 329
89 972
89 2
89 685
89 370
89 728
89 647
89 692
89 890
635 640
635 539
635 52
635 251
635 961
635 437
635 409
635 638
635 83
836 374
836 129
836 402
836 34
836 372
836 153
836 83
836 354
836 991
19 572
19 519
19 594
19 978
19 904
19 77
19 575
19 916
19 508
700 331
700 528
700 329
700 538
700 164
700 818
700 555
700 814
700 775
700 696
965 133
965 49
965 231
965 484
965 362
965 428
965 403
965 109
965 818
965 821
457 514
457 393
457 124
457 99
457 416
457 505
457 690
457 863
457 686
106 214
106 630
106 707
106 230
106 159
106 787
106 392
106 323
106 899
980 45
980 632
980 691
980 469
980 178
980 362
980 281
980 710
605 88
605 676
605 629
605 342
605 948
605 243
605 117
605 788
605 511
605 213
849 722
849 451
849 20
849 289
849 576
849 136
849 811
849 18
849 759
897 279
897 504
897 621
897 882
897 764
897 831
897 255
897 519
897 853
897 258
957 413
957 257
957 280
957 163
957 178
957 693
957 410
957 378
594 37
594 259
594 809
594 625
594 275
594 982
594 813
594 660
594 929
919 620
919 963
919 281
919 719
919 31
919 449
919 792
919 530
919 103
561 66
561 220
561 481
561 148
561 851
561 543
561 50
561 306
561 596
561 95
742 922
742 495
742 487
742 884
742 238
742 687
742 741
101 269
101 435
101 112
101 697
101 196
101 479
101 190
101 471
101 939
757 173
757 601
757 357
757 60
757 802
757 560
757 996
757 461
757 350
795 664
795 865
795 858
795 738
795 947
795 423
795 573
795 838
795 941
795 595
257 196
257 410
257 225
257 378
257 600
257 921
257 413
257 468
745 314
745 684
745 236
745 86
745 287
745 331
745 992
745 454
745 590
118 930
118 544
118 823
118 981
118 122
118 786
118 872
118 126
118 785
118 538
172 581
172 592
172 72
172 312
172 480
172 737
172 665
417 129
417 185
417 196
417 34
417 71
417 991
417 923
417 28
417 566
417 315
505 229
505 124
505 730
505 875
505 863
505 99
505 39
505 902
320 423
320 818
320 469
320 971
320 225
320 476
320 412
320 664
320 258
801 494
801 329
801 528
801 696
801 775
801 987
801 50
801 828
801 230
67 493
67 912
67 835
67 138
67 349
67 174
67 307
67 343
392 323
392 599
392 40
392 170
392 787
392 120
392 899
392 480
461 996
461 601
461 350
461 463
461 357
461 439
461 98
461 363
511 99
511 676
511 243
511 788
511 117
511 213
511 486
511 768
572 875
572 709
572 642
572 944
572 16
572 653
572 121
793 333
793 699
793 8
793 923
793 283
793 530
793 344
793 433
793 584
78 509
78 91
78 260
78 69
78 661
78 756
78 149
78 817
78 562
221 513
221 433
221 744
221 373
221 313
221 364
221 411
221 741
221 672
616 547
616 717
616 306
616 512
616 174
616 971
616 954
616 534
616 911
799 941
799 595
799 518
799 73
799 151
799 838
799 858
799 947
799 271
799 77
327 844
327 656
327 860
327 800
327 917
327 475
327 776
327 224
327 238
327 555
696 329
696 775
696 230
696 363
696 987
696 528
385 871
385 921
385 282
385 670
385 232
385 567
385 705
385 208
385 253
385 999
637 739
637 833
637 769
637 654
637 491
637 510
637 998
637 383
637 3
637 209
753 784
753 490
753 726
753 16
753 854
753 466
753 674
753 777
279 41
279 831
279 40
279 610
279 255
279 27
279 621
279 906
217 888
217 46
217 550
217 64
217 524
217 559
217 31
217 61
217 557
217 993
393 316
393 686
393 514
393 99
393 863
393 604
393 124
650 598
650 840
650 28
650 422
650 679
650 843
650 559
650 161
650 271
120 667
120 159
120 853
120 214
120 207
120 177
120 899
120 170
460 254
460 483
460 834
460 4
460 741
460 573
460 297
460 641
460 111
111 704
111 541
111 166
111 729
111 132
111 682
111 298
111 852
411 433
411 873
411 672
411 734
411 720
411 313
411 513
411 373
107 568
107 864
107 886
107 570
107 839
107 690
107 13
107 693
107 463
107 331
935 288
935 494
935 165
935 802
935 150
935 900
127 157
127 75
127 290
127 270
127 986
127 349
127 377
127 894
127 540
127 655
355 522
355 470
355 902
355 85
355 507
355 424
355 958
355 450
734 313
734 672
734 720
734 513
734 566
734 373
734 50
734 873
103 40
103 530
103 792
103 920
103 993
103 449
103 550
103 963
103 620
412 664
412 258
412 423
412 225
412 971
412 636
412 746
412 476
465 258
465 394
465 476
465 971
465 762
465 664
465 381
465 999
465 746
465 219
535 427
535 246
535 156
535 143
535 58
535 815
535 984
535 918
60 665
60 583
60 996
60 43
60 252
60 357
60 802
60 350
715 543
715 29
715 295
715 66
715 861
715 893
715 227
715 431
715 735
715 458
539 880
539 161
539 174
539 760
539 116
539 351
539 803
539 468
539 954
686 124
686 514
686 863
686 604
686 99
686 416
342 281
342 407
342 445
342 617
342 361
342 137
342 880
342 600
342 528
815 58
815 864
815 156
815 477
815 143
815 984
815 780
586 198
586 951
586 325
586 494
586 513
586 743
586 613
586 994
586 609
946 361
946 427
946 948
946 860
946 262
946 850
946 649
946 485
946 193
275 809
275 37
275 929
275 660
275 625
275 613
275 259
275 509
761 264
761 587
761 533
761 669
761 966
761 247
761 891
761 612
761 55
55 368
55 264
55 891
55 768
55 533
55 669
55 966
55 587
3 827
3 833
3 739
3 166
3 284
3 383
3 654
3 209
3 769
73 595
73 947
73 858
73 941
73 77
73 151
73 350
73 518
467 515
467 668
467 88
467 934
467 814
467 30
467 808
467 624
702 629
702 732
702 90
702 558
702 828
702 30
702 519
702 453
16 653
16 345
16 709
16 944
16 205
16 875
766 841
766 850
766 829
766 251
766 943
766 865
766 645
85 77
85 902
85 424
85 522
85 470
85 450
371 388
371 652
371 177
371 667
371 707
371 346
371 970
92 638
92 167
92 718
92 976
92 925
92 415
92 278
92 32
532 711
532 776
532 384
532 806
532 846
532 659
532 556
532 580
532 932
532 534
45 879
45 110
45 365
45 907
45 690
45 970
45 711
420 714
420 387
420 131
420 589
420 643
420 952
420 265
420 827
495 375
495 487
495 884
495 415
495 922
495 687
495 741
495 230
885 318
885 556
885 438
885 730
885 68
885 445
885 121
885 649
885 657
527 454
527 500
527 995
527 374
527 903
527 203
527 146
527 421
527 825
527 662
837 141
837 840
837 304
837 681
837 791
837 341
837 876
837 187
510 998
510 297
510 521
510 229
510 613
510 754
510 378
510 432
641 483
641 874
641 110
641 834
641 206
641 254
641 297
641 4
22 307
22 375
22 912
22 986
22 694
22 603
22 623
22 835
22 343
557 61
557 993
557 524
557 244
557 550
557 31
557 643
557 681
557 584
788 243
788 213
788 629
788 117
788 486
788 676
788 88
788 218
304 920
304 341
304 141
304 942
304 876
304 486
304 187
304 791
657 243
657 375
657 121
657 445
657 68
657 438
657 730
610 443
610 568
610 805
610 369
610 998
610 798
610 466
610 324
212 486
212 268
212 153
212 784
212 389
212 777
212 759
212 415
839 244
839 568
839 690
839 838
839 976
839 463
839 331
839 570
839 597
243 117
243 629
243 213
243 218
243 486
243 676
718 925
718 278
718 988
718 800
718 202
718 717
718 32
718 345
204 805
204 434
204 439
204 98
204 516
204 559
204 914
204 184
426 549
426 873
426 548
426 119
426 760
426 626
426 53
426 949
443 229
443 252
443 546
443 842
443 395
443 622
443 634
443 246
703 474
703 435
703 39
703 239
703 973
703 852
703 915
703 666
703 168
783 337
783 931
783 889
783 201
783 308
783 790
783 70
783 381
783 710
109 428
109 821
109 362
109 403
109 231
109 484
109 49
109 133
310 166
310 597
310 144
310 200
310 970
310 754
310 407
310 122
634 598
634 906
634 574
634 608
634 57
634 14
634 135
634 968
949 873
949 548
949 760
949 119
949 53
949 419
949 182
334 133
334 399
334 223
334 152
334 832
334 473
334 631
334 968
334 193
428 49
428 231
428 566
428 362
428 821
428 133
428 403
942 817
942 141
942 341
942 876
942 791
942 290
942 187
942 281
72 665
72 978
72 480
72 581
72 312
72 737
72 592
72 64
391 268
391 660
391 365
391 493
391 632
391 893
391 765
391 771
391 381
391 775
184 516
184 886
184 520
184 487
184 439
184 434
184 914
184 98
184 805
834 573
834 297
834 483
834 254
834 874
834 4
619 747
619 659
619 62
619 778
619 943
619 115
619 293
619 390
619 336
82 494
82 855
82 97
82 656
82 405
82 407
82 395
82 317
82 84
328 618
328 27
328 456
328 558
328 599
328 24
328 296
328 898
26 584
26 344
26 699
26 8
26 923
26 283
26 17
26 146
396 387
396 909
396 128
396 54
396 444
396 574
396 926
246 415
246 58
246 918
246 376
246 169
246 639
246 973
278 925
278 988
278 345
278 896
278 202
278 32
278 800
617 340
617 910
617 47
617 256
617 978
617 51
617 137
512 174
512 79
512 954
512 547
512 206
512 578
555 917
555 844
555 238
555 688
555 224
555 860
555 656
575 210
575 707
575 339
575 271
575 751
575 614
575 622
611 97
611 999
611 407
611 415
611 317
611 386
611 84
611 405
611 4
353 414
353 593
353 241
353 713
353 445
353 125
353 205
353 810
353 679
353 294
912 706
912 623
912 415
912 375
912 307
912 343
912 138
912 835
427 5
427 361
427 948
427 179
427 982
427 485
427 262
861 66
861 295
861 458
861 168
861 768
861 29
861 227
861 431
861 893
920 449
920 732
920 116
920 618
920 244
920 792
920 530
920 963
401 141
401 923
401 333
401 882
401 283
401 351
401 344
401 584
401 8
845 525
845 498
845 774
845 298
845 809
845 603
845 620
308 790
308 175
308 337
308 978
308 173
308 201
308 889
308 70
169 972
169 370
169 143
169 728
169 647
169 685
169 890
169 2
169 692
458 431
458 29
458 735
458 422
458 989
458 295
458 893
458 227
105 531
105 277
105 131
105 698
105 750
105 814
105 770
105 185
105 218
968 871
968 135
968 608
968 574
968 598
968 57
447 432
447 422
447 366
447 978
447 408
447 583
447 515
447 351
668 88
668 814
668 515
668 30
668 808
668 719
668 61
668 934
774 137
774 556
774 620
774 384
774 776
774 491
774 711
774 534
774 846
797 474
797 340
797 17
797 807
797 363
797 11
797 627
135 608
135 574
135 871
135 318
135 14
135 57
135 598
581 976
581 737
581 312
581 526
581 592
581 389
581 480
214 323
214 850
214 899
214 159
214 170
214 853
214 787
874 513
874 480
874 483
874 823
874 254
874 297
874 4
503 266
503 661
503 91
503 21
503 507
503 455
503 260
503 69
503 927
748 419
748 33
748 369
748 438
748 324
748 408
748 13
748 683
748 186
126 823
126 872
126 493
126 930
126 230
126 544
126 785
126 538
115 62
115 470
115 293
115 656
115 390
115 0
115 659
115 336
115 613
868 110
868 873
868 529
868 548
868 470
868 84
868 486
868 645
868 377
868 559
552 398
552 936
552 798
552 446
552 498
552 360
552 226
552 636
869 160
869 158
869 162
869 877
869 241
869 274
869 580
869 472
68 445
68 121
68 438
68 730
68 318
68 364
68 918
756 91
756 69
756 149
756 998
756 661
756 260
756 562
832 631
832 399
832 152
832 223
832 193
832 138
832 272
832 473
832 880
923 513
923 699
923 929
923 283
923 814
876 141
876 791
876 187
876 341
876 235
876 290
966 790
966 691
966 2
966 612
966 264
966 587
966 247
966 669
979 655
979 558
979 471
979 828
979 647
979 4
979 918
979 824
979 896
232 208
232 896
232 567
232 253
232 864
232 931
268 248
268 654
268 623
268 389
268 0
268 769
292 690
292 377
292 854
292 726
292 674
292 490
292 817
292 998
148 161
148 306
148 851
148 481
148 220
148 596
148 543
148 95
148 15
362 994
362 231
362 133
362 403
866 843
866 917
866 95
866 224
866 860
866 844
866 475
866 688
866 193
213 994
213 248
213 676
213 117
213 629
514 863
514 604
514 124
514 316
514 99
419 888
419 989
419 324
419 33
419 408
419 683
419 688
419 369
116 449
116 530
116 366
116 963
116 254
116 984
116 408
810 125
810 336
810 713
810 294
810 744
810 639
810 414
810 679
810 205
368 28
368 121
368 84
368 538
368 80
368 332
368 924
368 343
368 872
802 357
802 841
802 996
802 601
802 350
984 423
984 156
984 133
984 143
984 58
463 331
463 363
463 854
463 690
463 570
463 479
463 244
379 826
379 406
379 376
379 265
379 747
379 762
379 796
379 937
379 573
402 372
402 52
402 34
402 177
402 153
402 454
402 360
7 911
7 129
7 299
7 998
7 245
7 684
7 236
7 992
7 86
759 811
759 576
759 18
759 20
549 119
549 548
549 53
549 737
549 182
549 760
549 626
813 660
813 809
813 625
813 604
813 259
813 632
813 848
813 37
813 201
394 454
394 409
394 727
394 195
394 228
394 789
394 469
394 219
394 794
939 435
939 269
939 440
939 190
939 479
548 119
548 646
548 760
548 377
548 53
588 824
588 976
588 416
588 487
588 222
588 569
588 823
248 229
248 867
248 70
248 857
248 517
248 630
248 856
248 764
821 735
821 49
821 403
821 566
821 717
821 653
821 231
789 195
789 573
789 764
789 469
789 404
789 228
789 291
789 794
916 520
916 729
916 879
916 694
916 886
916 820
151 858
151 580
151 595
151 364
151 518
151 838
151 484
151 947
659 293
659 509
659 336
659 62
659 778
659 390
500 421
500 662
500 903
500 454
500 374
500 825
500 981
374 903
374 421
374 146
374 982
374 176
374 52
374 203
408 186
408 454
408 33
408 683
408 324
408 369
112 755
112 571
112 705
112 240
112 670
112 666
112 282
179 262
179 921
179 545
179 485
179 948
179 850
179 509
179 361
122 754
122 166
122 200
122 597
122 633
372 991
372 818
372 153
372 129
372 354
372 34
372 471
372 736
985 995
985 569
985 383
985 10
985 365
985 960
985 606
218 531
218 736
218 244
218 220
218 633
218 750
218 42
987 516
987 253
987 528
987 775
987 329
987 230
987 435
187 613
187 791
187 186
187 341
187 80
187 972
220 851
220 481
220 738
220 306
220 5
220 596
880 138
880 631
880 762
880 738
880 473
880 399
880 223
283 584
283 344
283 333
283 699
283 8
66 543
66 738
66 29
66 295
66 851
66 431
66 227
315 339
315 722
315 780
315 161
315 28
315 114
315 468
888 524
888 384
888 324
888 550
888 31
888 369
888 319
888 64
318 871
318 898
318 299
318 438
318 493
318 445
318 730
405 386
405 407
405 481
405 97
405 84
405 317
405 999
134 986
134 904
134 780
134 140
134 441
134 415
134 593
134 423
584 8
584 699
584 333
584 344
870 339
870 717
870 540
870 669
870 0
870 270
870 157
870 655
870 894
870 349
413 52
413 378
413 410
413 163
413 906
413 178
642 727
642 219
642 438
642 228
642 683
642 794
642 195
642 291
642 404
432 904
432 366
432 693
432 229
655 894
655 349
655 270
655 75
655 687
655 825
655 157
228 219
228 469
228 404
228 727
228 195
228 291
228 794
596 851
596 96
596 50
596 481
596 780
596 95
596 306
173 357
173 889
173 790
173 337
173 710
173 70
173 175
431 994
431 893
431 744
431 29
431 838
431 227
705 240
705 670
705 571
705 282
705 755
765 760
765 18
765 981
765 693
765 286
765 316
894 270
894 75
894 157
894 986
894 540
894 215
894 349
608 57
608 574
608 976
608 5
608 598
608 14
709 982
709 944
709 653
709 771
709 875
720 373
720 207
720 672
720 829
720 873
720 313
720 433
11 17
11 44
11 627
11 61
11 454
11 807
11 474
490 854
490 777
490 198
490 726
490 674
439 516
439 17
439 805
439 98
439 27
439 434
323 853
323 159
323 890
323 787
323 170
323 899
496 842
496 165
496 441
496 288
496 578
496 833
496 459
496 433
496 80
482 351
482 356
482 274
482 240
482 573
482 162
482 570
482 877
482 244
31 643
31 524
31 64
31 167
31 993
31 550
324 33
324 186
324 683
324 13
324 369
624 808
624 313
624 189
624 515
624 150
624 852
624 165
624 934
624 30
838 518
838 595
838 843
838 947
838 858
786 930
786 785
786 544
786 471
786 918
786 823
786 13
729 682
729 569
729 852
729 132
729 541
729 286
729 704
891 612
891 533
891 264
891 877
891 669
891 188
891 587
314 10
314 540
314 992
314 565
314 907
314 287
383 209
383 284
383 833
383 654
383 739
383 769
459 491
459 1
459 452
459 192
459 565
459 80
459 43
717 667
717 238
717 806
717 0
717 29
15 978
15 855
15 185
15 98
15 910
15 34
15 444
963 530
963 620
963 792
963 719
963 449
615 857
615 266
615 455
615 21
615 271
615 332
615 927
615 772
725 781
725 281
725 975
725 359
725 626
725 56
725 678
21 772
21 632
21 927
21 455
21 332
21 266
485 948
485 545
485 649
485 262
485 361
485 719
881 933
881 895
881 94
881 904
881 6
881 235
881 964
881 440
53 760
53 119
53 182
545 361
545 262
545 893
545 948
545 649
545 850
188 893
188 316
188 180
188 152
188 290
188 452
188 340
188 164
779 189
779 994
779 651
779 215
779 986
779 924
846 711
846 384
846 94
846 556
846 534
846 906
846 776
846 806
75 986
75 540
75 807
75 760
75 349
75 270
75 157
609 743
609 951
609 325
609 636
609 671
609 994
609 198
609 494
152 180
152 272
152 473
152 163
152 520
152 223
152 410
835 343
835 623
835 976
835 307
835 375
835 706
835 354
964 875
964 904
964 6
964 900
964 235
964 94
964 933
360 798
360 486
360 498
360 398
360 833
360 636
360 226
633 930
633 767
633 42
633 508
633 931
63 694
63 791
63 40
63 820
63 520
63 886
63 792
63 879
612 587
612 533
612 669
612 264
612 247
236 46
236 245
236 299
236 287
236 684
236 86
236 992
274 877
274 158
274 162
274 958
274 241
274 472
274 160
497 273
497 803
497 735
497 529
497 911
497 110
226 671
226 636
226 498
226 90
226 398
226 798
266 332
266 455
266 772
266 533
266 114
83 918
83 640
83 824
83 961
83 409
83 222
910 137
910 978
910 252
910 256
910 51
910 166
910 872
618 898
618 27
618 296
618 24
618 681
618 456
343 307
343 764
343 706
343 354
343 623
787 899
787 159
787 853
787 895
787 170
37 809
37 848
37 625
37 929
37 259
37 660
222 961
222 824
222 640
222 437
222 569
222 409
562 661
562 91
562 149
562 260
562 817
562 69
574 57
574 871
574 598
574 14
472 160
472 241
472 162
472 158
472 855
472 877
472 580
351 366
351 196
351 583
351 422
241 722
241 847
241 697
241 158
241 877
631 193
631 415
631 138
631 399
631 223
260 69
260 149
260 922
260 661
260 817
390 336
390 62
390 509
390 293
163 378
163 410
163 178
163 518
163 289
163 693
647 972
647 692
647 685
647 2
647 370
647 728
264 587
264 247
264 533
264 669
922 741
922 687
922 884
922 597
922 487
593 855
593 441
593 929
593 44
593 848
593 986
593 272
593 160
975 56
975 678
975 930
975 359
975 781
975 281
164 817
164 818
164 158
164 632
164 2
164 710
259 848
259 625
259 660
259 809
259 929
806 776
806 534
806 556
806 711
806 384
806 580
529 803
529 110
529 781
529 807
529 273
519 872
519 732
519 277
519 453
519 828
519 558
519 90
201 790
201 889
201 381
201 20
201 141
201 337
201 365
141 791
141 754
141 882
903 825
903 421
903 203
903 540
903 662
903 146
903 176
992 287
992 998
992 86
992 245
992 299
466 674
466 192
466 726
466 777
466 798
466 784
466 102
991 153
991 613
991 129
991 354
991 882
991 34
289 20
289 722
289 451
289 811
289 136
289 18
289 410
540 56
540 270
540 349
540 886
671 498
671 178
671 636
671 398
671 798
671 775
388 346
388 652
388 944
388 667
388 177
388 96
388 982
640 638
640 824
640 437
640 961
640 409
421 146
421 176
421 825
421 203
421 747
421 662
121 445
121 438
121 10
121 730
296 24
296 456
296 681
296 843
296 898
580 877
580 162
580 848
580 550
961 409
961 824
961 437
961 918
203 176
203 768
203 825
203 560
203 662
203 146
365 970
365 907
365 94
365 606
365 960
590 525
590 603
590 932
590 952
543 481
543 851
543 649
543 306
543 50
282 666
282 571
282 755
282 670
856 630
856 867
856 517
856 242
856 764
856 857
856 691
930 538
930 872
930 785
930 544
823 785
823 416
823 544
823 538
823 872
982 377
982 185
357 807
357 350
357 996
357 604
714 747
714 643
714 648
714 827
714 387
714 791
714 589
487 568
487 884
487 687
890 685
890 972
890 601
890 370
890 2
200 144
200 754
200 597
200 166
200 399
481 851
481 95
481 306
481 50
225 423
225 664
225 476
225 258
225 345
225 600
245 911
245 299
245 684
245 287
245 86
245 998
1 491
1 80
1 565
1 43
1 452
1 995
523 924
523 746
523 189
523 651
523 91
523 542
523 215
841 645
841 251
841 943
841 354
317 84
317 97
317 196
317 386
317 999
730 375
730 438
730 445
767 599
767 42
767 339
767 566
767 47
306 907
306 95
306 50
954 547
954 307
954 79
954 389
954 174
713 240
713 294
713 679
713 414
713 205
713 744
713 639
713 125
546 180
546 622
546 395
546 614
546 872
546 818
546 339
546 751
739 209
739 654
739 558
739 769
739 284
739 132
739 356
829 251
829 943
829 972
829 645
829 238
829 865
829 52
857 867
857 764
857 517
857 630
857 691
256 978
256 542
256 51
256 340
256 840
256 137
860 224
860 917
860 844
860 688
860 475
800 32
800 202
800 988
800 925
800 446
161 852
161 468
161 28
161 780
161 914
973 168
973 915
973 865
973 239
114 518
114 724
114 927
114 69
114 778
114 764
114 646
475 776
475 224
475 844
475 917
475 688
253 981
253 435
253 440
399 473
399 223
399 272
399 138
399 193
170 853
170 159
170 899
170 778
598 57
598 871
598 450
904 235
904 933
904 900
904 94
493 143
493 132
493 286
493 544
493 951
493 541
678 626
678 781
678 706
678 359
678 56
989 369
989 43
989 33
989 0
8 699
8 648
8 344
8 333
688 224
688 917
688 174
291 724
291 404
291 794
291 219
291 727
291 195
291 469
238 656
238 844
238 224
238 750
697 435
697 64
697 479
697 190
444 926
444 909
444 54
444 364
444 128
762 826
762 376
762 381
762 406
762 937
762 796
345 47
345 931
345 202
345 988
345 423
571 240
571 666
571 670
571 755
227 735
227 168
227 893
227 295
227 29
569 606
569 192
569 995
569 960
770 277
770 750
770 185
770 71
770 531
770 180
770 698
453 629
453 732
453 90
453 486
453 676
453 828
453 558
595 941
595 518
595 858
595 947
595 77
125 744
125 583
125 205
125 414
125 679
125 639
125 294
995 606
995 960
995 10
936 46
936 653
936 560
936 944
936 280
936 446
936 271
325 494
325 613
325 525
325 198
325 951
325 743
325 958
531 750
531 185
531 71
531 698
531 277
531 710
778 62
778 780
778 336
778 293
627 230
627 807
627 44
627 474
627 17
627 340
33 683
33 186
33 280
33 369
33 192
359 56
359 307
359 281
359 340
297 483
297 507
297 573
409 824
409 437
646 299
646 652
646 623
646 381
646 960
544 872
544 785
544 538
544 40
941 858
941 518
941 947
941 77
941 685
206 381
206 547
206 389
206 491
206 79
960 10
960 192
960 606
13 917
13 186
13 41
831 47
831 645
831 255
831 621
831 41
831 504
722 136
722 451
722 854
722 576
958 928
958 508
958 520
958 808
958 254
735 295
735 893
735 638
735 29
937 537
937 796
937 406
937 826
937 376
937 265
331 568
331 690
331 186
331 570
847 290
847 884
847 648
847 724
847 207
847 843
196 354
140 165
140 150
140 578
140 288
140 40
140 441
140 785
498 570
498 398
498 636
498 798
167 424
167 925
167 988
167 648
167 638
167 32
167 976
601 570
601 350
601 996
601 95
386 84
386 407
386 316
386 999
386 97
665 54
665 43
665 592
665 737
665 996
665 480
948 262
948 649
948 361
681 24
681 898
681 456
683 656
683 255
683 369
406 826
406 376
406 796
406 265
406 573
738 229
738 316
738 247
738 710
676 629
676 486
676 88
676 117
491 80
491 565
491 452
599 40
599 928
599 42
599 508
599 931
727 219
727 195
727 794
727 736
727 404
369 186
96 515
96 780
96 993
96 446
96 254
96 934
96 895
96 363
858 947
858 518
858 77
404 195
404 794
404 469
404 219
404 867
440 521
440 190
440 435
440 269
440 319
507 58
507 902
507 907
507 470
507 522
507 450
30 61
30 808
30 934
30 824
30 814
50 851
50 95
50 672
27 693
27 898
27 24
27 272
88 242
88 57
88 515
88 934
346 652
346 177
346 915
346 667
915 177
915 168
915 239
915 202
915 39
284 654
284 356
284 209
284 833
284 769
284 589
49 566
49 231
49 133
49 403
49 484
450 522
450 470
450 902
450 424
298 416
298 852
298 682
298 630
298 166
925 202
925 162
925 988
925 32
223 186
223 272
223 473
223 138
751 707
751 614
751 622
751 210
124 863
124 99
124 316
186 840
679 312
679 744
679 414
679 205
679 294
215 651
215 189
215 542
215 924
202 988
202 32
202 484
255 621
255 41
255 792
255 504
792 449
792 719
792 620
792 530
86 299
86 129
86 287
86 684
867 630
867 764
867 517
931 42
931 928
931 508
361 262
361 649
811 451
811 18
811 993
811 20
811 576
166 138
166 851
445 438
921 42
921 131
921 842
921 157
921 252
852 682
852 541
852 704
24 456
24 898
110 273
110 803
356 827
356 653
356 654
356 769
356 809
356 209
583 614
583 422
583 210
583 542
29 295
29 893
287 684
287 299
889 175
889 70
889 710
889 790
889 337
746 664
746 692
746 971
746 970
746 258
746 476
672 433
672 373
672 513
672 313
61 566
61 416
61 814
61 247
706 623
706 307
706 375
706 771
269 190
269 435
269 918
269 521
269 479
988 32
604 99
604 234
927 455
927 772
537 265
537 796
537 437
537 826
537 771
537 333
537 319
652 177
652 667
410 378
410 178
41 0
41 504
41 621
41 79
384 711
384 534
384 776
384 556
842 896
842 395
842 252
842 736
518 947
534 556
534 776
534 711
620 719
620 530
620 449
620 366
14 39
14 57
14 242
14 174
158 162
158 160
158 877
158 855
149 817
149 661
149 906
149 91
149 69
252 981
252 395
252 784
252 251
102 784
102 340
102 51
102 777
102 726
398 636
398 798
398 207
313 873
313 433
313 373
337 175
337 790
337 70
189 651
189 542
189 924
10 623
10 981
10 606
10 192
951 743
951 670
951 198
951 494
312 480
312 737
312 273
312 592
660 625
660 509
660 929
660 809
251 645
251 865
251 943
449 530
449 719
469 219
469 794
469 195
728 2
728 692
728 972
728 685
728 370
376 796
376 265
376 826
381 446
381 826
2 972
895 900
895 235
895 422
895 175
895 538
210 622
210 614
210 707
210 190
625 809
625 691
625 929
625 848
664 476
664 258
664 971
456 898
456 780
239 981
239 39
239 168
239 6
508 137
508 42
508 5
508 928
132 632
132 541
132 286
132 704
132 682
153 129
153 34
153 354
95 851
95 479
119 80
119 182
744 294
744 414
744 205
177 667
177 39
798 636
517 996
517 630
517 699
517 691
247 587
247 533
790 70
451 576
451 136
451 18
670 240
670 755
570 244
570 690
403 484
403 566
403 231
629 732
629 828
629 117
193 272
193 473
193 138
924 651
924 542
750 933
750 71
750 180
750 277
387 643
387 589
387 131
387 827
651 691
651 542
513 373
513 319
976 71
976 150
377 290
377 854
377 547
468 600
468 28
468 771
143 613
143 156
143 477
143 58
242 5
242 632
242 771
522 424
522 902
522 470
43 855
43 565
694 332
694 886
694 820
694 879
694 520
293 62
293 710
293 336
64 550
64 645
64 524
64 46
479 190
479 521
805 98
805 516
805 434
805 914
864 567
864 208
864 395
864 896
879 51
879 820
879 52
47 525
47 863
47 592
504 354
504 621
643 827
643 350
643 131
643 589
776 711
776 556
51 137
51 818
51 340
871 416
785 538
785 0
589 131
589 559
589 827
265 796
265 826
886 820
886 295
886 520
307 623
307 375
195 219
195 794
329 775
329 528
329 230
329 363
234 662
234 565
234 559
234 144
560 632
560 944
560 653
560 46
855 281
855 160
270 349
270 704
270 157
288 909
288 578
288 165
288 441
907 736
907 970
907 747
907 698
576 993
576 18
576 136
94 6
94 933
94 900
94 235
747 477
737 592
737 480
630 691
208 896
208 567
909 128
909 54
909 926
178 693
178 378
853 159
853 899
853 286
56 281
56 781
971 258
971 476
129 34
129 157
566 698
128 926
128 54
80 452
825 176
825 662
825 768
825 146
235 6
235 900
684 911
684 299
159 899
159 656
808 814
808 934
808 515
639 414
639 4
639 205
639 294
18 136
18 20
578 150
578 441
578 165
136 20
944 46
90 828
90 558
90 286
600 796
524 993
524 550
840 271
474 363
474 156
934 515
934 814
687 884
687 741
711 556
434 364
434 98
434 516
434 914
407 999
407 97
407 84
407 817
319 550
319 168
319 521
550 993
373 40
373 433
794 219
827 131
133 626
133 231
902 424
902 470
781 423
781 339
781 437
772 332
772 455
772 71
389 698
389 568
389 79
521 732
521 526
521 190
567 896
567 395
157 986
157 349
454 146
454 981
929 509
929 848
970 632
970 690
970 17
54 926
54 666
743 994
743 494
743 424
743 198
71 277
71 364
71 185
726 784
726 674
726 777
294 5
294 180
294 205
809 509
541 160
541 704
541 286
541 626
699 333
699 344
477 277
477 850
477 58
477 914
477 156
943 645
943 865
516 914
516 98
364 914
364 559
865 144
917 224
230 528
736 5
414 638
414 933
414 150
704 286
704 682
882 848
828 558
843 724
843 648
175 710
175 70
175 928
175 79
833 654
833 209
833 486
653 875
661 91
661 69
775 818
775 528
336 62
666 484
666 176
666 168
911 273
791 341
542 719
240 755
484 231
932 603
932 952
176 146
138 473
280 446
280 416
280 46
273 803
162 877
162 160
44 807
44 952
44 17
754 597
5 906
698 277
286 682
692 685
692 370
192 452
192 606
654 209
654 769
820 520
820 52
97 999
97 84
952 525
952 603
587 533
587 669
254 4
254 483
339 614
339 622
209 769
483 573
483 4
807 17
370 972
370 685
669 349
850 649
850 262
229 854
623 693
262 649
818 180
525 603
69 91
272 473
526 207
526 724
526 732
526 144
645 0
198 994
198 494
258 476
648 207
648 724
784 777
784 674
597 144
422 366
20 884
674 777
674 854
341 290
341 363
207 724
156 58
144 906
933 900
933 6
538 872
6 900
622 707
622 614
79 547
332 455
150 165
996 350
863 316
182 873
182 626
446 46
244 928
568 34
437 533
437 638
656 844
556 98
662 768
565 452
28 559
333 344
918 471
180 271
180 277
732 638
