698 887
698 792
698 169
945 152
945 467
945 161
65 806
65 352
65 171
278 548
278 641
278 838
97 669
97 728
97 548
575 627
575 331
575 385
108 143
108 284
108 905
850 30
850 938
850 131
625 134
625 685
625 738
960 843
960 784
960 95
611 438
611 808
611 585
796 299
796 760
796 637
323 979
323 768
323 414
658 90
658 39
658 521
210 379
210 64
210 91
223 848
223 177
223 666
636 694
636 670
636 554
889 307
889 568
889 686
150 371
150 954
150 126
214 356
214 303
214 229
459 709
459 374
459 952
820 904
820 717
820 402
151 824
151 274
151 83
667 11
667 359
667 580
198 154
198 672
198 248
599 476
599 201
599 765
509 381
509 823
509 860
906 282
906 129
906 499
589 200
589 250
589 486
786 436
786 860
786 733
149 657
149 227
149 668
334 674
334 222
334 992
495 17
495 562
495 369
742 884
742 775
742 953
302 714
302 735
302 527
841 407
841 826
841 778
289 430
289 946
289 656
493 178
493 642
493 376
533 391
533 390
533 219
373 693
373 561
373 838
901 35
901 485
901 681
648 513
648 60
648 51
691 77
691 255
691 124
239 576
239 346
239 13
263 358
263 621
263 140
314 138
314 476
314 174
931 137
931 934
931 466
43 709
43 254
43 37
208 101
208 42
208 85
332 272
332 228
332 4
985 870
985 484
985 633
868 353
868 530
868 637
965 550
965 405
965 81
218 420
218 173
218 308
325 26
325 874
325 927
211 559
211 886
211 962
286 502
286 448
286 880
94 145
94 70
94 720
146 375
146 978
146 730
21 319
21 486
21 687
162 837
162 48
162 121
320 58
320 213
320 903
458 240
458 903
458 834
726 513
726 194
726 351
917 9
917 967
917 262
123 84
123 893
123 347
209 487
209 241
209 976
93 375
93 523
93 283
595 434
595 498
595 907
480 315
480 391
480 668
712 907
712 295
712 171
754 245
754 384
754 237
835 5
835 763
835 857
959 953
959 879
959 887
975 518
975 908
975 428
249 361
249 822
249 833
699 227
699 69
699 852
608 491
608 465
608 134
897 955
897 335
897 432
555 216
555 135
555 619
891 26
891 317
891 498
536 236
536 761
536 482
612 241
612 908
612 22
328 520
328 238
328 326
583 382
583 541
583 735
224 715
224 540
224 185
642 639
642 690
225 360
225 470
225 191
607 109
607 356
607 976
534 122
534 585
534 671
688 408
688 48
688 29
460 300
460 27
460 362
510 15
510 260
510 165
106 374
106 470
106 316
915 620
915 970
915 784
785 363
785 736
785 505
944 380
944 282
944 200
87 895
87 408
87 174
594 680
594 315
594 984
818 809
818 217
818 478
34 943
34 519
34 160
258 991
258 194
258 463
57 952
57 895
57 761
650 727
650 716
650 439
565 744
565 605
565 125
791 168
791 988
791 500
854 812
854 124
854 41
894 890
894 419
894 696
449 485
449 722
449 451
845 968
845 613
845 771
28 310
28 674
28 251
443 519
443 158
443 138
117 438
117 715
117 54
292 276
292 928
292 980
253 961
253 478
253 500
790 428
790 312
790 887
144 415
144 914
144 576
883 769
883 201
883 770
281 216
281 652
281 455
479 181
479 345
479 55
755 508
755 247
755 64
893 468
893 396
99 663
99 385
99 345
588 528
588 425
588 137
522 487
522 743
522 171
66 121
66 361
66 942
182 743
182 540
182 916
748 331
748 724
748 173
337 378
337 306
337 689
645 368
645 501
645 989
497 197
497 880
497 577
634 305
634 526
634 998
547 58
547 916
547 819
900 898
900 518
900 740
71 250
71 271
71 308
647 732
647 846
647 109
987 5
987 805
987 424
73 592
73 121
73 840
342 656
342 976
342 504
172 227
172 169
172 37
284 143
284 689
321 567
321 264
321 74
678 787
678 798
678 586
780 391
780 74
780 306
963 454
963 403
963 505
270 428
270 220
270 283
909 685
909 817
909 502
964 232
964 535
964 913
423 871
423 438
423 39
661 33
661 941
661 937
776 416
776 388
776 924
234 855
234 666
234 244
682 127
682 942
682 318
966 430
966 774
966 246
529 139
529 872
529 527
749 993
749 888
749 521
831 384
831 393
831 24
351 864
351 604
610 468
610 554
610 861
789 331
789 276
789 587
242 288
242 105
242 444
771 875
771 983
382 47
382 735
665 381
665 297
665 450
50 143
50 13
50 232
866 535
866 558
866 197
365 813
365 250
365 189
724 797
724 574
418 948
418 439
418 441
853 188
853 386
853 432
932 971
932 152
932 132
988 197
988 110
719 118
719 313
719 357
389 310
389 772
389 559
104 180
104 395
104 876
549 606
549 566
549 221
147 605
147 591
147 871
919 204
919 294
919 856
531 721
531 447
531 734
622 316
622 989
622 290
344 60
344 802
344 52
795 958
795 933
795 85
207 288
207 974
207 68
417 927
417 921
417 708
102 161
102 783
102 356
392 552
392 506
392 23
993 188
993 37
56 676
56 705
56 980
858 697
858 313
858 758
53 407
53 852
53 194
215 823
215 763
215 924
120 954
120 847
120 703
195 526
195 779
195 109
564 471
564 107
564 425
829 185
829 400
829 669
930 11
930 734
930 962
411 524
411 98
411 276
453 202
453 541
453 928
24 183
24 762
947 739
947 64
947 977
45 817
45 646
45 5
644 295
644 76
644 714
920 280
920 444
920 138
324 571
324 864
324 326
421 254
421 359
421 372
494 348
494 516
494 950
832 937
832 870
832 90
114 613
114 450
114 851
431 445
431 998
431 675
176 425
176 142
176 652
937 655
226 627
226 157
226 168
794 489
794 821
794 68
465 763
465 190
810 505
810 40
810 788
496 652
496 153
496 274
654 827
654 783
654 925
96 798
96 718
96 803
275 155
275 851
275 454
881 551
881 863
881 105
990 81
990 46
990 260
704 941
704 300
704 996
731 888
731 681
731 190
902 439
902 136
902 865
777 558
777 243
777 1
183 148
183 437
279 863
279 307
279 846
426 290
426 899
426 562
940 457
940 670
940 798
626 330
626 936
626 983
885 535
885 729
885 999
10 468
10 379
10 259
616 185
616 961
616 982
350 593
350 372
350 51
801 632
801 967
801 675
309 203
309 113
309 632
949 261
949 844
949 115
166 551
166 98
166 580
491 739
491 543
406 995
406 872
406 686
701 655
701 52
701 158
32 879
32 67
32 368
905 473
905 398
974 718
974 519
427 7
427 184
427 49
760 372
760 914
764 247
764 67
764 651
827 252
827 639
354 466
354 153
354 471
812 41
812 394
489 311
489 824
628 20
628 639
628 212
492 236
492 397
492 601
633 995
633 371
42 773
42 539
433 451
433 282
433 368
630 815
630 84
630 63
515 874
515 572
515 319
765 257
765 153
27 180
27 17
44 770
44 237
44 516
779 825
779 822
212 830
212 387
849 935
849 690
849 629
304 1
304 475
304 984
377 800
377 809
377 958
916 58
125 561
125 693
477 596
477 928
477 526
774 134
774 833
462 80
462 405
462 341
280 921
280 463
164 388
164 196
164 793
808 585
808 822
237 413
878 25
878 892
878 605
543 307
543 484
873 935
873 403
873 961
435 12
435 788
435 69
484 577
440 481
440 560
440 980
828 422
828 301
828 544
82 1
82 385
82 703
711 231
711 363
711 551
819 744
819 317
861 288
861 54
78 158
78 982
78 499
597 738
597 92
597 404
542 517
542 394
542 651
327 620
327 192
327 77
663 345
663 933
88 869
88 568
88 474
912 485
912 178
912 632
422 571
422 938
220 175
220 734
573 434
573 217
573 659
232 330
15 17
15 923
582 728
582 285
582 424
745 420
745 875
745 524
111 267
111 201
111 260
751 913
751 910
751 692
6 456
6 444
6 374
469 222
469 811
469 186
130 939
130 677
130 781
394 181
694 995
694 554
287 871
287 137
287 511
339 811
339 683
339 23
539 419
539 463
676 972
676 705
553 457
553 156
553 179
723 113
723 473
723 766
926 552
926 329
926 330
941 530
266 86
266 766
266 502
293 746
293 943
293 446
141 472
141 316
141 955
936 349
936 969
730 670
730 348
922 413
922 155
922 213
914 615
322 445
322 643
322 128
804 653
804 899
804 680
680 772
189 532
189 623
702 624
702 890
702 132
981 979
981 436
981 598
972 9
972 520
624 684
624 725
235 989
235 174
235 700
193 370
193 175
193 740
923 424
923 245
490 267
490 39
490 31
452 408
452 569
452 837
530 26
199 500
199 187
199 126
710 13
710 934
710 767
277 857
277 836
277 441
400 649
400 398
756 140
756 396
756 474
929 387
929 159
929 310
830 984
830 268
3 802
3 681
3 587
825 338
825 379
437 580
437 154
803 230
803 570
876 127
876 581
695 601
695 838
695 156
918 653
918 524
918 772
750 875
750 416
750 401
609 131
609 369
609 308
159 72
159 816
386 110
386 705
615 238
615 737
925 311
925 783
165 572
165 675
725 720
725 684
631 100
631 606
631 466
660 14
660 103
660 298
271 100
271 401
483 399
483 943
483 729
129 100
129 797
399 669
399 191
63 596
63 973
799 499
799 847
799 116
297 52
297 300
886 706
886 436
221 566
221 336
747 61
747 606
747 202
200 848
567 273
567 264
746 538
746 537
381 732
561 668
118 501
118 498
590 546
590 168
590 35
252 148
252 769
196 793
196 656
664 383
664 236
664 892
83 882
83 41
122 360
122 896
251 170
251 175
353 962
353 773
758 313
758 697
319 486
767 934
767 635
892 367
574 797
574 869
816 775
816 784
84 268
346 204
346 311
296 847
296 672
296 604
2 856
2 448
2 471
163 283
163 613
163 355
969 563
969 370
47 757
47 75
133 40
133 706
133 36
997 569
997 446
997 637
447 312
447 587
89 68
89 859
89 506
167 91
167 978
167 415
358 231
358 257
475 476
475 343
733 383
733 506
581 482
581 336
602 999
602 410
602 22
23 552
837 992
586 621
586 600
834 349
834 814
192 156
192 717
753 982
753 512
753 273
935 269
0 683
0 946
0 228
481 757
481 246
741 25
741 139
741 238
744 514
525 904
525 240
525 12
370 51
737 641
737 54
859 361
859 977
970 347
970 620
246 265
503 241
503 33
503 532
957 397
957 366
957 341
188 855
802 388
541 72
840 507
840 617
16 752
16 103
16 690
811 641
184 971
184 75
395 338
395 430
46 81
46 203
839 955
839 821
839 910
205 951
205 396
205 285
454 706
577 882
92 4
92 738
842 464
842 233
842 367
291 363
291 635
291 269
318 983
318 77
673 511
673 204
673 262
416 229
707 879
707 666
707 18
501 38
142 429
142 31
640 629
640 177
640 865
116 950
116 714
273 98
807 759
807 826
807 107
578 91
578 248
578 782
442 814
442 752
442 579
523 383
523 844
823 593
703 340
516 415
877 911
877 729
877 157
79 335
79 584
79 884
727 112
727 229
813 508
813 357
230 787
230 870
910 179
397 591
545 364
545 864
545 546
921 991
36 105
36 598
635 255
441 857
540 187
860 148
924 856
713 584
713 290
713 376
855 451
191 762
401 968
410 412
410 518
817 38
179 243
140 299
584 700
70 720
70 815
376 160
456 956
456 11
560 371
560 409
61 782
61 202
821 206
657 843
657 127
815 35
206 152
206 461
566 833
110 621
548 898
800 445
800 95
261 736
261 888
743 598
618 375
618 824
618 603
677 646
677 836
716 617
716 851
67 384
336 482
369 131
806 414
806 40
128 562
128 294
550 62
550 272
967 49
19 951
19 90
19 145
693 740
355 709
355 393
956 844
956 80
557 683
557 413
557 352
862 298
862 470
862 402
340 643
340 446
455 9
455 216
882 474
186 770
186 761
317 7
30 245
30 614
414 112
299 752
402 672
809 715
464 255
464 18
157 978
231 49
521 579
773 563
638 880
638 461
638 173
467 22
467 170
8 614
8 107
8 895
409 62
409 517
508 219
513 546
570 792
570 76
38 387
782 948
412 762
412 264
843 103
228 31
999 181
301 718
301 775
603 348
603 457
343 233
343 366
865 136
326 132
86 364
86 155
161 685
600 256
600 996
601 649
872 527
393 563
867 896
867 390
867 899
404 908
404 335
708 781
708 805
139 126
814 559
653 793
333 649
333 927
333 991
986 759
986 488
986 769
256 303
256 592
60 240
939 338
939 646
643 352
222 136
953 403
303 420
778 592
778 826
787 244
113 248
679 623
679 998
679 14
781 556
269 124
617 848
85 591
757 262
265 994
265 360
274 898
948 722
973 697
973 48
674 687
805 74
119 362
119 942
119 285
979 341
187 254
766 473
62 662
651 911
696 267
696 890
295 721
478 511
244 272
722 268
362 298
259 596
259 869
946 544
512 14
512 507
33 101
836 213
18 717
472 904
472 461
994 20
994 305
951 145
357 190
996 558
95 487
180 528
75 971
135 627
135 911
517 219
629 177
623 759
728 686
12 874
450 378
80 405
689 306
662 739
662 407
55 846
55 504
329 520
329 154
25 29
4 203
556 604
556 59
419 488
619 305
619 115
659 655
659 954
896 390
532 968
169 7
20 217
349 576
29 504
115 59
434 312
863 671
364 952
347 76
359 544
614 514
692 112
692 72
378 671
572 538
569 903
160 488
579 429
315 170
977 938
101 429
568 593
380 448
380 907
507 294
528 243
732 768
768 736
247 366
367 233
571 257
687 700
788 684
432 514
792 992
950 398
933 958
538 537
721 178
913 59
537 884
69 852
