637 241
637 380
637 667
849 765
849 918
849 372
305 404
305 929
305 861
870 405
870 754
870 182
50 753
50 186
50 194
909 202
909 114
909 912
793 448
793 175
793 84
953 491
953 885
953 507
599 750
599 440
599 529
822 687
822 231
822 335
139 418
139 260
139 11
163 959
163 554
163 222
403 773
403 820
403 133
767 534
767 566
767 253
71 617
71 640
71 565
559 771
559 949
559 199
26 140
26 481
26 229
142 549
142 859
142 863
819 104
819 688
819 256
947 550
947 866
947 929
445 167
445 625
445 396
620 571
620 173
620 935
275 589
275 959
275 281
883 70
883 18
883 271
316 939
316 731
316 515
884 543
884 432
884 509
326 283
326 503
326 459
556 967
556 537
556 420
112 950
112 434
112 185
187 122
187 727
187 406
262 681
262 602
262 745
391 852
391 552
391 379
641 269
641 318
641 936
796 548
796 84
796 475
189 892
189 649
189 533
815 202
815 268
815 805
184 73
184 315
184 896
328 399
328 354
328 906
697 12
697 6
697 338
962 628
962 622
962 737
344 785
344 235
344 871
429 810
429 6
429 875
161 843
161 550
161 74
580 730
580 994
580 201
604 514
604 543
604 574
770 227
770 538
770 467
758 879
758 402
758 964
828 145
828 248
828 419
123 836
123 591
123 453
991 664
991 847
991 356
433 195
433 890
433 760
659 236
659 821
659 409
1 41
1 137
1 777
211 497
211 156
211 470
31 975
31 645
31 435
728 498
728 513
728 507
196 737
196 212
196 751
832 248
832 157
832 625
96 703
96 565
96 45
894 871
894 292
894 713
238 512
238 506
238 804
569 901
569 314
569 450
61 362
61 578
61 244
607 256
607 407
607 126
117 400
117 789
117 368
279 230
279 443
279 542
663 198
663 535
663 435
712 724
712 342
712 891
246 696
246 520
246 762
394 179
394 181
394 56
816 200
816 448
816 91
102 469
102 900
102 609
150 398
150 415
150 830
203 673
203 774
203 379
547 27
547 889
547 768
193 181
193 846
193 830
911 571
911 455
911 535
553 643
553 291
553 848
845 420
845 235
845 47
511 859
511 108
511 500
928 56
928 439
928 179
17 324
17 265
17 109
313 423
313 380
313 162
215 527
215 39
215 506
557 53
557 459
557 730
499 691
499 711
499 158
581 257
581 83
581 624
364 842
364 781
364 820
536 612
536 51
536 239
65 871
65 266
65 687
209 639
209 160
209 903
803 769
803 311
803 552
992 37
992 941
992 558
166 588
166 220
166 347
786 291
786 300
786 416
180 186
180 943
180 780
312 33
312 336
312 904
644 628
644 552
644 691
675 197
675 176
675 509
208 590
208 372
208 897
410 461
410 519
410 634
0 288
0 376
0 320
381 194
381 737
381 284
353 969
353 332
353 503
648 14
648 566
648 135
775 885
775 700
775 37
545 247
545 707
545 516
818 111
818 726
818 75
331 657
331 918
331 603
480 913
480 975
480 680
853 804
853 932
853 951
934 699
934 668
934 417
824 361
824 367
824 494
907 367
907 711
907 843
106 575
106 605
106 625
627 53
627 91
627 600
116 255
116 362
116 827
677 572
677 785
677 843
296 157
296 333
296 369
873 931
873 977
873 868
43 981
43 701
43 916
692 508
692 890
692 578
171 744
171 245
171 476
505 440
505 389
505 228
152 852
152 358
152 649
226 906
226 29
226 110
67 188
67 285
67 197
942 192
942 898
942 710
49 78
49 388
49 109
479 714
479 517
479 273
864 626
864 860
864 498
957 684
957 23
957 694
95 893
95 370
95 879
595 882
595 795
595 366
343 13
343 295
343 657
468 349
468 851
468 882
355 778
355 4
355 570
671 362
671 889
671 81
528 725
528 800
528 981
742 723
742 231
742 999
397 128
397 509
397 260
933 975
933 466
933 301
551 504
551 512
551 338
30 487
30 288
30 642
465 821
465 606
465 954
518 988
518 99
518 318
814 235
814 848
814 489
632 721
632 917
632 945
799 167
799 182
799 926
483 64
483 175
483 854
856 218
856 664
856 732
530 24
530 396
530 862
788 661
788 130
788 904
5 817
5 993
5 574
966 986
966 791
966 207
488 301
488 500
488 40
971 515
971 125
971 360
427 810
427 850
427 756
695 554
695 80
695 250
309 699
309 393
309 776
596 83
596 913
596 649
62 510
62 401
62 794
310 175
310 466
310 333
55 546
55 878
55 39
679 254
679 759
679 589
531 878
531 198
531 609
910 654
910 731
910 174
127 98
127 341
127 91
411 718
411 406
411 865
9 173
9 880
9 937
541 407
541 979
541 619
243 789
243 368
243 605
442 107
442 114
442 912
352 837
352 128
352 896
385 825
385 401
385 674
441 47
441 726
441 425
831 573
831 578
831 213
914 608
914 560
914 688
85 425
85 921
85 185
944 291
944 954
944 680
526 906
526 825
526 588
952 517
952 801
952 865
426 40
426 972
426 223
456 57
456 204
456 622
155 762
155 713
155 696
636 455
636 162
636 288
501 761
501 52
501 723
635 306
635 365
635 587
249 694
249 503
249 951
908 428
908 64
908 605
103 283
103 978
103 366
561 973
561 840
561 178
232 806
232 11
232 929
446 582
446 12
446 763
808 880
808 454
808 777
21 382
21 259
21 611
757 660
757 766
757 207
734 336
734 245
734 744
958 837
958 550
958 624
216 993
216 795
216 284
623 199
623 720
623 268
451 769
451 720
451 613
755 611
755 300
755 259
383 915
383 396
383 307
471 502
471 321
471 851
304 988
304 289
304 489
327 250
327 795
327 467
706 587
706 165
706 514
752 109
752 722
752 162
303 299
303 126
303 726
319 664
319 87
319 563
980 154
980 600
980 287
282 128
282 218
282 732
424 200
424 82
424 602
540 628
540 406
540 791
948 376
948 393
948 369
647 7
647 654
647 386
702 158
702 412
702 575
278 563
278 144
278 766
719 334
719 389
719 228
567 260
567 335
567 130
263 497
263 792
263 676
267 753
267 661
267 710
738 151
738 191
738 813
905 270
905 750
905 80
524 439
524 946
524 376
716 724
716 256
716 925
214 174
214 563
214 285
656 379
656 860
656 421
872 25
872 452
872 41
159 437
159 41
159 268
97 939
97 206
97 356
473 961
473 987
473 913
521 25
521 751
521 494
190 141
190 652
190 132
956 369
956 115
956 19
693 36
693 458
693 333
790 798
790 773
790 148
169 512
169 147
169 772
614 300
614 177
614 204
92 358
92 763
92 621
686 619
686 983
686 32
834 3
834 838
834 59
375 921
375 568
375 146
485 416
485 147
485 219
183 715
183 88
183 756
809 349
809 984
809 241
242 997
242 200
242 20
486 358
486 792
486 194
749 392
749 573
749 469
811 455
811 354
811 137
633 915
633 794
633 307
221 653
221 585
221 74
252 487
252 301
252 661
234 973
234 36
234 925
747 598
747 829
747 145
408 469
408 337
408 35
783 562
783 247
783 968
876 861
876 38
876 999
888 181
888 525
888 192
42 707
42 621
42 837
168 472
168 135
168 10
286 467
286 464
286 219
100 318
100 290
100 144
258 778
258 945
258 217
523 337
523 447
523 708
717 273
717 444
717 435
298 413
298 969
298 390
996 165
996 500
996 251
532 703
532 45
532 829
340 895
340 493
340 979
351 701
351 640
351 916
779 460
779 413
779 534
733 32
733 390
733 423
844 46
844 476
844 492
746 322
746 494
746 402
277 699
277 525
277 466
564 206
564 213
564 593
482 167
482 145
482 44
630 315
630 899
630 508
989 457
989 88
989 708
601 941
601 144
601 658
782 124
782 457
782 439
134 289
134 156
134 763
264 293
264 731
264 508
58 665
58 827
58 22
274 901
274 225
274 314
438 751
438 653
438 585
495 674
495 14
495 105
670 153
670 244
670 771
881 266
881 754
881 862
583 574
583 377
583 939
387 981
387 877
387 994
858 329
858 99
858 926
709 899
709 330
709 794
729 289
729 349
729 932
68 899
68 330
68 642
812 787
812 151
812 463
363 546
363 399
363 125
995 418
995 390
995 443
940 655
940 848
940 120
631 865
631 457
631 293
690 354
690 6
690 487
715 88
715 984
210 997
210 20
210 900
325 629
325 322
325 684
739 24
739 529
739 650
272 859
272 590
272 404
584 25
584 875
584 136
89 227
89 460
89 588
233 804
233 652
233 900
539 137
539 265
539 566
555 776
555 7
555 338
395 825
395 10
395 472
919 529
919 59
919 639
350 836
350 874
350 935
927 470
927 891
927 342
965 517
965 287
965 12
90 57
90 993
90 392
577 409
577 70
577 273
666 276
666 377
666 370
205 306
205 507
205 407
422 863
422 345
422 575
638 718
638 582
638 525
60 87
60 464
60 450
970 634
970 75
970 111
592 141
592 608
592 434
576 492
576 764
576 806
743 414
743 616
743 678
672 922
672 400
672 781
920 423
920 110
920 478
474 689
474 431
474 16
960 840
960 951
960 917
833 642
833 224
833 74
490 269
490 936
490 428
240 156
240 294
240 626
384 968
384 562
384 136
976 470
976 28
976 337
658 147
658 714
897 590
897 372
153 244
153 771
990 461
990 665
990 842
308 646
308 882
308 651
784 682
784 931
784 250
616 414
616 421
930 332
930 160
930 27
2 823
2 985
2 35
857 48
857 255
857 740
237 224
237 348
237 79
760 195
760 890
119 447
119 629
119 18
359 437
359 44
359 361
297 448
297 597
297 22
704 421
704 892
704 798
869 3
869 59
869 460
705 294
705 764
705 444
681 602
681 745
922 4
922 164
34 967
34 878
34 740
257 776
257 83
302 959
302 357
302 108
974 290
974 281
974 77
453 836
453 223
797 76
797 565
797 370
972 40
972 223
735 219
735 135
735 399
978 283
978 366
16 689
16 431
430 544
430 84
430 921
867 146
867 568
867 253
346 866
346 320
346 902
138 868
138 977
138 39
615 124
615 386
615 432
118 662
118 374
118 685
371 774
371 120
371 224
299 126
299 295
19 51
19 115
923 477
923 887
923 895
63 678
63 722
63 610
292 225
292 713
66 323
66 594
66 8
855 745
855 984
855 504
839 617
839 367
839 373
579 222
579 979
579 846
586 754
586 329
586 414
122 802
122 727
261 877
261 502
261 874
938 510
938 593
938 330
606 821
606 954
985 35
985 823
373 617
373 104
280 416
280 765
280 132
170 458
170 522
170 718
683 714
683 443
683 639
254 589
254 759
682 835
682 753
212 680
212 341
685 374
685 662
78 388
78 28
736 239
736 131
736 176
950 932
950 434
13 295
13 542
741 823
741 668
741 417
669 32
669 281
669 945
780 805
780 943
339 694
339 431
339 419
496 229
496 598
496 646
72 151
72 94
72 982
48 173
48 255
698 94
698 462
698 493
77 290
77 44
69 626
69 270
69 504
986 791
986 207
188 285
188 197
813 778
813 191
271 801
271 70
748 860
748 520
748 29
121 154
121 360
121 87
660 766
660 464
113 765
113 37
113 477
54 643
54 227
54 491
835 534
835 720
382 149
382 428
700 885
700 983
412 158
412 643
802 22
802 727
850 293
850 104
613 491
613 769
651 646
651 548
946 987
946 961
317 454
317 133
317 251
519 461
519 634
826 101
826 436
826 761
481 537
481 140
23 829
23 684
101 650
101 436
98 640
98 341
115 51
449 437
449 334
449 515
131 176
131 239
378 624
378 191
378 86
538 76
538 15
817 143
817 86
998 107
998 787
998 463
129 612
129 33
129 549
618 598
618 322
618 164
105 674
105 14
935 452
560 688
560 608
841 335
841 149
841 425
652 132
924 689
924 401
924 195
533 231
533 892
558 348
558 941
314 901
847 356
847 413
38 861
38 999
472 10
276 452
276 377
93 645
93 949
93 708
15 807
15 76
79 807
79 348
143 204
143 86
902 320
902 866
81 334
81 889
554 80
52 761
52 964
527 594
527 506
854 64
854 419
886 29
886 800
886 725
667 380
667 241
772 513
772 546
201 284
201 994
484 82
484 931
484 447
520 361
838 3
838 723
721 917
721 400
801 324
893 879
893 124
230 311
230 591
177 492
177 582
476 46
787 463
213 206
172 294
172 691
172 852
806 11
462 493
462 94
645 711
593 510
365 982
365 937
977 868
133 820
591 311
47 420
342 891
36 925
514 165
73 896
73 315
432 543
415 830
415 398
955 33
955 186
955 185
141 253
572 785
572 724
668 417
478 110
478 807
179 56
306 587
140 229
198 609
107 225
217 619
217 542
597 8
597 46
475 404
475 548
798 148
516 247
516 707
570 4
570 149
148 773
323 594
323 8
392 573
949 199
248 157
756 810
665 827
676 792
676 497
973 840
549 612
603 657
603 918
386 7
725 800
389 228
916 701
402 964
440 621
610 722
610 678
357 418
357 108
963 544
963 178
963 374
321 502
321 851
251 454
220 236
220 347
585 653
987 961
915 307
967 537
768 740
768 27
450 336
178 544
444 764
969 332
535 571
20 997
477 887
762 696
236 347
650 24
622 57
629 18
846 522
164 99
895 887
324 265
655 120
655 202
259 611
266 687
345 393
345 863
943 805
75 111
710 898
781 842
154 287
912 114
898 192
904 130
245 744
269 936
388 28
160 903
874 877
522 458
982 937
360 125
988 489
983 662
968 562
398 409
673 774
673 459
498 513
880 777
405 182
405 222
45 703
654 174
730 53
600 903
146 568
368 789
136 875
270 750
759 862
926 329
732 218
82 436
