559 854
559 718
559 683
750 196
750 338
750 491
670 510
670 357
670 489
846 636
846 242
846 920
381 394
381 159
381 1
743 805
743 420
743 641
93 154
93 472
93 149
834 773
834 747
834 433
110 312
110 679
110 538
285 684
285 668
285 487
228 712
228 662
228 667
506 841
506 79
506 803
565 164
565 135
565 466
945 215
945 990
945 991
49 22
49 787
49 928
800 469
800 572
800 760
64 500
64 267
64 556
254 985
254 140
254 773
533 409
533 61
533 913
589 416
589 732
589 412
577 885
577 140
577 528
775 767
775 274
775 463
71 74
71 413
71 432
680 732
680 521
680 297
89 322
89 505
89 186
728 951
728 530
728 989
534 338
534 272
534 196
590 207
590 232
590 393
104 668
104 978
104 948
219 158
219 740
219 23
622 520
622 541
622 51
819 308
819 702
819 974
408 308
408 84
408 8
859 896
859 767
859 801
335 710
335 588
335 971
609 578
609 139
609 189
441 816
441 39
441 685
627 450
627 830
627 890
546 197
546 515
546 48
829 712
829 431
829 900
279 946
279 552
279 899
336 767
336 389
336 124
564 845
564 166
564 265
734 714
734 724
734 263
88 114
88 987
88 614
252 586
252 649
252 732
499 983
499 435
499 319
689 697
689 607
689 179
458 509
458 10
458 148
837 167
837 659
837 818
203 481
203 793
203 537
812 201
812 964
812 44
619 530
619 463
619 235
790 871
790 296
790 48
539 579
539 491
539 910
618 717
618 759
618 555
558 212
558 39
558 611
631 695
631 435
631 983
234 899
234 121
234 340
836 483
836 875
836 157
127 237
127 32
127 266
673 844
673 132
673 150
826 134
826 821
826 698
250 555
250 599
250 371
780 600
780 131
780 997
67 272
67 501
67 245
664 205
664 913
664 61
354 270
354 498
354 825
757 329
757 81
757 660
993 191
993 683
993 996
25 167
25 746
25 273
783 120
783 817
783 170
815 184
815 778
815 808
822 692
822 152
822 472
753 287
753 644
753 760
847 26
847 777
847 542
57 33
57 12
57 941
43 759
43 205
43 497
571 436
571 897
571 616
480 915
480 548
480 770
954 894
954 33
954 715
261 20
261 827
261 616
650 756
650 525
650 256
36 164
36 85
36 683
977 274
977 751
977 216
98 65
98 275
98 133
543 507
543 460
543 173
449 936
449 433
449 863
966 183
966 294
966 176
276 318
276 113
276 193
50 272
50 796
50 493
94 498
94 124
94 48
330 138
330 30
330 726
377 230
377 873
377 326
553 420
553 278
553 561
943 346
943 11
943 720
986 152
986 430
986 290
288 761
288 439
288 118
905 810
905 947
905 745
620 72
620 793
620 391
969 273
969 70
969 882
87 236
87 174
87 976
97 422
97 264
97 988
603 852
603 473
603 200
916 798
916 608
916 96
626 202
626 741
626 505
640 460
640 445
640 173
35 461
35 711
35 824
315 625
315 818
315 887
59 243
59 805
59 387
529 154
529 103
529 134
479 666
479 445
479 69
886 493
886 725
886 649
153 218
153 206
153 862
981 549
981 413
981 363
792 820
792 468
792 517
937 324
937 235
937 540
638 113
638 400
638 351
595 175
595 417
595 548
688 967
688 66
688 646
105 932
105 353
105 982
681 925
681 686
681 727
365 206
365 429
365 312
576 301
576 806
576 309
117 606
117 40
117 653
511 60
511 469
511 811
733 200
733 608
733 852
24 121
24 839
24 454
54 592
54 810
54 835
752 442
752 72
752 855
878 504
878 849
878 774
594 164
594 125
594 255
929 685
929 541
929 281
519 494
519 108
519 827
935 813
935 882
935 75
15 921
15 875
15 777
90 5
90 473
90 560
583 262
583 532
583 210
956 471
956 796
956 703
18 313
18 702
18 275
998 789
998 484
998 705
224 885
224 416
224 357
874 180
874 318
874 701
647 27
647 726
647 138
204 497
204 19
204 81
901 307
901 938
901 646
372 961
372 621
372 248
485 346
485 190
485 292
369 910
369 262
369 940
314 155
314 629
314 65
623 489
623 656
623 260
345 422
345 474
345 742
876 70
876 9
876 763
610 960
610 918
610 283
658 417
658 53
658 992
112 992
112 387
112 593
939 522
939 362
939 501
388 373
388 133
388 351
694 892
694 502
694 106
178 99
178 597
178 912
884 270
884 350
884 713
799 749
799 7
799 393
249 992
249 605
249 5
764 803
764 841
764 398
709 465
709 738
709 202
382 51
382 520
382 79
514 188
514 655
514 863
955 759
955 838
955 807
426 858
426 416
426 560
842 725
842 926
842 489
914 216
914 52
914 906
352 665
352 447
352 616
317 277
317 922
317 909
213 607
213 550
213 295
963 611
963 389
963 212
227 866
227 538
227 214
632 425
632 908
632 806
374 671
374 869
374 507
651 873
651 157
651 390
100 44
100 258
100 568
268 337
268 401
268 91
438 746
438 474
438 742
672 522
672 52
672 301
737 535
737 275
737 863
968 741
968 487
968 701
378 568
378 776
378 475
657 223
657 687
657 556
573 331
573 621
573 881
716 894
716 562
716 316
244 187
244 516
244 784
397 960
397 831
397 860
280 27
280 32
280 237
994 194
994 967
994 718
769 959
769 229
769 208
893 908
893 206
893 425
141 915
141 779
141 731
570 29
570 755
570 745
768 267
768 350
768 713
122 247
122 45
122 512
965 448
965 868
965 143
359 851
359 988
359 880
765 518
765 972
765 367
661 29
661 125
661 495
721 700
721 865
721 142
156 380
156 930
156 11
405 355
405 872
405 482
21 705
21 755
21 402
217 253
217 951
217 580
41 692
41 39
41 340
195 508
195 42
195 121
612 772
612 690
612 30
102 167
102 143
102 448
470 379
470 414
470 817
361 440
361 403
361 185
730 920
730 403
730 692
116 99
116 990
116 597
554 697
554 380
554 179
347 189
347 763
347 637
652 656
652 260
652 215
889 949
889 704
889 642
31 186
31 385
31 322
37 483
37 286
37 134
428 787
428 928
428 139
877 779
877 731
877 544
328 243
328 137
328 708
919 606
919 40
919 504
419 735
419 926
419 507
648 719
648 741
648 429
635 12
635 942
635 934
83 701
83 131
83 356
699 960
699 849
699 498
615 290
615 560
615 605
222 66
222 65
222 85
628 137
628 909
628 848
370 587
370 226
370 975
383 872
383 293
383 230
320 468
320 137
320 659
791 62
791 857
791 890
147 292
147 190
147 915
225 971
225 80
225 588
490 114
490 614
490 592
115 296
115 111
115 871
358 60
358 379
358 414
762 302
762 311
762 255
843 233
843 158
843 985
299 695
299 806
299 794
853 22
853 188
853 655
334 535
334 593
334 725
444 239
444 970
444 267
453 857
453 869
453 62
674 724
674 74
674 693
766 148
766 273
766 10
488 46
488 604
488 831
496 101
496 395
496 161
238 987
238 151
238 410
241 535
241 720
241 625
0 205
0 729
0 332
269 226
269 975
269 630
34 16
34 231
34 890
182 807
182 833
182 286
360 824
360 341
360 22
840 978
840 321
840 948
63 525
63 13
63 698
999 446
999 321
999 412
406 135
406 466
406 883
547 433
547 711
547 461
298 266
298 869
298 259
456 332
456 439
456 495
462 27
462 172
462 257
744 942
744 934
744 187
55 309
55 947
55 509
240 221
240 231
240 68
723 952
723 653
723 687
785 327
785 747
785 199
654 491
654 130
654 979
754 210
754 924
754 183
795 747
795 242
795 579
165 521
165 103
165 297
457 307
457 938
457 824
917 925
917 639
917 124
78 972
78 85
78 263
574 527
574 789
574 424
682 801
682 111
682 896
192 918
192 772
192 690
861 700
861 898
861 129
209 467
209 941
209 912
950 778
950 108
950 494
284 900
284 904
284 146
306 892
306 676
306 160
870 517
870 471
870 568
76 708
76 704
76 181
333 233
333 678
333 163
427 326
427 264
427 707
691 337
691 319
691 91
809 329
809 660
809 393
4 418
4 295
4 194
782 311
782 667
782 47
271 42
271 287
271 508
902 126
902 980
902 79
198 990
198 8
198 84
503 996
503 323
503 191
366 229
366 895
366 940
645 860
645 825
645 109
349 251
349 910
349 995
384 555
384 218
384 862
613 248
613 961
613 517
867 319
867 906
867 348
305 777
305 80
305 982
342 283
342 855
342 442
17 524
17 445
17 686
788 773
788 473
788 549
984 266
984 987
984 816
73 144
73 838
73 995
364 95
364 540
364 516
486 980
486 399
486 96
911 926
911 700
911 5
344 839
344 440
344 454
598 53
598 920
598 567
28 207
28 232
28 312
478 717
478 180
478 575
455 582
455 392
455 391
551 44
551 477
551 421
802 617
802 544
802 729
282 587
282 69
282 666
888 313
888 552
888 161
404 398
404 253
404 527
585 400
585 581
585 484
56 346
56 720
56 989
396 761
396 118
396 932
459 523
459 197
459 515
786 964
786 201
786 409
634 126
634 602
634 820
903 7
903 749
903 136
814 363
814 120
814 851
832 828
832 770
832 633
601 483
601 72
601 746
123 247
123 385
123 45
957 481
957 510
957 136
168 257
168 172
168 875
879 629
879 313
879 155
958 166
958 845
958 967
443 259
443 707
443 357
446 321
446 412
748 587
748 477
748 421
171 637
171 52
171 278
452 363
452 184
452 671
557 924
557 256
557 341
696 789
696 630
696 447
86 751
86 436
86 897
931 16
931 245
931 584
38 291
38 708
38 283
891 600
891 997
891 429
3 811
3 239
3 970
933 439
933 894
933 472
591 431
591 13
591 675
246 264
246 101
246 395
407 895
407 944
407 265
464 368
464 401
464 149
641 805
641 947
563 199
563 771
563 327
310 181
310 451
310 339
531 854
531 411
531 722
348 66
348 906
823 735
823 684
823 132
492 216
492 509
492 339
953 142
953 865
953 128
399 96
399 980
109 860
109 825
663 639
663 962
663 371
58 580
58 850
58 136
561 420
561 278
643 223
643 649
643 500
526 163
526 176
526 301
722 854
722 411
2 985
2 679
2 512
536 944
536 599
536 549
644 287
644 760
677 776
677 475
677 940
77 303
77 434
77 376
221 231
221 68
169 12
169 326
169 376
304 706
304 400
304 92
258 161
258 331
907 866
907 398
907 646
665 671
665 447
736 538
736 707
736 505
128 865
128 142
797 187
797 434
797 593
758 340
758 20
758 332
220 355
220 23
220 482
880 851
880 988
781 710
781 864
781 828
804 270
804 706
804 524
146 904
146 900
293 872
293 230
6 465
6 151
6 410
502 33
502 106
714 263
714 724
162 739
162 921
162 715
386 356
386 325
386 323
415 223
415 735
415 422
566 973
566 599
566 389
569 523
569 19
569 794
624 129
624 265
624 687
848 409
848 909
392 391
392 582
177 174
177 693
177 423
545 111
545 979
545 130
375 813
375 493
375 524
856 236
856 214
856 976
211 251
211 669
211 883
952 653
952 341
567 662
567 53
51 520
476 630
476 316
476 562
513 579
513 131
513 784
881 331
881 621
82 343
82 924
82 771
923 676
923 259
923 160
740 159
740 23
604 831
604 46
739 715
739 921
575 180
575 717
145 830
145 868
145 450
119 291
119 816
119 437
437 291
437 798
833 286
833 807
294 183
294 176
160 676
325 356
325 323
394 159
394 1
185 403
185 440
430 290
430 152
774 849
774 504
898 129
898 339
719 904
719 858
962 371
962 639
324 540
324 235
927 80
927 277
927 922
669 251
669 883
572 668
572 469
949 704
949 642
678 233
678 163
930 380
930 11
600 997
602 820
602 126
300 68
300 582
300 556
835 810
835 592
617 544
617 729
353 932
353 982
581 637
581 484
586 30
586 784
703 796
703 471
9 763
9 70
170 817
170 120
343 401
343 771
424 367
424 527
14 500
14 918
14 385
248 961
107 26
107 542
107 642
970 239
844 132
844 150
175 548
175 417
537 481
537 793
418 194
418 295
368 149
368 1
92 706
92 991
289 596
289 858
289 936
373 133
373 351
451 510
451 181
410 151
756 525
756 256
247 45
47 311
47 667
402 705
402 755
432 413
432 74
887 818
887 625
362 501
362 522
908 425
208 302
208 578
850 868
850 580
839 454
144 995
144 838
191 996
727 925
727 686
821 596
821 698
964 201
864 150
864 710
738 465
738 202
95 745
95 516
62 857
423 174
423 693
528 140
528 885
633 828
633 770
75 882
75 813
463 530
852 200
550 46
550 607
193 113
193 318
281 541
281 685
636 309
636 242
973 411
973 718
518 367
518 972
675 13
675 431
61 913
808 778
808 184
467 912
467 941
690 772
387 243
978 948
521 297
390 873
390 157
983 435
108 494
776 475
979 130
69 666
871 296
32 237
148 10
944 895
8 84
959 229
959 253
350 713
659 468
584 16
584 245
862 218
845 166
866 214
991 215
928 787
779 731
461 711
749 7
934 942
292 190
695 794
974 308
974 702
19 523
482 355
855 442
801 896
989 951
611 212
712 662
322 186
466 135
532 210
532 262
684 487
679 512
552 946
922 277
179 697
99 597
448 143
173 460
236 976
892 106
421 477
226 975
26 542
938 307
946 899
40 606
197 515
255 125
207 232
497 81
260 656
588 971
60 811
154 103
188 655
605 158
798 608
118 761
474 742
495 29
257 172
395 101
329 660
436 897
830 450
936 596
327 199
827 20
614 114
726 138
189 139
316 562
91 337
196 338
578 302
508 42
379 414
303 434
303 376
803 841
629 155
751 274
