505 223
505 762
505 854
550 730
550 66
550 816
522 0
522 330
522 503
639 167
639 529
639 424
664 572
664 962
664 321
808 115
808 347
808 844
111 652
111 107
111 292
595 646
595 480
595 686
380 539
380 34
380 138
411 681
411 21
411 340
551 156
551 237
551 552
638 51
638 170
638 465
398 231
398 932
398 211
953 211
953 324
953 979
291 461
291 641
291 979
827 669
827 684
827 935
327 397
327 428
327 795
484 247
484 207
484 272
194 133
194 407
194 623
220 980
220 232
220 957
205 560
205 938
205 632
495 89
495 706
495 578
379 641
379 564
379 903
531 222
531 70
531 748
161 272
161 192
161 473
488 68
488 208
488 536
28 591
28 873
28 230
224 688
224 323
224 836
541 528
541 853
541 418
858 589
858 32
858 308
20 366
20 963
20 559
369 941
369 321
369 178
374 605
374 793
374 252
452 260
452 572
452 155
151 688
151 30
151 520
294 355
294 176
294 943
101 372
101 401
101 852
702 683
702 258
702 815
423 836
423 737
423 839
573 514
573 642
573 175
496 632
496 838
496 41
563 437
563 814
563 849
48 96
48 769
48 375
58 663
58 609
58 442
701 130
701 223
701 651
703 175
703 738
703 314
120 124
120 604
120 292
163 592
163 263
163 965
637 148
637 557
637 268
947 59
947 787
947 560
203 430
203 506
203 199
426 927
426 636
426 630
764 490
764 596
764 121
521 507
521 473
521 356
35 909
35 275
35 925
469 540
469 188
469 999
655 342
655 506
655 717
271 749
271 499
271 455
602 621
602 879
602 977
242 214
242 885
242 585
804 873
804 653
804 594
617 715
617 621
617 814
866 609
866 882
866 338
501 329
501 815
501 212
920 728
920 748
920 700
282 25
282 180
282 13
732 318
732 560
732 656
334 310
334 593
334 814
779 697
779 547
779 687
160 31
160 771
160 306
971 446
971 904
971 97
248 19
248 963
248 838
67 618
67 69
67 165
929 316
929 956
929 198
598 56
598 935
598 539
708 402
708 459
708 671
556 945
556 274
556 263
828 355
828 722
828 49
27 908
27 859
27 500
218 310
218 449
218 726
615 634
615 112
615 402
913 983
913 175
913 536
336 859
336 564
336 323
415 938
415 592
415 756
364 290
364 372
364 204
513 989
513 475
513 118
317 900
317 824
317 219
438 772
438 216
438 38
590 976
590 139
590 821
825 983
825 190
825 80
88 981
88 624
88 232
206 79
206 761
206 337
460 73
460 212
460 627
752 396
752 909
752 520
381 57
381 393
381 880
422 384
422 287
422 305
217 241
217 993
217 798
845 946
845 872
845 896
297 694
297 697
297 571
874 817
874 582
874 895
179 728
179 202
179 948
998 751
998 861
998 188
195 455
195 232
195 966
826 155
826 367
826 146
17 166
17 966
17 821
182 306
182 739
182 547
191 734
191 722
191 630
972 24
972 503
972 546
320 542
320 385
320 132
448 135
448 341
448 946
414 816
414 153
414 554
986 425
986 333
986 584
309 66
309 75
309 806
704 740
704 936
704 201
119 594
119 693
119 13
952 491
952 662
952 538
583 244
583 781
583 774
678 268
678 681
678 894
235 834
235 642
235 500
489 284
489 136
489 535
36 700
36 510
36 782
954 276
954 838
954 253
210 538
210 454
210 944
432 100
432 14
432 150
113 477
113 181
113 879
765 122
765 981
765 795
456 694
456 540
456 717
493 215
493 856
493 476
83 2
83 377
83 474
742 917
742 993
742 328
53 21
53 298
53 47
899 168
899 812
899 353
363 864
363 979
363 39
567 286
567 31
567 653
10 9
10 534
10 433
937 850
937 725
937 388
339 835
339 289
339 796
847 532
847 497
847 652
238 823
238 569
238 442
392 856
392 128
392 154
94 349
94 840
94 774
607 262
607 64
607 554
1 91
1 347
1 842
973 77
973 903
973 278
46 969
46 851
46 285
445 230
445 322
445 677
420 852
420 11
420 263
813 561
813 146
813 559
472 681
472 390
472 727
860 394
860 388
860 974
517 123
517 279
517 7
95 706
95 641
95 906
464 174
464 527
464 2
370 138
370 906
370 661
403 281
403 575
403 604
544 657
544 373
544 569
555 358
555 269
555 916
440 600
440 561
440 457
992 970
992 409
992 212
800 756
800 289
800 787
926 376
926 180
926 570
126 23
126 477
126 606
307 897
307 385
307 132
40 587
40 128
40 287
649 962
649 159
649 618
114 359
114 171
114 613
580 391
580 594
580 144
773 62
773 300
773 424
914 854
914 498
914 261
387 269
387 676
387 616
878 122
878 578
878 295
612 228
612 178
612 917
996 935
996 356
996 917
117 474
117 376
117 839
236 528
236 938
236 318
22 506
22 11
22 856
227 786
227 281
227 807
746 558
746 278
746 876
131 233
131 333
131 449
399 172
399 351
399 951
443 629
443 190
443 241
579 345
579 553
579 533
940 663
940 223
940 994
45 158
45 930
45 977
332 575
332 646
332 686
470 298
470 246
470 894
889 974
889 375
889 546
759 428
759 302
759 311
763 794
763 330
763 406
608 319
608 654
608 18
939 136
939 51
939 264
659 243
659 774
659 442
65 62
65 172
65 377
431 91
431 201
431 69
239 344
239 184
239 549
466 486
466 167
466 897
891 98
891 233
891 244
361 823
361 669
361 454
429 596
429 716
429 455
362 532
362 290
362 284
919 698
919 622
919 716
675 133
675 106
675 515
741 183
741 643
741 553
277 90
277 383
277 222
731 549
731 395
731 124
273 705
273 975
273 901
352 879
352 308
352 932
386 915
386 413
386 871
494 116
494 351
494 305
76 434
76 130
76 619
417 300
417 679
417 192
267 575
267 213
267 546
137 407
137 793
137 697
958 400
958 581
958 692
99 372
99 77
99 153
666 446
666 911
666 749
924 908
924 98
924 384
110 168
110 927
110 353
186 552
186 81
186 240
633 769
633 586
633 207
901 705
901 968
229 722
229 776
229 261
668 97
668 629
668 611
3 61
3 876
3 980
325 762
325 393
325 819
251 324
251 71
251 407
921 927
921 753
921 499
259 524
259 92
259 735
696 726
696 245
696 965
502 900
502 409
502 390
682 955
682 85
682 881
405 112
405 817
405 465
419 698
419 397
419 487
313 412
313 51
313 133
435 687
435 276
435 253
857 135
857 676
857 434
265 882
265 794
265 634
711 0
711 480
711 246
841 78
841 712
841 29
907 4
907 221
907 981
82 816
82 799
82 323
855 532
855 680
855 427
660 679
660 543
660 302
444 425
444 199
444 138
378 656
378 162
378 395
588 867
588 810
588 690
197 745
197 34
197 355
576 358
576 916
576 842
343 68
343 651
343 480
667 957
667 170
667 910
674 589
674 571
674 770
523 792
523 946
523 14
597 4
597 459
597 626
626 963
626 171
471 862
471 463
471 121
672 49
672 609
672 434
315 300
315 49
315 839
833 692
833 103
833 685
177 147
177 662
177 139
225 782
225 864
225 819
6 213
6 412
6 187
492 670
492 822
492 658
453 74
453 467
453 66
803 798
803 231
803 559
157 287
157 627
157 503
890 687
890 654
890 302
44 215
44 18
44 644
720 176
720 281
720 671
865 713
865 605
865 949
790 383
790 123
790 424
142 87
142 601
142 620
883 908
883 812
883 511
724 244
724 984
724 754
744 457
744 123
744 548
72 683
72 928
72 834
967 654
967 78
967 854
574 643
574 75
574 458
805 318
805 624
805 356
468 105
468 948
468 564
767 299
767 329
767 269
791 524
791 850
791 884
169 870
169 888
169 234
985 738
985 127
985 222
26 949
26 994
26 498
33 700
33 211
33 377
296 684
296 215
296 948
797 533
797 345
797 479
898 606
898 19
898 487
902 162
902 997
902 543
335 931
335 116
335 999
788 249
788 75
788 89
107 497
107 652
143 202
143 535
143 301
436 778
436 611
436 360
8 115
8 944
8 537
354 730
354 145
354 628
923 976
923 204
923 346
829 683
829 772
829 136
887 850
887 545
887 23
152 993
152 647
152 903
404 171
404 881
404 799
631 915
631 258
631 819
648 593
648 831
648 30
991 881
991 275
991 255
200 665
200 603
200 975
52 92
52 481
52 870
328 285
328 585
134 760
134 980
134 129
892 538
892 975
892 181
635 529
635 526
635 934
348 945
348 400
348 202
102 945
102 745
102 289
721 933
721 21
721 246
837 794
837 252
837 634
995 578
995 562
995 401
266 145
266 365
266 628
293 344
293 650
293 750
360 778
360 514
482 673
482 54
482 951
820 61
820 421
820 959
63 735
63 807
63 885
368 228
368 213
368 640
439 61
439 906
439 587
715 621
715 284
893 512
893 989
893 283
16 373
16 679
16 149
877 753
877 153
877 527
809 243
809 768
809 295
312 459
312 753
312 476
610 507
610 886
610 747
509 319
509 810
509 581
516 725
516 55
516 859
525 537
525 406
525 234
104 15
104 526
104 934
846 977
846 545
846 709
109 714
109 149
109 706
961 96
961 969
961 108
165 713
165 69
447 19
447 754
447 960
534 38
534 216
288 840
288 408
288 147
783 632
783 693
783 970
209 740
209 231
209 54
410 568
410 286
410 371
74 384
74 467
185 11
185 314
185 624
173 824
173 270
173 974
504 966
504 571
504 592
511 461
511 851
658 250
658 822
982 261
982 868
982 730
777 155
777 60
777 665
770 589
770 497
918 768
918 228
918 249
86 693
86 371
86 990
689 12
689 740
689 340
645 90
645 756
645 199
832 577
832 262
832 461
478 105
478 295
478 618
766 930
766 451
766 802
942 490
942 651
942 792
736 613
736 599
736 772
950 406
950 80
950 781
254 868
254 204
254 93
719 256
719 605
719 728
280 762
280 968
280 987
303 691
303 644
303 476
42 812
42 43
42 789
270 969
270 690
518 13
518 717
518 734
416 769
416 669
416 970
801 911
801 54
801 778
193 984
193 930
193 964
129 23
129 760
508 904
508 896
508 528
733 776
733 0
733 326
922 226
922 873
922 515
625 34
625 780
625 41
831 593
831 661
739 255
739 306
853 553
853 695
600 457
600 561
305 351
862 121
862 936
164 775
164 14
164 880
886 650
886 747
341 158
341 135
519 276
519 55
519 29
125 290
125 861
125 421
486 647
486 376
729 148
729 568
729 247
780 895
780 872
350 603
350 932
350 428
869 520
869 786
869 699
196 214
196 905
196 545
811 964
811 527
811 955
565 55
565 192
565 699
757 5
757 558
757 815
758 118
758 798
758 219
843 50
843 183
843 987
371 990
709 397
709 475
462 688
462 311
462 299
37 491
37 430
37 253
530 264
530 636
530 408
237 577
237 989
566 395
566 806
566 187
614 256
614 896
614 710
89 255
540 714
586 400
586 81
413 871
413 915
557 749
557 62
584 707
584 425
784 718
784 409
784 863
39 822
39 864
50 987
50 183
723 166
723 241
723 897
283 591
283 512
331 604
331 904
331 233
603 30
322 321
322 402
905 4
905 817
108 96
108 24
15 252
15 31
150 100
150 357
304 880
304 189
304 548
141 260
141 93
141 789
848 391
848 458
848 441
871 347
338 685
338 882
849 485
849 437
159 962
159 619
389 997
389 346
389 529
367 118
367 146
477 606
499 207
802 823
802 430
718 278
718 863
174 158
174 2
219 172
933 475
933 450
620 226
620 647
257 623
257 184
257 59
636 840
25 796
25 180
366 616
366 587
619 130
988 463
988 785
988 272
64 554
64 786
357 41
357 473
844 115
844 230
154 128
154 863
713 673
888 234
888 870
396 909
396 208
481 167
481 661
910 957
910 994
483 542
483 299
483 103
727 390
727 71
301 258
301 535
427 671
427 680
570 751
570 707
960 806
960 754
616 834
582 601
582 895
934 526
5 558
5 326
830 931
830 85
830 249
956 818
956 755
454 928
785 596
785 463
189 547
189 653
221 330
221 680
333 349
760 243
60 691
60 665
485 70
485 437
106 166
106 515
394 156
394 388
510 670
510 941
216 38
640 311
640 990
916 358
885 585
781 80
562 928
562 9
710 256
710 491
87 601
87 677
12 340
12 507
359 613
359 7
875 900
875 793
875 247
250 643
250 662
968 514
140 47
140 799
140 699
342 851
342 24
84 316
84 91
84 198
751 707
761 337
761 79
98 100
201 936
382 479
382 344
382 737
198 316
630 734
842 964
884 524
884 188
73 59
73 627
818 214
818 755
807 735
373 943
441 787
441 458
292 925
737 474
983 536
56 691
56 314
176 943
365 695
365 876
931 85
240 81
240 656
262 577
450 836
450 329
743 144
743 274
743 418
999 663
775 71
775 698
78 127
268 894
978 433
978 285
978 337
611 97
353 168
286 824
795 122
599 911
599 539
622 705
622 716
747 446
148 568
421 861
984 725
642 500
965 245
768 32
226 79
498 949
792 912
401 852
308 32
274 418
572 260
867 124
867 690
537 944
144 391
479 112
543 162
712 755
712 29
127 738
324 676
694 726
941 670
43 789
43 782
955 912
139 147
646 686
925 275
451 412
451 695
835 796
835 77
170 465
959 677
959 245
629 190
692 685
345 533
581 810
657 650
657 569
90 383
684 490
57 393
57 750
105 116
976 821
771 750
771 487
47 298
644 18
93 868
548 745
449 310
542 103
549 375
184 623
408 264
70 748
145 628
467 872
149 714
68 208
385 132
951 673
997 346
156 552
279 912
279 7
187 92
349 319
776 326
512 591
9 433
178 181
