276 555
276 472
276 887
956 359
956 214
956 754
292 919
292 700
292 223
406 405
406 140
406 379
364 991
364 123
364 987
425 752
425 219
425 867
182 109
182 922
182 990
534 44
534 484
534 316
47 6
47 9
47 455
718 660
718 477
718 531
516 680
516 965
516 960
559 765
559 248
559 393
428 961
428 742
428 546
675 414
675 309
675 149
855 581
855 790
855 67
928 271
928 948
928 995
648 501
648 731
648 573
678 304
678 850
678 475
30 29
30 312
30 19
930 480
930 200
930 423
594 266
594 523
594 607
972 856
972 222
972 278
88 940
88 558
88 491
383 663
383 507
383 796
291 758
291 671
291 962
971 401
971 623
971 239
54 328
54 92
54 35
241 959
241 212
241 340
118 3
118 345
118 620
634 915
634 714
634 82
525 482
525 162
525 994
729 280
729 583
729 655
497 477
497 26
497 791
667 398
667 228
667 975
321 719
321 354
321 373
590 442
590 267
590 449
654 37
654 828
654 726
879 627
879 171
879 816
615 997
615 914
615 763
658 853
658 180
658 612
158 212
158 959
158 832
419 316
419 327
419 632
78 300
78 907
78 403
310 853
310 903
310 958
23 585
23 915
23 925
374 738
374 808
374 976
8 164
8 90
8 810
251 238
251 969
251 396
184 703
184 389
184 851
822 699
822 902
822 535
131 751
131 203
131 857
730 230
730 552
730 812
804 141
804 94
804 941
944 900
944 210
944 970
636 219
636 752
636 807
722 756
722 278
722 261
46 786
46 890
46 878
628 649
628 135
628 74
639 985
639 226
639 909
764 884
764 866
764 785
653 441
653 783
653 133
927 355
927 245
927 695
465 514
465 715
465 312
876 17
876 315
876 244
478 757
478 670
478 64
895 248
895 962
895 439
297 849
297 765
297 393
511 868
511 422
511 547
333 77
333 954
333 807
693 848
693 502
693 496
462 334
462 409
462 688
578 396
578 831
578 969
126 363
126 745
126 713
592 591
592 325
592 110
618 228
618 199
618 746
682 308
682 585
682 925
65 14
65 167
65 614
124 758
124 671
124 878
146 832
146 542
146 384
543 917
543 283
543 51
145 151
145 27
145 373
727 234
727 272
727 437
390 641
390 862
390 849
674 499
674 921
674 386
460 359
460 757
460 670
775 536
775 690
775 825
391 911
391 63
391 749
904 446
904 586
904 260
50 95
50 319
50 63
202 208
202 748
202 987
38 778
38 2
38 547
493 442
493 449
493 665
550 954
550 77
550 558
933 596
933 820
933 300
97 597
97 298
97 862
133 441
133 783
526 897
526 785
526 505
841 919
841 506
841 860
273 403
273 11
273 936
624 409
624 193
624 289
24 433
24 883
24 296
185 776
185 652
185 144
277 261
277 148
277 756
365 191
365 306
365 964
189 371
189 418
189 94
252 830
252 293
252 631
142 905
142 467
142 134
177 461
177 98
177 62
859 167
859 768
859 336
986 392
986 651
986 845
777 481
777 73
777 194
953 868
953 422
953 901
270 899
270 728
270 510
362 935
362 290
362 531
66 508
66 630
66 586
712 542
712 275
712 384
81 469
81 931
81 711
575 788
575 475
575 456
247 99
247 107
247 512
873 700
873 561
873 664
655 583
655 280
847 588
847 537
847 451
186 546
186 803
186 120
368 474
368 164
368 549
399 104
399 599
399 326
75 769
75 633
75 572
388 488
388 818
388 271
568 784
568 438
568 165
815 371
815 418
815 514
285 272
285 676
285 741
755 34
755 702
755 724
344 957
344 294
344 918
926 749
926 911
926 415
155 357
155 267
155 170
538 703
538 43
538 817
57 665
57 303
57 136
869 426
869 732
869 977
447 544
447 166
447 95
646 824
646 476
646 60
10 555
10 970
10 672
528 42
528 238
528 466
619 348
619 701
619 137
434 502
434 823
434 694
747 168
747 846
747 723
943 549
943 474
943 0
372 984
372 545
372 836
737 201
737 936
737 143
436 346
436 308
436 385
492 363
492 580
492 713
206 690
206 89
206 744
704 599
704 828
704 104
21 304
21 394
21 850
250 70
250 695
250 708
286 831
286 34
286 16
404 952
404 192
404 537
398 228
398 975
645 121
645 600
645 444
112 132
112 772
112 375
288 407
288 487
288 880
163 965
163 411
163 902
370 320
370 3
370 410
521 863
521 751
521 843
981 100
981 13
981 440
579 535
579 99
579 699
169 352
169 330
169 924
413 778
413 786
413 332
159 548
159 999
159 776
485 280
485 960
485 680
498 544
498 166
498 67
588 451
588 537
314 968
314 106
314 973
767 207
767 376
767 836
83 199
83 746
83 995
346 308
346 385
432 724
432 303
432 702
258 689
258 833
258 209
872 507
872 973
872 106
274 27
274 400
274 978
322 683
322 823
322 262
111 848
111 520
111 496
673 116
673 518
673 176
445 397
445 495
445 726
698 239
698 891
698 706
7 939
7 56
7 265
881 997
881 61
881 32
138 79
138 468
138 979
318 688
318 501
318 334
102 337
102 237
102 582
640 651
640 392
640 176
793 468
793 79
793 994
799 53
799 105
799 91
966 15
966 373
966 150
215 681
215 470
215 183
766 771
766 198
766 157
854 152
854 356
854 656
992 649
992 148
992 541
55 690
55 632
55 327
934 860
934 506
934 974
993 800
993 782
993 899
289 409
289 193
692 150
692 15
692 407
1 180
1 612
1 743
554 892
554 906
554 105
609 814
609 556
609 610
819 208
819 748
819 73
127 200
127 480
127 824
401 239
401 623
309 149
309 414
527 627
527 72
527 171
342 905
342 187
342 454
740 417
740 225
740 103
602 25
602 381
602 846
577 827
577 573
577 616
951 132
951 988
951 772
211 244
211 195
211 643
710 990
710 12
710 405
843 863
843 751
153 395
153 168
153 723
660 531
660 477
576 254
576 974
576 983
763 997
763 914
139 574
139 623
139 908
725 603
725 6
725 601
49 875
49 896
49 417
459 437
459 234
459 917
329 238
329 663
329 796
513 656
513 631
513 830
217 790
217 220
217 101
263 898
263 441
263 821
424 440
424 13
424 661
929 281
929 227
929 337
787 490
787 470
787 80
838 429
838 587
838 942
282 814
282 556
282 357
522 259
522 450
522 909
456 475
456 788
679 924
679 330
679 958
315 244
315 17
236 684
236 17
236 813
982 192
982 386
982 998
809 380
809 607
809 53
955 31
955 519
955 741
515 915
515 348
515 137
886 490
886 580
886 452
949 523
949 266
949 376
33 996
33 335
33 681
325 110
325 591
626 931
626 469
626 254
839 620
839 800
839 345
402 811
402 237
402 582
945 162
945 644
945 932
85 80
85 377
85 96
780 524
780 461
780 113
781 683
781 977
781 262
529 923
529 716
529 894
677 354
677 964
677 719
22 820
22 863
22 596
989 952
989 701
989 560
350 622
350 70
350 279
268 794
268 536
268 563
721 759
721 48
721 64
246 446
246 857
246 203
4 349
4 844
4 458
566 110
566 798
566 128
680 960
421 984
421 802
421 545
707 29
707 19
707 754
367 885
367 32
367 61
736 175
736 5
736 116
284 689
284 743
284 463
967 349
967 458
967 264
204 128
204 798
204 201
858 130
858 41
858 808
207 836
207 376
338 410
338 115
338 774
173 589
173 301
173 717
196 109
196 717
196 922
269 633
269 603
269 572
253 684
253 813
253 614
341 600
341 74
341 135
331 225
331 149
331 103
669 999
669 548
669 975
532 622
532 666
532 279
659 60
659 305
659 235
613 400
613 25
613 381
733 160
733 957
733 861
233 435
233 988
233 353
512 107
512 99
45 563
45 921
45 499
806 122
806 378
806 213
427 638
427 564
427 147
871 423
871 750
871 685
125 832
125 453
125 323
686 290
686 283
686 935
108 844
108 174
108 968
188 52
188 227
188 779
668 240
668 825
668 584
705 604
705 395
705 387
708 695
708 70
119 231
119 666
119 635
311 961
311 302
311 606
696 520
696 179
696 950
28 524
28 113
28 889
753 638
753 71
753 760
595 366
595 565
595 888
720 570
720 835
720 845
218 810
218 242
218 76
504 76
504 242
504 198
834 885
834 557
834 874
408 305
408 235
408 56
750 685
750 423
540 39
540 375
540 92
197 210
197 900
197 385
795 744
795 134
795 89
255 914
255 861
255 72
773 519
773 31
773 107
430 431
430 275
430 889
890 786
890 878
431 275
431 889
589 717
589 301
617 610
617 156
617 11
865 812
865 230
865 652
2 778
2 547
183 681
183 470
826 770
826 979
826 351
226 909
226 985
980 347
980 711
980 100
946 195
946 570
946 643
369 140
369 414
369 379
650 165
650 438
650 93
716 923
716 894
222 856
222 278
343 151
343 117
343 745
58 336
58 768
58 939
735 41
735 856
735 130
190 178
190 552
190 888
805 152
805 508
805 630
571 484
571 101
571 220
991 987
991 123
90 810
90 164
174 844
174 968
448 505
448 897
448 771
920 71
920 918
920 294
20 455
20 976
20 9
479 661
479 611
479 893
165 438
339 901
339 416
339 486
307 298
307 597
307 923
361 644
361 685
361 932
443 82
443 714
443 377
963 73
963 147
963 564
221 784
221 340
221 789
770 979
770 351
59 444
59 791
59 26
299 483
299 326
299 415
840 837
840 769
840 687
864 84
864 941
864 801
647 84
647 378
647 801
734 191
734 728
734 510
86 352
86 761
86 811
172 783
172 779
172 52
51 283
51 917
214 359
214 754
482 994
482 162
476 824
476 60
205 611
205 42
205 466
739 123
739 561
739 664
324 598
324 691
324 491
533 507
533 996
533 335
604 387
604 395
551 433
551 583
551 883
738 808
738 976
562 179
562 426
562 732
605 120
605 788
605 803
629 637
629 816
629 938
181 472
181 72
181 887
530 851
530 697
530 389
156 610
156 11
882 154
882 394
882 264
360 875
360 691
360 598
797 355
797 591
797 245
420 977
420 194
420 481
439 962
439 248
676 272
676 741
224 539
224 852
224 635
464 435
464 884
464 451
129 187
129 454
129 894
641 849
641 862
178 552
178 888
870 43
870 175
870 5
694 502
694 823
907 300
907 403
40 818
40 488
40 837
154 264
154 394
866 884
866 785
356 656
356 152
948 271
948 995
234 437
779 52
216 625
216 209
216 833
910 0
910 313
910 295
473 553
473 412
473 657
389 851
160 957
160 861
829 657
829 807
829 412
320 410
320 3
687 769
687 837
760 638
760 71
62 461
62 98
560 952
560 701
517 821
517 898
517 985
117 745
117 151
500 606
500 387
500 302
37 828
37 726
916 621
916 232
916 296
317 913
317 48
317 509
561 664
229 457
229 366
229 565
68 942
68 232
68 587
494 574
494 486
494 908
144 776
144 652
489 608
489 625
489 382
141 94
141 941
978 400
978 27
759 64
759 48
762 495
762 397
762 947
87 91
87 774
87 115
143 201
143 936
938 637
938 816
231 635
231 666
642 867
642 471
642 877
518 176
518 116
672 970
672 555
912 852
912 539
912 874
44 484
44 316
114 382
114 637
114 608
702 724
794 536
794 563
761 352
761 811
662 453
662 323
662 471
483 326
483 415
835 570
835 845
223 700
223 919
896 417
896 875
257 240
257 249
257 709
69 301
69 880
69 351
593 18
593 457
593 697
541 649
541 148
36 625
36 616
36 827
416 901
416 486
136 665
136 303
503 892
503 122
503 906
265 56
265 939
256 450
256 259
256 295
39 92
39 375
161 553
161 569
161 947
567 891
567 706
567 193
26 791
358 98
358 509
358 913
817 43
817 703
243 328
243 35
243 846
601 603
601 6
150 15
379 140
121 444
121 600
281 337
281 227
569 947
569 553
467 905
467 134
616 827
731 573
731 501
319 95
319 63
452 580
452 490
488 818
429 709
429 249
14 614
14 167
792 842
792 93
792 802
906 892
18 697
18 457
335 996
581 67
581 790
940 558
940 491
313 0
313 295
908 574
213 122
213 378
412 657
499 921
347 711
347 100
487 880
487 407
651 392
715 514
715 312
820 596
860 506
924 330
42 466
157 771
157 198
287 937
287 293
287 332
380 53
380 607
621 296
621 232
772 132
789 340
789 784
353 435
353 988
463 743
463 689
898 821
937 293
937 332
481 194
877 867
877 471
714 82
903 853
903 958
742 961
742 546
774 115
744 89
219 752
998 192
998 386
96 377
96 80
950 520
950 179
539 852
893 661
893 611
455 9
336 768
472 887
19 29
508 630
584 825
584 240
397 495
542 384
842 802
842 93
25 381
732 426
260 446
260 586
598 691
35 328
556 814
633 572
195 643
245 355
684 813
266 523
147 564
168 723
557 874
557 885
597 298
782 800
782 899
354 719
101 220
170 357
170 267
13 440
187 454
627 171
12 990
12 405
366 565
61 32
519 31
644 932
128 798
175 5
509 913
631 830
897 505
396 969
922 109
411 902
411 965
371 418
622 279
349 458
728 510
104 599
587 942
983 254
983 974
135 74
449 442
242 76
345 620
180 612
225 103
608 382
306 964
306 191
79 468
796 663
954 77
16 831
16 34
524 113
549 474
327 632
84 801
545 984
746 199
348 137
166 544
91 105
106 973
999 548
334 688
433 883
748 208
706 891
900 210
931 469
259 450
535 699
803 120
765 393
670 757
302 606
453 323
857 203
709 249
683 262
363 713
756 261
41 130
294 918
911 749
304 850
496 848
480 200
305 235
582 237
230 812
212 959
671 758
585 925
868 422
290 935
209 833
