364 481
364 586
364 415
425 352
425 219
425 517
71 72
71 483
71 833
703 849
703 870
703 599
163 45
163 830
163 834
786 996
786 147
786 794
579 590
579 622
579 126
764 768
764 228
764 209
724 733
724 653
724 495
853 47
853 713
853 830
129 511
129 168
129 153
793 549
793 708
793 929
88 411
88 62
88 729
792 821
792 96
792 519
556 682
556 902
556 383
717 65
717 674
717 781
574 663
574 136
574 768
914 982
914 162
914 582
60 63
60 341
60 5
284 221
284 890
284 932
900 503
900 616
900 205
935 595
935 266
935 264
148 321
148 859
148 261
662 338
662 155
662 324
180 454
180 33
180 818
731 6
731 308
731 253
455 53
455 607
455 511
670 183
670 515
670 55
233 2
233 323
233 29
477 430
477 907
477 504
197 779
197 756
197 580
554 872
554 832
554 989
247 479
247 201
247 178
268 598
268 868
268 401
216 713
216 202
216 401
918 923
918 848
918 332
678 531
678 928
678 607
863 260
863 711
863 990
432 550
432 832
432 249
542 335
542 861
542 629
34 898
34 536
34 374
798 530
798 365
798 815
447 523
447 409
447 726
967 591
967 464
967 27
638 77
638 357
638 282
647 106
647 585
647 831
754 132
754 246
754 19
858 415
858 848
858 872
727 818
727 779
727 149
841 405
841 718
841 341
191 314
191 303
191 857
452 732
452 373
452 927
276 456
276 138
276 813
825 618
825 431
825 819
763 558
763 521
763 431
943 726
943 168
943 605
770 605
770 392
770 919
802 856
802 580
802 479
376 834
376 489
376 857
619 586
619 847
619 557
80 429
80 438
80 568
885 187
885 751
885 617
360 581
360 879
360 41
939 741
939 738
939 874
520 916
520 116
520 249
748 259
748 835
748 808
346 753
346 615
346 957
144 365
144 950
144 744
897 905
897 245
897 192
302 184
302 737
302 327
445 801
445 948
445 894
626 471
626 564
626 368
951 889
951 915
951 451
271 79
271 710
271 174
723 617
723 96
723 789
124 50
124 788
124 682
295 321
295 856
295 733
407 608
407 402
407 350
583 40
583 224
583 879
367 229
367 543
367 36
547 969
547 739
547 518
220 393
220 85
220 113
613 902
613 993
613 643
3 651
3 307
3 742
944 74
944 378
944 359
358 938
358 435
358 98
992 998
992 389
992 854
185 660
185 958
185 867
655 829
655 865
655 223
286 960
286 127
286 488
329 408
329 701
329 157
633 842
633 876
633 262
702 675
702 799
702 510
66 491
66 479
66 996
820 596
820 877
820 469
589 898
589 428
589 93
632 700
632 814
632 265
108 15
108 639
108 990
179 950
179 27
179 762
422 772
422 990
422 861
604 473
604 603
604 986
28 611
28 59
28 643
973 478
973 860
973 577
680 810
680 969
680 372
899 506
899 733
899 544
277 716
277 111
277 288
774 773
774 876
774 417
18 187
18 365
18 562
105 753
105 698
105 985
296 511
296 394
296 466
873 851
873 421
873 222
862 927
862 235
862 68
875 775
875 940
875 677
325 453
325 178
325 627
707 210
707 344
707 252
457 640
457 159
457 225
597 429
597 65
597 167
363 211
363 892
363 98
410 444
410 52
410 829
251 254
251 100
251 649
614 963
614 110
614 175
777 53
777 199
777 5
809 25
809 526
809 827
73 704
73 333
73 701
198 497
198 971
198 921
90 924
90 201
90 429
516 62
516 842
516 745
169 13
169 791
169 126
400 192
400 957
400 437
800 121
800 125
800 310
142 522
142 965
142 11
828 995
828 710
828 320
420 270
420 219
420 562
427 813
427 807
427 424
278 757
278 898
278 711
343 435
343 314
343 483
783 193
783 236
783 214
824 755
824 63
824 51
470 291
470 319
470 368
513 552
513 93
513 629
546 974
546 81
546 463
917 752
917 366
917 275
920 910
920 48
920 983
978 796
978 501
978 133
14 937
14 651
14 683
269 480
269 712
269 49
4 488
4 43
4 433
570 565
570 681
570 564
734 139
734 807
734 760
227 757
227 115
227 631
186 97
186 535
186 183
381 728
381 374
381 370
354 345
354 972
354 196
868 453
868 335
26 947
26 755
26 539
508 667
508 714
508 113
160 385
160 779
160 864
450 749
450 472
450 128
692 70
692 117
692 356
336 388
336 666
336 441
730 170
730 861
730 667
975 468
975 512
975 79
38 565
38 878
38 761
195 151
195 503
195 419
461 12
461 849
461 991
7 593
7 430
7 671
207 742
207 845
207 741
204 856
204 668
204 851
901 341
901 426
901 801
424 878
424 590
904 915
904 418
904 661
384 464
384 610
384 481
517 361
517 394
563 483
563 194
563 39
690 859
690 999
690 468
648 931
648 768
648 242
877 636
877 839
226 577
226 850
226 540
696 37
696 315
696 521
790 902
790 860
790 92
20 349
20 285
20 507
182 345
182 270
182 959
379 288
379 685
379 526
380 533
380 440
380 693
406 147
406 882
406 599
891 451
891 928
891 895
122 9
122 59
122 131
120 942
120 383
120 807
241 300
241 938
241 309
538 361
538 915
538 259
903 842
903 691
903 704
659 464
659 759
659 843
784 698
784 304
784 634
806 315
806 639
806 1
839 654
839 636
351 203
351 732
351 393
789 372
789 437
188 772
188 50
188 510
911 2
911 534
911 766
280 725
280 865
280 332
994 545
994 164
994 184
628 340
628 751
628 355
688 95
688 265
688 103
239 151
239 199
239 509
318 25
318 421
318 499
217 664
217 959
217 534
416 624
416 305
416 326
243 431
243 874
243 357
962 166
962 887
962 370
505 681
505 602
505 682
968 385
968 281
968 121
315 966
987 24
987 287
987 559
118 152
118 382
118 761
293 616
293 482
293 624
475 253
475 796
475 486
567 260
567 128
567 519
208 501
208 602
208 745
769 584
769 572
769 576
785 138
785 641
785 821
548 370
548 382
548 92
700 588
700 984
312 787
312 257
312 189
689 535
689 348
689 993
99 184
99 299
99 172
316 514
316 715
316 334
140 338
140 149
140 668
317 394
317 8
317 593
559 640
559 818
566 773
566 387
566 609
301 449
301 874
301 322
945 437
945 537
945 440
687 525
687 650
687 212
980 272
980 104
980 991
258 127
258 833
258 31
250 781
250 215
250 926
838 963
838 423
838 482
492 438
492 106
492 48
782 831
782 98
782 253
988 603
988 938
988 54
158 155
158 916
158 115
608 237
608 193
658 679
658 887
658 460
665 348
665 660
665 372
83 882
83 949
83 536
434 895
434 879
434 94
103 292
103 134
412 323
412 246
412 715
334 715
334 219
498 359
498 551
498 488
941 31
941 544
941 671
706 245
706 132
706 625
827 522
827 282
823 974
823 744
823 81
42 419
42 631
42 177
289 956
289 931
289 699
238 781
238 157
238 587
758 456
758 677
758 62
630 10
630 46
630 669
953 58
953 274
953 156
222 644
222 136
484 339
484 133
484 871
883 761
883 16
883 298
443 624
443 110
443 515
489 202
489 834
64 575
64 568
64 466
721 679
721 314
721 912
512 919
512 637
997 369
997 104
997 555
135 720
135 713
135 371
601 436
601 45
601 961
267 797
267 594
267 749
528 506
528 916
528 254
620 865
620 212
620 24
795 894
795 2
795 402
467 952
467 390
467 39
805 569
805 32
805 390
518 954
518 616
84 485
84 986
84 176
304 634
304 791
17 595
17 264
17 273
214 529
214 808
934 497
934 924
934 557
322 449
322 519
441 85
441 234
306 535
306 282
306 866
496 361
496 56
496 337
86 600
86 926
86 119
313 955
313 63
313 48
438 23
652 352
652 876
652 592
137 476
137 446
137 972
395 382
395 930
395 952
87 880
87 502
87 642
165 596
165 995
165 977
206 419
206 240
206 230
494 298
494 906
494 699
660 636
10 594
10 11
439 686
439 240
439 744
145 414
145 646
145 157
255 161
255 937
255 104
290 167
290 586
290 465
112 294
112 260
112 958
981 102
981 275
981 910
701 69
738 555
738 719
259 32
771 403
771 977
771 588
55 187
55 679
855 844
855 845
855 529
232 887
232 154
232 888
933 225
933 854
933 305
722 487
722 826
722 16
797 229
797 173
70 622
70 413
462 776
462 676
462 966
264 472
476 676
476 739
500 82
500 852
500 872
869 53
869 531
869 199
888 654
888 663
49 298
49 712
600 543
600 923
735 514
735 615
735 252
460 942
460 999
509 12
509 174
612 685
612 29
612 449
560 223
560 923
560 514
596 469
78 653
78 501
78 765
178 201
235 109
235 68
550 623
550 847
811 532
811 320
811 171
11 340
533 408
533 529
527 213
527 262
527 831
417 826
417 581
812 889
812 297
812 175
107 77
107 330
107 737
248 8
248 753
248 225
625 67
625 300
705 58
705 331
705 585
46 767
46 732
905 693
905 530
237 193
237 575
881 637
881 362
881 413
913 776
913 36
913 585
553 694
553 804
553 760
592 352
592 743
442 215
442 697
442 40
310 228
310 829
950 965
256 369
256 801
256 366
979 111
979 482
979 245
551 894
551 200
428 906
428 93
942 991
493 669
493 490
493 522
699 13
331 171
331 79
177 539
177 864
231 335
231 362
231 164
56 265
56 337
319 61
319 552
141 677
141 261
141 480
421 433
709 373
709 964
709 676
37 41
37 931
540 203
540 927
89 921
89 411
89 9
815 211
815 668
463 949
463 810
95 76
95 423
486 196
486 835
131 378
131 126
817 750
817 328
817 377
344 33
344 210
961 300
961 490
43 353
43 618
75 22
75 808
75 117
200 822
200 666
544 19
852 82
852 536
995 311
719 390
719 454
737 925
959 270
342 349
342 728
342 307
311 357
311 405
672 305
672 303
672 389
884 666
884 814
884 960
558 947
558 459
833 976
909 886
909 350
909 799
976 720
976 778
154 113
154 153
549 261
549 94
123 272
123 587
123 458
970 51
970 618
970 326
146 339
146 52
146 244
399 729
399 671
399 356
645 851
645 803
645 30
21 767
21 532
21 466
525 110
525 212
577 840
866 821
866 173
72 788
72 590
780 886
780 404
780 246
121 125
328 223
328 375
673 958
673 773
673 822
571 635
571 136
571 323
16 708
327 125
327 568
623 930
623 294
44 32
44 598
44 234
919 386
971 69
971 423
1 772
1 100
469 650
684 796
684 952
684 880
213 262
213 813
324 409
324 523
426 955
426 266
468 491
114 725
114 378
114 397
610 840
610 281
181 646
181 27
181 746
57 308
57 440
57 138
209 749
209 397
210 739
635 799
635 906
101 581
101 531
101 116
756 263
756 91
502 33
502 430
691 386
691 751
864 740
569 580
569 436
337 932
925 221
925 487
230 150
230 332
641 263
641 190
778 240
778 413
396 850
396 750
396 896
474 537
474 285
474 320
750 377
478 591
478 149
190 117
190 291
582 162
582 870
61 97
61 254
697 40
697 8
871 150
871 631
397 661
804 760
804 119
303 451
97 578
836 281
836 954
836 229
444 598
444 716
23 846
23 757
333 791
333 371
471 356
471 637
704 561
960 814
283 291
283 642
283 524
787 257
787 929
507 617
507 985
414 685
414 39
76 234
76 161
982 736
982 912
340 211
326 465
456 375
846 830
846 459
816 578
816 67
816 139
130 19
130 746
130 561
172 650
172 151
860 552
299 765
299 609
767 532
297 54
297 272
843 926
843 759
664 775
664 388
24 287
504 857
504 674
543 36
611 924
611 643
640 747
573 683
573 572
573 309
155 115
880 176
850 539
729 653
480 955
936 491
936 989
936 218
386 91
892 969
892 837
537 285
374 837
309 726
196 835
215 890
92 176
499 654
499 168
890 6
12 849
964 495
964 922
236 615
236 646
74 572
74 515
109 999
109 844
651 102
895 928
949 736
45 436
576 584
576 669
273 244
273 415
693 681
984 338
984 510
81 974
54 907
218 989
218 603
503 840
404 886
404 940
152 349
152 946
465 82
388 481
398 656
398 742
398 459
606 65
606 263
606 506
649 562
649 287
6 458
194 170
194 848
387 766
387 545
347 159
347 867
347 575
402 350
22 609
22 683
605 392
695 274
695 156
695 718
819 686
819 47
100 743
602 972
893 657
893 0
893 644
746 446
409 523
759 69
627 25
627 173
153 747
183 249
922 495
922 912
170 826
718 957
794 389
794 405
743 639
845 837
0 977
0 896
392 51
728 307
458 418
355 68
355 629
803 555
803 736
369 854
859 339
150 878
228 353
279 473
279 403
279 393
867 166
947 166
294 930
621 755
621 161
621 762
274 156
448 224
448 710
448 164
644 657
35 698
35 454
35 203
725 607
907 599
965 870
741 224
908 345
908 5
908 694
391 362
391 832
391 657
91 353
584 578
716 111
174 371
711 720
257 418
308 377
775 359
41 242
275 622
31 127
490 401
896 524
524 642
740 288
740 674
998 588
998 128
205 116
205 472
985 435
143 667
143 747
143 587
937 656
745 373
663 102
541 593
541 963
541 15
446 776
67 139
497 383
595 266
167 983
134 948
134 292
162 348
411 921
752 561
752 159
244 192
52 375
58 714
694 889
954 94
822 847
30 557
30 106
932 221
634 530
983 133
408 788
13 202
147 996
171 321
175 521
9 565
545 15
910 946
485 132
485 986
330 77
330 242
47 686
252 966
453 403
946 948
526 675
385 473
762 956
591 292
712 50
993 656
765 433
766 487
956 59
85 810
594 940
675 366
119 661
564 368
882 189
189 96
29 844
714 534
929 708
