155 26
155 881
155 529
437 21
437 97
437 3
842 708
842 746
842 824
958 829
958 71
958 354
191 631
191 306
191 157
619 992
619 709
619 966
651 977
651 729
651 546
869 643
869 228
869 381
852 956
852 744
852 870
895 881
895 415
895 207
776 604
776 53
776 592
985 710
985 346
985 385
205 321
205 46
205 854
904 872
904 716
904 570
782 290
782 305
782 41
799 86
799 812
799 883
0 136
0 642
0 671
126 773
126 275
126 65
711 93
711 963
711 390
775 21
775 578
775 562
28 503
28 843
28 803
453 449
453 241
453 849
696 179
696 32
696 995
732 721
732 397
732 933
567 677
567 336
567 375
996 551
996 112
996 368
167 233
167 397
167 641
388 29
388 211
388 396
497 641
497 178
497 169
788 386
788 166
788 375
502 66
502 58
502 301
866 831
866 959
866 813
175 853
175 262
175 574
508 759
508 972
508 943
96 462
96 377
96 610
364 284
364 69
364 587
55 861
55 277
55 52
820 326
820 3
820 233
374 47
374 333
374 614
982 284
982 50
982 845
240 858
240 70
240 961
902 498
902 150
902 580
234 161
234 440
234 960
450 931
450 69
450 151
119 235
119 814
119 423
612 409
612 636
612 4
420 913
420 997
420 59
460 117
460 248
460 676
19 280
19 403
19 519
116 235
116 928
116 578
23 976
23 468
23 251
495 186
495 121
495 112
133 795
133 295
133 174
897 774
897 970
897 334
139 614
139 561
139 265
791 193
791 14
791 487
39 594
39 777
39 331
624 447
624 882
624 214
286 164
286 919
286 912
581 590
581 334
581 100
9 419
9 75
9 584
983 693
983 589
983 177
217 871
217 715
217 825
603 896
603 656
603 105
735 673
735 784
735 691
62 698
62 968
62 675
320 307
320 327
320 993
183 165
183 663
183 354
201 53
201 153
201 643
282 524
282 823
282 884
323 984
323 879
323 926
22 125
22 370
22 662
921 798
921 461
921 849
100 38
100 915
203 225
203 198
203 955
418 512
418 916
418 783
778 384
778 283
778 357
339 809
339 97
339 74
448 560
448 673
448 679
538 929
538 841
538 29
694 831
694 45
694 231
504 36
504 623
504 525
552 789
552 92
552 144
476 688
476 158
476 411
719 718
719 394
719 976
516 232
516 202
516 483
526 251
526 963
526 586
668 255
668 830
668 393
889 78
889 136
889 469
103 755
103 550
103 182
622 579
622 993
622 485
146 707
146 551
146 17
291 379
291 15
291 533
348 811
348 258
348 972
425 54
425 770
425 462
340 588
340 530
340 816
650 157
650 417
650 746
221 625
221 770
221 18
470 703
470 384
470 414
138 515
138 293
138 353
701 477
701 846
701 43
779 615
779 195
779 960
877 644
877 14
877 588
361 478
361 795
361 395
629 433
629 681
629 811
11 919
11 225
11 342
596 568
596 976
596 408
747 731
747 667
747 940
930 675
930 769
930 523
276 843
276 86
276 31
936 626
936 87
936 768
107 475
107 54
107 509
978 333
978 794
978 652
810 398
810 215
810 10
986 129
986 618
986 984
382 499
382 660
382 228
688 555
688 419
268 153
268 173
268 570
666 449
666 424
666 488
192 951
192 412
192 514
564 283
564 259
564 817
30 20
30 302
30 225
465 656
465 214
465 693
89 697
89 306
89 586
142 992
142 817
142 419
194 415
194 981
194 452
344 769
344 45
344 677
246 40
246 140
246 16
391 451
391 185
391 994
458 45
458 279
458 620
948 653
948 228
948 872
196 835
196 383
196 821
518 134
518 950
518 266
670 97
670 907
670 135
143 632
143 53
143 595
527 88
527 147
527 610
528 377
528 646
528 944
863 839
863 574
863 440
210 566
210 693
210 290
962 6
962 439
962 486
271 189
271 706
271 445
184 208
184 327
184 805
681 577
681 433
786 774
786 393
786 599
253 427
253 972
253 758
901 814
901 939
901 702
542 630
542 265
542 594
42 14
42 939
42 834
80 177
80 959
80 372
292 466
292 360
292 530
749 120
749 436
749 378
84 248
84 218
84 409
720 797
720 898
720 466
540 821
540 257
540 73
850 294
850 231
850 230
190 206
190 644
190 813
737 940
737 206
737 657
238 586
238 193
238 380
634 34
634 280
634 995
197 63
197 881
197 258
367 905
367 838
367 906
402 47
402 705
402 429
736 380
736 112
736 405
648 525
648 909
648 57
159 383
159 847
159 880
606 209
606 604
606 332
937 403
937 18
937 57
298 356
298 682
298 793
215 484
215 667
766 392
766 405
766 130
389 536
389 134
389 365
659 94
659 851
659 195
188 49
188 373
188 813
260 73
260 672
260 406
135 71
135 764
922 894
922 875
922 503
728 301
728 800
728 244
762 445
762 980
762 70
111 471
111 43
111 307
156 857
156 909
156 635
350 988
350 548
350 85
438 652
438 892
438 106
837 288
837 383
837 795
934 832
934 860
934 313
422 573
422 803
422 740
692 830
692 250
692 730
426 913
426 31
426 36
313 949
313 754
785 181
785 637
785 836
874 498
874 182
874 706
256 534
256 577
256 393
876 825
876 306
876 174
560 537
560 401
927 933
927 464
927 93
229 58
229 149
229 953
678 674
678 40
678 243
224 475
224 614
224 755
828 745
828 804
828 150
325 219
325 200
325 952
457 974
457 90
457 760
541 181
541 733
541 630
95 846
95 639
95 56
454 293
454 160
454 768
60 145
60 223
60 180
725 254
725 733
725 652
67 833
67 955
67 572
621 792
621 227
621 915
176 131
176 757
176 431
299 815
299 664
299 247
521 164
521 307
521 590
113 141
113 412
113 695
359 321
359 222
359 251
507 479
507 429
507 789
627 490
627 555
627 557
712 376
712 302
712 750
767 117
767 50
767 932
172 309
172 628
172 222
264 658
264 315
264 669
335 219
335 443
335 973
965 274
965 439
965 583
558 269
558 289
558 487
565 410
565 436
565 427
37 295
37 270
37 74
76 59
76 468
76 343
654 270
654 679
654 63
947 886
947 744
947 990
285 768
285 571
285 288
964 288
964 333
964 611
492 938
492 68
492 151
885 618
885 968
885 273
297 664
297 773
297 316
975 44
975 577
975 130
532 739
532 932
532 604
724 868
724 262
724 645
862 966
862 702
862 600
79 71
79 805
79 781
752 888
752 202
752 140
216 583
216 772
216 879
312 61
312 204
312 533
162 49
162 664
162 834
341 917
341 8
341 114
491 727
491 522
491 430
925 379
925 839
925 381
865 428
865 442
865 180
808 32
808 127
808 773
683 273
683 898
683 488
547 800
547 854
547 909
942 523
942 550
942 302
263 520
263 346
263 124
545 609
545 878
545 941
443 301
443 158
741 605
741 537
741 4
407 703
407 593
407 819
818 674
818 589
818 980
347 517
347 608
347 316
544 739
544 695
544 979
745 365
745 386
751 82
751 553
751 643
893 241
893 761
893 971
582 252
582 561
582 896
935 50
935 406
935 351
376 243
376 835
687 690
687 300
687 417
41 740
41 938
617 879
617 772
617 524
309 628
309 689
890 731
890 823
890 959
908 83
908 208
908 94
99 198
99 961
99 771
787 199
787 209
787 237
600 700
600 780
989 758
989 510
989 632
314 722
314 677
314 294
446 239
446 926
446 748
115 98
115 449
115 587
911 675
911 105
911 858
90 214
90 219
329 894
329 556
329 500
496 396
496 480
496 152
848 579
848 591
848 109
148 75
148 451
148 960
455 77
455 68
455 250
2 559
2 486
2 220
72 81
72 645
72 281
102 331
102 777
102 131
122 206
122 970
122 821
137 553
137 305
137 797
505 676
505 77
505 123
726 635
726 236
726 231
387 317
387 360
387 157
822 716
822 912
822 485
647 841
647 595
647 635
272 700
272 106
272 311
463 158
463 466
463 478
743 655
743 593
743 77
987 599
987 480
987 85
549 931
549 685
549 887
856 472
856 38
856 999
771 945
771 198
969 452
969 875
969 509
185 840
185 597
988 826
988 461
179 966
179 237
765 484
765 486
765 396
308 43
308 236
308 816
602 411
602 999
602 25
639 846
639 259
489 684
489 416
489 114
363 318
363 408
363 493
851 94
851 48
24 490
24 360
24 718
109 554
109 83
151 952
967 888
967 832
967 840
355 149
355 572
355 717
474 887
474 35
474 464
875 894
918 65
918 494
918 432
244 255
244 637
170 905
170 414
170 400
428 180
428 442
358 974
358 665
358 211
399 279
399 199
399 477
330 154
330 513
330 691
566 290
566 642
166 663
166 733
723 750
723 129
723 740
132 900
132 108
132 488
506 903
506 576
506 92
871 754
871 994
51 734
51 74
51 52
247 535
247 421
1 230
1 423
1 296
575 154
575 356
575 120
598 855
598 797
598 628
187 772
187 642
187 631
373 963
373 557
34 717
34 395
280 511
742 661
742 467
742 123
64 412
64 386
64 633
531 152
531 398
531 870
5 411
5 845
5 748
481 806
481 345
481 101
56 800
56 25
792 353
792 915
33 86
33 258
33 117
171 994
171 843
171 47
70 445
318 242
318 283
338 880
338 520
338 440
796 641
796 559
796 714
867 638
867 991
867 569
310 682
310 25
310 539
973 204
973 334
252 571
252 998
623 239
623 553
658 212
658 315
753 147
753 431
753 261
442 287
914 998
914 819
914 620
906 838
906 798
515 416
515 82
607 13
607 300
607 523
394 718
394 594
563 764
563 226
563 956
699 943
699 595
699 149
790 266
790 12
790 26
12 397
12 535
763 662
763 69
763 250
261 812
261 807
829 362
829 705
324 755
324 854
324 368
413 750
413 931
413 550
337 431
337 326
337 657
824 118
824 870
679 673
500 511
500 556
472 999
472 38
873 375
873 646
873 655
920 212
920 499
920 435
91 868
91 680
91 478
539 494
539 883
322 783
322 713
322 671
404 20
404 928
404 580
145 444
145 10
366 780
366 991
366 163
585 456
585 656
585 48
349 697
349 447
349 838
690 106
690 546
104 827
104 945
104 371
859 593
859 10
859 514
944 646
944 512
141 392
141 8
517 847
517 410
316 952
369 118
369 599
369 236
168 817
168 836
168 424
715 860
715 825
613 44
613 110
613 559
304 317
304 429
304 910
660 200
660 384
181 757
809 432
809 949
912 477
108 278
108 954
950 949
950 839
213 343
213 35
213 352
249 66
249 916
249 427
456 128
456 332
793 803
793 173
923 372
923 501
923 855
991 709
435 269
435 218
441 631
441 615
441 385
601 121
601 917
601 625
919 78
17 804
17 551
459 105
459 128
459 633
275 905
275 16
605 257
605 32
858 36
663 546
979 739
979 781
336 21
336 178
584 227
584 400
124 44
124 689
174 451
548 816
548 410
588 616
520 346
784 475
784 645
981 186
981 73
294 722
708 746
708 444
423 992
938 468
812 883
899 691
899 932
899 910
13 300
13 655
57 957
587 574
884 823
884 524
924 278
924 140
924 954
110 815
110 760
892 941
892 189
467 661
467 479
87 626
87 597
207 415
207 700
857 672
857 319
640 239
640 861
640 98
684 416
684 211
727 522
727 165
878 609
878 342
319 279
319 951
714 730
714 929
990 154
990 805
186 764
370 16
370 200
761 241
761 971
597 849
844 543
844 233
844 891
362 499
362 705
81 738
81 802
433 811
888 161
907 381
907 160
150 144
569 957
569 638
8 917
128 254
401 702
401 644
245 946
245 220
245 177
806 345
806 556
710 385
710 257
352 343
352 35
414 703
471 315
471 794
281 562
281 853
7 424
7 255
7 783
88 610
88 490
371 827
371 770
774 970
356 625
794 513
121 482
357 498
357 473
305 709
685 887
685 434
46 287
46 321
345 543
15 277
15 464
995 452
555 494
193 436
120 378
230 296
31 332
653 616
653 872
267 487
267 6
267 83
63 270
226 571
226 289
534 223
534 473
6 392
514 951
512 916
289 269
573 93
573 444
482 929
482 941
789 961
896 955
379 630
473 434
510 583
510 554
242 82
242 248
129 208
971 616
536 365
536 886
717 980
880 847
864 522
864 351
864 734
377 462
801 633
801 303
801 638
317 390
649 48
649 403
649 243
997 400
997 608
578 235
485 354
68 807
173 125
698 262
698 66
580 421
758 632
529 554
529 722
833 572
833 328
328 831
328 984
27 754
27 620
27 417
65 432
900 671
900 898
92 576
161 274
378 130
483 957
483 834
977 729
977 509
101 882
101 713
274 439
430 840
430 592
804 493
695 637
406 672
759 626
759 461
232 611
232 265
636 75
636 704
721 933
721 665
832 860
968 152
259 195
591 326
591 744
618 738
273 127
946 29
946 395
380 686
940 731
939 814
748 222
18 127
519 189
519 311
570 59
212 886
220 682
223 706
533 204
891 662
891 543
447 707
40 98
199 169
78 136
311 3
287 953
277 861
807 409
408 568
562 853
954 278
85 769
756 913
756 398
756 716
611 147
592 903
26 669
421 227
676 123
953 530
368 182
469 218
469 561
945 827
351 568
144 669
390 54
353 293
815 501
114 780
331 777
760 974
237 209
501 855
537 4
303 480
303 525
704 169
704 513
836 153
661 479
131 757
590 164
20 826
579 993
841 826
928 835
730 830
405 657
118 689
484 667
686 713
686 615
163 697
163 707
61 165
61 296
49 680
372 729
434 295
680 868
503 202
511 178
845 284
58 781
327 910
956 125
134 608
160 802
798 943
493 557
535 882
609 342
802 738
998 819
674 589
576 903
254 266
52 734
665 926
