726 41
726 879
726 276
927 29
927 729
927 813
427 942
427 61
427 657
630 768
630 454
630 320
601 460
601 4
601 518
603 477
603 270
603 30
794 568
794 586
794 943
918 99
918 76
918 930
85 112
85 3
85 984
192 625
192 393
192 504
275 836
275 366
275 204
618 912
618 187
618 648
35 781
35 507
35 933
865 843
865 323
865 8
461 800
461 44
461 196
973 567
973 202
973 224
522 742
522 566
522 389
989 258
989 546
989 511
506 837
506 737
506 211
980 920
980 896
980 355
2 557
2 106
2 381
580 452
580 382
580 332
524 597
524 809
524 481
661 415
661 900
661 69
756 917
756 346
756 657
904 627
904 938
904 837
125 687
125 407
125 932
134 113
134 769
134 688
149 451
149 804
149 480
347 563
347 201
347 315
814 878
814 990
814 516
966 727
966 733
966 416
558 340
558 532
558 711
631 636
631 306
631 395
135 270
135 448
135 687
677 433
677 9
677 256
12 636
12 477
12 553
872 22
872 10
872 720
547 407
547 836
547 743
658 924
658 852
658 828
835 594
835 543
835 76
945 445
945 115
945 623
819 194
819 386
819 600
937 583
937 376
937 526
616 268
616 262
616 94
757 507
757 9
757 682
614 204
614 222
614 796
833 249
833 448
833 947
65 727
65 416
65 432
245 484
245 324
245 392
309 480
309 978
309 18
871 754
871 984
871 43
292 662
292 922
292 689
638 650
638 36
638 552
444 189
444 729
444 328
915 496
915 423
915 95
148 991
148 732
148 977
773 73
773 255
773 738
82 519
82 467
82 598
944 879
944 408
944 521
343 930
343 26
343 688
576 456
576 659
576 28
16 963
16 60
16 276
855 562
855 718
855 839
38 391
38 442
38 596
344 844
344 564
344 497
949 660
949 338
949 692
377 119
377 772
377 224
717 643
717 432
717 649
171 437
171 458
171 163
240 183
240 502
240 941
476 234
476 792
476 231
696 582
696 869
696 163
286 234
286 451
286 438
715 179
715 912
715 293
15 166
15 598
15 60
221 456
221 433
221 112
78 764
78 376
78 30
277 827
277 199
277 154
475 561
475 323
475 167
996 931
996 955
996 815
322 864
322 399
322 430
903 741
903 367
903 281
188 142
188 141
188 121
823 854
823 745
823 230
388 266
388 621
388 51
848 306
848 792
848 415
925 578
925 250
925 994
936 153
936 957
936 102
140 739
140 272
140 300
746 325
746 154
746 253
668 24
668 699
668 141
902 20
902 929
902 672
218 955
218 764
218 737
845 803
845 483
845 832
554 162
554 378
554 356
880 790
880 606
880 61
489 145
489 270
489 357
671 664
671 803
671 853
138 468
138 299
138 567
822 58
822 935
822 557
419 132
419 674
419 479
48 411
48 172
48 611
254 357
254 771
254 625
197 969
197 331
197 139
233 59
233 571
233 986
398 673
398 884
398 490
897 424
897 805
897 420
181 63
181 705
181 386
675 619
675 562
675 701
175 585
175 869
175 51
223 566
223 97
223 888
151 120
151 713
151 858
997 284
997 738
997 882
312 802
312 447
312 714
951 843
951 620
951 265
390 402
390 785
390 958
641 583
641 824
641 581
788 526
788 234
788 611
916 108
916 252
916 196
111 98
111 345
111 238
817 790
817 719
817 877
740 532
740 520
740 364
759 518
759 611
759 600
645 488
645 407
645 969
787 798
787 640
787 413
589 393
589 821
589 505
972 120
972 713
972 126
236 874
236 14
236 568
439 438
439 749
439 620
350 613
350 89
350 736
503 963
503 596
503 587
703 584
703 662
703 226
372 264
372 201
372 955
894 237
894 430
894 850
244 702
244 856
244 521
406 17
406 810
406 483
770 104
770 185
770 313
136 582
136 986
136 760
766 258
766 685
766 600
574 152
574 88
574 97
53 4
53 623
53 8
359 102
359 105
359 438
327 846
327 371
327 129
161 242
161 342
161 591
795 256
795 607
795 414
248 274
248 184
248 851
534 556
534 829
534 991
280 577
280 193
280 786
523 629
523 139
523 358
385 599
385 674
385 530
539 40
539 238
539 276
157 338
157 324
157 532
681 278
681 153
681 124
644 311
644 847
644 208
799 860
799 613
799 354
725 948
725 216
725 938
542 69
542 326
542 115
608 771
608 481
608 261
652 991
652 655
652 50
995 605
995 488
995 928
998 464
998 147
998 856
360 116
360 839
360 31
487 47
487 219
487 416
310 943
310 465
310 459
895 179
895 792
895 888
269 498
269 36
269 144
485 323
485 836
485 958
146 348
146 213
146 820
909 300
909 860
909 473
297 891
297 552
297 345
450 101
450 477
450 362
911 858
911 701
911 92
765 782
765 548
765 695
165 653
165 24
165 455
778 800
778 777
778 654
52 243
52 605
52 664
492 733
492 682
492 637
122 179
122 743
122 520
965 679
965 358
965 30
758 462
758 993
758 426
209 460
209 827
209 548
970 27
970 834
970 708
384 185
384 653
384 764
723 624
723 732
723 345
962 923
962 622
962 5
400 480
400 96
400 887
946 828
946 933
946 27
103 695
103 279
103 912
314 155
314 285
314 797
683 801
683 334
683 490
889 741
889 183
889 695
131 101
131 875
131 992
501 596
501 465
501 941
83 578
83 549
83 553
247 682
247 378
247 468
709 702
709 397
709 88
37 646
37 60
37 888
750 987
750 90
750 196
318 910
318 923
318 298
514 591
514 358
514 805
812 11
812 651
812 920
975 319
975 899
975 556
365 363
365 992
365 875
435 317
435 226
435 543
72 373
72 159
72 301
182 840
182 49
182 721
71 583
71 919
71 59
339 760
339 785
339 957
538 91
538 162
538 844
628 619
628 296
628 328
615 753
615 246
615 408
811 420
811 941
811 375
394 847
394 697
394 910
763 930
763 460
763 978
39 352
39 570
39 324
535 293
535 177
535 606
57 587
57 486
57 827
440 952
440 901
440 484
0 156
0 431
0 622
867 326
867 842
867 504
203 262
203 351
203 898
170 922
170 520
170 139
449 853
449 311
449 803
527 847
527 473
527 472
259 512
259 502
259 747
961 781
961 550
961 114
575 340
575 361
575 908
752 79
752 497
752 584
118 29
118 28
118 330
656 397
656 91
656 319
540 624
540 689
540 733
353 609
353 143
353 736
559 824
559 290
559 41
186 948
186 431
186 246
302 968
302 66
302 393
436 366
436 684
436 701
593 200
593 257
593 446
403 495
403 121
403 711
380 694
380 744
380 735
698 73
698 405
698 251
25 708
25 207
25 563
321 885
321 791
321 29
724 977
724 113
724 279
215 721
215 284
215 256
710 329
710 205
710 237
308 663
308 776
308 466
529 595
529 166
529 942
64 386
64 587
64 798
806 545
806 126
806 782
412 469
412 382
412 334
33 507
33 637
33 891
107 530
107 651
107 762
130 31
130 423
130 960
886 846
886 129
886 298
914 829
914 54
914 859
383 453
383 271
383 953
150 491
150 530
150 585
220 464
220 882
220 77
84 844
84 375
84 922
592 9
592 906
592 552
818 168
818 512
818 751
282 584
282 662
282 423
921 870
921 357
921 840
418 498
418 736
418 249
967 313
967 870
967 104
1 594
1 10
1 569
907 23
907 230
907 619
176 61
176 102
176 376
387 90
387 678
387 250
86 455
86 250
86 649
722 978
722 443
722 573
206 585
206 890
206 786
229 604
229 620
229 928
195 201
195 959
195 976
544 264
544 241
544 533
633 96
633 735
633 694
774 202
774 868
774 663
515 496
515 114
515 550
755 705
755 36
755 4
178 190
178 693
178 700
841 566
841 328
841 578
100 581
100 447
100 473
369 586
369 685
369 470
305 180
305 667
305 732
509 565
509 569
509 983
13 200
13 776
13 145
7 864
7 863
7 932
493 829
493 352
493 929
974 881
974 58
974 990
232 842
232 982
232 183
34 471
34 639
34 769
954 783
954 56
954 688
772 119
772 224
883 913
883 693
883 92
716 565
716 285
716 983
686 235
686 850
686 264
239 606
239 987
239 959
728 23
728 466
728 373
46 68
46 55
46 525
784 687
784 443
784 621
734 354
734 863
734 834
892 655
892 860
892 378
228 692
228 253
228 325
940 315
940 557
940 798
676 769
676 94
676 597
807 743
807 296
807 422
291 98
291 214
291 570
816 505
816 705
816 335
133 598
133 496
133 127
626 96
626 311
626 301
109 5
109 364
109 391
287 467
287 479
287 468
212 751
212 730
212 607
849 956
849 919
849 678
999 791
999 842
999 27
666 533
666 144
666 371
417 422
417 749
417 95
704 49
704 739
704 421
857 838
857 18
857 341
939 227
939 66
939 629
294 502
294 745
294 910
862 599
862 289
862 404
32 639
32 561
32 8
45 222
45 953
45 790
508 519
508 392
508 299
873 988
873 908
873 164
67 137
67 374
67 348
712 54
712 488
712 70
950 804
950 768
950 98
579 189
579 572
579 478
332 382
332 271
457 621
457 193
457 24
469 673
469 26
691 167
691 124
691 526
142 141
142 121
333 876
333 923
333 890
260 957
260 890
260 208
288 405
288 87
288 74
379 442
379 463
379 976
425 707
425 55
425 964
110 813
110 361
110 77
231 74
231 143
410 541
410 802
410 174
81 56
81 708
81 486
93 834
93 632
93 968
158 293
158 640
158 702
173 751
173 783
173 89
441 115
441 665
441 106
273 474
273 79
273 646
257 251
257 446
669 864
669 422
669 571
825 330
825 707
825 650
861 654
861 870
861 389
21 519
21 981
21 210
429 852
429 924
429 172
205 329
205 296
775 613
775 744
775 368
499 815
499 62
499 155
956 919
956 678
748 392
748 690
748 341
780 22
780 777
780 642
303 869
303 697
303 747
901 952
901 128
531 421
531 340
531 445
878 516
878 990
396 426
396 484
396 268
491 518
491 753
409 604
409 866
409 395
510 471
510 657
510 17
401 413
401 993
401 348
190 700
190 884
304 981
304 210
304 207
47 219
47 331
831 885
831 451
831 230
337 640
337 355
337 971
670 249
670 453
670 374
283 963
283 801
283 40
699 495
699 336
761 711
761 767
761 887
719 667
719 877
590 982
590 781
590 637
213 679
213 820
985 884
985 168
985 370
116 31
116 315
528 79
528 466
528 193
731 929
731 117
731 815
184 20
184 931
160 517
160 117
160 588
191 370
191 512
191 108
80 617
80 307
80 154
263 5
263 464
263 77
363 545
363 830
821 933
821 472
295 482
295 266
295 474
537 754
537 808
537 411
316 893
316 87
316 62
198 272
198 349
198 727
459 465
459 564
874 568
874 14
610 349
610 876
610 351
634 664
634 194
634 490
609 840
609 127
267 513
267 720
267 237
560 373
560 271
560 145
706 595
706 830
706 214
11 307
11 617
225 851
225 452
225 356
680 877
680 521
680 594
404 548
404 495
216 948
216 938
370 168
588 517
588 854
19 261
19 791
19 127
346 917
346 979
75 742
75 730
75 665
367 281
367 741
42 801
42 43
42 793
434 635
434 639
434 747
714 95
714 447
500 513
500 635
500 298
659 28
659 561
399 430
399 646
137 274
137 374
123 906
123 174
123 54
672 391
672 320
454 320
454 202
808 411
808 754
866 964
866 395
573 443
573 971
437 458
437 581
227 629
227 66
159 301
159 124
896 355
896 920
132 674
132 364
180 885
180 667
546 258
546 511
555 97
555 879
555 959
572 189
572 478
156 14
156 622
826 177
826 859
826 793
551 612
551 893
551 789
947 511
947 448
570 214
960 797
960 932
317 226
317 543
536 516
536 69
536 199
762 651
762 199
147 856
147 467
368 744
368 478
567 541
50 494
50 655
351 876
549 988
549 164
796 204
796 222
899 319
899 556
660 745
660 338
810 483
810 243
241 697
241 472
533 371
800 44
905 261
905 486
905 479
693 913
779 809
779 62
779 632
89 654
255 738
255 73
174 541
219 331
994 679
994 101
265 389
265 843
602 117
602 336
602 684
99 76
99 92
482 266
482 474
381 106
381 26
278 153
278 128
577 786
577 767
979 917
979 597
262 898
569 44
402 785
402 958
692 445
992 875
689 470
326 504
290 926
290 494
252 108
252 342
91 397
627 525
627 837
169 690
169 208
169 935
647 185
647 55
647 650
737 211
839 718
68 525
68 200
70 987
70 898
325 253
342 361
6 63
6 211
6 242
625 771
217 776
217 329
217 673
462 426
462 993
612 868
612 789
428 63
428 891
428 969
470 685
604 517
832 648
832 187
968 632
336 105
881 452
881 58
299 908
636 306
913 729
105 349
354 863
284 721
852 924
713 120
582 172
481 809
289 599
289 813
926 335
926 494
152 88
152 882
87 414
828 649
162 356
742 730
424 805
424 420
251 405
986 760
859 177
935 690
586 853
446 971
90 906
838 18
838 854
335 802
934 700
934 624
934 830
246 431
942 643
126 553
505 51
793 43
623 281
928 605
783 56
642 777
642 22
268 94
846 129
851 274
243 279
463 442
463 976
953 453
789 893
900 375
900 415
635 513
433 858
330 820
362 272
362 665
797 119
20 931
164 988
307 617
242 591
850 235
565 983
3 413
3 352
10 720
143 74
804 768
887 767
458 163
684 366
952 128
155 285
144 498
753 408
23 334
735 694
982 749
571 59
718 562
104 313
545 782
40 238
300 739
564 497
984 112
113 977
607 414
653 455
648 187
456 167
943 341
432 643
707 964
17 471
868 663
210 981
41 824
595 166
207 563
194 235
421 49
550 114
