445 878
445 961
445 404
499 514
499 783
499 577
610 2
610 379
610 251
832 65
832 885
832 968
517 621
517 109
517 172
524 110
524 940
524 678
449 630
449 655
449 303
469 600
469 940
469 123
705 51
705 851
705 590
840 339
840 131
840 802
805 988
805 362
805 129
927 20
927 773
927 44
86 350
86 241
86 337
831 870
831 300
831 453
318 742
318 541
318 323
436 506
436 313
436 62
481 383
481 144
481 820
951 403
951 250
951 11
14 860
14 706
14 313
433 188
433 470
433 560
293 120
293 226
293 111
751 937
751 853
751 750
830 620
830 380
830 456
876 117
876 451
876 290
701 715
701 207
701 810
991 504
991 300
991 42
142 82
142 362
142 579
210 556
210 670
210 188
662 376
662 393
662 957
883 853
883 82
883 109
126 117
126 773
126 489
759 734
759 24
759 525
796 27
796 264
796 335
819 146
819 456
819 261
74 485
74 64
74 398
340 775
340 95
340 521
116 511
116 391
116 729
193 426
193 281
193 886
216 567
216 16
216 731
280 935
280 769
280 896
371 764
371 654
371 410
419 425
419 80
419 3
28 682
28 870
28 961
574 104
574 758
574 284
873 776
873 754
873 32
931 704
931 814
931 955
713 566
713 363
713 244
798 541
798 502
798 240
390 168
390 288
390 596
782 310
782 113
782 71
84 88
84 686
84 63
367 685
367 628
367 809
343 90
343 855
343 377
478 773
478 596
478 618
170 98
170 758
170 669
608 31
608 698
608 140
632 996
632 75
632 78
565 538
565 214
565 984
899 671
899 384
899 59
526 932
526 679
526 944
828 663
828 595
828 39
273 482
273 447
273 955
382 513
382 120
382 977
392 1
392 255
392 668
748 783
748 48
748 364
274 664
274 954
274 944
872 346
872 679
872 653
285 867
285 9
285 33
356 681
356 428
356 592
308 90
308 490
308 682
605 857
605 144
605 373
695 493
695 3
695 501
785 108
785 718
785 453
164 322
164 970
164 399
331 145
331 901
331 522
180 537
180 76
180 224
950 512
950 972
950 531
54 855
54 143
54 720
352 105
352 161
352 852
107 948
107 694
107 221
327 98
327 882
327 333
119 94
119 655
119 754
975 706
975 707
975 772
777 907
777 680
777 204
56 496
56 564
56 194
891 57
891 944
891 795
552 447
552 844
552 268
978 259
978 467
978 109
859 103
859 385
859 925
986 933
986 357
986 69
93 270
93 571
93 566
958 546
958 161
958 278
307 101
307 347
307 923
509 88
509 677
509 686
463 542
463 181
463 892
497 33
497 496
497 867
640 62
640 140
640 10
947 128
947 856
947 360
37 559
37 378
37 147
505 87
505 911
505 719
861 360
861 400
861 389
915 268
915 668
915 882
158 196
158 718
158 607
386 319
386 725
386 786
422 315
422 177
422 299
990 41
990 87
990 941
468 585
468 98
468 490
328 281
328 359
328 40
717 435
717 744
717 591
43 553
43 641
43 335
813 771
813 809
813 128
847 834
847 460
847 485
989 583
989 496
989 121
921 176
921 477
921 81
938 284
938 613
938 104
714 341
714 485
714 480
500 333
500 663
500 313
536 700
536 953
536 256
157 516
157 750
157 143
691 775
691 885
691 228
187 338
187 736
187 802
979 988
979 465
979 475
96 622
96 132
96 225
452 321
452 139
452 458
77 675
77 677
77 385
173 147
173 952
173 203
779 937
779 641
779 553
152 242
152 510
152 789
612 506
612 137
612 68
547 780
547 467
547 354
733 342
733 626
733 985
633 871
633 45
633 770
529 246
529 420
529 359
864 729
864 442
864 987
72 973
72 900
72 656
997 767
997 716
997 185
348 545
348 443
348 943
523 404
523 70
523 83
423 703
423 961
423 510
962 341
962 879
962 982
584 869
584 53
584 414
916 34
916 593
916 346
222 609
222 31
222 865
792 319
792 659
792 144
55 416
55 17
55 910
535 111
535 44
535 543
874 715
874 47
874 555
983 245
983 81
983 900
826 807
826 538
826 466
875 937
875 677
875 704
169 687
169 981
169 749
413 810
413 361
413 494
336 131
336 909
336 959
6 458
6 954
6 797
800 685
800 683
800 905
165 279
165 913
165 198
415 20
415 501
415 378
130 212
130 518
130 770
314 330
314 514
314 623
401 251
401 177
401 207
548 621
548 930
548 709
30 110
30 251
30 347
455 183
455 506
455 532
38 776
38 968
38 886
316 650
316 515
316 704
190 384
190 583
190 515
858 450
858 761
858 755
787 532
787 650
787 162
848 823
848 472
848 29
258 35
258 889
258 310
355 871
355 45
355 918
464 845
464 89
464 794
689 486
689 595
689 654
617 399
617 985
617 40
881 734
881 577
881 24
136 494
136 678
136 450
249 279
249 137
249 573
562 604
562 236
562 905
586 288
586 581
586 105
133 278
133 893
133 240
649 842
649 338
649 486
999 743
999 118
999 146
257 675
257 67
257 977
395 182
395 522
395 573
642 758
642 141
642 322
960 117
960 841
960 492
368 345
368 728
368 230
757 756
757 932
757 215
934 600
934 63
934 123
483 897
483 301
483 616
558 480
558 349
558 770
434 731
434 667
434 835
702 150
702 941
702 977
213 678
213 365
213 746
325 329
325 399
325 613
49 418
49 599
49 0
711 201
711 897
711 330
412 741
412 569
412 841
534 775
534 658
534 604
134 799
134 569
134 559
297 234
297 929
297 644
306 425
306 106
306 81
781 375
781 150
781 198
976 477
976 592
976 643
324 439
324 69
324 349
238 917
238 421
238 215
768 884
768 304
768 518
920 236
920 403
920 260
945 878
945 466
945 644
332 868
332 441
332 299
811 812
811 161
811 697
296 902
296 904
296 58
974 329
974 489
974 226
739 771
739 625
739 996
906 725
906 533
906 786
406 299
406 754
406 140
580 41
580 941
580 912
582 254
582 127
582 163
922 658
922 992
922 182
237 444
237 311
237 656
924 692
924 480
924 95
269 416
269 909
269 797
956 231
956 16
956 20
160 566
160 91
160 550
411 561
411 890
411 886
73 143
73 491
73 820
263 239
263 218
263 964
430 462
430 735
430 48
946 225
946 685
946 334
36 772
36 709
36 707
790 91
790 178
790 384
227 898
227 607
227 337
995 470
995 743
995 963
19 393
19 286
19 196
966 388
966 502
966 665
220 183
220 878
220 329
727 949
727 470
727 749
209 2
209 740
209 648
309 555
309 567
309 744
272 65
272 150
272 948
594 171
594 53
594 635
265 545
265 459
265 267
417 604
417 716
417 207
603 525
603 398
603 162
554 684
554 492
554 576
837 712
837 533
837 443
186 868
186 361
186 550
738 698
738 544
738 154
774 749
774 362
774 410
153 546
153 669
153 998
232 262
232 504
232 0
822 618
822 993
822 344
66 560
66 9
66 839
381 118
381 394
381 228
79 106
79 767
79 199
320 139
320 370
320 351
125 780
125 334
125 388
287 812
287 697
287 188
724 585
724 183
724 326
402 405
402 199
402 23
824 18
824 8
824 764
358 65
358 516
358 647
903 25
903 852
903 901
427 102
427 9
427 7
508 530
508 11
508 639
200 511
200 59
200 982
597 250
597 917
597 217
407 275
407 676
407 312
179 750
179 175
179 539
788 728
788 803
788 940
292 815
292 693
292 619
994 972
994 41
994 531
611 863
611 809
611 202
578 39
578 253
578 953
942 138
942 244
942 363
914 473
914 912
914 48
283 846
283 970
283 851
765 661
765 256
765 619
625 771
625 996
730 202
730 457
730 149
302 577
302 334
302 102
151 742
151 323
151 391
437 474
437 248
437 551
266 895
266 379
266 156
424 869
424 833
424 319
114 539
114 607
114 338
784 223
784 239
784 149
588 593
588 546
588 34
969 377
969 484
969 710
722 476
722 807
722 912
4 540
4 622
4 590
540 810
540 622
397 794
397 567
397 487
880 760
880 527
880 674
197 106
197 215
197 391
818 731
818 663
818 846
439 349
439 706
191 913
191 357
191 563
366 440
366 426
366 206
295 659
295 487
295 647
26 18
26 631
26 8
936 987
936 856
936 521
271 911
271 893
271 290
660 389
660 400
660 64
396 850
396 694
396 404
572 321
572 507
572 700
737 176
737 360
737 51
195 862
195 668
195 472
606 177
606 687
606 925
192 489
192 62
192 667
488 262
488 10
488 542
520 519
520 138
520 29
46 926
46 560
46 780
928 653
928 99
928 246
208 746
208 365
208 590
432 894
432 736
432 63
61 493
61 981
61 563
233 212
233 865
233 537
159 624
159 629
159 609
598 925
598 226
598 0
766 895
766 248
766 643
657 645
657 721
657 926
672 99
672 839
672 703
205 661
205 176
205 501
808 643
808 172
808 458
699 145
699 350
699 634
211 907
211 181
211 835
442 987
442 729
589 971
589 834
589 431
919 451
919 260
919 163
277 870
277 409
277 862
387 652
387 369
387 456
21 579
21 339
21 857
174 795
174 22
174 634
229 683
229 298
229 894
877 243
877 409
877 89
471 219
471 636
471 760
326 585
326 981
666 803
666 25
666 885
113 564
113 504
282 613
282 68
282 957
888 472
888 111
888 514
763 676
763 218
763 312
100 108
100 281
100 669
184 821
184 843
184 626
438 943
438 587
438 515
276 544
276 895
276 516
850 182
850 5
22 634
22 513
601 40
601 69
601 943
762 278
762 908
762 294
825 32
825 532
825 290
884 592
884 502
194 247
194 564
752 821
752 102
752 866
168 596
168 288
614 720
614 892
614 234
289 998
289 817
289 460
495 671
495 898
495 902
15 712
15 64
15 857
148 923
148 841
148 530
291 741
291 799
291 628
806 342
806 726
806 628
135 124
135 816
135 127
967 939
967 692
967 817
353 267
353 466
353 852
372 31
372 477
372 652
60 735
60 843
60 448
793 674
793 76
793 527
219 76
219 860
557 498
557 370
557 992
364 457
364 71
646 5
646 189
646 801
112 156
112 965
112 783
431 834
431 971
13 756
13 949
13 39
80 522
80 802
696 214
696 378
696 615
747 474
747 741
747 294
429 644
429 373
429 569
568 728
568 231
568 667
827 549
827 575
827 493
317 361
317 224
317 814
836 862
836 108
836 473
849 687
849 561
849 461
551 248
551 262
67 675
67 337
264 27
264 335
829 202
829 511
829 315
383 94
383 421
637 541
637 964
637 129
791 571
791 122
791 525
479 913
479 797
479 305
627 710
627 992
627 484
854 428
854 681
854 68
745 708
745 235
745 141
693 624
693 815
92 615
92 933
92 545
201 897
201 267
587 300
587 110
235 708
235 141
887 7
887 473
887 259
801 189
801 570
50 973
50 122
50 732
204 680
204 286
462 720
462 935
345 230
345 1
354 467
354 214
47 555
47 715
952 203
952 147
651 498
651 853
651 984
838 330
838 10
838 223
993 457
993 344
97 42
97 454
97 420
664 451
664 954
723 890
723 528
723 778
863 435
863 129
178 23
178 91
459 236
459 224
753 498
753 115
753 670
376 957
376 393
755 513
755 761
357 247
476 503
476 908
115 243
115 240
305 882
305 85
255 539
255 1
465 988
465 984
380 17
380 620
57 795
57 124
121 370
121 583
879 982
879 341
648 2
648 346
804 683
804 620
804 816
252 374
252 270
252 304
576 492
576 684
503 658
503 908
980 23
980 403
980 385
448 735
448 44
155 127
155 58
155 904
602 645
602 322
602 740
959 909
959 131
52 315
52 512
52 871
635 171
635 254
166 247
166 736
166 398
408 418
408 475
408 599
175 35
175 17
742 323
842 575
842 549
132 225
132 571
636 405
636 760
78 443
78 409
665 388
665 814
929 234
929 270
256 700
930 709
930 621
12 375
12 90
12 905
167 843
167 301
167 688
185 716
185 5
732 973
732 703
253 953
253 623
638 963
638 75
638 761
631 333
631 815
298 894
298 444
789 59
789 242
776 32
910 416
910 223
441 486
441 868
726 671
726 342
18 8
889 35
889 310
154 544
154 698
673 70
673 712
673 83
454 533
454 42
217 250
217 917
549 575
137 573
440 426
440 206
163 260
172 563
139 351
629 206
629 609
254 171
616 301
616 230
600 123
844 447
844 268
570 85
570 189
104 284
528 778
528 890
556 670
556 351
241 379
241 350
710 484
414 53
414 630
690 491
690 85
690 684
101 347
101 923
904 58
245 120
245 900
103 521
103 339
833 688
833 869
591 246
591 744
196 767
490 542
374 275
374 543
918 653
918 45
394 118
394 228
896 769
896 970
599 418
856 128
303 655
303 630
719 911
719 87
772 707
34 593
446 893
446 963
446 512
639 530
639 11
51 851
461 561
461 550
778 559
428 681
203 27
375 198
519 998
519 138
769 935
817 939
948 221
845 794
845 89
866 821
866 71
538 807
682 475
373 740
242 510
344 618
99 839
680 286
835 907
218 964
624 487
425 3
694 221
435 799
33 867
231 16
410 764
421 94
212 518
581 105
581 279
746 365
901 145
369 652
369 623
679 932
420 359
507 939
507 321
972 531
949 756
405 199
820 491
971 688
902 898
244 363
275 543
846 243
965 156
965 122
615 933
743 460
261 146
261 482
311 656
311 304
823 29
823 860
697 812
259 7
527 674
708 444
389 400
70 83
955 482
619 661
579 82
494 450
553 641
803 25
294 474
24 734
595 654
855 377
626 985
892 181
718 453
968 75
312 676
692 95
537 865
124 816
162 650
239 149
88 686
725 786
721 926
721 645
647 659
