161 357
161 139
161 732
740 172
740 169
740 206
199 146
199 35
199 467
623 702
623 216
623 787
687 981
687 170
687 546
935 492
935 381
935 748
86 295
86 943
86 260
566 391
566 488
566 621
221 403
221 686
221 131
382 42
382 885
382 6
152 691
152 919
152 198
511 328
511 23
511 457
560 927
560 547
560 218
751 820
751 189
751 307
435 364
435 876
435 541
979 648
979 248
979 917
270 361
270 333
270 675
274 136
274 959
274 604
17 790
17 78
17 386
997 672
997 92
997 865
302 814
302 424
302 747
455 882
455 586
455 889
351 845
351 310
351 893
613 730
613 793
613 534
64 185
64 326
64 733
254 27
254 988
254 306
223 965
223 271
223 549
427 317
427 664
427 533
536 416
536 651
536 426
887 149
887 607
887 145
548 976
548 690
548 18
632 710
632 640
632 558
75 298
75 850
75 151
794 396
794 250
794 888
785 634
785 370
785 305
990 230
990 478
990 174
262 477
262 159
262 367
620 374
620 721
620 513
480 583
480 226
480 711
3 814
3 361
3 504
545 962
545 589
545 251
319 847
319 335
319 415
781 825
781 171
781 51
588 67
588 631
588 525
826 578
826 903
826 594
754 864
754 338
754 784
858 250
858 392
858 656
681 47
681 338
681 767
874 811
874 973
874 60
40 29
40 526
40 263
957 707
957 983
957 693
445 163
445 889
445 655
597 389
597 629
597 388
535 327
535 822
535 739
936 366
936 20
936 301
232 768
232 275
232 277
898 53
898 753
898 944
204 672
204 567
204 919
836 563
836 977
836 68
553 765
553 719
553 797
953 806
953 381
953 311
156 401
156 976
156 486
759 184
759 960
759 182
497 392
497 312
497 722
909 440
909 617
909 118
605 409
605 516
605 684
771 414
771 593
771 380
114 791
114 596
114 87
762 640
762 236
762 750
256 606
256 138
256 518
437 490
437 97
437 386
290 469
290 803
290 206
350 947
350 824
350 16
363 275
363 902
363 558
420 879
420 807
420 778
463 11
463 167
463 929
543 264
543 899
543 185
26 220
26 175
26 30
505 815
505 448
505 113
237 380
237 692
237 374
725 177
725 915
725 882
224 650
224 340
224 442
377 250
377 902
377 864
726 787
726 66
726 865
773 719
773 765
773 750
877 33
877 139
877 913
942 823
942 325
942 883
245 518
245 686
245 294
994 316
994 384
994 626
749 729
749 775
749 249
756 298
756 653
756 819
296 897
296 56
296 196
479 644
479 21
479 215
752 31
752 674
752 504
624 857
624 402
624 318
219 142
219 869
219 520
941 403
941 951
941 743
662 753
662 188
662 861
873 980
873 194
873 705
246 770
246 885
246 188
666 865
666 693
666 321
371 38
371 146
371 49
926 198
926 946
926 33
217 313
217 468
217 940
459 627
459 578
459 108
450 580
450 746
450 847
287 444
287 619
287 586
932 581
932 523
932 278
222 90
222 47
222 345
308 757
308 280
308 696
677 940
677 251
677 938
974 263
974 100
974 727
214 982
214 518
214 218
718 842
718 147
718 121
225 724
225 182
225 257
993 324
993 670
993 537
297 532
297 230
297 976
344 895
344 496
344 777
507 724
507 492
507 259
562 736
562 449
562 984
336 133
336 601
336 816
680 583
680 618
680 143
731 143
731 593
731 153
801 323
801 607
801 366
173 286
173 716
173 501
802 670
802 572
802 526
829 307
829 69
829 883
878 213
878 949
878 837
708 573
708 326
708 859
817 824
817 984
817 947
358 602
358 335
358 960
776 593
776 713
776 789
844 76
844 866
844 702
99 126
99 31
99 920
517 582
517 383
517 410
998 575
998 890
998 840
36 563
36 514
36 615
8 516
8 850
8 716
483 704
483 510
483 259
102 564
102 395
102 317
261 676
261 46
261 638
123 252
123 380
123 372
958 557
958 285
958 721
39 426
39 961
39 129
470 348
470 869
470 972
266 538
266 327
266 843
369 10
369 895
369 784
54 955
54 657
54 658
715 697
715 115
715 309
529 663
529 80
529 703
599 797
599 260
599 592
379 880
379 695
379 488
411 579
411 312
411 315
763 914
763 96
763 501
291 698
291 986
291 153
892 816
892 703
892 867
74 295
74 564
74 101
405 948
405 495
405 698
63 602
63 952
63 456
103 395
103 289
103 608
332 79
332 589
332 872
556 89
556 918
556 143
694 526
694 552
694 786
908 903
908 502
908 294
130 730
130 806
130 920
314 52
314 782
314 252
834 642
834 995
834 42
924 906
924 4
924 154
104 167
104 596
104 739
375 473
375 595
375 837
904 866
904 618
904 141
669 2
669 23
669 717
856 520
856 57
856 706
193 501
193 340
193 476
747 77
747 424
421 60
421 69
421 565
462 368
462 289
462 176
227 141
227 923
227 310
331 240
331 96
331 870
660 230
660 949
660 750
744 646
744 991
744 477
930 183
930 934
930 96
164 862
164 154
164 15
805 235
805 442
805 910
633 767
633 735
633 365
911 432
911 453
911 174
700 925
700 235
700 991
821 888
821 271
821 988
203 187
203 439
203 451
540 534
540 931
540 207
436 608
436 638
436 782
891 95
891 886
891 37
654 158
654 650
654 827
970 390
970 285
970 502
292 313
292 162
292 772
474 260
474 430
474 166
98 939
98 120
98 852
343 690
343 328
343 629
987 625
987 389
987 672
168 464
168 939
168 7
258 210
258 23
258 389
561 577
561 625
561 378
598 881
598 339
598 614
25 82
25 159
25 854
0 22
0 141
0 973
73 234
73 572
73 148
900 359
900 641
900 186
967 710
967 76
967 185
255 701
255 969
255 697
299 461
299 625
299 500
978 550
978 257
978 229
484 734
484 53
484 912
945 195
945 77
945 791
699 637
699 87
699 147
833 273
833 24
833 433
28 616
28 852
28 166
665 576
665 401
665 657
207 499
207 601
417 828
417 131
417 306
855 916
855 692
855 523
591 966
591 243
591 494
181 473
181 298
181 595
498 922
498 68
498 937
15 867
15 709
57 29
57 852
542 92
542 913
542 12
742 609
742 187
742 896
70 68
70 512
70 409
783 441
783 127
783 100
84 294
84 523
84 956
120 499
120 693
231 309
231 87
231 187
385 813
385 433
385 823
281 30
281 226
281 986
208 19
208 894
208 921
609 44
609 896
215 808
215 286
239 596
239 305
239 832
701 673
701 969
446 807
446 741
446 798
931 879
931 630
212 641
212 592
212 579
584 276
584 992
584 210
14 902
14 951
14 743
190 706
190 622
190 503
155 94
155 220
155 303
989 641
989 248
989 571
55 419
55 929
55 840
636 107
636 916
636 216
85 440
85 975
85 730
515 985
515 330
515 813
539 722
539 886
539 276
530 963
530 673
530 264
851 568
851 433
851 659
755 339
755 398
755 11
671 960
671 370
671 691
761 391
761 154
761 876
373 984
373 157
373 577
658 778
658 819
493 938
493 466
493 300
611 797
611 685
611 906
503 422
503 265
135 418
135 571
135 622
228 678
228 465
228 955
554 464
554 576
554 820
329 268
329 565
329 831
853 444
853 242
853 764
428 939
428 508
428 416
975 616
975 138
449 112
449 736
769 93
769 586
769 815
456 404
456 952
334 901
334 739
334 7
559 842
559 441
559 13
346 934
346 16
346 252
533 664
533 760
399 862
399 668
399 709
688 835
688 487
688 323
197 265
197 897
197 991
79 872
79 206
863 864
863 546
863 170
661 77
661 452
661 394
65 149
65 778
65 121
519 2
519 753
519 429
244 825
244 58
244 768
521 30
521 465
521 62
425 996
425 466
425 325
682 547
682 282
682 158
202 729
202 71
202 875
524 390
524 603
524 651
106 606
106 792
106 795
407 927
407 702
407 896
639 460
639 327
639 943
907 4
907 349
907 949
860 757
860 282
860 500
875 388
875 71
458 151
458 577
458 806
486 901
486 734
41 107
41 788
41 213
471 220
471 812
471 374
950 128
950 491
950 485
201 857
201 311
201 284
946 959
946 33
160 234
160 191
160 171
499 981
894 422
894 850
644 695
644 590
544 97
544 172
544 38
610 467
610 729
610 127
9 520
9 404
9 49
360 309
360 849
360 284
709 397
355 195
355 789
355 115
451 249
451 175
475 268
475 582
475 569
150 415
150 307
150 899
985 16
985 558
804 786
804 118
804 513
454 816
454 841
454 448
838 618
838 312
838 849
400 205
400 646
400 476
638 137
738 434
738 823
738 31
109 280
109 592
109 972
431 95
431 236
431 92
347 847
347 112
347 723
897 196
124 192
124 800
124 733
119 861
119 839
119 356
134 766
134 247
134 528
460 67
460 943
342 917
342 923
342 494
165 353
165 241
165 335
447 962
447 614
447 940
43 555
43 139
43 617
341 683
341 905
341 277
490 675
490 333
652 5
652 213
652 831
144 651
144 606
144 310
918 910
918 643
758 394
758 698
758 705
645 649
645 872
645 469
191 370
191 862
477 100
34 192
34 585
34 209
679 495
679 570
679 915
414 21
414 952
585 209
585 151
146 732
799 91
799 621
799 914
890 840
890 717
88 163
88 736
88 655
506 194
506 810
506 117
267 339
267 443
267 846
737 656
737 712
737 848
125 93
125 825
125 691
619 117
619 775
830 567
830 372
830 643
999 489
999 322
999 590
356 745
356 393
933 316
933 962
933 384
233 996
233 468
233 843
600 35
600 236
600 216
142 667
142 674
827 973
827 634
551 647
551 813
551 971
617 440
604 764
604 959
772 162
772 304
177 915
177 278
964 395
964 116
964 22
809 330
809 686
809 1
303 198
303 684
780 180
780 485
780 903
81 301
81 279
81 317
587 626
587 137
587 848
288 995
288 795
288 668
508 211
508 572
735 364
735 365
968 406
968 136
968 775
91 537
91 226
637 147
637 195
977 372
977 563
774 145
774 612
774 211
443 59
443 122
796 760
796 209
796 383
48 241
48 315
48 243
179 432
179 579
179 846
457 328
457 656
12 786
12 273
200 140
200 870
200 338
10 784
10 720
419 929
419 881
352 653
352 841
352 423
793 832
793 534
452 394
452 502
880 868
880 488
24 766
24 273
439 467
439 410
61 51
61 913
61 94
357 354
357 269
280 630
810 846
810 117
122 82
122 745
140 549
140 870
241 569
764 131
349 822
349 132
500 345
362 378
362 300
362 866
538 779
538 148
552 695
552 393
354 110
354 525
89 66
89 541
961 56
961 512
293 253
293 189
293 631
720 275
720 279
790 5
790 359
111 557
111 948
111 721
803 882
803 857
722 626
71 388
649 963
649 602
514 615
514 653
481 787
481 83
481 527
169 323
169 340
546 170
110 927
110 311
905 269
905 683
45 594
45 180
45 128
367 192
367 868
494 966
867 476
986 845
247 788
247 148
767 47
1 537
1 13
180 348
116 444
116 22
921 434
921 32
158 547
509 76
509 648
509 383
472 325
472 792
472 413
705 980
238 779
238 615
238 353
423 495
423 928
434 32
568 992
568 589
938 251
714 468
714 105
714 664
175 361
189 631
689 67
689 703
689 49
282 757
580 746
580 127
770 188
770 396
723 313
723 893
126 920
126 6
828 438
828 555
53 166
348 869
531 167
531 965
531 259
912 791
912 337
321 412
321 56
922 800
922 137
272 82
272 392
272 485
917 413
393 745
798 710
798 741
145 807
871 575
871 415
871 430
186 628
186 80
305 162
397 403
397 283
696 621
696 734
956 132
956 881
603 410
603 923
728 704
728 916
728 782
11 815
635 44
635 461
635 359
717 919
97 38
510 412
510 391
951 743
811 528
811 249
320 608
320 972
320 29
157 21
157 6
418 622
418 402
570 62
570 13
118 153
835 937
835 487
406 136
406 441
574 667
574 72
574 178
706 7
368 176
368 289
438 183
438 995
818 240
818 996
818 628
969 697
724 549
766 315
32 657
901 966
300 378
408 482
408 59
408 788
422 416
491 648
491 128
108 466
108 627
884 513
884 504
884 808
496 779
496 532
27 822
27 306
685 101
685 663
578 627
954 528
954 614
954 364
304 58
304 37
571 133
678 113
678 955
516 716
948 819
72 934
72 182
205 646
205 426
988 271
218 982
522 107
522 429
522 925
333 675
413 792
337 676
337 46
581 576
581 80
555 841
583 711
676 46
690 18
965 712
768 277
925 278
78 386
78 741
478 971
478 469
178 667
178 402
565 777
629 279
381 748
748 283
910 668
149 242
113 448
50 95
50 265
50 854
713 234
713 789
94 51
129 981
129 684
663 982
263 727
590 322
550 229
550 983
670 324
673 963
387 634
387 876
387 482
398 105
398 184
842 121
2 429
944 18
944 888
301 112
183 567
647 971
647 885
35 253
461 44
489 132
489 861
839 90
839 727
800 733
176 396
612 19
612 211
707 172
707 983
376 527
376 643
376 412
326 318
432 453
683 868
409 512
914 101
487 66
229 257
133 601
659 5
659 242
83 843
83 527
895 777
746 196
60 243
732 93
453 174
607 692
324 760
573 859
573 812
316 384
492 19
171 980
404 283
465 62
442 650
569 322
564 295
992 210
365 582
845 893
711 837
69 883
473 595
90 345
4 906
268 630
814 820
532 318
194 831
58 616
159 854
390 269
248 557
482 59
37 886
52 276
52 928
240 628
464 674
163 655
541 424
286 808
20 366
20 795
824 947
899 264
712 848
765 719
849 284
889 704
42 642
430 575
138 879
184 105
235 115
330 640
937 642
285 253
812 859
928 525
594 353
832 401
