492 808
492 996
492 908
696 762
696 592
696 686
574 263
574 60
574 296
914 522
914 842
914 329
155 881
155 210
155 167
293 200
293 21
293 987
226 718
226 583
226 797
353 816
353 62
353 83
524 187
524 532
524 508
913 92
913 309
913 555
861 190
861 254
861 739
863 470
863 997
863 131
744 851
744 99
744 262
952 355
952 537
952 422
115 76
115 326
115 961
601 363
601 673
601 848
404 169
404 193
404 706
969 110
969 693
969 687
337 983
337 443
337 938
799 322
799 769
799 529
877 262
877 78
877 893
929 942
929 503
929 322
272 893
272 821
272 418
935 765
935 972
935 581
823 977
823 78
823 583
958 428
958 343
958 426
595 3
595 661
595 606
685 809
685 17
685 604
984 871
984 589
984 112
171 950
171 887
171 500
394 53
394 317
394 234
348 769
348 705
348 760
844 635
844 148
844 841
177 377
177 389
177 427
288 474
288 581
288 61
58 757
58 686
58 692
109 278
109 176
109 862
419 193
419 832
419 63
630 577
630 794
630 296
679 355
679 7
679 982
72 963
72 345
72 102
909 291
909 2
909 613
138 775
138 882
138 693
891 564
891 968
891 218
118 547
118 410
118 567
647 490
647 548
647 392
152 500
152 895
152 978
380 968
380 564
380 264
554 232
554 775
554 985
805 269
805 708
805 759
307 942
307 713
307 310
519 97
519 157
519 452
368 614
368 624
368 842
535 315
535 254
535 245
338 426
338 388
338 686
212 418
212 356
212 828
552 300
552 671
552 725
836 709
836 438
836 97
904 2
904 670
904 621
306 546
306 635
306 824
415 261
415 730
415 781
294 15
294 617
294 335
297 374
297 654
297 615
373 682
373 173
373 737
590 165
590 917
590 247
339 954
339 96
339 336
448 509
448 274
448 829
116 692
116 40
116 377
556 843
556 64
556 567
106 21
106 713
106 440
771 523
771 510
771 591
371 409
371 9
371 763
782 56
782 81
782 576
108 291
108 900
108 613
817 222
817 239
817 931
308 537
308 517
308 328
991 235
991 663
991 883
506 27
506 920
506 207
597 773
597 472
597 833
612 123
612 472
612 873
993 629
993 846
993 87
77 286
77 518
77 559
340 252
340 623
340 903
13 78
13 814
13 545
850 768
850 140
850 210
403 810
403 922
403 363
214 119
214 531
214 142
748 565
748 636
748 202
890 919
890 571
890 623
213 71
213 505
213 741
237 377
237 355
237 555
89 267
89 63
89 451
924 479
924 995
924 8
260 633
260 122
260 99
397 70
397 164
397 143
915 847
915 858
915 332
923 798
923 231
923 442
220 95
220 628
220 965
626 985
626 80
626 907
141 926
141 341
141 741
482 669
482 701
482 881
425 467
425 605
425 251
19 724
19 512
19 303
227 437
227 683
227 855
411 262
411 966
411 840
980 61
980 281
980 489
198 349
198 961
198 568
387 545
387 599
387 273
888 523
888 536
888 531
334 740
334 74
334 206
504 405
504 872
504 662
582 688
582 967
582 123
277 682
277 146
277 737
378 157
378 921
378 812
128 610
128 251
128 961
255 248
255 154
255 22
651 773
651 800
651 310
970 485
970 44
970 561
572 388
572 781
572 225
826 325
826 811
826 830
551 192
551 158
551 756
703 38
703 708
703 752
383 207
383 765
383 151
481 622
481 837
481 350
714 125
714 751
714 608
766 29
766 542
766 972
382 536
382 96
382 565
521 218
521 638
521 474
672 268
672 476
672 83
885 768
885 497
885 795
67 501
67 872
67 426
137 508
137 102
137 374
357 359
357 335
357 169
464 405
464 516
464 445
144 575
144 468
144 622
994 497
994 815
994 217
729 586
729 92
729 495
238 553
238 928
238 400
899 317
899 886
899 81
292 632
292 834
292 798
641 814
641 689
641 231
175 117
175 773
175 736
959 562
959 763
959 541
126 95
126 694
126 740
163 301
163 787
163 503
584 206
584 520
584 405
749 416
749 284
749 676
5 625
5 38
5 683
956 347
956 483
956 385
569 369
569 592
569 467
998 821
998 570
998 367
414 862
414 59
414 694
603 676
603 870
603 416
275 739
275 460
275 261
408 794
408 431
408 233
719 422
719 244
719 859
793 63
793 730
793 57
39 460
39 430
39 439
280 487
280 570
280 429
133 41
133 887
133 345
168 701
168 484
168 223
955 530
955 174
955 783
469 303
469 199
469 25
803 566
803 247
803 639
242 553
242 200
242 142
761 68
761 333
761 840
33 70
33 62
33 926
767 871
767 342
767 159
631 40
631 450
631 859
722 949
722 143
722 526
100 35
100 489
100 235
677 345
677 304
677 350
26 134
26 335
26 502
462 701
462 789
462 739
0 889
0 650
0 882
181 600
181 197
181 396
179 604
179 820
179 146
183 979
183 16
183 465
901 858
901 197
901 159
704 540
704 18
704 170
827 125
827 263
827 461
792 433
792 620
792 282
796 480
796 605
796 341
550 831
550 439
550 734
854 883
854 819
854 747
121 636
121 699
121 821
219 493
219 55
219 479
804 324
804 925
804 512
691 309
691 449
691 588
319 939
319 866
319 84
813 831
813 734
813 300
494 680
494 354
494 389
665 407
665 123
665 801
298 811
298 616
298 392
790 666
790 312
790 249
320 85
320 438
320 974
549 758
549 85
549 413
91 814
91 862
91 445
726 343
726 52
726 516
188 932
188 645
188 605
250 282
250 245
250 93
149 802
149 902
149 420
258 617
258 982
258 576
182 718
182 324
182 699
700 468
700 624
700 46
204 351
204 638
204 687
230 752
230 252
230 536
580 390
580 819
580 716
24 199
24 369
24 736
937 30
937 174
937 690
305 622
305 167
305 591
807 134
807 712
807 9
455 424
455 442
455 471
486 596
486 557
486 806
533 529
533 276
533 707
634 999
634 385
634 822
585 829
585 588
585 610
648 167
648 635
648 75
880 22
880 86
880 240
973 41
973 82
973 301
358 87
358 194
358 733
818 28
818 558
818 359
107 286
107 610
107 557
153 788
153 488
153 815
130 645
130 577
130 114
402 757
402 978
402 664
120 172
120 875
120 386
208 407
208 165
208 169
265 351
265 668
265 905
446 910
446 530
446 522
544 129
544 393
544 329
764 520
764 623
764 876
750 23
750 789
750 895
869 41
869 768
869 409
362 444
362 599
362 689
644 608
644 470
644 88
90 328
90 131
90 479
185 957
185 11
185 695
755 822
755 592
755 511
776 988
776 941
776 848
778 588
778 566
778 96
69 609
69 967
69 705
162 178
162 856
162 532
845 456
845 68
845 318
211 60
211 661
211 433
331 266
331 673
331 706
32 329
32 828
32 503
774 698
774 314
774 944
384 987
384 798
384 341
271 351
271 251
271 802
241 407
241 225
241 918
528 154
528 248
528 114
797 606
797 816
145 187
145 254
145 546
916 125
916 239
916 3
951 684
951 60
951 55
31 444
31 14
31 857
256 217
256 599
256 716
376 531
376 244
376 801
785 628
785 688
785 398
279 42
279 999
279 143
852 156
852 43
852 670
344 583
344 325
344 829
981 1
981 874
981 763
283 986
283 819
283 658
513 147
513 127
513 800
196 209
196 23
196 674
216 881
216 759
216 707
37 20
37 555
37 996
717 332
717 393
717 847
372 828
372 366
372 45
936 977
936 160
936 323
971 460
971 989
971 883
432 6
432 343
432 684
721 28
721 491
721 540
475 934
475 809
475 15
911 526
911 104
911 195
642 825
642 653
642 354
66 740
66 93
66 558
166 422
166 543
166 16
458 699
458 111
458 900
313 493
313 86
313 539
477 949
477 176
477 278
930 538
930 25
930 192
321 233
321 537
321 674
746 621
746 466
746 910
720 59
720 607
720 589
912 194
912 624
912 30
257 217
257 276
257 393
352 812
352 565
352 347
499 927
499 472
499 604
868 80
868 907
868 423
365 617
365 966
365 424
379 743
379 52
379 315
136 111
136 730
136 718
327 17
327 461
327 578
224 563
224 558
224 417
940 14
940 150
940 54
637 657
637 191
637 858
702 413
702 825
702 20
457 736
457 947
457 463
727 436
727 474
727 711
287 607
287 47
287 586
990 539
990 857
990 802
201 142
201 908
201 662
50 440
50 44
50 223
754 46
754 760
754 598
478 587
478 784
478 681
786 560
786 598
786 117
135 92
135 609
135 490
712 9
712 920
381 259
381 302
381 922
853 972
853 273
853 874
289 491
289 6
289 203
361 988
361 429
361 68
406 388
406 273
406 801
946 471
946 28
946 668
640 723
640 587
640 318
884 10
884 561
884 986
266 975
266 673
643 545
643 903
643 965
236 657
236 950
236 857
124 295
124 534
124 918
559 518
559 454
745 95
745 7
745 927
906 452
906 437
906 342
195 27
195 104
619 625
619 206
619 326
675 274
675 824
675 855
698 314
698 944
299 747
299 496
299 514
447 905
447 738
447 650
364 184
364 85
364 546
656 75
656 10
656 441
659 735
659 349
659 82
839 791
839 944
839 511
4 434
4 507
4 732
838 683
838 459
838 600
841 440
841 148
772 830
772 926
772 232
896 794
896 932
896 989
290 497
290 514
290 496
627 557
627 354
627 663
892 894
892 893
892 609
697 79
697 649
697 977
943 119
943 231
943 591
285 42
285 967
285 347
777 668
777 390
777 579
228 471
228 964
228 65
243 229
243 36
243 194
48 342
48 436
48 150
234 53
234 317
933 628
933 417
933 866
779 53
779 837
779 738
215 658
215 47
215 284
690 51
690 322
84 318
84 939
127 667
127 800
270 148
270 833
270 928
391 752
391 218
391 360
543 16
543 363
864 190
864 420
864 173
992 15
992 165
992 1
170 540
170 614
395 409
395 982
395 608
960 954
960 160
960 54
113 684
113 811
113 102
105 859
105 101
105 806
945 894
945 304
945 505
151 207
151 586
646 568
646 902
646 104
473 886
473 711
473 577
962 953
962 728
962 870
995 662
995 8
620 433
620 399
731 692
731 54
731 751
412 140
412 57
412 655
723 453
723 189
652 389
652 724
652 202
161 76
161 312
161 666
732 957
732 560
375 663
375 816
375 629
34 129
34 30
34 229
139 333
139 122
139 147
563 660
563 98
742 2
742 860
742 186
421 264
421 974
421 311
664 978
664 268
615 374
615 654
758 518
758 323
476 954
476 83
865 64
865 498
865 860
611 223
611 310
611 186
360 505
360 812
653 367
653 825
253 867
253 832
253 733
527 517
527 385
527 423
780 386
780 71
780 456
867 733
867 832
725 671
725 437
931 741
931 810
450 40
450 498
515 658
515 111
515 247
941 529
941 985
593 417
593 757
593 302
897 898
897 445
897 849
316 669
316 917
316 110
997 470
997 369
94 566
94 45
94 366
743 315
743 986
921 132
921 157
12 709
12 159
12 413
851 420
851 99
221 487
221 942
221 715
616 392
616 336
180 147
180 304
180 286
435 975
435 330
435 900
453 189
453 399
88 246
88 548
846 87
846 74
222 65
222 919
431 233
431 775
101 410
101 806
370 948
370 134
370 547
399 189
887 500
560 117
73 246
73 687
73 667
573 728
573 229
573 751
259 119
259 922
849 898
849 878
710 822
710 485
710 678
495 636
495 249
976 833
976 711
976 606
889 882
889 886
575 520
575 468
676 416
122 490
205 498
205 267
205 55
639 667
639 423
401 810
401 172
401 633
681 184
681 784
43 428
43 875
707 759
539 86
632 834
632 427
999 42
483 328
483 418
835 870
835 517
835 629
430 467
430 439
451 267
451 459
434 132
434 314
979 62
979 465
488 788
488 325
541 187
541 235
56 661
56 576
618 848
618 570
618 23
876 333
876 367
356 98
356 660
879 795
879 268
879 783
784 184
948 359
948 547
396 197
396 594
594 449
594 191
787 249
787 301
525 735
525 781
525 678
953 461
953 728
18 542
18 164
103 485
103 939
103 689
964 443
964 65
203 6
203 491
938 443
938 983
454 35
454 330
534 295
534 918
649 114
649 79
158 756
158 192
571 336
571 47
925 324
925 512
824 244
770 269
770 36
770 507
905 650
428 875
346 983
346 131
346 874
843 8
843 64
49 538
49 747
49 645
965 934
3 239
769 791
538 795
156 670
156 975
947 894
947 463
52 516
252 920
856 178
856 753
441 903
441 75
20 996
762 695
762 199
878 70
878 898
695 11
708 269
625 38
532 508
17 809
989 932
240 873
240 22
429 963
655 587
655 872
21 713
98 660
542 427
737 682
510 523
510 756
820 456
820 146
10 705
562 79
562 501
830 232
548 246
666 312
466 910
466 621
484 716
484 657
680 934
680 398
29 465
29 51
966 840
74 225
783 174
140 866
957 11
276 7
509 210
509 493
366 45
81 694
678 51
596 110
596 193
715 132
715 487
200 987
400 97
400 928
671 300
815 788
902 706
27 507
112 871
112 1
209 578
209 674
311 526
311 264
602 295
602 579
602 511
80 907
160 323
281 61
281 164
154 248
480 988
480 654
263 296
59 589
753 350
753 178
568 349
309 919
410 567
278 176
530 522
724 202
502 129
502 638
514 496
172 633
463 963
245 282
44 561
578 302
14 444
326 76
855 274
564 968
25 303
501 36
173 190
436 150
873 974
93 693
452 791
459 600
57 949
291 613
442 424
614 834
709 438
917 669
191 449
386 71
390 579
688 398
765 581
789 895
330 35
46 598
808 908
808 927
489 284
842 950
831 734
607 760
82 735
860 186
553 261
837 738
847 332
