557 783
557 424
557 188
969 597
969 872
969 996
350 134
350 207
350 318
756 767
756 118
756 967
289 805
289 625
289 167
660 948
660 229
660 212
462 32
462 339
462 50
588 893
588 744
588 43
386 517
386 781
386 203
858 286
858 518
858 293
541 293
541 233
541 333
881 778
881 823
881 550
807 79
807 193
807 982
851 450
851 166
851 539
86 962
86 970
86 719
337 340
337 345
337 779
156 795
156 366
156 958
661 31
661 857
661 10
548 585
548 954
548 480
776 757
776 863
776 83
555 32
555 367
555 875
672 562
672 630
672 603
201 896
201 497
201 420
260 400
260 131
260 745
404 167
404 388
404 650
848 559
848 707
848 976
676 820
676 320
676 449
818 879
818 85
818 571
489 296
489 402
489 725
583 673
583 179
583 464
434 20
434 725
434 804
647 36
647 994
647 82
91 332
91 667
91 99
802 486
802 906
802 396
599 345
599 699
599 623
943 111
943 398
943 57
438 63
438 409
438 849
617 696
617 979
617 197
196 919
196 876
196 994
675 657
675 877
675 650
907 359
907 54
907 71
915 875
915 264
915 96
317 520
317 580
317 846
592 447
592 636
592 235
341 172
341 576
341 374
949 865
949 414
949 245
114 389
114 96
114 630
641 115
641 671
641 932
16 842
16 627
16 578
106 810
106 28
106 962
184 418
184 722
184 700
822 33
822 645
822 35
100 628
100 351
100 962
334 312
334 849
334 409
530 579
530 244
530 20
821 746
821 503
821 715
182 606
182 311
182 450
403 316
403 500
403 90
594 809
594 957
594 861
985 765
985 718
985 749
8 148
8 264
8 80
516 629
516 268
516 623
326 864
326 596
326 338
942 5
942 640
942 125
298 749
298 584
298 169
44 52
44 12
44 49
963 894
963 47
963 36
14 503
14 455
14 823
266 930
266 138
266 397
21 871
21 811
21 809
836 276
836 443
836 172
610 478
610 976
610 819
382 753
382 399
382 476
698 736
698 892
698 902
796 340
796 581
796 253
832 149
832 468
832 735
908 860
908 125
908 226
372 160
372 862
372 507
94 970
94 875
94 257
190 909
190 550
190 782
613 387
613 248
613 759
165 232
165 753
165 176
965 107
965 527
965 143
4 472
4 809
4 195
868 447
868 357
868 193
84 925
84 783
84 739
56 562
56 302
56 268
649 37
649 88
649 497
105 510
105 157
105 60
282 686
282 454
282 233
329 333
329 2
329 307
664 568
664 65
664 953
674 456
674 910
674 211
274 556
274 238
274 2
319 164
319 956
319 896
993 820
993 320
993 556
368 980
368 135
368 34
586 327
586 82
586 531
999 895
999 815
999 763
153 710
153 751
153 129
294 163
294 879
294 663
198 810
198 7
198 785
445 840
445 361
445 488
119 158
119 38
119 750
975 887
975 514
975 842
161 931
161 394
161 473
563 638
563 546
563 273
565 861
565 536
565 195
912 642
912 932
912 806
467 625
467 805
467 239
755 12
755 917
755 349
252 208
252 120
252 64
601 534
601 640
601 928
243 447
243 928
243 189
632 786
632 288
632 392
569 312
569 571
569 902
466 606
466 15
466 261
646 120
646 690
646 121
620 440
620 536
620 458
704 976
704 710
704 51
218 7
218 920
218 591
544 656
544 7
544 267
308 600
308 559
308 966
883 567
883 538
883 990
502 418
502 700
502 841
977 998
977 348
977 405
291 668
291 197
291 429
385 893
385 314
385 507
703 360
703 990
703 763
738 595
738 954
738 90
415 57
415 721
415 69
829 748
829 867
829 873
141 140
141 74
141 430
626 486
626 425
626 246
104 616
104 913
104 61
824 38
824 1
824 804
101 952
101 861
101 399
669 70
669 575
669 366
545 39
545 234
545 378
566 913
566 449
566 960
132 691
132 737
132 242
922 618
922 405
922 810
269 705
269 324
269 989
482 398
482 192
482 673
146 992
146 365
146 936
677 878
677 540
677 65
687 160
687 580
687 873
144 17
144 925
144 229
487 936
487 961
487 911
11 623
11 772
11 846
223 673
223 431
223 247
475 665
475 498
475 464
852 93
852 315
852 76
92 889
92 309
92 730
971 514
971 870
971 727
441 394
441 528
441 360
859 421
859 312
859 468
330 775
330 396
330 82
354 903
354 65
354 247
685 189
685 989
685 705
847 779
847 767
847 838
411 455
411 747
411 54
607 604
607 116
607 420
214 923
214 400
214 473
816 348
816 706
816 916
693 813
693 730
693 358
787 888
787 734
787 777
659 262
659 24
659 984
794 914
794 648
794 838
277 855
277 905
277 152
463 232
463 540
463 740
287 762
287 192
287 85
225 155
225 491
225 772
947 412
947 987
947 61
614 57
614 762
614 769
679 722
679 772
679 151
342 407
342 118
342 472
485 939
485 911
485 285
136 17
136 616
136 492
874 413
874 325
874 532
784 264
784 873
784 537
946 315
946 525
946 76
830 857
830 281
830 692
833 392
833 701
833 899
839 537
839 637
839 374
42 658
42 593
42 152
983 110
983 123
983 979
938 210
938 284
938 431
797 768
797 301
797 960
921 652
921 37
921 118
113 892
113 540
113 771
634 478
634 688
634 31
362 58
362 509
362 774
435 454
435 771
435 549
45 444
45 652
45 656
499 120
499 204
499 393
310 889
310 179
310 58
882 480
882 77
882 295
495 603
495 788
495 593
964 488
964 248
964 395
270 296
270 580
270 193
437 509
437 774
437 629
215 151
215 741
215 477
501 857
501 483
501 140
654 401
654 353
654 293
728 151
728 166
728 191
168 578
168 473
168 591
834 527
834 718
834 143
162 103
162 171
162 628
760 987
760 346
760 723
689 460
689 126
689 66
951 305
951 351
951 303
30 55
30 358
30 981
720 41
720 532
720 160
383 285
383 78
383 637
615 929
615 642
615 699
255 927
255 63
255 331
695 191
695 944
695 145
213 869
213 528
213 551
469 257
469 288
469 221
299 128
299 159
299 920
323 941
323 483
323 967
978 176
978 491
978 984
619 492
619 748
619 867
711 80
711 578
711 74
205 843
205 187
205 221
959 479
959 73
959 595
6 384
6 28
6 133
633 145
633 458
633 290
505 389
505 741
505 759
582 792
582 410
582 175
624 281
624 353
624 967
682 476
682 80
682 117
547 732
547 40
547 242
844 668
844 429
844 936
937 245
937 456
937 865
533 803
533 43
533 744
680 111
680 826
680 721
369 579
369 154
369 917
837 208
837 216
837 903
570 275
570 612
570 477
375 950
375 349
375 910
508 321
508 919
508 609
574 455
574 522
574 407
717 663
717 339
717 709
224 511
224 344
224 512
684 992
684 286
684 128
524 321
524 609
524 365
716 327
716 129
716 258
523 777
523 388
523 804
89 492
89 737
89 399
904 494
904 924
904 953
432 825
432 917
432 134
898 768
898 986
898 199
206 746
206 69
206 715
406 727
406 718
406 439
186 791
186 376
186 598
577 537
577 169
577 584
678 934
678 481
678 945
416 472
416 840
416 361
890 905
890 855
890 640
59 370
59 302
59 629
918 420
918 670
918 247
572 627
572 305
572 303
493 239
493 757
493 173
850 346
850 723
850 775
526 452
526 786
526 465
798 627
798 401
798 593
926 425
926 456
926 176
997 543
997 645
997 481
484 175
484 671
484 531
801 893
801 924
801 886
433 77
433 558
433 62
835 244
835 621
835 328
48 517
48 396
48 741
355 179
355 525
355 980
256 449
256 351
256 331
611 395
611 183
611 392
697 413
697 564
697 427
108 782
108 149
108 735
390 732
390 288
390 40
605 899
605 701
605 564
853 107
853 414
853 262
573 408
573 878
573 217
112 885
112 453
112 927
124 894
124 51
124 393
461 384
461 799
461 498
766 877
766 657
766 722
254 328
254 621
254 935
702 800
702 253
702 259
147 332
147 667
147 561
506 734
506 866
506 966
773 232
773 576
773 306
496 935
496 72
496 226
733 500
733 316
733 62
336 758
336 290
336 263
856 79
856 356
856 982
831 956
831 408
831 897
900 127
900 618
900 706
29 481
29 953
29 17
67 139
67 239
67 931
25 721
25 740
25 961
442 998
442 743
442 622
793 600
793 762
793 944
988 765
988 428
988 819
446 554
446 608
446 957
764 381
764 181
764 273
230 325
230 61
230 585
731 250
731 813
731 457
75 102
75 648
75 694
973 211
973 210
973 244
3 322
3 869
3 945
724 139
724 359
724 554
251 603
251 709
251 142
417 876
417 64
417 941
122 749
122 791
122 116
644 188
644 64
644 424
371 940
371 769
371 331
827 532
827 994
827 93
68 995
68 5
68 785
789 159
789 699
789 757
471 952
471 301
471 939
751 710
751 47
968 681
968 631
968 653
19 97
19 826
19 440
933 518
933 444
933 324
26 444
26 636
26 986
419 378
419 838
419 670
814 651
814 567
814 696
880 448
880 923
880 561
178 181
178 167
178 381
553 841
553 349
553 984
27 121
27 688
27 194
240 318
240 192
240 596
83 863
83 15
666 891
666 910
666 367
300 510
300 771
300 719
780 559
780 357
780 622
529 187
529 843
529 180
752 891
752 306
752 558
513 172
513 460
513 941
515 950
515 275
515 117
87 304
87 761
87 174
901 542
901 154
901 1
713 815
713 884
713 335
364 431
364 870
364 631
391 23
391 642
391 571
170 241
170 622
170 863
297 259
297 99
297 681
137 55
137 767
137 99
222 987
222 257
222 410
343 286
343 507
343 928
377 970
377 765
377 439
219 528
219 996
219 374
423 412
423 306
423 539
854 465
854 357
854 452
220 792
220 602
220 148
504 28
504 49
504 125
231 638
231 860
231 876
662 788
662 694
662 102
436 806
436 512
436 791
46 35
46 238
46 304
9 309
9 525
9 725
177 944
177 897
177 518
535 992
535 376
535 598
552 758
552 0
552 828
427 564
427 803
691 737
691 93
459 888
459 494
459 845
612 275
612 477
884 197
884 335
808 734
808 207
808 932
280 587
280 862
280 73
292 34
292 135
292 221
421 503
421 468
639 53
639 575
639 272
683 940
683 410
683 911
800 692
800 69
130 96
130 457
130 242
712 241
712 812
712 631
714 483
714 590
714 929
237 825
237 133
237 51
313 743
313 934
313 560
974 128
974 402
974 568
373 519
373 344
373 511
200 845
200 171
200 589
279 216
279 726
279 909
379 227
379 234
379 520
546 638
546 273
590 88
590 929
729 397
729 828
729 340
185 109
185 23
185 339
271 709
271 155
271 650
81 940
81 241
81 157
708 782
708 775
708 803
24 389
24 262
174 761
174 304
209 150
209 549
209 347
52 878
52 49
272 53
272 439
204 393
204 913
770 217
770 707
770 742
817 786
817 841
817 20
22 203
22 314
22 199
249 173
249 180
249 283
18 131
18 895
18 745
236 792
236 490
236 635
474 451
474 380
474 265
370 302
370 806
747 54
747 886
955 551
955 235
955 159
13 301
13 211
13 799
322 945
322 869
754 980
754 238
754 960
906 39
906 486
948 229
948 212
790 658
790 567
790 769
70 575
70 366
866 534
866 972
991 41
991 422
991 777
72 226
72 935
227 234
227 520
981 358
981 55
202 278
202 512
202 388
602 954
602 497
581 253
581 325
635 490
635 576
914 648
914 413
387 759
387 248
995 785
995 5
356 998
356 653
781 58
781 85
448 616
448 561
864 596
864 338
428 916
428 819
71 761
71 359
276 443
276 408
110 979
110 930
164 956
164 896
66 126
66 318
426 157
426 148
426 88
560 743
560 296
589 579
589 845
307 333
307 2
897 284
352 470
352 142
352 812
470 812
470 142
261 15
261 606
521 996
521 464
521 189
78 285
78 637
665 498
665 39
95 872
95 123
95 150
451 380
451 265
538 990
538 919
519 891
519 412
360 394
604 490
604 116
742 217
742 707
267 656
267 788
522 33
522 145
539 166
103 628
103 171
735 149
163 663
163 879
228 585
228 453
228 885
138 397
138 930
958 795
958 60
10 846
10 31
363 443
363 972
363 380
250 457
250 813
726 216
726 909
246 934
246 425
347 549
347 158
283 180
283 173
414 107
98 554
98 811
98 871
597 688
597 872
0 828
0 259
183 395
183 860
686 454
686 233
739 783
739 925
35 33
778 823
778 550
127 618
127 324
668 429
727 870
79 982
332 667
378 670
479 595
479 12
887 514
887 842
195 111
543 645
543 53
187 843
263 278
263 290
534 972
452 465
636 986
587 862
587 73
774 509
131 745
643 97
643 655
643 175
799 384
732 40
303 305
805 625
139 931
811 871
210 284
194 199
194 795
820 320
314 203
736 892
736 902
476 753
655 763
655 97
877 657
208 903
840 361
899 701
600 966
690 338
690 121
568 402
630 562
748 867
826 440
536 458
500 316
989 705
405 348
608 957
608 268
109 488
109 23
191 365
346 723
558 62
651 768
651 696
591 920
381 181
744 43
750 38
750 158
422 278
422 41
47 36
117 950
939 952
715 746
258 129
258 327
430 74
430 140
758 556
905 855
135 34
315 76
123 150
265 115
281 692
849 409
60 510
815 335
367 212
825 133
50 32
50 478
658 152
927 63
102 694
295 480
295 77
37 652
169 584
418 700
517 90
916 706
207 134
353 401
527 143
453 885
494 888
345 779
321 609
460 126
924 886
730 309
424 188
551 235
923 400
311 450
311 398
344 511
889 894
681 653
491 155
621 328
542 1
542 154
115 671
407 531
598 376
961 740
719 895
865 245
