430 175
430 930
430 314
636 948
636 731
636 288
238 218
238 153
238 331
435 59
435 152
435 456
723 670
723 366
723 582
894 85
894 778
894 162
710 714
710 662
710 853
775 596
775 113
775 373
433 940
433 341
433 76
646 311
646 469
646 290
97 417
97 346
97 818
202 328
202 369
202 420
333 707
333 698
333 114
824 112
824 225
824 385
780 378
780 805
780 58
875 603
875 491
875 650
95 30
95 485
95 467
772 798
772 531
772 107
851 147
851 956
851 214
935 725
935 186
935 183
81 550
81 240
81 147
608 225
608 793
608 517
533 191
533 947
533 25
854 680
854 306
854 738
226 991
226 988
226 833
703 500
703 901
703 716
57 25
57 675
57 43
516 594
516 261
516 996
287 274
287 248
287 906
304 341
304 145
304 20
478 227
478 258
478 798
509 594
509 554
509 3
474 621
474 145
474 496
804 749
804 5
804 916
566 29
566 324
566 713
658 89
658 262
658 162
395 506
395 567
395 896
776 129
776 833
776 85
134 114
134 564
134 44
219 284
219 602
219 370
482 267
482 426
482 283
520 864
520 472
520 838
553 623
553 670
553 660
580 611
580 997
580 494
54 632
54 491
54 577
604 249
604 682
604 141
41 337
41 799
41 88
405 543
405 195
405 197
204 323
204 70
204 412
957 609
957 917
957 613
634 138
634 195
634 420
770 348
770 116
770 40
357 832
357 184
357 869
870 653
870 629
870 34
223 926
223 895
223 638
561 605
561 618
561 642
340 673
340 93
340 44
817 569
817 948
817 708
122 990
122 933
122 578
211 118
211 549
211 761
672 124
672 214
672 309
198 410
198 796
198 393
998 811
998 363
998 16
617 78
617 11
617 570
722 215
722 64
722 147
182 64
182 215
182 231
910 244
910 130
910 801
552 462
552 266
552 544
592 293
592 619
592 598
777 599
777 42
777 829
976 341
976 145
976 70
169 807
169 101
169 939
302 19
302 872
302 571
176 801
176 427
176 477
220 423
220 963
220 370
878 248
878 67
878 954
279 205
279 308
279 985
964 652
964 312
964 541
837 623
837 671
837 973
846 626
846 486
846 652
315 138
315 744
315 377
392 15
392 791
392 477
986 881
986 254
986 484
565 416
565 113
565 527
912 21
912 879
912 519
414 72
414 103
414 84
600 508
600 362
600 413
318 958
318 174
318 213
812 939
812 390
812 748
356 706
356 130
356 767
742 591
742 845
742 960
959 997
959 371
959 184
551 926
551 963
551 738
305 821
305 380
305 740
320 155
320 12
320 668
745 153
745 234
745 792
884 330
884 246
884 680
436 18
436 129
436 131
803 233
803 225
803 753
60 47
60 160
60 852
781 922
781 830
781 918
209 485
209 30
209 614
352 75
352 645
352 610
273 891
273 960
273 727
810 995
810 733
810 487
268 123
268 736
268 714
666 579
666 195
666 620
694 918
694 819
694 530
774 108
774 736
774 793
665 8
665 969
665 596
747 844
747 164
747 239
882 429
882 548
882 35
483 187
483 990
483 104
856 739
856 730
856 518
87 96
87 329
87 249
627 464
627 156
627 542
92 559
92 256
92 605
562 75
562 374
562 708
135 55
135 163
135 168
932 426
932 286
932 681
347 527
347 532
347 227
443 125
443 702
443 502
889 327
889 639
889 825
56 8
56 75
56 773
230 330
230 156
230 906
171 907
171 89
171 124
217 288
217 541
217 688
743 853
743 497
743 511
200 286
200 792
200 179
689 578
689 293
689 782
79 380
79 584
79 806
628 853
628 51
628 388
389 704
389 631
389 377
970 725
970 224
970 80
335 554
335 466
335 346
962 638
962 687
962 866
83 94
83 532
83 291
654 197
654 16
654 379
980 266
980 269
980 587
873 525
873 62
873 459
264 872
264 355
264 999
794 987
794 150
794 151
384 695
384 869
384 892
143 21
143 936
143 281
275 860
275 909
275 818
36 442
36 397
36 363
149 527
149 621
149 675
33 180
33 896
33 965
754 858
754 121
754 212
66 107
66 104
66 285
522 560
522 108
522 972
431 690
431 660
431 142
943 603
943 278
943 353
37 374
37 981
37 266
989 573
989 737
989 974
6 937
6 548
6 942
656 125
656 881
656 429
247 252
247 342
247 558
490 987
490 189
490 183
372 867
372 521
372 719
750 126
750 763
750 194
835 641
835 906
835 651
265 343
265 119
265 756
358 362
358 508
358 76
27 901
27 9
27 199
715 26
715 235
715 673
510 121
510 212
510 231
720 7
720 359
720 165
38 888
38 540
38 557
581 19
581 131
581 564
633 152
633 466
633 442
790 987
790 359
790 377
526 678
526 383
526 345
664 307
664 841
664 927
82 788
82 542
82 956
445 58
445 683
445 529
161 71
161 597
161 640
422 48
422 515
422 88
339 175
339 676
339 463
229 222
229 764
229 944
822 20
822 475
822 567
404 251
404 139
404 146
674 289
674 86
674 661
32 648
32 301
32 645
277 988
277 930
277 102
311 290
311 108
595 469
595 170
595 630
221 809
221 673
221 949
967 923
967 765
967 489
367 963
367 819
367 530
612 888
612 557
612 150
684 940
684 928
684 256
813 258
813 843
813 373
14 974
14 525
14 163
344 652
344 133
344 708
2 950
2 18
2 3
635 1
635 624
635 741
849 426
849 453
849 783
50 51
50 996
50 789
977 47
977 409
977 249
437 588
437 224
437 802
450 475
450 35
450 133
538 324
538 836
538 293
68 877
68 808
68 786
207 59
207 922
207 359
534 914
534 517
534 63
766 107
766 692
766 614
787 398
787 903
787 891
946 194
946 126
946 399
537 258
537 301
537 907
771 618
771 454
771 160
572 464
572 724
572 857
649 243
649 157
649 164
897 256
897 543
897 695
934 45
934 321
934 709
493 864
493 300
493 439
850 919
850 168
850 569
222 764
222 944
615 952
615 951
615 191
319 748
319 928
319 262
669 927
669 16
669 154
185 189
185 994
185 227
360 439
360 88
360 111
593 459
593 300
593 852
685 546
685 916
685 611
504 841
504 955
504 317
607 80
607 569
607 848
91 235
91 941
91 77
451 531
451 637
451 374
601 163
601 399
601 18
655 29
655 253
655 324
925 732
925 455
925 907
259 676
259 157
259 52
696 973
696 577
696 751
120 52
120 470
120 8
931 460
931 125
931 43
945 115
945 555
945 283
488 417
488 378
488 321
784 295
784 165
784 679
448 802
448 154
448 831
711 545
711 233
711 254
797 701
797 761
797 178
865 540
865 871
865 53
69 806
69 758
69 167
800 99
800 412
800 540
757 375
757 762
757 73
908 795
908 805
908 862
408 55
408 778
408 899
760 25
760 300
760 281
181 191
181 297
181 489
74 325
74 792
74 944
296 329
296 3
296 473
555 115
555 391
127 763
127 299
127 667
368 99
368 162
368 157
768 174
768 643
768 371
779 355
779 749
779 382
446 383
446 159
446 765
499 118
499 950
499 978
721 407
721 192
721 283
310 397
310 622
310 767
574 688
574 805
574 466
201 830
201 848
201 246
136 10
136 415
136 394
458 261
458 548
458 571
432 955
432 808
432 67
403 167
403 241
403 758
444 733
444 180
444 330
839 603
839 815
839 410
208 62
208 814
208 752
828 941
828 139
828 922
816 936
816 949
816 809
196 98
196 418
196 460
216 142
216 467
216 105
401 17
401 902
401 473
734 978
734 72
734 103
495 903
495 188
495 26
512 791
512 394
512 698
22 589
22 144
22 940
966 102
966 313
966 929
90 49
90 811
90 400
463 175
463 898
524 863
524 192
524 647
575 591
575 255
575 455
24 350
24 789
24 290
109 179
109 984
109 317
0 218
0 416
0 671
920 309
920 706
920 759
558 539
558 342
391 115
391 788
697 440
697 343
697 423
270 47
270 852
270 397
407 476
407 544
351 452
351 773
351 667
481 647
481 299
481 744
834 192
834 531
834 895
382 355
382 704
468 228
468 231
468 737
855 505
855 292
855 140
917 613
917 609
428 545
428 550
428 111
17 858
17 328
492 11
492 263
492 110
590 965
590 831
590 94
991 203
991 981
447 718
447 836
447 691
979 568
979 589
979 263
354 245
354 753
354 34
900 323
900 101
900 585
334 506
334 736
334 536
938 425
938 513
938 23
39 958
39 563
39 480
479 616
479 677
479 497
232 502
232 456
232 101
272 947
272 454
272 961
148 390
148 619
148 110
687 799
687 866
105 442
105 467
385 831
385 867
859 7
859 820
859 501
693 193
693 452
693 267
832 281
832 869
583 798
583 662
583 899
880 323
880 679
880 9
13 502
13 85
13 170
993 586
993 63
993 598
100 767
100 429
100 172
503 245
503 250
503 985
498 972
498 303
498 871
921 716
921 864
921 621
94 291
616 677
616 815
913 250
913 570
913 610
663 116
663 657
663 129
845 251
845 591
86 289
86 383
424 441
424 106
424 820
457 190
457 236
457 393
861 471
861 252
861 399
643 174
643 544
995 733
995 168
396 308
396 890
396 406
887 724
887 473
887 560
137 702
137 487
137 307
892 695
892 453
4 113
4 567
4 123
735 370
735 84
735 984
847 632
847 366
847 660
731 260
731 364
691 637
691 836
28 936
28 112
28 292
576 418
576 203
576 269
402 170
402 298
402 886
421 77
421 893
421 326
507 240
507 213
507 179
365 124
365 10
365 415
755 622
755 132
755 409
465 434
465 698
465 326
842 782
842 549
842 234
915 187
915 699
915 843
728 513
728 295
728 42
568 589
568 427
971 529
971 501
971 400
140 858
140 505
868 528
868 240
868 535
322 554
322 563
322 640
686 840
686 667
686 914
276 521
276 613
276 369
193 267
193 891
166 623
166 84
166 150
294 550
294 411
294 505
886 298
886 844
992 954
992 712
992 117
785 933
785 740
785 876
271 131
271 840
271 650
316 331
316 651
316 641
242 626
242 486
242 751
518 739
518 411
186 725
186 183
65 462
65 786
65 840
476 416
476 346
419 494
419 345
419 632
559 605
559 332
117 712
117 173
523 248
523 151
523 471
625 144
625 338
625 525
5 439
5 749
461 390
461 802
461 234
325 387
325 535
96 12
96 329
994 189
994 35
582 366
582 820
73 762
73 872
449 218
449 423
449 349
968 629
968 371
968 142
34 753
911 701
911 71
911 610
644 76
644 237
644 579
61 752
61 328
61 814
599 829
599 321
969 732
969 190
459 668
874 951
874 705
874 9
885 539
885 348
885 51
982 573
982 726
982 905
381 602
381 284
381 848
954 712
233 89
440 343
440 469
631 237
631 336
577 751
158 280
158 206
158 214
244 298
244 130
556 983
556 470
556 807
699 843
699 187
587 118
587 269
282 637
282 460
282 978
953 456
953 659
953 151
63 671
128 584
128 639
128 93
257 727
257 818
257 23
285 104
285 205
983 206
983 807
769 353
769 438
769 116
126 194
332 255
332 586
472 838
472 916
826 373
826 48
826 260
746 678
746 213
746 274
303 972
303 243
904 985
904 475
904 274
923 973
923 228
877 786
877 808
996 594
203 981
902 132
902 31
369 487
705 184
705 951
933 876
337 799
337 738
336 237
336 251
528 535
528 40
536 210
536 506
702 952
70 515
602 284
949 809
547 974
547 659
547 350
210 462
210 160
653 629
653 783
692 614
692 313
297 726
297 489
578 286
890 571
890 683
241 410
241 152
497 511
93 782
253 29
253 312
46 827
46 924
46 648
178 801
178 317
53 464
53 871
398 903
398 838
480 563
480 718
236 255
236 393
418 793
338 597
338 144
112 292
1 688
1 624
700 606
700 999
700 280
159 642
159 765
975 7
975 388
975 177
188 59
188 26
239 844
239 295
618 454
726 905
31 153
31 132
929 173
929 313
542 879
661 289
661 119
406 386
406 471
155 668
155 12
327 928
327 172
409 622
997 494
49 681
49 811
425 23
425 180
893 62
893 44
254 484
570 78
823 796
823 860
823 173
288 948
485 30
379 690
379 349
866 638
519 21
519 795
420 138
376 730
376 585
376 905
930 314
546 190
546 611
719 867
719 521
788 657
927 841
349 690
141 682
141 701
348 539
361 937
361 729
361 942
588 224
588 387
500 730
500 716
724 898
651 641
829 42
899 662
640 491
883 717
883 413
883 642
763 511
990 895
306 647
306 680
199 146
199 901
960 727
278 177
278 434
741 453
741 624
167 758
821 630
821 740
364 470
364 939
598 586
606 999
606 280
619 80
896 965
106 43
106 441
484 881
438 353
438 139
314 729
98 549
98 764
596 924
119 756
762 375
99 78
648 417
342 252
862 394
862 630
205 308
388 177
40 110
958 909
657 830
926 197
564 19
71 597
573 737
165 679
496 411
496 123
707 114
707 761
956 796
387 952
961 412
961 947
434 326
517 914
291 532
609 670
863 246
863 513
77 235
773 452
924 827
501 400
64 215
919 515
919 206
52 676
307 228
541 312
584 639
827 363
620 783
620 579
514 681
514 20
514 898
345 678
55 778
243 164
103 72
744 299
752 814
529 683
713 709
713 45
789 717
704 386
909 860
156 543
941 146
659 350
677 815
759 309
759 706
45 709
530 819
825 682
825 560
557 888
650 857
645 301
732 455
729 879
261 756
427 133
15 477
15 857
260 48
918 675
331 172
386 795
717 413
10 415
545 111
626 486
11 263
739 714
58 378
102 988
984 791
950 718
67 955
362 508
937 942
380 806
262 748
121 212
154 833
250 245
375 585
876 441
