757 733
757 763
757 228
765 724
765 317
765 4
95 183
95 882
95 464
386 838
386 544
386 488
163 639
163 871
163 878
786 360
786 851
786 233
611 367
611 312
611 783
796 613
796 949
796 437
227 419
227 758
227 599
950 408
950 535
950 73
736 614
736 391
736 67
827 788
827 656
827 846
140 769
140 34
140 573
658 262
658 608
658 987
702 344
702 746
702 550
956 216
956 226
956 928
210 342
210 279
210 914
982 676
982 73
982 486
267 498
267 695
267 10
470 240
470 679
470 813
353 77
353 885
353 727
393 54
393 33
393 574
90 803
90 132
90 421
428 211
428 146
428 167
31 886
31 897
31 35
607 896
607 150
607 854
644 849
644 543
644 199
112 787
112 652
112 65
717 835
717 369
717 43
332 753
332 732
332 491
985 624
985 724
985 217
474 897
474 497
474 649
660 909
660 334
660 186
116 842
116 265
116 881
952 74
952 797
952 288
177 537
177 843
177 526
553 592
553 621
553 755
143 420
143 829
143 485
560 41
560 666
560 569
281 477
281 605
281 255
610 195
610 870
610 770
901 22
901 562
901 991
998 452
998 789
998 620
124 148
124 744
124 520
174 877
174 203
174 412
365 781
365 893
365 672
874 980
874 389
874 690
15 489
15 542
15 651
761 20
761 909
761 625
260 330
260 390
260 320
937 423
937 447
937 269
440 284
440 604
440 778
904 851
904 279
904 719
347 922
347 790
347 984
862 808
862 623
862 291
532 866
532 722
532 268
987 335
987 784
527 606
527 577
527 380
792 392
792 448
792 189
188 782
188 824
188 766
954 23
954 211
954 831
302 455
302 617
302 82
710 270
710 706
710 222
589 586
589 983
589 300
740 763
740 131
740 601
290 992
290 620
290 446
327 323
327 78
327 590
1 635
1 51
1 971
224 184
224 132
224 436
414 856
414 0
414 775
479 445
479 359
479 396
120 459
120 92
120 51
935 96
935 688
935 632
583 375
583 16
583 872
845 330
845 239
845 313
274 852
274 352
274 214
355 18
355 258
355 817
8 246
8 303
8 919
205 771
205 978
205 903
287 940
287 28
287 972
968 804
968 743
968 159
138 576
138 165
138 461
888 594
888 926
888 538
928 50
928 182
29 942
29 217
29 762
938 173
938 421
938 101
453 481
453 533
453 468
591 964
591 220
591 886
52 62
52 35
52 555
512 536
512 26
512 123
345 501
345 596
345 868
361 300
361 45
361 734
364 668
364 369
364 723
59 497
59 568
59 186
179 744
179 6
179 108
511 643
511 855
511 930
568 697
568 164
238 793
238 880
238 354
824 183
824 746
277 435
277 833
277 193
486 550
486 434
475 328
475 801
475 412
587 136
587 564
587 382
751 217
751 932
751 612
56 632
56 963
56 476
374 712
374 243
374 100
387 859
387 878
387 425
659 588
659 596
659 984
110 626
110 282
110 772
759 316
759 309
759 597
231 549
231 388
231 994
640 898
640 435
640 415
221 182
221 926
221 122
712 674
712 705
575 776
575 733
575 19
795 34
795 407
795 442
171 735
171 707
171 856
891 989
891 654
891 311
2 992
2 504
2 830
933 634
933 13
933 622
288 697
288 45
738 971
738 730
738 680
840 422
840 816
840 366
842 111
842 492
411 948
411 774
411 910
728 791
728 597
728 503
201 969
201 385
201 329
855 881
855 268
421 608
629 349
629 104
629 548
764 794
764 927
764 959
80 605
80 915
80 458
564 684
564 348
100 667
100 21
579 723
579 63
579 483
7 523
7 119
7 219
351 247
351 531
351 929
394 39
394 599
394 852
760 225
760 73
760 698
316 164
316 994
237 166
237 981
237 333
813 88
813 104
180 430
180 457
180 614
279 642
962 168
962 708
962 449
976 150
976 641
976 360
449 71
449 398
668 170
668 822
415 247
415 268
675 703
675 87
675 283
401 867
401 885
401 216
777 519
777 115
777 129
252 481
252 999
252 160
149 293
149 484
149 711
821 709
821 379
821 791
68 800
68 517
68 804
747 737
747 857
747 28
445 988
445 473
554 580
554 142
554 404
131 977
131 442
543 551
543 773
218 986
218 452
218 269
776 92
776 767
203 484
203 262
913 84
913 811
913 207
151 405
151 325
151 944
228 383
228 208
103 19
103 983
103 514
566 931
566 662
566 873
206 585
206 829
206 229
429 785
429 945
429 308
603 676
603 617
603 323
739 406
739 735
739 322
916 572
916 941
916 820
970 377
970 726
970 639
84 113
84 94
20 562
20 943
424 111
424 212
424 501
507 450
507 647
507 273
771 859
771 356
5 961
5 539
5 366
789 848
789 371
548 634
548 638
808 989
808 893
655 105
655 774
655 846
791 190
545 679
545 920
545 835
919 592
919 314
427 578
427 300
427 289
518 584
518 301
518 51
299 837
299 714
299 778
598 471
598 974
598 356
900 422
900 926
900 13
967 101
967 883
967 472
337 469
337 371
337 477
890 848
890 687
890 889
190 55
190 647
691 594
691 657
691 92
26 665
26 317
848 741
88 955
88 742
680 70
680 99
306 266
306 801
306 700
902 109
902 402
902 450
654 663
654 372
558 525
558 661
558 632
974 298
974 419
273 443
273 251
181 282
181 366
181 284
233 373
233 53
392 758
392 192
682 593
682 906
682 673
831 963
831 841
989 202
117 793
117 818
117 547
334 37
334 214
259 826
259 542
259 307
984 864
726 404
726 999
326 295
326 563
326 341
709 339
709 338
803 247
803 506
793 944
413 439
413 118
413 557
597 39
133 581
133 883
133 502
207 28
207 966
528 195
528 462
528 213
309 871
309 708
396 899
396 65
98 692
98 344
98 380
621 64
621 681
458 892
458 69
784 990
784 556
192 673
192 677
256 706
256 148
256 876
37 878
37 265
727 828
727 121
315 384
315 162
315 832
53 811
53 97
820 690
820 280
436 650
436 286
472 325
472 178
4 912
4 716
815 400
815 650
815 923
156 119
156 510
156 503
683 495
683 887
683 648
43 711
43 910
397 642
397 537
397 129
490 196
490 750
490 661
708 280
521 409
521 145
521 402
552 25
552 734
552 534
41 996
41 869
530 358
530 230
530 853
637 617
637 22
637 459
631 385
631 641
631 469
689 308
689 634
689 242
646 907
646 373
646 147
538 588
538 478
197 993
197 10
197 439
432 331
432 844
432 66
85 749
85 314
85 65
636 990
636 996
636 628
162 580
162 608
331 236
331 482
402 534
837 349
837 578
681 487
681 775
157 881
157 923
157 885
517 126
517 694
89 249
89 588
89 986
523 32
523 561
574 430
574 225
86 677
86 246
86 964
722 893
722 269
272 485
272 200
272 934
849 346
849 509
232 942
232 514
232 321
113 398
113 662
447 137
447 183
305 175
305 774
305 540
322 850
322 280
706 360
310 241
310 388
310 257
960 615
960 476
960 999
61 125
61 790
61 858
930 720
930 769
555 137
555 798
684 482
684 525
123 699
123 408
990 949
285 794
285 766
285 191
823 921
823 694
823 19
161 592
161 435
161 14
199 949
199 498
185 32
185 265
185 202
556 83
556 963
370 899
370 454
370 381
867 544
867 44
783 333
783 686
368 371
368 623
368 502
714 946
714 496
441 799
441 516
441 497
480 884
480 81
480 451
626 303
626 868
735 403
456 996
456 576
456 74
515 958
515 953
515 965
732 704
732 390
167 296
167 870
400 378
400 27
571 809
571 810
571 782
749 946
749 699
261 93
261 957
261 106
3 899
3 342
3 176
184 988
184 18
619 307
619 500
619 443
275 134
275 426
275 381
46 609
46 892
46 721
905 409
905 323
905 546
838 581
838 876
841 448
841 836
341 204
341 437
422 721
412 677
734 895
869 800
869 159
431 67
431 420
431 49
602 271
602 847
602 664
762 573
762 289
17 886
17 292
17 561
325 492
292 465
292 226
250 303
250 12
250 678
648 769
648 909
194 47
194 939
194 253
896 153
896 973
307 406
773 539
773 780
871 894
336 145
336 859
336 25
122 705
122 600
912 742
912 136
75 716
75 97
75 169
508 754
508 418
508 921
437 763
219 825
219 114
379 363
379 971
690 348
91 107
91 502
91 271
372 298
372 49
240 622
240 170
266 229
266 505
898 832
898 139
865 9
865 388
865 492
433 563
433 599
433 460
746 118
145 903
671 731
671 582
671 806
137 569
814 567
814 254
814 662
160 352
160 846
852 866
606 665
606 111
975 578
975 546
975 829
748 802
748 910
748 701
879 516
879 501
879 973
699 957
416 476
416 715
416 537
745 263
745 670
745 997
101 873
630 78
630 957
630 546
779 339
779 600
779 979
213 843
213 697
27 150
27 576
750 972
750 189
165 155
165 67
800 263
504 540
504 863
772 723
772 872
582 208
582 633
595 807
595 958
595 107
235 23
235 907
235 806
487 254
487 696
972 720
988 295
994 817
907 21
509 126
509 692
969 454
969 570
544 752
953 856
953 851
271 601
715 897
715 514
222 58
222 983
264 628
264 71
264 62
14 892
14 711
71 991
144 142
144 47
144 627
62 860
168 381
168 196
81 178
81 828
663 328
663 812
9 839
9 787
826 585
826 936
78 948
593 866
593 819
743 338
743 70
399 694
399 154
399 720
612 30
612 175
216 493
756 966
756 934
756 809
471 44
471 503
488 244
488 562
102 997
102 804
102 958
505 410
505 383
130 529
130 653
130 860
195 541
535 927
535 700
477 460
657 526
657 627
127 951
127 947
127 344
534 108
451 155
451 920
313 678
313 291
810 805
810 22
129 278
754 286
754 444
781 864
781 25
189 850
802 652
802 995
405 559
405 173
373 590
153 128
153 79
384 818
384 407
643 239
643 473
376 251
376 283
376 468
725 780
725 417
725 695
875 257
875 135
875 703
932 48
932 672
114 320
114 961
312 460
312 997
485 481
69 807
69 209
426 319
426 513
839 716
839 76
454 398
173 522
254 367
836 499
836 785
463 42
463 541
463 329
38 57
38 418
38 698
567 753
567 296
927 653
868 378
832 467
107 170
695 172
55 873
55 674
239 565
801 154
883 404
245 214
245 531
245 585
894 753
894 318
464 906
464 641
669 615
669 770
669 551
377 230
377 870
212 132
212 822
609 854
609 980
251 340
308 613
121 215
121 258
430 182
178 533
961 455
693 395
693 977
693 466
805 125
805 522
176 635
176 200
314 362
70 925
906 790
519 72
519 318
128 908
128 242
438 24
438 226
438 704
664 667
664 936
857 688
857 248
876 229
204 63
204 600
981 834
981 33
499 77
499 255
202 628
79 645
79 965
283 565
911 929
911 934
911 965
465 48
465 863
622 96
444 915
444 921
83 209
83 367
328 672
354 605
354 417
66 525
66 141
767 211
767 701
678 645
34 340
966 604
115 701
115 152
625 526
625 616
375 918
375 542
850 924
246 524
819 884
819 604
262 243
945 330
945 467
652 853
166 108
166 369
395 249
395 731
656 304
656 638
18 36
141 729
141 443
109 253
109 155
350 60
350 198
350 882
196 944
584 929
584 57
624 139
624 248
33 798
864 931
198 467
198 339
263 993
295 142
877 522
877 645
434 647
434 536
298 54
615 40
230 880
135 362
135 713
737 390
737 93
76 730
76 752
242 169
478 788
478 536
48 363
854 491
461 940
461 698
614 794
215 955
215 0
293 99
293 908
58 491
58 498
495 889
495 442
843 294
253 154
304 924
304 363
407 768
943 752
943 172
721 939
780 50
908 834
158 496
158 807
158 500
324 423
324 335
324 778
39 358
572 895
572 817
258 49
234 64
234 248
234 755
719 241
719 687
618 922
618 6
618 744
696 352
696 348
257 692
903 889
32 187
346 861
346 359
187 24
187 782
450 357
87 16
87 403
134 520
134 799
973 220
853 948
798 924
57 959
23 951
951 21
964 418
297 686
297 547
297 97
276 524
276 811
276 209
541 884
459 986
822 172
11 844
11 244
11 506
93 741
520 359
510 311
510 335
914 635
914 296
200 243
931 301
670 105
670 223
105 391
816 64
816 494
809 812
47 506
425 724
425 531
559 343
559 917
642 236
125 483
357 830
357 828
40 358
40 936
797 939
797 577
649 651
649 119
860 439
741 980
82 613
82 12
249 863
922 818
713 651
713 549
946 147
861 872
861 220
993 768
661 590
338 42
118 94
294 319
294 978
730 755
858 529
858 766
830 255
193 940
193 679
473 169
12 152
270 601
270 494
136 785
63 30
547 955
278 494
278 448
806 104
596 882
244 383
653 225
524 496
586 995
586 991
557 665
557 462
362 768
406 573
707 349
707 570
462 391
787 60
403 457
947 289
947 389
0 917
687 623
620 146
74 729
30 340
570 164
321 995
321 241
639 825
223 685
223 382
420 513
317 24
549 343
688 378
319 775
825 96
923 311
152 551
550 676
633 408
633 148
834 342
915 99
674 703
482 94
489 54
489 236
13 16
159 106
580 452
540 718
493 616
493 35
286 920
72 356
72 887
36 500
36 666
594 667
320 569
959 673
516 191
329 301
833 466
833 410
742 208
561 333
650 284
627 382
385 417
45 60
847 282
847 918
835 686
704 979
191 942
291 457
917 731
733 718
941 446
941 685
880 533
106 577
718 565
844 343
44 992
139 705
799 146
389 318
455 977
50 468
446 581
978 410
685 770
466 925
513 563
483 147
887 529
380 484
539 423
186 812
788 925
6 42
895 758
979 126
918 10
616 175
638 666
77 469
419 409
700 729
