104 217
104 544
104 42
206 115
206 479
206 620
781 145
781 813
781 304
979 944
979 720
979 220
360 473
360 5
360 685
540 448
540 936
540 674
819 682
819 259
819 902
862 167
862 507
862 441
9 227
9 686
9 207
319 561
319 320
319 274
280 405
280 505
280 933
962 430
962 285
962 710
189 294
189 525
189 700
923 654
923 65
923 429
557 502
557 277
557 238
681 318
681 992
681 599
468 252
468 292
468 341
640 556
640 244
640 430
501 103
501 842
501 516
966 944
966 720
966 733
346 153
346 330
346 656
534 702
534 498
534 117
85 52
85 30
85 36
987 929
987 343
987 306
32 490
32 757
32 493
752 593
752 95
752 200
35 219
35 479
35 59
986 299
986 584
986 133
245 227
245 412
245 250
716 64
716 591
716 226
20 438
20 644
20 500
863 920
863 533
863 648
297 576
297 726
297 53
354 470
354 835
354 230
132 511
132 816
132 703
546 753
546 226
546 591
99 692
99 878
99 846
369 107
369 842
369 103
105 162
105 236
105 788
449 729
449 873
449 877
512 42
512 217
512 805
687 431
687 708
687 779
266 645
266 668
266 889
366 402
366 884
366 149
564 202
564 327
564 570
734 374
734 881
734 218
689 388
689 63
689 624
994 438
994 644
994 170
596 445
596 647
596 916
766 815
766 252
766 940
112 597
112 698
112 607
982 126
982 524
982 976
755 325
755 312
755 361
939 693
939 921
939 390
334 418
334 567
334 669
43 448
43 970
43 500
882 741
882 184
882 809
92 890
92 298
92 825
74 90
74 363
74 125
955 404
955 754
955 836
17 951
17 717
17 57
192 995
192 251
192 79
11 477
11 339
11 945
786 320
786 2
786 641
234 817
234 503
234 859
800 391
800 258
800 938
622 476
622 881
622 499
796 262
796 768
796 517
952 257
952 767
952 810
526 618
526 985
526 669
828 650
828 492
828 646
138 969
138 394
138 450
603 48
603 278
603 746
45 86
45 932
45 179
375 830
375 797
375 440
322 717
322 606
322 858
949 634
949 793
949 866
419 212
419 587
419 520
436 990
436 861
436 744
29 6
29 532
29 802
552 514
552 561
552 274
26 483
26 308
26 829
397 854
397 872
397 934
289 55
289 894
289 181
627 547
627 317
627 306
799 168
799 378
799 767
963 597
963 348
963 205
174 236
174 788
174 94
911 969
911 437
911 450
195 628
195 309
195 930
705 389
705 634
705 673
87 988
87 348
87 205
614 33
614 67
614 864
246 793
246 744
246 990
787 890
787 298
787 519
527 553
527 618
527 784
351 247
351 695
351 621
580 593
580 95
580 37
657 494
657 378
657 168
915 630
915 64
915 232
610 844
610 292
610 134
691 894
691 733
691 808
76 569
76 728
76 71
617 741
617 688
617 847
964 638
964 441
964 507
290 846
290 487
290 878
340 971
340 212
340 356
447 164
447 574
447 655
898 585
898 871
898 51
422 8
422 387
422 490
725 113
725 981
725 589
765 331
765 763
765 631
978 869
978 50
978 836
537 423
537 362
537 186
562 775
562 993
562 555
129 73
129 928
129 664
508 215
508 305
508 930
314 139
314 41
314 520
633 601
633 400
633 655
131 399
131 376
131 538
697 47
697 364
697 241
269 845
269 179
269 737
747 821
747 240
747 260
442 790
442 163
442 770
675 714
675 471
675 583
676 903
676 14
676 94
762 144
762 64
762 670
459 231
459 326
459 883
764 855
764 101
764 516
49 414
49 432
49 283
600 731
600 801
600 721
590 702
590 323
590 960
838 389
838 673
838 934
474 933
474 405
474 96
663 892
663 782
663 96
154 260
154 821
154 407
658 497
658 214
658 569
21 776
21 991
21 605
659 7
659 905
659 170
924 361
924 50
924 312
984 996
984 805
984 570
279 763
279 407
279 190
954 771
954 271
954 551
166 773
166 724
166 535
897 353
897 777
897 25
152 272
152 608
152 230
333 238
333 502
333 902
745 770
745 712
745 384
169 907
169 857
169 840
822 810
822 46
822 257
78 349
78 907
78 857
146 175
146 626
146 602
917 463
917 559
917 896
209 544
209 10
209 187
486 294
486 700
486 171
332 868
332 992
332 609
965 127
965 27
965 451
12 330
12 157
12 778
466 517
466 631
466 331
680 653
680 492
680 90
974 671
974 402
974 233
159 548
159 931
159 814
485 704
485 707
485 504
31 462
31 589
31 981
70 481
70 111
70 300
905 7
905 170
199 971
199 214
199 497
460 830
460 117
460 797
598 379
598 613
598 491
338 795
338 547
338 926
572 61
572 201
572 259
267 288
267 853
267 368
957 336
957 381
957 248
116 594
116 726
116 909
150 204
150 615
150 113
315 418
315 222
315 567
588 452
588 201
588 61
221 519
221 604
221 343
581 433
581 948
581 53
310 137
310 613
310 807
918 57
918 851
918 475
472 144
472 670
472 813
837 373
837 149
837 595
28 200
28 616
28 973
531 638
531 37
531 488
4 712
4 806
4 100
848 235
848 926
848 795
666 193
666 554
666 426
967 861
967 376
967 649
0 635
0 704
0 439
60 471
60 714
60 339
811 69
811 16
811 577
672 931
672 825
672 794
983 342
983 34
983 759
398 66
398 646
398 650
743 435
743 444
743 102
91 895
91 453
91 440
592 421
592 231
592 753
458 889
458 913
458 511
794 825
794 931
121 893
121 728
121 847
880 804
880 563
880 66
619 30
619 722
619 462
711 815
711 584
711 912
197 124
197 953
197 888
344 66
344 536
344 47
194 7
194 690
194 874
455 840
455 424
455 571
182 731
182 721
182 900
975 921
975 54
975 943
303 505
303 639
303 651
856 437
856 820
856 941
282 807
282 678
282 137
833 695
833 859
833 621
972 492
972 563
972 804
396 81
396 311
396 998
446 176
446 953
446 888
578 922
578 352
578 832
831 685
831 599
831 318
357 299
357 127
357 910
683 699
683 191
683 790
239 768
239 106
239 255
172 776
172 991
172 41
637 285
637 710
637 79
443 487
443 335
443 678
908 113
908 439
908 635
275 211
275 742
275 248
140 463
140 896
140 382
870 456
870 384
870 156
23 883
23 326
23 288
56 573
56 843
56 818
406 729
406 524
406 877
989 429
989 654
989 96
80 191
80 845
80 699
410 368
410 754
410 404
927 176
927 916
927 321
88 431
88 947
88 779
307 270
307 119
307 188
667 536
667 801
667 774
58 204
58 532
58 615
284 114
284 583
284 679
287 612
287 383
287 125
286 412
286 185
286 740
636 713
636 65
636 873
44 948
44 33
44 433
730 709
730 428
730 760
22 14
22 362
22 342
482 415
482 582
482 719
465 62
465 271
465 551
24 202
24 374
24 327
528 81
528 702
528 998
457 834
457 559
457 387
521 73
521 178
521 550
925 461
925 102
925 444
377 185
377 609
377 740
386 483
386 247
386 579
225 432
225 283
225 928
783 616
783 973
783 847
324 887
324 906
324 107
496 732
496 872
496 165
143 301
143 388
143 19
484 607
484 679
484 698
495 653
495 347
495 325
643 120
643 203
643 723
365 652
365 264
365 141
942 414
942 118
942 435
321 176
321 916
749 522
749 68
749 940
543 399
543 544
543 538
985 618
985 669
549 701
549 715
549 229
879 277
879 467
879 858
662 380
662 506
662 67
291 249
291 535
291 353
849 834
849 394
849 826
190 763
190 407
946 424
946 533
946 571
295 135
295 515
295 177
999 350
999 860
999 769
568 874
568 690
568 641
623 855
623 254
623 823
684 235
684 124
684 355
147 470
147 835
147 211
575 237
575 167
575 893
213 311
213 756
213 207
827 323
827 840
827 960
865 393
865 625
865 850
425 759
425 735
425 611
72 171
72 696
72 276
15 995
15 380
15 506
541 5
541 473
541 556
454 548
454 809
454 814
142 871
142 391
142 585
329 151
329 122
329 629
359 904
359 959
359 241
694 59
694 219
694 586
68 522
68 940
812 899
812 382
812 518
791 936
791 494
791 674
798 901
798 40
798 203
83 349
83 489
83 62
977 111
977 947
977 481
145 304
145 813
772 413
772 525
772 155
228 533
228 383
228 612
89 304
89 293
89 660
727 109
727 751
727 155
98 746
98 628
98 278
467 277
467 858
224 119
224 475
224 851
523 895
523 904
523 959
839 498
839 850
839 302
268 660
268 305
268 293
469 539
469 529
469 701
427 117
427 630
427 232
642 381
642 554
642 336
956 499
956 685
956 476
328 395
328 602
328 706
785 313
785 255
785 106
903 94
903 14
385 696
385 27
385 451
761 900
761 198
761 885
75 400
75 456
75 601
950 272
950 165
950 732
758 371
758 264
758 789
242 461
242 223
242 196
718 932
718 86
718 806
778 157
778 330
841 215
841 645
841 668
408 629
408 565
408 876
750 901
750 518
750 40
161 829
161 477
161 308
464 38
464 352
464 595
216 256
216 789
216 46
665 134
665 844
665 208
604 519
604 343
661 688
661 370
661 582
296 820
296 553
296 784
545 625
545 393
545 760
18 736
18 133
18 605
945 477
945 339
123 25
123 504
123 777
738 769
738 350
738 208
39 240
39 587
39 997
250 227
250 412
1 180
1 373
1 968
632 677
632 594
632 220
84 929
84 555
84 108
258 938
258 391
110 120
110 703
110 816
130 515
130 270
130 177
93 128
93 692
93 401
560 6
560 313
560 196
356 212
356 971
276 171
276 696
958 792
958 164
958 597
184 809
184 741
317 306
317 547
77 648
77 920
77 200
748 947
748 10
748 187
244 556
244 430
367 757
367 493
367 208
566 210
566 69
566 478
912 815
912 584
914 445
914 647
914 313
421 231
421 753
935 122
935 55
935 181
411 157
411 671
411 233
529 539
529 701
886 522
886 109
886 751
108 555
108 929
335 487
335 678
649 376
649 861
802 6
802 532
824 606
824 803
824 735
739 222
739 573
739 891
961 843
961 817
961 818
71 728
71 569
273 550
273 706
273 178
826 834
826 394
281 478
281 337
281 558
756 311
756 207
253 539
253 823
253 254
128 692
128 401
434 390
434 876
434 565
158 480
158 771
158 135
542 417
542 401
542 345
736 133
736 605
38 352
38 595
891 573
891 222
488 638
488 37
682 259
682 902
160 652
160 656
160 153
13 193
13 379
13 186
309 930
309 628
698 607
937 243
937 300
937 51
980 162
980 452
980 372
445 647
409 715
409 229
409 976
919 559
919 773
919 724
510 943
510 54
510 494
742 248
742 211
780 792
780 136
780 261
428 760
428 709
823 254
829 308
3 136
3 626
3 175
910 127
910 299
34 342
34 759
260 821
163 790
163 770
899 382
899 518
864 67
864 33
503 817
503 859
82 577
82 767
82 16
416 415
416 719
416 19
265 48
265 263
265 860
997 240
997 587
713 65
713 873
210 69
210 478
951 57
951 717
232 630
481 111
677 594
677 220
868 992
868 609
420 651
420 558
420 337
355 235
355 124
869 836
869 50
364 47
364 241
887 906
887 107
97 611
97 586
97 392
403 52
403 36
403 709
722 462
722 30
875 832
875 906
875 922
372 452
372 162
774 536
774 801
885 198
885 900
392 586
392 611
740 185
180 968
180 373
183 775
183 620
183 993
509 782
509 892
509 198
996 805
996 570
941 820
941 437
148 938
148 417
148 345
608 230
608 272
668 645
513 909
513 173
513 686
737 179
737 845
218 374
218 881
703 816
395 602
395 706
866 793
866 634
453 895
453 440
363 90
363 125
223 196
223 461
530 316
530 708
530 988
710 285
114 583
114 679
852 968
852 63
852 624
370 582
370 688
126 976
126 524
693 921
693 390
853 288
853 368
101 516
101 855
341 292
341 252
378 168
413 525
413 155
423 186
423 362
723 203
723 120
316 988
316 708
699 191
256 789
256 46
489 349
489 62
151 122
151 629
639 505
639 651
237 893
237 167
671 233
243 300
243 51
336 381
2 641
2 320
347 653
347 325
579 483
579 247
551 271
574 655
574 164
261 136
261 792
475 851
426 193
426 554
808 894
808 733
441 507
707 504
707 704
664 928
664 73
491 379
491 613
814 548
350 769
970 448
970 500
115 620
115 479
249 535
249 353
188 270
188 119
217 42
854 934
854 872
599 318
577 16
953 888
95 593
721 731
922 832
993 775
283 432
777 25
576 53
576 726
621 695
187 10
251 79
251 995
497 214
36 52
118 435
118 414
389 673
298 890
301 388
301 19
538 399
499 476
782 892
263 860
263 48
920 648
797 830
139 520
139 41
884 402
884 149
86 932
878 846
784 553
433 948
141 264
141 652
405 933
8 490
8 387
631 331
943 54
144 670
302 498
302 850
358 514
358 867
358 371
294 700
904 959
883 326
439 635
913 889
913 511
102 444
714 471
871 585
969 450
431 779
480 771
480 135
463 896
876 565
907 857
262 517
262 768
424 571
810 257
177 515
842 103
646 650
109 751
744 990
567 418
100 712
100 806
106 255
134 844
773 724
156 456
156 384
204 615
63 624
612 383
226 591
337 558
345 417
380 506
219 59
229 715
470 835
201 61
660 293
720 944
877 729
40 901
804 563
173 686
173 909
589 981
393 625
807 137
215 305
205 348
153 656
867 514
867 371
788 236
312 361
795 926
81 998
451 27
550 178
175 626
5 473
936 674
438 644
274 561
601 400
165 732
55 181
616 973
404 754
415 719
803 735
803 606
874 690
960 323
429 654
843 818
278 746
493 757
202 327
502 238
991 776
