413 105
413 1
413 877
467 136
467 895
467 751
65 611
65 271
65 140
772 185
772 73
772 978
425 559
425 466
425 366
935 682
935 143
935 233
247 151
247 928
247 610
291 343
291 462
291 408
778 767
778 917
778 997
973 451
973 927
973 360
334 320
334 288
334 424
933 896
933 133
933 351
710 580
710 497
710 661
775 369
775 420
775 941
128 491
128 637
128 787
419 25
419 11
419 716
167 523
167 240
167 625
676 606
676 828
676 791
302 192
302 976
302 123
455 628
455 104
455 309
208 273
208 342
208 68
564 769
564 201
564 329
323 390
323 574
323 337
514 951
514 219
514 620
161 450
161 561
161 197
452 266
452 374
452 665
171 72
171 657
171 589
502 568
502 484
502 901
32 963
32 783
32 328
78 266
78 968
78 665
127 538
127 364
127 396
575 115
575 8
575 147
282 492
282 629
282 37
598 784
598 863
598 549
755 88
755 222
755 13
818 562
818 492
818 629
186 784
186 112
186 586
401 809
401 286
401 717
109 565
109 770
109 515
154 279
154 820
154 766
28 349
28 211
28 640
983 670
983 283
983 559
392 207
392 623
392 979
771 10
771 578
771 446
200 938
200 557
200 228
421 701
421 389
421 377
198 99
198 680
198 954
985 673
985 333
985 324
412 84
412 720
412 965
865 385
865 52
865 794
458 860
458 522
458 921
981 922
981 603
981 16
74 730
74 188
74 700
726 140
726 271
726 206
212 239
212 716
212 554
925 81
925 222
925 361
847 797
847 176
847 843
878 189
878 0
878 209
731 480
731 11
731 543
3 35
3 445
3 844
293 551
293 26
293 125
79 286
79 874
79 405
926 143
926 831
926 773
98 313
98 544
98 970
939 295
939 508
939 839
85 371
85 221
85 68
591 343
591 763
591 802
948 875
948 834
948 867
966 725
966 376
966 836
472 505
472 393
472 337
857 497
857 588
857 67
257 851
257 632
257 742
294 955
294 152
294 633
774 987
774 341
774 936
929 942
929 225
929 202
533 572
533 210
533 614
723 436
723 96
723 953
636 872
636 451
636 152
217 986
217 9
217 34
868 988
868 520
868 730
692 685
692 201
692 256
752 374
752 566
752 252
272 543
272 525
272 760
660 972
660 798
660 22
612 538
612 405
612 874
908 700
908 188
908 151
281 586
281 112
281 822
888 395
888 554
888 436
517 215
517 596
517 822
756 630
756 435
756 947
616 992
616 221
616 371
2 125
2 333
2 551
631 680
631 191
631 463
634 563
634 38
634 687
164 866
164 391
164 399
982 400
982 649
982 641
871 375
871 454
871 848
615 795
615 213
615 258
890 130
890 287
890 974
319 712
319 663
319 373
977 449
977 199
977 227
433 863
433 549
433 26
626 961
626 327
626 80
39 327
39 963
39 581
61 867
61 834
61 674
218 399
218 963
218 866
292 31
292 162
292 479
111 42
111 108
111 397
166 26
166 764
166 43
891 351
891 998
891 800
379 193
379 331
379 949
920 969
920 633
920 139
378 404
378 790
378 962
546 656
546 534
546 479
95 767
95 917
95 241
496 330
496 725
496 229
916 120
916 664
916 539
776 649
776 510
776 295
821 222
821 583
821 709
662 120
662 664
662 841
719 170
719 466
719 385
853 621
853 779
853 395
924 534
924 784
924 656
230 414
230 23
230 249
653 356
653 174
653 906
735 955
735 637
735 758
825 880
825 841
825 951
473 175
473 799
473 826
639 530
639 278
639 965
124 613
124 845
124 850
262 862
262 975
262 846
958 987
958 843
958 308
503 368
503 206
503 21
667 743
667 858
667 57
46 45
46 160
46 406
608 770
608 600
608 747
553 635
553 561
553 204
691 601
691 345
691 594
754 146
754 839
754 508
254 310
254 357
254 347
493 882
493 17
493 105
121 558
121 804
121 746
903 461
903 447
903 224
745 373
745 342
745 360
12 100
12 527
12 180
816 431
816 788
816 999
141 22
141 347
141 310
6 635
6 204
6 972
512 459
512 932
512 937
918 283
918 632
918 670
27 136
27 609
27 895
571 809
571 717
571 921
267 969
267 560
267 768
669 308
669 393
669 297
501 153
501 475
501 556
658 81
658 361
658 987
819 957
819 599
819 968
736 470
736 944
736 623
738 398
738 430
738 485
60 435
60 301
60 407
604 97
604 29
604 994
220 464
220 872
220 150
593 83
593 614
593 504
90 932
90 406
90 160
892 427
892 253
892 919
33 886
33 102
33 348
358 522
358 315
358 737
158 922
158 607
158 499
618 883
618 483
618 394
487 802
487 747
487 415
528 943
528 181
528 404
131 831
131 381
131 56
255 842
255 672
255 69
854 684
854 387
854 416
995 432
995 242
995 537
887 914
887 231
887 63
912 51
912 523
912 240
689 163
689 428
689 558
655 565
655 613
655 849
791 606
791 828
706 543
706 227
706 449
873 189
873 477
873 195
312 525
312 760
312 385
335 869
335 286
335 855
540 861
540 515
540 184
223 330
223 684
223 64
495 258
495 766
495 213
76 902
76 703
76 627
296 777
296 585
296 630
468 789
468 814
468 516
4 21
4 170
4 572
573 243
573 545
573 263
49 185
49 835
49 978
989 71
989 382
989 619
448 276
448 380
448 999
469 139
469 168
469 438
91 396
91 817
91 567
317 960
317 552
317 199
314 341
314 428
314 163
325 879
325 880
325 475
40 153
40 118
40 251
122 596
122 0
122 663
277 439
277 5
277 395
852 511
852 815
852 763
577 790
577 962
577 820
964 57
964 336
964 562
524 205
524 465
524 932
705 388
705 643
705 498
741 102
741 305
741 943
402 45
402 149
402 856
703 627
703 902
671 611
671 991
671 53
748 219
748 914
748 620
569 592
569 7
569 184
245 269
245 437
245 832
761 303
761 388
761 796
500 743
500 858
500 627
722 130
722 781
722 427
529 674
529 442
529 304
785 434
785 988
785 321
489 979
489 207
489 602
749 802
749 228
749 464
762 811
762 893
762 744
116 702
116 23
116 398
732 205
732 38
732 182
48 104
48 441
48 859
597 55
597 382
597 238
340 363
340 883
340 483
476 56
476 930
476 381
694 941
694 730
694 68
708 273
708 930
708 345
457 289
457 415
457 453
881 436
881 611
881 92
362 922
362 248
362 976
909 183
909 300
909 773
418 422
418 759
418 876
810 970
810 544
810 175
135 779
135 621
135 471
372 180
372 313
372 624
148 686
148 287
148 974
311 846
311 224
311 845
365 904
365 733
365 285
322 889
322 370
322 681
729 93
729 94
729 456
650 211
650 275
650 640
823 651
823 580
823 661
142 30
142 114
142 894
332 588
332 484
332 67
513 339
513 264
513 411
940 648
940 803
940 107
260 831
260 72
260 382
753 226
753 144
753 644
297 393
297 308
326 348
326 886
326 477
555 280
555 704
555 899
179 651
179 439
179 69
801 409
801 893
801 609
443 673
443 370
443 324
996 497
996 682
996 830
350 456
350 698
350 37
307 521
307 246
307 526
806 14
806 793
806 51
129 707
129 156
129 34
547 203
547 997
547 728
824 459
824 471
824 937
460 582
460 491
460 911
259 92
259 485
259 557
506 114
506 42
506 152
695 788
695 431
695 420
807 899
807 409
807 527
89 376
89 268
89 147
242 432
242 537
718 15
718 256
718 685
1 105
1 877
668 764
668 390
668 536
582 911
582 417
284 828
284 13
284 88
80 236
80 961
884 876
884 54
884 285
905 441
905 538
905 859
494 724
494 715
494 19
789 814
789 516
486 119
486 115
486 8
934 855
934 850
934 869
86 328
86 235
86 584
346 363
346 270
346 64
276 380
276 999
234 107
234 149
234 462
426 707
426 156
426 896
155 763
155 942
155 902
956 686
956 416
956 387
309 104
309 628
605 647
605 870
605 333
47 594
47 409
47 601
190 720
190 454
190 848
638 647
638 803
638 870
780 123
780 18
780 192
306 93
306 94
306 897
715 724
715 19
318 424
318 342
318 73
87 750
87 77
87 701
137 341
137 280
137 704
62 875
62 952
62 243
765 961
765 783
765 845
214 645
214 329
214 829
344 465
344 411
344 264
833 734
833 174
833 248
117 894
117 804
117 445
677 195
677 915
677 339
367 609
367 380
367 672
134 244
134 194
134 947
782 130
782 578
782 446
172 759
172 651
172 422
993 118
993 930
993 301
169 990
169 984
169 445
579 975
579 400
579 641
675 838
675 737
675 315
796 388
796 303
352 861
352 906
352 356
840 563
840 687
840 646
900 253
900 617
900 126
354 864
354 440
354 482
481 624
481 539
481 595
265 51
265 97
265 994
403 699
403 274
403 321
384 509
384 786
384 478
769 329
769 201
41 864
41 812
41 82
386 835
386 751
386 701
191 680
191 463
187 453
187 353
187 289
150 872
150 464
24 168
24 585
24 438
727 359
727 602
727 542
58 470
58 944
58 566
231 914
231 63
490 817
490 542
490 567
642 440
642 482
642 537
851 632
851 742
165 952
165 713
165 246
931 210
931 559
931 610
587 800
587 877
587 998
232 437
232 827
232 795
237 590
237 644
237 936
103 275
103 516
103 992
261 711
261 375
261 474
531 474
531 711
531 899
734 248
734 174
980 29
980 439
980 659
410 349
410 263
410 814
739 146
739 535
739 950
444 357
444 532
444 298
652 976
652 832
652 269
898 35
898 844
898 435
576 757
576 132
576 34
808 73
808 132
808 757
215 822
215 596
945 38
945 375
945 950
44 77
44 750
44 92
389 377
389 628
36 498
36 805
36 66
714 619
714 71
714 633
355 799
355 407
355 826
696 617
696 197
696 126
216 70
216 55
216 238
648 803
648 107
683 353
683 101
683 646
59 830
59 897
59 959
145 196
145 394
145 702
550 686
550 162
550 812
299 967
299 838
299 505
910 5
910 138
910 654
679 504
679 875
679 836
792 18
792 50
792 366
949 193
949 331
110 471
110 953
110 96
811 744
811 893
316 690
316 697
316 480
336 57
336 562
507 986
507 742
507 9
541 477
541 144
541 226
183 300
183 773
746 804
746 558
20 724
20 203
20 728
194 244
194 947
429 19
429 63
429 758
478 786
478 509
688 244
688 17
688 882
907 815
907 108
907 511
913 904
913 733
913 139
518 274
518 584
518 699
423 829
423 645
423 684
519 783
519 997
519 552
31 162
31 479
113 794
113 52
113 509
250 744
250 589
250 70
678 432
678 210
678 176
338 278
338 70
338 530
862 846
862 975
768 560
768 836
239 592
239 554
693 298
693 465
693 835
946 14
946 793
946 377
960 199
960 552
196 394
196 702
106 520
106 837
106 15
740 499
740 607
740 304
837 520
837 15
959 830
959 897
798 972
798 22
526 246
526 521
181 404
181 943
919 253
919 427
173 623
173 751
173 300
915 339
915 195
488 606
488 193
488 568
927 360
927 451
290 758
290 249
290 303
417 911
417 599
101 646
101 353
252 374
252 566
177 721
177 643
177 971
885 603
885 16
885 415
178 202
178 43
178 625
305 102
305 236
698 456
698 37
182 205
182 721
856 45
856 149
209 189
209 0
159 521
159 654
159 643
235 328
235 584
408 462
408 343
574 390
574 337
971 721
971 349
368 206
368 21
777 630
777 585
83 504
83 614
590 644
590 936
450 197
450 561
842 69
842 672
595 539
595 624
797 843
797 176
794 52
30 894
30 114
434 988
434 321
75 556
75 241
75 447
622 786
622 99
622 954
556 241
666 383
666 391
666 119
84 965
84 720
133 351
133 896
712 373
712 663
100 180
100 527
535 950
535 146
10 446
10 578
870 647
607 499
860 921
860 522
787 637
787 491
827 437
827 795
369 420
369 941
430 398
430 485
50 18
50 366
570 955
570 313
570 175
268 376
268 147
383 391
383 119
54 285
54 876
805 498
805 66
928 610
928 151
82 812
82 864
229 330
229 725
17 882
923 53
923 991
923 463
536 764
536 850
548 781
548 583
548 709
581 327
581 781
251 118
251 153
681 889
681 370
970 544
270 64
270 363
461 447
461 224
157 984
157 66
157 990
938 557
938 228
25 716
25 11
81 361
813 288
813 320
813 331
834 867
953 96
957 599
957 968
967 838
967 505
737 315
280 704
414 23
414 249
728 203
324 673
381 56
659 572
659 29
233 682
233 143
508 839
849 565
849 613
213 258
523 240
359 542
359 602
474 711
563 687
717 809
815 511
534 656
879 475
879 880
138 654
138 5
866 399
629 492
442 674
442 304
279 820
279 766
320 288
397 42
397 108
225 202
225 942
657 589
657 72
387 416
126 617
841 951
545 263
545 243
600 770
600 747
7 184
7 592
287 974
525 760
160 406
236 889
510 649
510 295
620 219
944 470
901 568
901 484
227 449
855 869
480 690
713 952
713 364
459 937
690 697
55 238
978 185
204 635
549 863
664 120
979 207
757 132
670 283
532 298
532 357
759 422
583 709
990 984
271 140
14 793
424 697
700 188
144 226
799 826
466 170
603 16
991 53
97 994
256 685
278 530
13 88
266 665
621 779
156 707
112 586
163 428
767 917
848 454
861 515
482 440
221 371
859 441
348 886
125 551
93 94
275 992
9 986
192 123
211 640
67 588
43 625
310 347
400 641
345 273
661 580
407 301
431 788
800 998
264 411
969 560
567 817
743 858
619 71
356 906
405 874
35 844
829 645
438 168
115 8
77 750
269 832
453 289
594 601
733 904
364 396
962 790
699 274
99 954
483 883
895 136
