398 942
398 179
398 157
567 896
567 953
567 27
59 308
59 391
59 291
958 815
958 411
958 314
432 127
432 216
432 476
974 267
974 545
974 108
131 734
131 19
131 883
717 767
717 890
717 728
512 63
512 847
512 200
674 649
674 522
674 382
516 831
516 235
516 969
824 601
824 72
824 437
307 107
307 325
307 503
421 117
421 992
421 759
392 108
392 713
392 543
794 997
794 624
794 697
313 216
313 401
313 127
321 478
321 853
321 211
469 167
469 412
469 587
568 114
568 613
568 866
252 487
252 935
252 573
899 812
899 174
899 708
345 280
345 876
345 357
798 170
798 189
798 649
22 187
22 525
22 489
28 444
28 888
28 954
626 855
626 688
626 583
817 386
817 47
817 152
402 477
402 517
402 908
923 436
923 937
923 907
736 970
736 104
736 299
948 934
948 301
948 573
585 998
585 487
585 268
636 831
636 381
636 334
309 506
309 892
309 865
472 739
472 624
472 820
947 249
947 513
947 222
988 292
988 532
988 114
55 935
55 658
55 147
735 488
735 204
735 494
58 763
58 498
58 327
8 233
8 299
8 749
660 892
660 385
660 589
919 265
919 740
919 934
766 852
766 839
766 603
832 206
832 720
832 764
83 447
83 891
83 515
510 260
510 647
510 813
158 835
158 519
158 892
949 6
949 474
949 483
499 90
499 810
499 379
833 996
833 14
833 799
671 272
671 980
671 662
716 116
716 428
716 206
269 296
269 734
269 839
407 461
407 760
407 479
246 576
246 860
246 453
918 944
918 430
918 308
701 287
701 226
701 908
113 520
113 554
113 90
748 595
748 895
748 47
792 233
792 494
792 436
354 622
354 784
354 225
500 700
500 290
500 412
690 181
690 416
690 635
629 430
629 944
629 860
920 140
920 77
920 431
638 938
638 467
638 596
925 179
925 157
925 331
70 511
70 82
70 741
175 754
175 841
175 606
124 981
124 209
124 741
295 63
295 200
295 205
663 935
663 464
663 180
689 387
689 582
689 73
340 294
340 227
340 979
673 174
673 708
673 562
552 855
552 973
552 486
592 259
592 261
592 697
641 111
641 657
641 905
786 934
786 360
786 771
9 267
9 27
9 896
695 582
695 969
695 73
677 586
677 102
677 162
40 36
40 495
40 80
682 278
682 192
682 475
171 526
171 813
171 789
384 286
384 888
384 661
317 806
317 300
317 839
703 474
703 532
703 6
611 565
611 466
611 655
884 376
884 714
884 602
183 422
183 194
183 668
623 111
623 635
623 657
903 771
903 360
903 869
912 544
912 399
912 961
228 304
228 37
228 836
365 998
365 308
365 268
830 387
830 539
830 797
964 298
964 967
964 315
448 43
448 13
448 869
633 651
633 678
633 288
54 710
54 685
54 909
185 910
185 95
185 704
375 863
375 393
375 963
420 471
420 24
420 602
66 50
66 446
66 814
159 646
159 691
159 369
524 891
524 447
524 477
628 227
628 42
628 242
139 117
139 746
139 125
408 134
408 816
408 4
693 541
693 922
693 829
702 288
702 466
702 565
128 761
128 30
128 298
893 812
893 367
893 560
451 260
451 382
451 522
680 545
680 880
680 600
851 987
851 470
851 872
879 665
879 497
879 79
320 686
320 749
320 818
834 624
834 685
834 796
921 85
921 722
921 742
485 7
485 343
485 406
529 238
529 829
529 922
221 992
221 148
221 706
977 74
977 17
977 162
232 245
232 645
232 647
986 870
986 953
986 905
352 61
352 20
352 386
902 772
902 843
902 135
555 247
555 341
555 277
898 517
898 14
898 996
932 301
932 669
932 212
709 963
709 769
709 122
916 723
916 21
916 548
389 46
389 496
389 814
417 782
417 342
417 434
618 351
618 787
618 987
914 694
914 441
914 121
198 413
198 807
198 247
965 199
965 358
965 656
650 95
650 910
650 825
283 558
283 743
283 574
81 727
81 120
81 514
137 80
137 495
137 597
253 997
253 662
253 518
757 23
757 84
757 484
775 169
775 264
775 99
982 668
982 153
982 541
800 226
800 450
800 211
926 220
926 853
926 955
165 580
165 470
165 656
415 276
415 210
415 681
346 241
346 593
346 537
347 213
347 906
347 564
316 362
316 112
316 434
962 746
962 678
962 790
68 445
68 991
68 109
482 844
482 231
482 519
591 206
591 933
591 857
672 186
672 310
672 868
248 286
248 863
248 661
943 815
943 314
943 594
502 483
502 691
502 534
679 376
679 509
679 975
133 498
133 999
133 150
324 72
324 931
324 664
237 122
237 96
237 769
561 236
561 878
561 686
372 901
372 805
372 950
462 900
462 562
462 894
410 366
410 96
410 419
481 609
481 616
481 67
777 523
777 233
777 93
156 954
156 990
156 823
163 126
163 100
163 504
255 940
255 458
255 528
322 161
322 820
322 610
433 16
433 594
433 752
737 169
737 460
737 349
223 15
223 26
223 143
747 419
747 843
747 645
418 501
418 760
418 109
614 810
614 807
614 413
51 954
51 82
51 511
146 991
146 96
146 445
312 530
312 453
312 138
941 45
941 112
941 468
39 597
39 725
39 419
666 349
666 858
666 764
184 526
184 789
184 75
383 610
383 196
383 888
731 32
731 835
731 467
781 134
781 816
781 264
31 536
31 118
31 300
927 730
927 48
927 729
275 877
275 560
275 517
0 197
0 79
0 231
302 56
302 721
302 621
284 218
284 550
284 1
91 325
91 107
91 218
86 471
86 428
86 116
778 525
778 489
778 675
861 483
861 182
861 505
687 303
687 244
687 333
859 836
859 37
859 298
2 371
2 805
2 637
756 841
756 606
756 608
793 87
793 551
793 406
214 596
214 664
214 938
531 539
531 551
531 819
141 939
141 319
141 414
318 266
318 243
318 48
439 569
439 108
439 110
915 77
915 328
915 115
395 235
395 88
395 773
808 838
808 527
808 960
311 76
311 225
311 825
98 394
98 655
98 686
850 936
850 220
850 350
12 857
12 50
12 446
289 738
289 648
289 278
168 259
168 240
168 857
945 238
945 795
945 194
578 294
578 557
578 658
929 219
929 172
929 558
29 162
29 238
29 148
607 968
607 454
607 487
323 43
323 13
323 343
559 809
559 161
559 205
326 64
326 791
326 358
588 431
588 140
588 5
750 498
750 589
750 385
364 245
364 855
364 995
856 328
856 115
856 515
94 583
94 878
94 390
443 19
443 425
443 78
368 533
368 924
368 724
985 177
985 490
985 751
396 373
396 900
396 101
521 598
521 440
521 72
692 441
692 394
692 343
928 937
928 907
928 779
959 886
959 939
959 785
570 676
570 5
570 449
930 904
930 69
930 603
667 676
667 779
667 130
871 143
871 15
871 940
62 640
62 89
62 217
388 890
388 728
388 696
97 129
97 7
97 634
983 287
983 4
983 160
193 897
193 147
193 357
35 123
35 586
35 75
132 554
132 520
132 955
44 762
44 548
44 473
455 386
455 371
455 767
229 36
229 837
229 876
274 358
274 118
274 536
917 292
917 714
917 707
208 267
208 960
208 527
563 251
563 969
563 952
809 205
809 161
282 331
282 336
282 981
801 656
801 249
801 936
848 461
848 694
848 438
842 790
842 273
842 76
849 333
849 244
849 126
257 994
257 643
257 796
604 806
604 572
604 795
234 603
234 509
234 975
966 844
966 167
966 587
254 400
254 513
254 581
715 504
715 101
715 373
546 951
546 38
546 799
972 477
972 664
972 310
409 138
409 348
409 755
854 719
854 444
854 209
575 361
575 117
575 242
632 77
632 194
632 348
652 67
652 600
652 16
846 669
846 642
846 349
463 532
463 647
463 738
215 643
215 821
215 994
579 503
579 339
579 768
34 782
34 725
34 342
424 796
424 404
424 840
173 507
173 422
173 837
353 230
353 783
353 593
207 791
207 825
207 64
989 36
989 961
989 399
142 293
142 49
142 454
330 263
330 873
330 797
811 180
811 644
811 464
874 658
874 976
874 659
442 772
442 441
442 425
599 590
599 761
599 538
862 10
862 30
862 240
956 867
956 659
956 580
882 881
882 449
882 3
106 187
106 826
106 845
155 201
155 460
155 33
261 697
261 259
176 120
176 787
176 351
256 765
256 212
256 739
566 802
566 705
566 727
670 473
670 762
670 684
758 412
758 742
758 85
627 904
627 69
627 668
887 201
887 564
887 33
397 327
397 754
397 763
11 601
11 437
11 296
654 653
654 665
654 152
57 740
57 594
57 245
770 542
770 401
770 544
258 802
258 705
258 515
149 847
149 427
149 378
508 297
508 204
508 970
875 129
875 634
875 852
819 539
819 551
571 722
571 806
571 573
119 722
119 61
119 20
866 613
866 114
329 720
329 102
329 202
712 506
712 865
712 609
355 414
355 723
355 319
145 338
145 26
145 821
631 144
631 303
631 423
305 291
305 391
305 422
620 741
620 177
620 490
405 795
405 740
405 416
707 292
707 714
338 26
338 821
617 745
617 768
617 577
605 362
605 645
605 304
881 3
881 449
491 138
491 980
491 272
698 151
698 285
698 74
780 110
780 569
780 93
166 60
166 877
166 530
535 65
535 681
535 553
828 933
828 270
828 239
889 955
889 754
889 270
123 586
123 75
957 306
957 475
957 192
538 590
538 761
827 230
827 227
827 542
612 590
612 505
612 182
776 822
776 968
776 704
202 720
202 102
804 730
804 88
804 773
946 23
946 281
946 265
653 665
653 152
164 574
164 743
164 5
356 759
356 306
356 913
457 864
457 423
457 711
390 878
390 583
195 18
195 835
195 496
465 873
465 341
465 497
452 696
452 931
452 911
615 619
615 753
615 87
344 411
344 380
344 199
160 287
160 4
744 838
744 995
744 359
49 454
49 293
625 901
625 725
625 950
188 266
188 243
188 387
547 334
547 710
547 534
367 812
367 560
549 251
549 675
549 952
224 976
224 459
224 523
729 48
729 730
493 92
493 103
493 187
774 300
774 537
774 241
239 270
239 933
363 553
363 440
363 598
733 486
733 619
733 973
755 534
755 348
435 711
435 864
435 621
683 425
683 852
683 3
105 218
105 434
105 217
426 840
426 764
426 404
492 951
492 331
492 121
803 366
803 540
803 642
971 89
971 640
971 219
125 619
125 746
993 895
993 767
993 595
540 366
540 642
25 196
25 978
25 684
556 271
556 17
556 644
203 646
203 47
203 293
379 810
379 90
765 739
765 212
377 78
377 688
377 429
984 1
984 279
984 942
285 74
285 151
721 56
721 621
883 734
883 19
144 423
144 303
250 52
250 542
250 622
507 378
507 837
369 691
369 646
427 378
427 847
273 544
273 790
868 310
868 186
639 315
639 18
639 967
732 154
732 906
732 858
924 24
924 724
648 738
648 278
630 103
630 217
630 92
913 306
913 759
191 785
191 296
191 45
277 247
277 341
533 897
533 724
281 265
281 23
350 220
350 936
753 87
753 497
60 530
60 877
616 609
616 67
459 976
459 523
478 211
478 853
403 484
403 963
403 84
726 400
726 581
726 577
262 150
262 999
262 56
458 528
458 940
576 453
576 860
190 210
190 528
190 276
271 644
271 17
216 127
100 504
100 126
172 558
172 219
71 136
71 550
71 236
374 18
374 845
374 826
332 361
332 584
332 32
154 858
154 906
637 371
637 805
404 840
6 474
393 213
393 863
885 370
885 713
885 543
38 799
38 951
53 751
53 476
53 788
488 204
488 494
518 997
518 662
279 942
279 1
222 513
222 249
870 953
870 905
514 727
514 120
197 79
197 231
719 444
719 209
46 814
46 496
178 869
178 76
178 675
823 990
823 699
136 236
136 550
41 121
41 597
41 186
468 45
468 112
745 577
745 908
52 235
52 151
337 557
337 153
337 401
280 357
280 876
381 334
381 831
65 553
65 681
456 572
456 979
456 189
699 990
699 438
822 968
822 704
718 93
718 290
718 700
872 470
872 987
788 476
788 751
480 297
480 335
480 608
501 109
501 760
880 545
880 600
911 696
911 931
10 30
10 240
88 773
661 286
651 678
651 288
339 503
339 768
894 562
894 900
177 490
466 565
706 992
706 148
122 769
450 226
450 818
328 115
784 622
784 225
867 659
867 580
783 593
783 230
336 613
336 981
904 69
359 838
359 995
479 436
479 461
174 708
991 445
80 495
42 242
42 467
134 816
135 772
135 843
634 129
557 294
447 891
484 84
978 196
978 684
170 649
170 189
584 361
584 32
429 78
429 688
844 519
782 342
909 685
909 710
27 896
167 587
147 897
263 797
263 873
380 411
380 199
99 169
99 264
537 241
826 845
89 640
752 16
752 460
182 505
335 608
335 297
813 260
489 525
728 890
413 807
998 268
520 554
376 602
787 351
569 110
836 37
996 14
406 7
841 606
886 785
886 939
201 33
791 64
669 301
104 299
104 970
414 319
526 789
509 975
290 700
143 15
440 598
475 192
657 111
362 304
373 101
438 694
610 820
967 315
21 723
21 548
572 979
802 705
85 742
327 763
92 103
150 999
430 944
243 266
391 291
711 864
446 50
385 589
272 980
276 210
960 527
596 938
95 910
130 676
130 779
382 522
536 118
370 543
370 713
749 818
743 574
180 464
582 73
24 471
895 595
437 601
829 922
564 213
82 511
116 428
937 907
181 416
181 635
643 994
157 179
973 486
63 200
251 952
107 325
815 314
950 901
394 655
581 400
140 431
244 333
20 61
13 43
762 473
360 771
865 506
961 399
541 153
