795 80
795 100
795 736
877 613
877 74
877 118
616 799
616 631
616 791
646 596
646 575
646 214
537 430
537 67
537 320
847 475
847 369
847 194
542 447
542 86
542 16
962 995
962 893
962 900
424 716
424 936
424 309
561 281
561 83
561 372
254 750
254 620
254 748
824 892
824 872
824 884
5 15
5 868
5 717
757 508
757 881
757 888
30 900
30 465
30 666
521 445
521 266
521 481
53 416
53 473
53 253
510 309
510 156
510 621
520 891
520 777
520 941
650 84
650 889
650 882
109 410
109 181
109 985
707 921
707 941
707 241
75 448
75 653
75 241
565 946
565 334
565 992
78 478
78 737
78 718
719 917
719 429
719 421
7 952
7 731
7 439
250 638
250 316
250 867
336 819
336 703
336 942
605 781
605 564
605 722
388 237
388 590
388 172
472 899
472 148
472 189
229 298
229 939
229 595
744 754
744 630
744 120
215 798
215 526
215 597
580 319
580 153
580 776
69 314
69 419
69 285
117 970
117 519
117 751
230 864
230 62
230 189
974 197
974 810
974 66
182 513
182 31
182 312
897 473
897 591
897 416
497 139
497 509
497 122
680 73
680 185
680 528
303 641
303 812
303 763
549 183
549 618
549 332
358 347
358 382
358 999
979 192
979 655
979 260
966 305
966 38
966 529
978 39
978 640
978 436
121 390
121 766
121 73
923 401
923 325
923 648
349 712
349 801
349 326
930 115
930 197
930 181
35 427
35 669
35 673
96 651
96 228
96 825
165 919
165 259
165 612
700 158
700 441
700 643
246 327
246 878
246 10
545 837
545 702
545 470
411 19
411 11
411 88
990 534
990 653
990 922
143 772
143 638
143 576
272 899
272 602
272 284
58 176
58 693
58 222
759 586
759 193
759 515
311 385
311 168
311 12
530 478
530 575
530 737
462 418
462 338
462 45
699 850
699 15
699 572
453 977
453 343
453 857
879 924
879 465
879 310
104 282
104 903
104 912
582 488
582 375
582 361
933 173
933 287
933 363
958 758
958 24
958 768
200 261
200 408
200 816
290 873
290 518
290 502
116 996
116 436
116 127
556 434
556 513
556 312
14 485
14 258
14 187
279 622
279 67
279 276
294 597
294 936
294 716
562 415
562 890
562 664
555 380
555 339
555 604
247 606
247 817
247 108
487 895
487 713
487 934
599 814
599 683
599 43
789 715
789 790
789 720
264 498
264 704
264 763
517 210
517 3
517 991
756 91
756 199
756 174
589 814
589 715
589 97
861 150
861 848
861 479
608 890
608 678
608 205
874 491
874 273
874 828
1 135
1 392
1 885
345 986
345 866
345 918
151 208
151 886
151 141
778 884
778 892
778 198
527 128
527 79
527 846
540 419
540 314
540 904
42 204
42 829
42 856
499 213
499 37
499 199
34 493
34 690
34 875
644 177
644 739
644 569
164 945
164 316
164 867
753 651
753 935
753 916
144 97
144 321
144 47
366 541
366 765
366 838
723 149
723 766
723 390
982 110
982 703
982 420
594 621
594 858
594 454
831 484
831 509
831 672
386 31
386 943
386 915
802 485
802 636
802 350
393 951
393 548
393 486
698 601
698 270
698 835
243 841
243 206
243 344
90 937
90 634
90 204
660 135
660 33
660 163
186 785
186 905
186 581
368 569
368 227
368 804
525 174
525 536
525 91
588 385
588 168
588 270
450 33
450 947
450 629
823 706
823 333
823 567
50 210
50 110
50 420
306 784
306 235
306 524
136 850
136 572
136 188
367 969
367 938
367 870
494 40
494 841
494 794
600 477
600 516
600 625
913 804
913 227
913 128
998 696
998 180
998 137
544 880
544 157
544 286
686 372
686 220
686 684
370 465
370 498
370 989
570 332
570 251
570 137
288 145
288 846
288 443
617 362
617 145
617 745
18 626
18 911
18 134
17 382
17 906
17 107
797 891
797 391
797 575
514 207
514 301
514 945
482 848
482 342
482 479
896 397
896 635
896 147
341 748
341 147
341 635
628 619
628 995
628 198
547 878
547 808
547 10
733 625
733 839
733 242
374 392
374 983
374 885
396 464
396 583
396 964
105 911
105 912
105 903
632 577
632 355
632 399
691 710
691 938
691 322
36 818
36 421
36 862
437 677
437 60
437 383
219 191
219 346
219 395
787 858
787 454
787 985
842 82
842 373
842 584
915 943
915 31
201 187
201 253
201 666
855 310
855 924
855 613
265 531
265 649
265 764
610 586
610 536
610 767
102 662
102 382
102 809
732 52
732 486
732 607
304 845
304 41
304 946
458 357
458 669
458 64
770 694
770 445
770 558
782 285
782 909
782 735
609 624
609 973
609 291
685 672
685 170
685 327
4 295
4 284
4 602
963 273
963 909
963 828
734 678
734 440
734 205
981 972
981 51
981 81
779 313
779 731
779 108
538 764
538 423
538 531
926 130
926 60
926 677
49 758
49 483
49 768
469 535
469 48
469 655
614 964
614 583
614 292
55 20
55 468
55 985
283 809
283 603
283 496
68 417
68 59
68 899
976 942
976 155
976 236
184 233
184 214
184 615
550 584
550 492
550 76
553 212
553 237
553 987
645 603
645 705
645 496
146 988
146 953
146 333
932 697
932 607
932 449
70 12
70 271
70 56
119 865
119 731
119 125
422 694
422 558
422 569
836 626
836 320
836 56
331 754
331 24
331 47
977 857
977 343
676 739
676 508
676 177
752 415
752 509
752 637
463 54
463 379
463 648
902 441
902 833
902 687
724 138
724 112
724 87
908 708
908 410
908 511
627 900
627 195
627 682
832 452
832 19
832 965
103 100
103 736
103 921
975 511
975 695
975 543
255 142
255 176
255 216
960 740
960 906
960 649
21 495
21 622
21 718
793 214
793 798
793 114
52 607
52 486
106 679
106 592
106 242
337 907
337 857
337 256
504 268
504 299
504 133
217 639
217 139
217 122
997 519
997 353
997 211
590 172
590 237
949 211
949 834
949 642
27 456
27 249
27 360
692 203
692 898
692 438
957 833
957 687
957 138
971 662
971 222
971 528
378 869
378 730
378 210
657 292
657 308
657 261
323 92
323 77
323 319
994 456
994 299
994 423
226 195
226 659
226 505
8 818
8 413
8 862
980 601
980 212
980 987
532 693
532 322
532 652
571 666
571 849
571 173
852 812
852 169
852 983
927 952
927 356
927 120
387 203
387 438
387 404
747 777
747 466
747 241
13 679
13 604
13 592
277 446
277 224
277 302
950 500
950 774
950 305
406 440
406 880
406 61
701 28
701 761
701 343
689 722
689 159
689 910
490 591
490 925
490 943
467 11
467 868
467 266
568 573
568 464
568 274
218 95
218 567
218 297
709 48
709 181
709 663
775 447
775 953
775 988
274 573
274 464
289 593
289 245
289 506
221 81
221 642
221 834
160 973
160 80
160 253
474 468
474 20
474 799
728 446
728 302
728 618
405 149
405 729
405 947
894 593
894 838
894 506
714 330
714 448
714 315
633 220
633 673
633 684
901 843
901 403
901 781
170 80
170 327
512 893
512 705
512 656
611 993
611 767
611 162
26 501
26 259
26 738
717 868
717 15
183 332
183 618
557 665
557 813
557 898
400 742
400 682
400 578
671 83
671 659
671 505
167 25
167 394
167 157
99 280
99 389
99 234
414 791
414 859
414 830
523 535
523 961
523 904
741 3
741 991
741 383
129 623
129 483
129 663
442 59
442 375
442 417
44 16
44 866
44 918
743 476
743 814
743 324
574 150
574 934
574 305
792 64
792 357
792 404
131 326
131 955
131 130
631 799
631 791
0 591
0 403
0 843
822 801
822 318
822 762
23 623
23 993
23 488
805 931
805 864
805 992
178 560
178 222
178 51
190 921
190 355
190 307
461 360
461 249
461 612
887 760
887 266
887 179
674 161
674 641
674 9
329 882
329 282
329 956
359 412
359 251
359 746
6 451
6 954
6 772
721 330
721 315
721 124
546 665
546 481
546 813
735 285
735 909
840 135
840 803
840 928
920 40
920 808
920 986
278 429
278 816
278 408
771 354
771 460
771 919
433 89
433 263
433 559
681 25
681 466
681 394
661 301
661 158
661 251
688 845
688 41
688 197
786 675
786 335
786 224
948 155
948 298
948 939
503 404
503 125
503 865
745 362
745 145
240 209
240 133
240 851
780 888
780 233
780 615
554 407
554 455
554 518
827 749
827 172
827 470
223 746
223 412
223 87
727 398
727 596
727 476
111 85
111 905
111 313
257 726
257 228
257 141
729 947
729 149
944 72
944 94
944 651
46 113
46 115
46 435
807 492
807 794
807 459
667 710
667 54
667 560
825 228
825 873
192 260
192 655
566 637
566 153
566 578
98 448
98 115
98 466
444 910
444 889
444 84
489 598
489 163
489 480
860 379
860 639
860 654
85 313
85 905
658 287
658 123
658 262
348 114
348 647
348 363
820 82
820 373
820 922
268 299
268 133
711 640
711 39
711 483
29 726
29 234
29 2
57 195
57 984
57 914
258 187
258 485
783 449
783 755
783 697
886 208
886 141
140 491
140 364
140 231
22 389
22 354
22 280
426 844
426 65
426 397
175 931
175 522
175 391
376 851
376 89
376 209
239 539
239 630
239 643
769 295
769 559
769 248
225 634
225 925
225 720
871 629
871 92
871 77
166 984
166 849
166 914
286 708
286 157
328 95
328 624
328 297
317 269
317 585
317 194
581 785
581 443
334 946
334 992
670 307
670 381
670 712
252 401
252 970
252 751
159 910
159 785
409 730
409 150
409 869
162 993
162 767
563 475
563 806
563 623
238 399
238 765
238 364
293 38
293 443
293 529
134 911
134 626
352 74
352 451
352 954
428 43
428 683
428 750
533 806
533 158
533 515
353 519
353 211
539 630
539 643
244 338
244 702
244 573
196 216
196 179
196 760
821 108
821 347
821 999
460 919
460 354
522 931
522 391
2 234
2 726
377 543
377 402
377 695
71 124
71 803
71 928
826 959
826 107
826 937
152 796
152 213
152 725
432 350
432 636
432 637
654 639
654 379
171 276
171 876
171 188
275 127
275 754
275 641
154 811
154 965
154 452
340 395
340 774
340 500
541 765
541 838
156 309
156 621
231 364
231 491
788 380
788 9
788 161
853 796
853 829
853 725
471 762
471 585
471 269
917 421
917 429
815 481
815 362
815 595
63 784
63 124
63 524
534 922
534 653
142 176
142 216
598 480
598 163
248 295
248 559
579 811
579 260
579 407
929 342
929 148
929 126
79 128
79 846
398 596
398 476
776 319
776 153
356 952
356 120
526 798
526 597
351 434
351 287
351 180
713 934
713 895
112 87
112 138
202 123
202 262
202 811
656 893
656 705
940 690
940 875
940 434
455 518
455 407
365 854
365 413
365 810
876 276
876 188
430 320
430 67
371 830
371 844
371 859
101 536
101 72
101 94
704 763
704 498
291 624
291 973
819 942
819 703
325 401
325 648
552 435
552 480
552 113
863 898
863 45
863 418
267 806
267 738
267 501
883 895
883 951
883 548
959 937
959 107
93 916
93 935
93 441
839 625
839 242
193 586
193 515
484 675
484 672
232 511
232 208
232 777
854 810
854 413
507 66
507 425
507 493
564 781
564 722
271 12
271 56
76 584
76 492
606 595
606 817
300 551
300 872
300 755
742 682
742 578
961 904
961 535
335 224
335 675
457 235
457 749
457 431
207 945
207 301
308 292
308 261
972 51
972 81
706 567
706 333
296 967
296 245
296 402
502 873
502 344
809 662
987 212
169 983
169 812
281 372
281 83
968 817
968 870
968 969
86 16
86 447
425 493
425 66
881 508
881 888
587 439
587 384
587 459
740 906
740 649
892 884
126 342
126 148
369 194
369 475
427 673
427 669
273 828
495 622
495 718
420 110
61 880
61 440
697 449
32 668
32 324
32 989
361 488
361 375
339 380
339 604
394 25
185 528
185 73
551 755
551 872
668 989
668 324
773 516
773 477
773 383
967 245
967 402
837 470
837 702
696 180
696 137
956 282
956 882
577 399
577 355
955 130
955 326
347 999
479 848
24 338
373 82
381 307
381 712
800 28
800 346
800 761
118 613
118 74
835 270
835 601
858 454
65 397
65 844
191 395
191 346
867 316
318 762
318 801
384 459
384 439
132 445
132 256
132 907
321 47
321 97
647 114
647 363
431 235
431 749
91 174
259 612
708 410
620 748
620 750
256 907
761 28
59 417
619 198
619 995
991 3
297 95
635 147
936 716
804 227
62 189
62 864
665 813
664 890
664 415
652 693
652 322
206 841
206 344
529 38
856 829
856 204
392 885
576 638
576 772
298 939
592 679
866 918
390 766
996 127
996 436
173 849
738 501
796 725
513 312
694 558
615 233
790 715
790 720
205 678
663 48
924 310
524 784
935 916
88 11
88 19
263 236
263 89
423 456
37 199
37 213
77 92
125 865
302 446
862 818
72 94
452 965
925 634
39 640
412 746
889 84
45 418
33 629
834 642
891 941
636 350
903 912
690 875
385 168
870 969
928 803
419 314
938 710
249 360
435 113
100 736
280 389
560 54
209 851
357 64
850 572
203 438
468 20
408 816
585 269
416 473
179 760
878 10
40 794
683 43
161 9
988 953
155 236
737 478
843 403
951 548
730 869
970 751
774 500
859 830
543 695
60 677
139 122
808 986
758 768
41 845
177 739
764 531
451 954
506 593
315 330
516 477
684 220
984 914
602 284
123 262
603 496
505 659
833 687
583 964
