310 413
310 739
310 40
683 753
683 906
683 795
172 873
172 431
172 151
978 536
978 731
978 478
10 365
10 247
10 929
836 222
836 24
836 84
56 887
56 764
56 3
803 211
803 255
803 387
165 947
165 953
165 101
481 390
481 536
481 940
788 719
788 588
788 284
838 186
838 496
838 809
325 748
325 684
325 308
439 982
439 596
439 884
110 86
110 14
110 454
285 725
285 795
285 694
709 561
709 868
709 384
730 761
730 164
730 725
136 9
136 712
136 118
688 424
688 483
688 54
349 872
349 462
349 294
652 362
652 388
652 471
135 540
135 464
135 453
314 376
314 71
314 989
543 195
543 245
543 625
554 870
554 931
554 946
62 721
62 393
62 177
330 50
330 276
330 407
341 842
341 143
341 696
419 482
419 848
419 403
179 0
179 572
179 449
357 928
357 361
357 282
213 893
213 163
213 147
270 775
270 148
270 240
235 942
235 686
235 207
666 368
666 132
666 493
219 177
219 684
219 175
987 457
987 996
987 100
446 755
446 759
446 735
886 449
886 569
886 572
469 248
469 87
469 917
869 105
869 980
869 82
707 601
707 171
707 166
926 525
926 66
926 465
654 595
654 804
654 324
771 904
771 423
771 176
154 757
154 256
154 512
979 761
979 965
979 861
253 2
253 603
253 942
283 932
283 16
283 981
623 506
623 81
623 518
639 391
639 173
639 245
767 624
767 442
767 15
769 651
769 995
769 826
72 761
72 337
72 243
127 952
127 157
127 586
75 6
75 20
75 460
398 947
398 962
398 763
360 849
360 423
360 461
530 80
530 340
530 49
91 301
91 815
91 575
671 447
671 395
671 103
293 259
293 36
293 800
885 256
885 941
885 826
63 265
63 76
63 511
954 541
954 892
954 435
237 309
237 942
237 410
990 445
990 206
990 898
60 378
60 159
60 561
274 286
274 192
274 222
1 359
1 513
1 189
862 685
862 484
862 221
562 356
562 29
562 546
786 847
786 7
786 706
951 655
951 669
951 87
976 260
976 569
976 78
621 920
621 6
621 895
692 342
692 931
692 754
130 613
130 998
130 872
720 22
720 902
720 464
43 888
43 682
43 119
77 313
77 800
77 160
133 8
133 753
133 31
645 370
645 412
645 518
326 754
326 855
326 627
402 492
402 866
402 456
867 323
867 416
867 841
833 723
833 396
833 118
956 790
956 679
956 47
480 288
480 678
480 320
499 196
499 790
499 638
967 422
967 901
967 638
372 464
372 206
372 509
783 202
783 854
783 396
508 494
508 86
508 756
527 801
527 161
527 898
711 151
711 431
711 806
205 831
205 935
205 535
871 627
871 122
871 855
473 345
473 126
473 779
914 435
914 485
914 977
742 352
742 418
742 322
959 916
959 161
959 847
528 183
528 859
528 835
438 617
438 59
438 342
993 250
993 889
993 950
466 721
466 476
466 518
263 120
263 382
263 70
732 128
732 287
732 784
12 809
12 850
12 298
970 658
970 331
970 323
123 148
123 240
123 604
21 299
21 392
21 985
152 177
152 36
152 238
30 823
30 19
30 444
609 282
609 857
609 636
533 291
533 840
533 883
821 969
821 366
821 489
262 563
262 80
262 458
852 442
852 3
852 284
397 913
397 495
397 597
668 512
668 773
668 289
343 828
343 930
343 748
468 843
468 565
468 370
389 319
389 66
389 164
813 301
813 84
813 883
877 396
877 611
877 415
896 633
896 100
896 275
315 648
315 946
315 745
369 866
369 474
369 304
48 455
48 168
48 892
254 648
254 225
254 745
944 686
944 150
944 368
223 27
223 625
223 57
371 670
371 658
371 965
619 774
619 977
619 555
53 916
53 465
53 537
899 382
899 947
899 890
228 777
228 608
228 259
751 485
751 401
751 556
380 497
380 891
380 664
217 650
217 429
217 381
858 600
858 723
858 137
547 798
547 218
547 336
733 69
733 306
733 246
234 638
234 848
234 221
273 28
273 999
273 859
475 646
475 40
475 556
973 815
973 794
973 195
214 558
214 611
214 229
522 574
522 985
522 233
825 888
825 102
825 754
108 984
108 667
108 752
807 394
807 483
807 224
170 70
170 904
170 120
373 603
373 278
373 806
200 629
200 50
200 556
810 400
810 647
810 712
782 430
782 793
782 755
900 737
900 187
900 948
257 670
257 714
257 948
261 92
261 588
261 426
112 975
112 734
112 192
697 629
697 385
697 96
333 989
333 796
333 82
516 513
516 126
516 191
338 765
338 912
338 659
860 14
860 238
860 103
144 876
144 945
144 34
729 347
729 535
729 831
746 188
746 452
746 773
834 938
834 756
834 78
226 939
226 659
226 514
539 827
539 69
539 158
924 187
924 706
924 509
98 935
98 540
98 995
353 196
353 0
353 3
856 16
856 168
856 391
971 981
971 545
971 700
552 176
552 937
552 722
968 212
968 362
968 537
231 511
231 765
231 515
653 339
653 827
653 841
880 984
880 847
880 206
350 0
350 601
350 255
690 928
690 700
690 109
113 703
113 895
113 451
634 538
634 643
634 687
74 13
74 124
74 839
526 839
526 334
526 317
386 45
386 65
386 571
792 227
792 189
792 637
434 271
434 215
434 818
689 804
689 595
689 413
432 430
432 141
432 17
908 448
908 355
908 560
579 538
579 173
579 936
698 864
698 27
698 410
268 513
268 808
268 246
656 227
656 790
656 500
845 58
845 875
845 716
933 405
933 180
933 443
657 563
657 458
657 442
882 780
882 104
882 917
463 760
463 677
463 197
106 816
106 705
106 421
450 422
450 901
450 932
38 624
38 15
38 415
581 366
581 183
581 835
548 365
548 718
548 457
566 992
566 187
566 912
922 903
922 472
922 294
95 28
95 150
95 211
477 702
477 308
477 440
295 655
295 532
295 5
502 24
502 787
502 374
498 614
498 611
498 366
830 736
830 51
830 719
307 221
307 603
307 199
741 693
741 757
741 523
39 760
39 677
39 299
156 827
156 940
156 936
837 589
837 750
837 19
911 564
911 694
911 216
174 359
174 840
174 776
332 309
332 238
332 169
425 797
425 316
425 675
802 626
802 983
802 740
805 710
805 287
805 128
488 444
488 45
488 826
529 500
529 614
529 616
5 655
5 532
524 210
524 291
524 116
747 663
747 451
747 703
789 483
789 941
789 69
762 878
762 612
762 319
768 25
768 392
768 614
266 952
266 131
266 239
605 620
605 884
605 454
4 832
4 923
4 405
724 763
724 962
724 107
117 297
117 89
117 822
743 455
743 138
743 328
198 726
198 546
198 356
414 479
414 487
414 181
966 282
966 339
966 421
433 105
433 215
433 980
661 902
661 719
661 22
986 750
986 589
986 25
379 322
379 590
379 207
599 753
599 696
599 281
61 722
61 89
61 646
927 375
927 138
927 479
749 920
749 561
749 410
955 71
955 565
955 413
139 109
139 694
139 83
208 615
208 775
208 594
972 359
972 616
972 608
111 35
111 374
111 409
146 888
146 178
146 658
42 620
42 344
42 586
312 861
312 808
312 909
23 893
23 718
23 501
33 387
33 889
33 471
358 737
358 678
358 288
140 728
140 544
140 31
209 764
209 525
209 887
44 710
44 573
44 758
321 320
321 182
321 388
943 787
943 622
943 25
459 101
459 76
459 953
865 651
865 73
865 361
251 260
251 492
251 377
427 643
427 723
427 339
167 474
167 316
167 727
204 392
204 664
204 923
99 663
99 471
99 82
149 239
149 306
149 574
470 109
470 633
470 963
879 160
879 491
879 585
582 155
582 622
582 354
791 857
791 682
791 119
280 823
280 576
280 950
346 83
346 400
346 594
846 785
846 255
846 416
292 939
292 14
292 284
994 509
994 565
994 832
486 632
486 507
486 462
441 404
441 780
441 784
717 49
717 340
717 806
957 302
957 876
957 115
201 41
201 686
201 981
583 992
583 795
583 591
695 11
695 415
695 122
26 550
26 381
26 576
505 969
505 489
505 440
814 51
814 7
814 549
18 212
18 550
18 734
52 663
52 385
52 497
408 281
408 785
408 532
881 705
881 290
881 496
584 150
584 474
584 984
598 467
598 406
598 736
610 907
610 418
610 381
988 157
988 158
988 774
542 300
542 364
542 876
853 601
853 651
853 391
964 494
964 212
964 864
991 925
991 665
991 324
851 197
851 289
851 778
934 912
934 796
934 196
662 632
662 571
662 660
918 800
918 453
918 178
185 573
185 735
185 759
844 57
844 965
844 916
241 596
241 202
241 982
367 739
367 2
367 417
829 534
829 428
829 313
553 727
553 114
553 863
602 37
602 47
602 267
630 364
630 68
630 744
351 693
351 864
351 523
504 35
504 210
504 115
799 80
799 940
799 472
64 160
64 890
64 467
819 997
819 445
819 570
490 27
490 11
490 465
578 102
578 999
578 736
631 8
631 545
631 377
194 193
194 765
194 812
376 71
376 304
640 824
640 440
640 737
129 495
129 797
129 684
363 249
363 378
363 704
230 276
230 281
230 308
335 222
335 646
335 182
327 104
327 407
327 11
676 478
676 248
676 776
97 320
97 171
97 115
708 387
708 931
708 917
399 393
399 355
399 190
521 403
521 534
521 41
811 362
811 137
811 600
874 252
874 744
874 142
145 936
145 537
145 13
232 168
232 249
232 173
701 318
701 264
701 390
715 564
715 297
715 822
910 597
910 757
910 382
974 104
974 316
974 850
55 593
55 570
55 131
46 517
46 906
46 242
411 302
411 963
411 239
568 142
568 873
568 395
79 218
79 51
79 247
673 114
673 246
673 218
85 700
85 16
85 309
305 244
305 348
305 20
607 928
607 29
607 740
269 550
269 870
269 300
913 495
913 597
125 576
125 797
125 841
905 81
905 506
905 375
153 17
153 545
153 904
329 57
329 452
329 188
73 36
73 361
220 812
220 642
220 510
628 331
628 122
628 256
531 897
531 169
531 731
67 823
67 665
67 925
820 394
820 224
820 375
777 259
777 608
437 635
437 549
437 675
94 870
94 625
94 29
279 958
279 580
279 515
159 378
159 985
674 107
674 296
674 453
577 923
577 752
577 667
921 773
921 393
921 560
401 485
401 781
915 278
915 443
915 41
949 626
949 644
949 983
660 642
660 632
649 868
649 384
649 849
258 277
258 843
258 400
713 779
713 491
713 585
311 893
311 613
311 302
519 286
519 706
519 794
641 163
641 704
641 147
919 134
919 132
919 162
636 612
636 857
184 606
184 604
184 647
680 702
680 54
680 424
520 102
520 932
520 83
894 191
894 479
894 952
90 776
90 323
90 699
672 725
672 193
672 447
272 271
272 728
272 514
420 383
420 186
420 406
290 832
290 496
617 59
617 342
32 324
32 429
32 650
996 457
996 100
903 756
903 472
960 92
960 426
960 721
738 50
738 622
738 644
557 352
557 476
557 306
817 487
817 181
817 854
236 121
236 726
236 178
615 775
615 594
758 710
758 573
303 199
303 37
303 267
937 722
937 176
793 755
793 430
801 161
801 898
878 191
878 319
34 551
34 945
448 560
448 906
766 134
766 89
766 162
93 155
93 354
93 946
383 406
383 186
493 368
493 132
669 87
669 930
770 699
770 567
770 141
275 633
275 233
551 963
551 945
575 301
575 815
252 744
252 142
567 699
567 336
190 355
190 612
166 171
166 588
909 861
909 808
344 586
344 569
277 512
277 843
897 731
897 169
298 809
298 850
691 229
691 873
691 558
203 317
203 872
203 334
510 812
510 642
816 705
816 421
772 175
772 644
772 824
961 242
961 995
961 517
618 164
618 202
618 215
116 210
116 291
456 866
456 492
482 403
482 848
592 304
592 348
592 244
384 868
134 162
417 2
417 739
243 337
243 59
37 267
484 854
484 685
216 444
216 564
635 675
635 549
624 15
716 875
716 58
345 779
345 126
296 941
296 107
250 950
250 889
96 385
96 629
503 337
503 436
503 225
929 247
929 365
65 45
65 571
587 19
587 412
587 84
590 207
590 322
124 839
124 13
264 390
264 318
501 718
501 260
975 734
975 192
436 818
436 225
890 467
143 842
143 696
627 855
265 511
265 76
998 613
998 318
180 443
180 405
404 784
404 780
555 774
555 977
541 892
541 435
938 300
938 78
229 558
559 294
559 580
559 248
891 497
891 664
907 418
907 842
407 276
68 781
68 364
461 423
461 849
637 227
637 189
681 347
681 88
681 702
70 120
507 462
507 939
818 271
593 331
593 131
148 240
460 20
460 6
884 620
714 948
714 670
88 347
88 40
188 452
409 35
409 374
997 570
997 445
798 336
798 199
958 515
958 580
764 887
989 796
151 431
328 455
328 138
536 478
687 538
687 643
982 596
92 426
544 31
544 728
863 727
863 114
356 546
778 289
778 197
840 883
9 118
9 712
137 600
416 785
678 288
424 54
685 7
591 992
591 875
428 534
428 313
735 759
195 245
953 101
121 781
121 726
175 824
66 525
182 388
679 454
679 47
748 828
287 128
752 667
574 233
794 286
606 647
606 604
704 249
760 677
920 895
58 278
828 930
370 412
352 476
750 589
763 962
514 659
901 422
86 494
244 348
487 181
242 517
563 458
354 155
804 595
163 147
535 831
451 703
540 935
28 211
81 506
193 447
626 983
835 183
969 489
585 491
141 17
22 902
334 317
394 224
693 523
377 8
299 740
616 500
650 429
859 999
157 158
745 648
395 103
665 925
105 980
119 682
449 572
297 822
787 24
49 340
