241 616
241 138
241 973
849 877
849 696
849 906
108 750
108 355
108 572
585 535
585 231
585 769
594 840
594 651
594 275
887 439
887 996
887 148
141 957
141 339
141 930
502 588
502 419
502 462
11 970
11 319
11 896
14 618
14 856
14 375
363 788
363 72
363 313
731 258
731 148
731 610
110 523
110 883
110 667
514 552
514 855
514 486
56 895
56 972
56 253
394 125
394 937
394 862
8 498
8 324
8 74
503 254
503 322
503 511
828 827
828 308
828 708
910 854
910 740
910 901
399 33
399 559
399 197
653 527
653 739
653 475
437 296
437 36
437 61
536 504
536 357
536 802
378 283
378 377
378 458
975 924
975 211
975 487
124 274
124 591
124 917
979 569
979 158
979 267
336 965
336 901
336 679
978 927
978 843
978 578
46 435
46 169
46 309
242 174
242 77
242 100
40 178
40 130
40 980
836 949
836 456
836 387
395 628
395 208
395 555
655 948
655 791
655 162
220 542
220 593
220 238
659 388
659 227
659 897
0 700
0 593
0 255
247 273
247 518
247 338
727 544
727 53
727 494
841 587
841 758
841 493
50 997
50 994
50 598
513 882
513 611
513 749
409 238
409 732
409 18
940 544
940 494
940 445
519 184
519 243
519 671
546 386
546 699
546 759
198 326
198 817
198 520
985 215
985 753
985 331
755 344
755 160
755 288
939 616
939 212
939 138
345 375
345 856
345 286
775 330
775 388
775 287
389 556
389 12
389 10
967 860
967 262
967 127
123 786
123 41
123 528
847 61
847 217
847 904
484 350
484 132
484 347
746 969
746 714
746 177
3 104
3 760
3 853
293 983
293 256
293 638
200 812
200 720
200 433
807 869
807 48
807 554
688 601
688 742
688 424
890 564
890 868
890 562
237 891
237 984
237 236
725 195
725 90
725 596
60 248
60 815
60 724
912 706
912 658
912 668
276 989
276 253
276 449
573 691
573 82
573 551
427 163
427 729
427 682
476 211
476 643
476 78
244 600
244 232
244 781
620 785
620 707
620 94
444 743
444 269
444 844
794 913
794 716
794 625
811 974
811 694
811 769
816 80
816 660
816 214
289 457
289 582
289 224
362 82
362 888
362 396
539 687
539 765
539 489
919 467
919 732
919 18
103 150
103 587
103 493
766 751
766 43
766 302
20 623
20 323
20 813
997 994
997 598
656 163
656 174
656 77
915 358
915 711
915 654
543 562
543 167
543 563
629 177
629 718
629 977
71 935
71 254
71 131
670 972
670 319
670 895
118 894
118 948
118 162
152 143
152 648
152 752
249 95
249 391
249 824
102 371
102 535
102 231
657 617
657 698
657 529
465 41
465 690
465 961
709 598
709 470
709 858
172 705
172 418
172 584
981 648
981 752
981 830
55 359
55 963
55 483
316 738
316 599
316 686
260 760
260 853
260 80
685 796
685 549
685 875
550 936
550 781
550 401
218 459
218 750
218 246
184 243
184 671
583 470
583 858
583 869
351 676
351 245
351 154
580 815
580 808
580 922
235 604
235 722
235 800
777 508
777 424
777 721
307 651
307 953
307 280
553 98
553 897
553 227
943 495
943 272
943 681
226 286
226 540
226 900
228 5
228 632
228 201
774 53
774 889
774 397
311 654
311 607
311 711
380 439
380 277
380 996
908 791
908 387
908 693
481 114
481 105
481 822
492 736
492 10
492 428
820 596
820 195
820 391
379 72
379 788
379 784
763 548
763 73
763 581
239 916
239 647
239 410
374 749
374 496
374 675
266 262
266 57
266 144
477 252
477 98
477 844
430 637
430 268
430 707
845 450
845 928
845 797
310 468
310 319
310 318
663 526
663 983
663 638
432 1
432 58
432 223
509 753
509 134
509 111
460 116
460 634
460 171
873 433
873 720
873 463
346 534
346 212
346 203
622 264
622 219
622 327
314 701
314 447
314 84
898 393
898 250
898 467
521 333
521 782
521 499
968 677
968 9
968 445
507 122
507 217
507 689
575 512
575 872
575 649
639 167
639 563
639 354
960 59
960 823
960 867
392 861
392 961
392 690
541 624
541 440
541 434
982 343
982 415
982 819
454 530
454 284
454 783
19 905
19 595
19 472
348 121
348 708
348 614
907 169
907 871
907 662
68 980
68 401
68 936
469 522
469 321
469 145
94 785
94 707
17 801
17 491
17 34
918 9
918 694
918 824
65 758
65 768
65 489
91 813
91 199
91 386
479 165
479 504
479 313
719 49
719 922
719 874
137 532
137 357
137 802
461 679
461 965
461 136
270 356
270 85
270 565
190 770
190 742
190 601
207 812
207 472
207 735
175 353
175 879
175 999
838 917
838 100
838 754
117 483
117 633
117 531
488 204
488 932
488 515
86 147
86 385
86 446
909 288
909 344
909 545
574 634
574 116
574 271
992 201
992 5
992 182
265 857
265 625
265 716
360 277
360 805
360 592
474 872
474 405
474 927
292 799
292 140
292 994
605 925
605 209
605 131
285 107
285 122
285 179
480 505
480 701
480 988
619 128
619 804
619 251
734 779
734 185
734 894
404 751
404 240
404 233
517 937
517 125
517 741
335 429
335 428
335 736
566 475
566 204
566 932
510 140
510 208
510 799
603 609
603 384
603 538
762 398
762 867
762 823
301 771
301 525
301 4
317 827
317 308
317 447
312 570
312 221
312 257
555 628
555 208
52 279
52 281
52 412
744 297
744 710
744 6
29 728
29 47
29 540
21 643
21 613
21 78
793 660
793 268
793 637
449 253
449 989
825 355
825 441
825 473
411 613
411 300
411 606
682 163
682 729
490 186
490 119
490 243
597 636
597 893
597 397
329 298
329 842
329 999
500 530
500 284
500 577
37 942
37 330
37 748
737 440
737 151
737 135
420 462
420 588
420 458
767 623
767 457
767 837
83 949
83 456
83 868
215 753
215 331
126 928
126 664
126 790
814 196
814 789
814 589
7 973
7 213
7 678
76 133
76 545
76 6
713 748
713 191
713 942
876 352
876 283
876 448
139 69
139 862
139 423
640 741
640 364
640 371
13 931
13 717
13 661
650 278
650 880
650 58
414 234
414 104
414 892
436 958
436 560
436 891
16 402
16 710
16 297
194 324
194 408
194 74
367 986
367 274
367 591
998 323
998 171
998 859
542 238
542 593
621 615
621 658
621 706
79 556
79 757
79 369
631 120
631 626
631 722
92 290
92 770
92 334
421 49
421 874
421 259
193 304
193 22
193 398
210 463
210 902
210 27
376 185
376 101
376 64
115 595
115 738
115 905
365 136
365 913
365 702
368 36
368 296
368 678
590 150
590 676
590 154
666 132
666 347
666 130
921 618
921 783
921 291
156 15
156 416
156 99
935 131
935 254
87 584
87 705
87 1
692 164
692 950
692 822
372 224
372 582
372 892
452 251
452 183
452 955
715 568
715 408
715 143
934 790
934 157
934 424
821 577
821 62
821 971
952 695
952 419
952 703
112 615
112 524
112 54
641 784
641 956
641 945
192 527
192 614
192 739
341 632
341 966
341 756
35 221
35 646
35 730
537 850
537 85
537 878
370 883
370 281
370 829
756 632
756 966
903 59
903 832
903 547
990 743
990 269
990 373
422 987
422 188
422 826
407 893
407 338
407 636
674 302
674 945
674 43
69 862
69 423
944 48
944 322
944 511
837 623
837 457
745 724
745 248
745 966
818 256
818 417
818 501
146 570
146 963
146 359
695 419
695 703
567 31
567 810
567 478
726 559
726 236
726 984
962 829
962 668
962 586
403 627
403 402
403 764
946 589
946 34
946 161
2 245
2 776
2 157
602 515
602 806
602 861
44 508
44 721
44 197
859 323
859 171
933 852
933 66
933 180
571 635
571 557
571 704
795 327
795 446
795 442
173 782
173 516
173 166
870 294
870 455
870 240
129 298
129 356
129 842
275 840
275 651
39 435
39 278
39 880
381 188
381 826
381 989
993 914
993 667
993 976
325 450
325 851
325 797
366 549
366 875
366 66
524 54
524 615
199 386
199 813
864 518
864 789
864 196
145 522
145 321
664 790
664 928
291 783
291 618
718 977
718 177
295 800
295 604
295 606
485 451
485 551
485 673
364 371
364 741
787 906
787 772
787 96
320 354
320 181
320 30
51 96
51 888
51 396
176 671
176 385
176 147
773 714
773 969
773 920
995 578
995 282
995 843
956 784
956 945
964 891
964 114
964 105
164 950
164 822
798 610
798 804
798 128
32 635
32 73
32 684
499 782
499 333
431 526
431 920
431 471
733 501
733 759
733 699
155 453
155 628
155 109
835 669
835 337
835 819
340 70
340 761
340 848
230 987
230 532
230 23
865 955
865 451
865 673
170 15
170 373
170 413
216 304
216 264
216 219
806 861
806 515
161 34
161 589
886 592
886 879
886 805
12 556
12 10
89 617
89 881
89 4
486 552
486 855
911 792
911 929
911 464
672 611
672 882
672 434
809 455
809 294
809 290
926 390
926 810
926 418
954 271
954 328
954 429
222 343
222 415
222 855
572 355
572 750
442 327
442 446
612 106
612 166
612 516
561 803
561 150
561 780
941 925
941 627
941 209
349 730
349 646
349 443
533 558
533 42
533 857
28 267
28 350
28 833
576 339
576 647
576 916
697 817
697 938
697 443
213 678
213 973
645 930
645 803
645 780
406 703
406 101
406 64
923 850
923 878
923 522
658 706
390 810
390 418
686 599
686 738
81 54
81 505
81 988
754 917
754 100
652 305
652 410
652 986
225 959
225 315
225 851
884 525
884 785
884 771
299 520
299 326
299 277
833 267
833 350
120 722
120 626
273 338
273 518
113 630
113 229
113 834
206 608
206 361
206 282
497 796
497 93
497 160
558 42
558 857
885 860
885 331
885 127
405 872
405 927
466 560
466 958
466 361
263 90
263 538
263 383
305 410
305 986
332 569
332 144
332 158
159 416
159 181
159 99
772 906
772 96
121 614
121 708
684 73
684 635
168 852
168 581
168 548
63 914
63 599
63 976
691 551
691 82
547 59
547 832
624 434
624 440
568 408
568 143
683 929
683 840
683 464
633 483
633 531
187 153
187 358
187 272
353 879
353 999
234 104
234 892
779 185
779 894
75 698
75 729
75 529
377 458
377 283
735 472
735 812
93 796
93 160
165 313
165 504
202 839
202 321
202 149
33 559
33 197
487 924
487 211
586 829
586 668
25 971
25 557
25 704
412 279
412 281
303 42
303 369
303 757
88 977
88 38
88 899
846 47
846 423
846 728
778 31
778 478
778 528
482 441
482 600
482 473
328 271
328 429
506 315
506 761
506 70
22 304
22 398
900 286
900 540
183 251
183 955
854 740
854 901
808 815
808 922
24 696
24 203
24 877
142 801
142 491
142 27
938 817
938 443
57 144
57 262
153 272
153 358
947 866
947 498
947 191
229 630
229 834
677 9
677 445
747 832
747 384
747 609
26 723
26 792
26 931
991 607
991 863
991 830
261 111
261 333
261 134
665 839
665 149
665 552
205 899
205 924
205 38
761 70
951 259
951 106
951 644
214 80
214 660
324 74
84 701
84 447
889 53
889 397
534 212
534 203
680 950
680 453
680 109
97 448
97 107
97 352
642 135
642 279
642 151
45 531
45 953
45 280
223 1
223 58
959 315
959 851
902 27
902 463
963 359
189 468
189 67
189 318
318 468
133 545
133 6
866 498
866 191
179 107
179 122
974 694
974 769
232 600
232 781
579 681
579 669
579 495
23 987
23 532
382 496
382 740
382 675
523 667
523 883
180 852
180 66
425 649
425 512
425 475
306 255
306 749
306 700
95 391
95 824
875 549
578 843
252 98
252 844
413 15
413 373
400 630
400 246
400 459
693 387
693 791
426 689
426 67
426 831
831 67
831 689
257 221
257 570
384 609
186 119
186 712
342 834
342 662
342 871
608 361
608 282
765 182
765 687
438 970
438 896
438 393
661 848
661 717
595 905
644 106
644 259
804 128
284 530
702 913
702 136
565 356
565 85
250 393
250 467
850 878
712 626
712 119
637 268
776 157
776 245
957 339
957 930
904 217
904 61
459 246
896 970
417 256
417 501
471 526
471 920
255 700
288 344
274 591
64 101
768 758
768 489
236 984
925 209
760 853
848 717
646 730
30 354
30 181
38 899
383 538
383 90
231 535
564 868
564 562
764 627
764 402
470 858
724 248
167 563
723 792
723 931
527 739
337 819
337 669
352 448
269 743
297 710
334 770
334 290
716 625
62 971
62 577
233 240
233 751
300 606
300 613
478 31
965 679
309 435
309 169
375 856
587 493
544 494
287 388
287 330
881 617
881 4
308 827
675 496
464 929
596 195
294 455
511 322
529 698
158 569
560 958
441 473
687 182
802 357
895 972
654 711
166 516
114 105
47 728
714 969
78 643
347 132
786 41
786 528
988 505
647 916
788 72
800 604
797 450
554 869
554 48
676 154
385 147
704 557
888 396
863 607
863 830
839 149
135 151
588 462
696 877
860 127
162 948
662 871
893 636
983 638
188 826
705 584
611 882
109 453
227 897
401 936
880 278
138 616
428 736
842 298
867 823
508 721
5 201
174 77
264 219
296 36
134 111
224 582
451 673
302 43
752 648
178 980
178 130
512 649
204 932
742 601
690 961
433 720
456 949
996 439
258 610
258 148
732 18
699 759
789 196
757 369
116 634
592 805
520 326
280 953
942 748
416 99
415 343
780 803
525 771
937 125
140 799
495 681
801 491
49 874
976 914
548 581
