55 867
55 773
55 657
55 326
722 713
722 634
722 85
722 978
374 177
374 634
374 116
374 829
704 557
704 232
704 285
704 424
8 196
8 966
8 880
8 591
238 864
238 579
238 294
238 652
1 949
1 855
1 597
1 994
113 812
113 698
113 981
113 499
419 488
419 74
419 181
419 816
626 599
626 49
626 75
626 341
490 625
490 279
490 641
490 38
915 583
915 382
915 858
915 982
306 342
306 261
306 672
306 807
340 255
340 610
340 299
340 69
70 825
70 445
70 888
70 109
329 669
329 639
329 148
329 216
17 914
17 242
17 390
17 458
323 320
323 757
323 836
323 647
536 685
536 421
536 105
536 622
802 712
802 86
802 111
802 871
683 367
683 256
683 746
683 823
821 801
821 349
821 813
821 334
77 819
77 879
77 418
77 467
108 585
108 519
108 389
108 35
14 163
14 161
14 149
14 957
168 807
168 84
168 155
168 336
186 956
186 788
186 187
186 487
280 255
280 713
280 610
280 195
2 84
2 120
2 267
2 669
459 713
459 446
459 515
459 433
709 462
709 265
709 257
709 827
995 174
995 205
995 386
995 110
588 164
588 796
588 750
588 148
705 944
705 797
705 698
705 73
258 519
258 585
258 515
258 35
650 254
650 240
650 73
650 966
343 627
343 121
343 436
343 247
874 972
874 172
874 757
874 702
885 107
885 847
885 747
885 139
928 752
928 160
928 766
928 560
351 922
351 230
351 437
351 447
734 884
734 765
734 900
734 402
322 573
322 270
322 939
322 735
527 561
527 274
527 435
527 383
127 853
127 377
127 287
127 841
202 206
202 214
202 869
202 495
112 265
112 485
112 576
112 286
717 316
717 726
717 637
717 187
948 68
948 145
948 730
948 485
989 652
989 864
989 855
989 294
701 982
701 380
701 743
701 985
703 839
703 235
703 525
703 216
233 393
233 346
233 909
233 292
369 810
369 504
369 479
369 662
478 718
478 811
478 415
478 578
774 103
774 861
774 208
774 520
345 334
345 878
345 433
345 102
510 111
510 712
510 119
510 249
115 827
115 13
115 693
115 122
263 677
263 957
263 80
263 250
477 831
477 792
477 346
477 292
615 870
615 499
615 65
615 40
779 888
779 825
779 732
779 110
330 175
330 356
330 54
330 761
387 623
387 837
387 395
387 718
653 10
653 274
653 435
653 420
891 208
891 174
891 711
891 380
67 423
67 981
67 968
67 502
193 511
193 384
193 718
193 813
901 991
901 308
901 733
901 59
913 867
913 905
913 657
913 326
212 347
212 786
212 877
212 520
660 978
660 782
660 861
660 991
291 384
291 75
291 128
291 511
804 266
804 3
804 600
804 141
640 571
640 725
640 963
640 483
692 720
692 809
692 427
692 476
538 397
538 462
538 688
538 189
681 871
681 873
681 309
681 153
327 661
327 268
327 868
327 806
497 315
497 429
497 985
497 535
486 979
486 454
486 199
486 396
899 382
899 587
899 644
899 666
225 339
225 10
225 433
225 448
715 689
715 618
715 150
715 630
204 887
204 400
204 134
204 164
235 525
235 216
235 839
908 452
908 743
908 444
908 257
937 66
937 906
937 403
937 754
951 945
951 310
951 679
951 469
192 646
192 764
192 507
192 555
574 341
574 46
574 599
574 75
699 993
699 655
699 480
699 313
780 114
780 144
780 749
780 68
973 32
973 767
973 889
973 157
451 365
451 616
451 302
451 667
834 104
834 775
834 601
834 413
401 256
401 10
401 823
401 654
833 735
833 935
833 939
833 600
224 460
224 769
224 751
224 334
642 630
642 65
642 702
642 941
564 781
564 18
564 43
564 757
976 56
976 616
976 498
976 44
58 139
58 844
58 718
58 107
350 412
350 598
350 713
350 798
778 469
778 16
778 362
778 97
819 467
819 418
819 879
124 826
124 508
124 411
124 464
969 383
969 331
969 299
969 877
607 599
607 592
607 288
607 831
23 357
23 897
23 404
23 93
737 320
737 921
737 220
737 836
166 671
166 708
166 171
166 590
822 806
822 771
822 93
822 546
78 858
78 61
78 146
78 249
938 684
938 755
938 971
938 817
241 189
241 831
241 688
241 462
407 729
407 317
407 147
407 71
714 651
714 41
714 569
714 894
776 882
776 648
776 227
776 218
619 270
619 879
619 929
619 437
767 157
767 32
767 889
611 15
611 66
611 403
611 906
763 93
763 96
763 405
763 807
361 824
361 968
361 963
361 981
278 551
278 665
278 254
278 507
739 765
739 402
739 523
739 884
577 546
577 269
577 771
577 877
886 787
886 130
886 370
886 353
892 924
892 405
892 831
892 68
898 668
898 144
898 863
898 54
371 977
371 408
371 358
371 439
409 731
409 919
409 613
409 557
624 897
624 489
624 404
624 910
738 161
738 924
738 149
738 163
443 749
443 82
443 96
443 870
663 109
663 445
663 991
663 888
589 612
589 132
589 805
589 838
22 758
22 658
22 617
22 200
197 929
197 313
197 279
197 480
521 47
521 736
521 493
521 849
92 946
92 853
92 287
92 377
176 918
176 994
176 65
176 855
388 967
388 482
388 440
388 386
992 229
992 304
992 504
992 628
442 729
442 965
442 147
442 317
554 61
554 900
554 758
554 744
179 205
179 556
179 365
179 271
180 539
180 393
180 93
180 85
300 441
300 231
300 960
300 523
544 296
544 716
544 98
544 120
686 422
686 754
686 84
686 850
290 614
290 533
290 26
290 959
690 672
690 286
690 342
690 261
595 736
595 659
595 169
595 7
917 590
917 171
917 671
917 858
728 339
728 335
728 506
728 742
952 841
952 253
952 700
952 878
239 691
239 370
239 353
239 787
724 837
724 623
724 682
724 945
856 643
856 319
856 219
856 975
958 593
958 752
958 303
958 766
191 982
191 827
191 972
191 119
455 181
455 454
455 418
455 25
182 710
182 46
182 500
182 184
635 355
635 528
635 393
635 270
34 896
34 269
34 921
34 194
472 754
472 249
472 487
472 485
474 359
474 907
474 694
474 924
167 464
167 747
167 126
167 806
741 48
741 566
741 30
741 656
394 136
394 800
394 215
394 118
783 172
783 576
783 956
783 101
52 857
52 491
52 390
52 79
525 839
525 216
21 968
21 114
21 265
21 620
129 415
129 120
129 904
129 609
117 549
117 130
117 605
117 647
920 32
920 684
920 817
920 755
311 835
311 865
311 25
311 420
494 748
494 358
494 542
494 293
986 270
986 852
986 930
986 740
328 53
328 87
328 956
328 768
465 691
465 639
465 243
465 707
584 861
584 28
584 708
584 16
916 721
916 307
916 396
916 466
893 324
893 978
893 791
893 244
954 983
954 583
954 962
954 696
170 772
170 508
170 756
170 37
638 911
638 363
638 850
638 422
131 875
131 318
131 629
131 47
530 857
530 79
530 491
530 608
364 299
364 90
364 818
364 272
503 194
503 971
503 845
503 918
391 698
391 221
391 708
391 999
606 423
606 384
606 993
606 511
516 26
516 614
516 961
516 905
866 444
866 452
866 743
866 689
333 550
333 128
333 723
333 877
372 325
372 547
372 389
372 931
42 953
42 468
42 634
42 762
12 16
12 97
12 362
12 83
57 578
57 742
57 506
57 335
210 39
210 720
210 809
210 825
795 411
795 416
795 102
795 355
243 691
243 639
243 707
563 532
563 277
563 283
563 487
631 520
631 750
631 918
631 786
745 152
745 788
745 785
745 264
295 900
295 747
295 744
295 557
381 847
381 480
381 771
381 546
63 593
63 644
63 240
63 587
123 136
123 118
123 533
123 302
912 199
912 962
912 983
912 956
434 798
434 412
434 598
434 698
545 367
545 40
545 841
545 848
230 437
230 447
230 922
895 298
895 450
895 726
895 719
165 996
165 273
165 11
165 111
271 556
271 365
271 305
518 529
518 579
518 83
518 135
453 265
453 629
453 675
453 875
558 858
558 965
558 399
558 832
864 294
864 652
297 655
297 608
297 756
297 25
432 358
432 792
432 520
432 620
846 288
846 177
846 851
846 732
562 794
562 941
562 581
562 880
586 841
586 748
586 146
586 542
537 926
537 400
537 786
537 601
887 164
887 400
887 134
31 336
31 808
31 267
31 15
312 214
312 324
312 172
312 791
81 339
81 609
81 286
81 904
398 397
398 801
398 252
398 861
201 667
201 94
201 999
201 40
613 731
613 223
613 919
933 796
933 464
933 336
933 754
106 266
106 221
106 580
106 141
342 261
342 672
727 99
727 426
727 50
727 793
955 86
955 878
955 803
955 555
29 395
29 446
29 702
29 6
301 338
301 336
301 620
301 814
932 498
932 298
932 719
932 450
151 116
151 829
151 575
151 905
987 733
987 59
987 669
987 308
27 470
27 360
27 505
27 69
463 209
463 357
463 935
463 569
719 450
719 298
950 725
950 927
950 568
950 697
5 211
5 947
5 259
5 382
524 770
524 268
524 173
524 830
857 491
857 79
137 768
137 87
137 61
137 53
680 499
680 178
680 438
680 138
158 903
158 723
158 550
158 128
245 421
245 685
245 105
245 894
684 817
684 755
849 493
849 736
849 47
784 257
784 452
784 816
784 656
936 71
936 988
936 406
936 425
162 61
162 318
162 647
162 594
923 184
923 747
923 820
923 240
321 847
321 221
321 669
321 447
140 50
140 492
140 49
140 517
461 925
461 759
461 594
461 228
621 786
621 423
621 464
621 227
314 860
314 253
314 700
314 966
348 145
348 60
348 730
348 448
60 789
60 730
60 145
352 379
352 961
352 872
352 608
378 655
378 594
378 723
378 872
673 800
673 215
673 556
673 284
695 160
695 515
695 560
695 190
376 570
376 410
376 883
376 316
854 845
854 531
854 843
854 28
154 576
154 185
154 95
154 172
890 746
890 319
890 634
890 627
344 425
344 643
344 871
344 756
125 693
125 13
125 405
125 282
863 668
863 54
863 144
56 616
56 498
56 44
89 830
89 770
89 423
89 173
522 758
522 218
522 591
522 878
648 218
648 882
648 227
664 980
664 457
664 150
664 282
997 597
997 65
997 843
997 949
143 196
143 604
143 964
143 818
471 845
471 28
471 531
471 221
970 816
970 662
970 157
970 246
156 347
156 627
156 622
156 473
706 641
706 980
706 441
706 30
636 466
636 307
636 721
636 97
934 354
934 541
934 605
934 565
262 746
262 769
262 751
262 460
675 875
675 629
675 533
862 281
862 64
862 782
862 456
414 953
414 305
414 762
414 468
449 993
449 991
449 501
449 114
142 454
142 946
142 670
142 146
183 773
183 489
183 413
183 749
665 254
665 551
665 507
45 814
45 39
45 289
45 428
36 927
36 568
36 981
36 697
237 272
237 907
237 694
237 359
884 402
884 765
4 426
4 483
4 793
4 99
815 559
815 790
815 85
815 155
72 630
72 625
72 120
72 919
559 85
559 790
559 155
104 413
104 601
104 775
902 732
902 824
902 499
902 47
794 880
794 581
794 941
940 740
940 930
940 852
940 946
551 507
551 254
678 281
678 456
678 812
678 64
840 392
840 185
840 95
840 386
943 539
943 338
943 796
943 24
513 37
513 20
513 337
513 603
548 869
548 702
548 824
548 126
685 105
685 421
24 338
24 796
24 539
276 247
276 121
276 264
276 436
229 304
229 303
229 628
645 354
645 367
645 565
645 541
417 971
417 750
417 251
417 655
436 121
436 247
368 246
368 133
368 974
368 580
959 614
959 26
959 533
632 502
632 226
632 251
632 760
769 460
769 751
217 213
217 689
217 19
217 76
236 870
236 82
236 150
236 367
540 360
540 470
540 505
540 929
198 799
198 865
198 148
198 835
248 602
248 960
248 777
248 911
147 729
147 317
188 397
188 746
188 708
188 208
649 37
649 315
649 982
649 68
760 502
760 226
760 251
811 415
811 594
811 578
567 839
567 749
567 18
567 43
711 208
711 380
711 187
430 570
430 883
430 410
430 612
51 998
51 848
51 921
51 331
234 826
234 103
234 0
234 792
534 593
534 441
534 231
534 523
207 485
207 925
207 759
207 228
543 119
543 304
543 383
543 628
553 924
553 440
553 482
553 967
159 622
159 508
159 812
159 74
707 691
707 639
566 30
566 48
566 656
260 753
260 252
260 332
260 782
122 13
122 693
122 807
275 448
275 806
275 305
275 792
509 102
509 213
509 19
509 76
375 990
375 476
375 318
375 773
596 222
596 203
596 386
596 789
988 406
988 71
988 425
881 285
881 424
881 232
881 334
582 859
582 903
582 592
582 62
514 101
514 385
514 366
514 842
876 868
876 757
876 661
876 420
808 347
808 15
808 267
828 838
828 84
828 600
828 96
100 10
100 593
100 773
100 279
91 827
91 356
91 761
91 175
284 800
284 215
284 825
121 247
572 222
572 789
572 203
572 199
674 433
674 493
674 764
674 646
501 993
501 971
501 114
942 847
942 325
942 286
942 790
909 346
909 292
909 393
512 33
512 633
512 552
512 528
930 740
930 852
526 617
526 405
526 200
526 658
742 335
742 506
777 602
777 960
777 911
998 249
998 848
998 331
479 810
479 662
479 504
666 644
666 587
666 339
549 130
549 605
549 647
990 476
990 318
990 80
896 269
896 487
896 194
696 983
696 962
696 583
859 903
859 62
859 592
392 95
392 633
392 185
427 809
427 720
427 448
475 408
475 439
475 583
475 977
772 37
772 756
772 508
775 601
775 413
484 926
484 496
484 481
484 195
637 187
637 726
637 316
575 905
575 829
575 116
984 332
984 296
984 98
984 716
410 883
410 570
651 41
651 894
651 126
94 667
94 40
94 999
531 28
531 845
6 395
6 620
6 446
762 468
762 953
213 19
213 76
668 144
668 54
781 871
781 43
781 18
860 700
860 966
860 253
171 671
171 590
671 590
19 76
349 801
349 609
349 813
677 957
677 250
677 80
0 842
0 103
0 826
429 535
429 315
429 985
90 203
90 272
90 299
682 837
682 945
682 623
505 470
505 360
59 308
59 733
731 223
731 919
200 658
200 617
209 357
209 935
209 569
904 609
904 272
310 469
310 945
310 679
676 603
676 20
676 750
676 337
844 139
844 107
844 397
552 633
552 528
552 33
977 408
977 439
571 483
571 963
571 725
618 968
618 630
618 689
602 911
602 960
66 906
66 403
910 404
910 489
910 897
9 148
9 947
9 211
9 259
851 732
851 288
851 177
41 894
41 569
803 725
803 86
803 396
944 797
944 73
944 972
658 617
500 710
500 184
500 46
541 565
541 354
994 855
994 918
242 445
242 914
242 458
457 240
457 282
457 980
573 735
573 939
573 257
135 83
135 579
135 529
293 358
293 542
293 748
481 496
481 195
481 926
98 296
98 716
820 273
820 996
820 11
244 324
244 791
244 978
307 466
307 721
296 716
190 560
190 160
190 515
88 824
88 169
88 659
88 7
220 320
220 921
220 836
373 153
373 688
373 309
373 873
431 138
431 150
431 438
431 178
337 603
337 20
399 223
399 832
399 965
753 782
753 252
753 332
3 266
3 600
3 141
363 489
363 850
363 422
687 532
687 277
687 283
687 576
428 289
428 814
428 39
667 999
62 903
62 592
416 411
416 355
416 102
133 246
133 974
133 580
261 672
38 625
38 641
38 279
152 785
152 264
152 788
768 87
768 53
468 953
379 608
379 872
379 961
385 842
385 101
385 366
561 274
561 435
561 383
654 823
654 86
654 256
255 69
255 610
517 49
517 492
517 50
153 309
153 873
440 482
440 967
889 32
889 157
33 633
33 528
458 914
458 390
529 83
529 579
313 480
313 929
289 814
289 39
979 199
979 126
979 396
907 694
907 359
670 146
670 946
670 454
597 843
597 949
799 865
799 835
799 476
770 173
770 830
473 622
473 347
473 627
444 743
444 452
679 469
679 305
132 805
132 838
132 612
659 7
659 169
356 175
356 761
256 823
285 424
285 232
547 325
547 931
547 389
138 178
138 438
550 723
550 128
495 214
495 206
495 869
832 965
832 223
226 502
226 251
785 264
785 788
181 488
181 74
412 598
412 798
532 277
532 283
835 865
169 7
370 353
370 787
809 720
492 50
492 49
105 421
341 75
341 599
110 174
110 205
231 441
231 523
604 964
604 818
604 196
752 303
752 766
205 174
281 64
281 456
694 359
332 252
136 118
136 302
222 203
222 789
506 335
402 765
771 546
109 888
109 445
751 460
173 830
805 838
805 612
189 688
189 462
365 556
625 641
302 118
897 404
161 163
161 149
797 73
797 972
134 164
134 400
316 726
591 758
591 382
95 185
69 610
211 259
211 947
661 268
661 868
710 184
710 46
304 628
160 560
292 346
712 111
712 119
488 74
488 816
963 483
744 557
744 900
570 883
829 116
793 426
793 99
26 614
585 519
585 35
555 646
555 764
761 175
766 303
818 964
914 390
107 139
282 980
403 906
25 420
598 798
196 964
578 415
206 869
206 214
446 395
511 384
646 764
309 873
542 748
82 870
82 96
232 424
801 813
357 935
362 16
362 97
11 273
11 996
411 355
581 941
581 880
568 697
568 927
791 324
456 64
99 426
44 616
44 498
605 130
274 435
219 643
219 975
219 319
975 643
975 319
13 693
269 194
967 482
103 826
800 215
35 519
228 925
228 759
810 504
810 662
730 145
875 629
250 957
250 80
141 266
539 338
18 43
439 408
644 587
366 101
366 842
15 267
736 493
949 843
178 438
491 79
735 939
268 868
790 155
817 755
700 253
623 837
850 422
177 288
283 277
931 325
931 389
20 603
273 996
406 425
406 71
759 925
287 377
287 853
331 848
974 580
974 246
496 926
496 195
320 836
380 812
983 962
308 733
872 961
853 377
922 437
922 447
467 418
467 879
87 53
729 317
535 985
535 315
882 218
882 227
787 353
697 927
470 360
354 565
48 30
48 656
852 740
652 294
298 450
326 867
326 657
657 867
721 466
163 149
947 259
