51 173
51 368
51 910
51 580
343 835
343 972
343 261
343 295
33 121
33 274
33 326
33 958
820 874
820 215
820 850
820 567
864 851
864 712
864 987
864 467
977 314
977 465
977 890
977 77
256 37
256 52
256 767
256 892
483 244
483 471
483 407
483 424
129 644
129 9
129 740
129 42
299 217
299 691
299 633
299 386
175 575
175 939
175 368
175 404
266 403
266 153
266 396
266 122
305 140
305 698
305 591
305 11
870 449
870 335
870 702
870 643
127 978
127 845
127 948
127 178
189 54
189 0
189 136
189 549
15 712
15 363
15 333
15 959
542 302
542 364
542 821
542 58
212 716
212 259
212 930
212 636
827 118
827 571
827 240
827 515
39 684
39 947
39 334
39 234
755 68
755 989
755 63
755 297
80 666
80 718
80 2
80 916
378 587
378 25
378 341
378 419
162 546
162 210
162 798
162 420
188 559
188 983
188 861
188 458
534 204
534 939
534 809
534 451
734 66
734 478
734 757
734 885
737 292
737 108
737 533
737 260
913 592
913 44
913 721
913 693
72 255
72 218
72 989
72 603
788 617
788 248
788 214
788 410
84 648
84 894
84 559
84 981
799 356
799 779
799 463
799 620
123 692
123 318
123 789
123 763
461 629
461 843
461 884
461 29
878 200
878 248
878 346
878 633
888 934
888 987
888 961
888 871
18 904
18 764
18 152
18 985
933 638
933 491
933 371
933 998
448 872
448 218
448 0
448 874
895 243
895 83
895 537
895 128
294 27
294 954
294 663
294 169
837 376
837 557
837 485
837 358
352 750
352 9
352 512
352 330
549 369
549 330
549 790
327 561
327 855
327 347
327 487
376 485
376 159
376 264
125 592
125 38
125 558
125 213
278 484
278 905
278 280
278 958
612 502
612 454
612 617
612 681
774 896
774 253
774 317
774 185
336 793
336 469
336 364
336 970
690 525
690 608
690 959
690 636
370 898
370 351
370 322
370 853
603 654
603 840
603 473
772 434
772 743
772 29
772 555
355 516
355 925
355 433
355 900
560 113
560 337
560 730
560 813
100 151
100 276
100 579
100 396
599 601
599 410
599 196
599 221
286 290
286 247
286 494
286 667
460 595
460 152
460 993
460 135
344 420
344 731
344 485
344 58
550 836
550 654
550 744
550 439
254 124
254 893
254 243
254 760
922 158
922 46
922 809
922 969
197 440
197 761
197 929
197 753
796 350
796 154
796 851
796 938
470 607
470 47
470 703
470 530
811 399
811 373
811 490
811 304
49 194
49 149
49 144
49 191
260 421
260 533
260 292
749 678
749 261
749 608
749 650
900 83
900 186
900 865
661 417
661 806
661 891
661 719
787 531
787 595
787 373
787 760
653 656
653 947
653 906
653 786
783 446
783 138
783 685
783 307
505 290
505 4
505 988
505 300
805 540
805 140
805 402
805 771
297 390
297 685
297 957
776 622
776 735
776 963
776 631
629 839
629 771
629 209
920 733
920 94
920 398
920 215
648 981
648 116
648 405
877 791
877 383
877 353
877 541
942 504
942 605
942 609
942 501
3 862
3 928
3 846
3 41
149 144
149 936
149 239
429 473
429 521
429 987
429 105
666 150
666 471
666 183
602 436
602 42
602 833
602 439
823 959
823 876
823 824
823 333
641 966
641 623
641 150
641 938
665 736
665 484
665 258
665 24
60 304
60 462
60 41
60 706
274 683
274 958
274 756
508 781
508 829
508 727
508 87
573 925
573 321
573 719
573 701
759 48
759 946
759 908
759 167
538 604
538 891
538 89
538 255
838 529
838 333
838 315
838 659
282 921
282 941
282 394
282 824
732 154
732 211
732 173
732 642
135 995
135 698
135 498
533 292
533 990
655 955
655 240
655 499
655 571
834 643
834 924
834 857
834 271
97 412
97 41
97 143
97 198
686 289
686 99
686 975
686 312
337 157
337 313
337 455
208 646
208 982
208 545
208 547
639 540
639 795
639 887
639 780
819 875
819 453
819 191
819 716
622 409
622 31
622 963
773 752
773 257
773 412
773 668
250 708
250 742
250 232
250 391
901 668
901 868
901 858
901 255
145 881
145 865
145 860
145 195
619 696
619 31
619 935
619 168
434 990
434 329
434 592
493 952
493 94
493 932
493 153
632 109
632 202
632 951
632 889
966 886
966 720
966 680
426 507
426 263
426 947
426 248
489 220
489 288
489 814
489 669
392 82
392 879
392 122
392 510
496 594
496 374
496 307
496 437
249 821
249 717
249 839
249 380
676 578
676 575
676 478
676 30
166 34
166 103
166 387
166 846
923 818
923 283
923 88
923 156
9 956
9 883
465 364
465 137
465 762
974 383
974 637
974 431
974 650
40 959
40 315
40 322
40 731
44 693
44 324
44 472
890 459
890 390
890 314
815 368
815 354
815 192
815 193
53 771
53 456
53 925
53 473
886 203
886 323
886 201
269 37
269 134
269 92
269 576
361 512
361 78
361 770
361 916
902 393
902 880
902 454
902 863
948 978
948 178
948 205
765 1
765 34
765 6
765 183
120 218
120 309
120 164
120 880
912 312
912 568
912 689
912 657
309 692
309 498
309 88
848 69
848 401
848 494
848 879
181 802
181 433
181 164
181 576
662 849
662 456
662 152
662 349
12 228
12 617
12 99
12 78
741 854
741 237
741 498
741 180
69 115
69 472
69 474
457 425
457 810
457 142
457 23
480 222
480 140
480 604
480 885
931 62
931 4
931 310
931 258
374 396
374 739
374 164
684 187
684 566
684 610
28 594
28 413
28 681
28 979
47 246
47 57
47 318
354 77
354 754
354 481
626 621
626 385
626 86
626 842
155 307
155 646
155 806
155 445
911 177
911 671
911 858
911 571
192 634
192 976
192 444
829 689
829 781
829 107
365 302
365 637
365 367
365 366
720 795
720 697
720 569
645 104
645 432
645 20
645 579
170 962
170 160
170 726
170 386
252 48
252 383
252 223
252 904
102 790
102 669
102 209
102 285
117 587
117 134
117 467
117 883
402 620
402 415
402 417
903 591
903 217
903 172
903 30
171 756
171 79
171 971
171 785
482 244
482 209
482 182
482 407
816 284
816 223
816 841
816 553
196 418
196 551
196 390
246 956
246 318
246 866
142 652
142 183
142 23
275 965
275 615
275 399
275 807
515 588
515 477
515 357
520 668
520 468
520 13
520 226
972 613
972 524
972 519
332 524
332 163
332 488
332 830
664 872
664 70
664 866
664 606
631 797
631 868
631 124
997 806
997 389
997 736
997 438
264 19
264 724
264 802
529 882
529 63
529 468
389 691
389 717
389 267
417 891
417 503
245 413
245 233
245 638
245 822
552 723
552 691
552 213
552 35
481 262
481 856
481 754
499 409
499 828
499 190
284 590
284 223
284 202
745 235
745 491
745 704
745 243
339 659
339 509
339 341
339 809
415 769
415 567
415 630
200 932
200 441
200 778
331 334
331 943
331 869
331 293
673 600
673 25
673 991
673 708
705 210
705 168
705 960
705 111
19 411
19 828
19 843
511 709
511 856
511 539
511 288
643 672
643 563
582 975
582 702
582 198
582 26
703 758
703 738
703 114
165 946
165 889
165 525
165 826
909 500
909 944
909 219
909 929
526 570
526 518
526 350
526 22
808 176
808 101
808 762
808 984
90 456
90 698
90 836
90 406
506 78
506 362
506 623
506 63
450 76
450 801
450 981
450 697
669 672
669 176
532 138
532 2
532 283
532 137
967 704
967 708
967 119
967 397
713 406
713 735
713 586
713 225
899 38
899 793
899 569
899 114
620 291
620 463
671 133
671 435
671 502
233 99
233 725
233 607
411 5
411 220
411 362
88 251
88 832
847 70
847 539
847 13
847 105
116 428
116 825
116 348
271 594
271 924
271 475
226 929
226 988
226 561
817 804
817 994
817 822
817 914
488 452
488 984
488 121
637 367
637 160
564 739
564 613
564 403
564 335
379 159
379 800
379 513
379 273
995 784
995 263
995 962
180 975
180 728
180 377
557 443
557 687
557 285
342 428
342 43
342 751
342 916
439 635
439 23
225 650
225 586
225 735
67 999
67 349
67 940
67 803
585 644
585 744
585 179
585 627
727 945
727 122
727 781
596 126
596 244
596 756
596 952
965 971
965 424
965 160
435 725
435 884
435 91
782 849
782 868
782 699
782 869
462 497
462 41
462 304
885 840
885 757
554 311
554 261
554 324
554 215
968 56
968 32
968 990
968 831
30 217
30 150
733 484
733 262
733 257
14 230
14 897
14 812
14 551
5 440
5 860
5 635
380 238
380 570
380 468
609 624
609 458
609 982
940 558
940 562
940 803
382 199
382 451
382 766
382 353
528 851
528 621
528 154
528 883
932 998
932 987
766 617
766 618
766 729
708 232
273 107
273 941
273 597
316 469
316 907
316 358
316 670
217 928
272 699
272 338
272 970
272 391
349 803
349 64
177 22
177 679
177 405
873 889
873 132
873 642
873 854
229 845
229 953
229 369
229 701
35 523
35 359
35 723
789 136
789 438
789 62
519 802
519 179
519 570
581 213
581 75
581 746
581 431
999 303
999 330
999 845
548 265
548 96
548 934
548 475
785 453
785 32
785 359
963 31
963 139
161 893
161 74
161 510
161 469
906 786
906 656
906 887
95 568
95 608
95 543
95 689
323 340
323 590
323 447
748 445
748 638
748 634
748 82
427 563
427 54
427 857
427 219
268 750
268 642
268 905
268 993
700 711
700 998
700 979
700 628
604 647
604 255
786 522
786 978
814 48
814 150
814 976
304 950
270 74
270 76
270 970
270 674
804 167
804 994
804 853
868 668
152 577
432 241
432 921
432 701
996 908
996 70
996 644
996 54
71 32
71 812
71 287
71 618
725 220
725 706
679 253
679 207
679 983
724 682
724 8
724 324
674 509
674 118
674 601
874 779
874 215
109 403
109 492
109 183
464 894
464 94
464 946
464 449
649 541
649 419
649 854
649 756
408 1
408 405
408 8
408 459
760 131
760 325
20 104
20 476
20 277
535 163
535 514
535 345
535 825
62 404
62 908
707 914
707 862
707 876
707 114
652 91
652 611
652 939
36 48
36 704
36 101
36 133
37 92
37 778
969 247
969 640
969 113
43 543
43 721
43 623
747 633
747 915
747 490
747 810
985 497
985 222
985 840
324 738
918 719
918 507
918 527
918 677
87 251
87 425
87 179
682 146
682 907
682 695
943 892
943 583
943 794
6 846
6 34
6 784
757 935
757 624
133 678
133 714
798 320
798 420
798 151
63 830
694 442
694 422
694 346
694 598
865 186
865 83
61 658
61 927
61 441
61 897
141 492
141 214
141 580
141 681
393 944
393 8
393 466
38 414
38 463
153 7
153 281
892 99
892 583
721 81
721 279
423 591
423 42
423 630
423 960
752 586
752 555
752 479
187 917
187 455
187 195
383 530
536 651
536 438
536 251
536 589
70 253
979 279
979 118
795 540
795 875
889 546
66 926
66 841
66 453
600 950
600 657
600 335
17 360
17 498
17 283
17 416
744 654
744 627
111 675
111 957
111 994
522 578
522 927
522 479
611 384
611 232
611 871
887 917
887 884
308 764
308 709
308 257
308 982
398 947
398 412
398 194
924 52
924 401
722 373
722 401
722 486
722 984
797 495
797 82
797 287
419 544
419 475
83 186
242 762
242 263
242 444
242 780
574 126
574 605
574 334
574 445
500 228
500 650
500 391
869 334
869 193
474 437
474 898
474 896
551 579
551 293
27 750
27 387
27 356
240 571
240 750
456 4
321 524
321 701
321 769
807 680
807 156
807 110
876 395
876 467
606 729
606 0
606 831
822 7
822 567
430 893
430 105
430 405
430 994
746 96
746 231
746 677
134 547
134 576
467 4
813 45
813 400
813 477
46 841
46 986
46 984
640 777
640 184
640 768
976 98
976 50
672 176
672 58
375 45
375 497
375 319
375 146
689 568
106 74
106 377
106 360
106 384
541 598
541 191
312 409
312 657
646 57
646 25
132 610
132 279
132 96
110 949
110 660
110 680
660 235
660 702
660 222
300 988
300 740
300 204
442 85
442 422
442 598
842 556
842 501
842 298
960 397
960 579
78 362
335 613
372 921
372 31
372 277
372 89
553 894
553 156
553 363
625 172
625 329
625 261
625 89
651 377
651 293
651 502
871 572
871 961
115 478
115 742
115 7
160 144
862 206
862 809
193 855
193 216
623 513
583 769
583 276
736 800
736 635
167 289
167 158
907 670
907 174
709 565
709 265
961 852
961 238
340 471
340 487
340 130
420 424
833 73
833 857
833 360
29 158
29 214
313 157
313 730
313 328
301 319
301 742
301 992
301 477
614 10
614 101
614 726
614 201
16 919
16 182
16 418
16 867
627 22
627 476
635 2
566 367
566 779
566 224
768 59
768 780
768 512
303 793
303 849
303 144
803 558
792 826
792 856
792 555
792 287
851 216
697 292
697 76
699 338
699 739
104 852
104 675
859 285
859 479
859 717
859 93
164 880
81 413
81 185
81 348
201 363
201 10
527 357
527 221
527 824
696 486
696 546
696 325
753 761
753 584
753 440
130 715
130 718
130 929
588 839
588 806
588 302
296 50
296 151
296 103
296 597
391 853
172 531
172 670
584 221
584 615
584 138
317 523
317 904
317 362
388 341
388 663
388 711
388 728
739 872
478 883
230 897
230 487
230 936
567 769
182 263
182 593
490 867
490 203
234 630
234 454
234 328
413 351
688 108
688 75
688 406
688 231
577 790
577 236
577 325
610 521
610 711
908 562
232 397
719 503
730 328
730 850
466 944
466 517
466 824
484 905
915 810
915 780
915 228
58 485
222 702
683 404
683 103
683 667
146 578
146 216
810 23
386 517
386 633
791 21
791 728
791 257
231 934
231 677
917 241
917 775
758 743
758 291
758 945
928 830
928 459
410 24
410 800
56 65
56 68
56 971
98 347
98 476
98 228
446 290
446 281
446 367
698 659
545 209
545 302
545 204
406 205
267 953
267 556
267 691
992 477
992 387
992 711
73 826
73 360
73 836
861 112
861 473
861 55
101 832
514 224
514 447
514 825
185 348
185 199
138 656
199 880
199 565
677 990
93 285
93 867
93 479
358 790
358 491
147 951
147 504
147 589
147 359
778 289
778 726
205 351
205 770
494 667
494 507
279 118
455 431
455 206
904 764
184 280
184 836
184 777
935 237
935 453
239 936
239 449
239 311
280 357
280 687
191 608
830 178
25 964
492 593
492 980
678 695
678 714
65 832
65 944
65 68
345 198
345 728
345 194
572 259
572 860
572 754
262 982
262 54
401 667
825 348
26 148
26 55
26 706
353 544
353 828
311 416
311 714
751 131
751 428
751 371
418 946
418 919
518 793
518 939
518 964
310 10
310 64
310 973
377 384
94 952
347 64
347 914
710 681
710 207
710 821
710 897
124 451
124 843
781 507
42 695
828 843
281 770
281 139
844 738
844 644
844 452
844 194
860 314
716 930
716 875
921 775
227 186
227 521
227 945
227 91
235 86
235 320
472 504
472 693
597 151
597 50
443 366
443 544
443 687
221 601
764 973
970 618
329 416
329 121
454 207
893 395
449 373
112 438
112 954
112 8
351 731
658 973
658 941
658 441
364 616
103 387
591 11
59 509
59 754
59 206
930 953
930 259
941 107
568 385
384 425
726 881
381 487
381 715
381 845
381 718
800 143
390 857
287 775
431 738
325 693
761 326
761 440
638 433
10 363
258 163
258 957
236 628
236 64
236 952
539 223
539 237
119 704
119 397
119 139
139 826
743 523
743 421
45 628
45 863
937 395
937 412
937 371
937 777
459 1
34 846
213 52
74 76
624 173
624 458
394 983
394 174
394 989
57 513
57 451
563 561
563 491
835 169
835 852
835 840
328 157
555 654
867 121
949 706
949 530
949 89
953 306
315 322
315 338
891 276
444 190
444 863
178 207
784 962
784 307
468 13
159 326
159 958
894 486
510 818
510 938
852 238
575 248
575 404
898 77
898 437
148 436
148 219
148 858
565 224
565 964
319 497
319 945
628 685
537 469
537 910
537 128
642 277
400 503
400 905
400 502
964 224
980 770
980 593
980 656
896 910
896 983
126 936
126 22
680 156
293 32
55 114
55 237
988 290
616 168
616 105
616 547
914 169
742 675
85 422
85 350
85 173
723 523
723 695
763 692
763 605
763 714
13 504
475 265
338 618
531 647
531 559
211 143
211 517
211 291
265 580
957 717
934 96
174 670
174 951
320 128
320 476
52 767
163 991
955 740
955 978
955 863
675 198
687 544
385 601
385 562
283 818
986 919
986 530
986 204
578 216
421 881
421 346
399 136
399 615
445 82
241 314
241 396
75 607
75 350
630 243
607 962
238 570
636 956
636 288
291 882
818 594
998 993
856 546
107 580
218 950
950 219
562 206
458 516
157 437
407 471
407 244
330 589
143 517
589 543
1 140
569 794
569 495
341 659
50 647
113 136
113 771
802 841
210 2
210 414
356 295
356 729
422 598
855 989
855 821
495 993
495 882
24 561
24 858
850 131
850 879
762 137
158 214
357 881
927 441
927 68
333 712
951 359
775 447
369 712
369 259
128 21
77 731
513 832
595 794
595 854
926 866
926 593
926 11
801 954
801 11
801 621
919 346
452 621
452 956
740 590
692 605
587 991
587 853
322 613
253 938
882 318
92 849
92 576
556 501
556 298
547 879
592 925
767 981
767 543
251 634
220 288
663 414
663 366
169 79
395 21
79 839
79 971
306 973
306 463
306 168
86 276
86 202
777 295
122 875
634 277
831 0
831 729
559 715
202 525
486 916
586 735
137 540
872 424
203 975
203 195
884 91
409 657
190 416
190 991
447 512
298 501
298 685
794 289
509 436
910 503
108 21
108 295
368 154
647 436
425 179
131 247
558 615
371 428
525 176
812 779
812 516
524 247
366 7
866 954
433 414
403 195
715 718
521 590
326 516
