244 344
244 815
244 30
244 767
774 170
774 992
774 519
774 760
28 192
28 445
28 100
28 252
970 153
970 499
970 953
970 161
133 209
133 698
133 35
133 615
269 300
269 470
269 251
269 881
257 437
257 923
257 868
257 802
713 898
713 160
713 219
713 948
446 764
446 836
446 814
446 36
994 172
994 177
994 416
994 956
561 473
561 321
561 445
561 727
566 406
566 899
566 513
566 856
434 175
434 992
434 484
434 5
611 922
611 193
611 539
611 779
104 161
104 296
104 697
104 271
327 19
327 678
327 217
327 990
652 717
652 599
652 322
652 437
4 840
4 853
4 644
4 905
914 723
914 29
914 991
914 983
315 432
315 286
315 280
315 871
510 170
510 617
510 469
510 794
763 688
763 722
763 355
763 299
786 490
786 374
786 745
786 677
27 605
27 235
27 430
27 168
372 746
372 521
372 384
372 930
126 705
126 143
126 229
126 703
494 609
494 901
494 995
494 308
207 818
207 252
207 175
207 571
339 704
339 489
339 202
339 505
24 258
24 44
24 516
24 580
483 909
483 2
483 20
483 393
84 967
84 120
84 360
84 211
534 249
534 871
534 910
534 201
250 744
250 781
250 386
250 34
417 83
417 777
417 802
417 605
37 670
37 92
37 220
37 149
947 314
947 32
947 459
947 549
363 855
363 436
363 318
363 586
443 839
443 455
443 72
443 676
431 600
431 0
431 323
431 854
577 764
577 192
577 814
577 775
523 696
523 180
523 803
523 779
660 182
660 217
660 954
660 884
179 294
179 26
179 924
179 540
478 53
478 259
478 216
478 693
43 408
43 283
43 879
43 758
846 194
846 52
846 525
846 644
109 928
109 622
109 141
109 456
828 738
828 875
828 630
828 678
1 378
1 95
1 55
1 397
620 730
620 429
620 638
620 500
335 545
335 151
335 96
335 787
874 252
874 583
874 322
874 657
596 177
596 254
596 208
596 507
766 8
766 965
766 324
766 401
237 836
237 155
237 777
237 282
833 258
833 821
833 860
833 200
491 537
491 131
491 819
491 928
749 651
749 274
749 186
749 992
148 676
148 613
148 439
148 107
904 153
904 971
904 238
904 518
906 197
906 181
906 78
906 539
350 691
350 175
350 87
350 552
481 708
481 54
481 34
481 935
319 508
319 958
319 55
319 338
902 235
902 86
902 188
902 254
157 440
157 854
157 369
157 537
989 186
989 40
989 942
989 836
165 801
165 240
165 699
165 59
435 427
435 511
435 223
435 31
715 586
715 281
715 245
715 376
987 740
987 569
987 503
987 475
536 380
536 540
536 331
536 391
756 785
756 399
756 209
756 717
568 379
568 871
568 164
568 950
825 651
825 951
825 235
825 721
354 794
354 587
354 921
354 735
865 169
865 779
865 584
865 324
125 861
125 253
125 780
125 606
664 659
664 983
664 22
664 739
184 811
184 298
184 236
184 80
570 707
570 516
570 281
570 123
176 220
176 723
176 29
176 473
486 691
486 968
486 500
486 958
267 721
267 482
267 341
267 493
604 631
604 377
604 295
604 793
547 680
547 307
547 243
547 521
887 653
887 167
887 977
887 105
293 49
293 333
293 592
293 591
476 87
476 521
476 839
476 473
42 938
42 912
42 123
42 219
751 738
751 630
751 903
751 585
140 249
140 798
140 631
140 777
648 201
648 909
648 188
648 610
262 612
262 719
262 90
262 174
345 342
345 528
345 798
345 769
33 703
33 255
33 705
33 143
522 374
522 71
522 807
522 285
297 710
297 36
297 371
297 788
897 187
897 404
897 950
897 747
563 386
563 667
563 937
563 197
867 830
867 760
867 511
867 912
964 365
964 991
964 820
964 328
138 806
138 647
138 167
138 150
313 582
313 711
313 515
313 502
841 259
841 943
841 75
841 79
114 467
114 326
114 954
114 971
366 248
366 213
366 475
366 747
741 645
741 412
741 386
741 66
873 771
873 550
873 565
873 870
775 192
775 814
775 764
960 249
960 528
960 342
960 769
70 842
70 245
70 280
70 376
705 143
705 703
166 78
166 564
166 14
166 238
413 485
413 94
413 57
413 132
289 541
289 394
289 205
289 945
892 782
892 690
892 591
892 603
310 720
310 425
310 816
310 271
686 912
686 692
686 816
686 893
93 340
93 979
93 449
93 711
837 304
837 505
837 16
837 893
863 921
863 622
863 901
863 274
984 885
984 40
984 303
984 805
361 234
361 211
361 198
361 317
737 650
737 29
737 508
737 548
224 162
224 436
224 423
224 859
619 913
619 803
619 390
619 65
838 793
838 672
838 341
838 394
927 789
927 669
927 412
927 314
461 723
461 955
461 377
461 155
940 871
940 544
940 457
940 292
403 500
403 291
403 839
403 387
590 683
590 748
590 712
590 158
709 524
709 309
709 32
709 908
962 239
962 464
962 171
962 701
348 801
348 643
348 521
348 903
654 182
654 203
654 357
654 16
136 99
136 519
136 511
136 921
246 134
246 513
246 733
246 535
204 645
204 429
204 382
204 808
646 264
646 952
646 305
646 128
576 219
576 102
576 11
576 61
783 943
783 129
783 657
783 196
61 11
61 555
61 913
862 401
862 123
862 181
862 506
468 255
468 826
468 551
468 549
957 466
957 211
957 847
957 10
389 387
389 347
389 736
389 3
813 966
813 638
813 525
813 318
301 171
301 618
301 404
301 759
700 452
700 579
700 826
700 474
419 429
419 116
419 378
419 255
835 895
835 599
835 314
835 127
529 907
529 942
529 347
529 714
743 666
743 595
743 975
743 829
433 302
433 499
433 147
433 113
626 707
626 232
626 617
626 672
797 730
797 761
797 968
797 985
241 933
241 390
241 953
241 392
276 142
276 318
276 936
276 392
690 829
690 595
690 975
925 498
925 440
925 546
925 903
268 948
268 793
268 540
268 885
558 336
558 283
558 429
558 437
554 843
554 650
554 442
554 649
772 552
772 13
772 691
772 948
755 358
755 812
755 544
755 559
762 259
762 613
762 160
762 86
226 464
226 937
226 639
226 282
418 472
418 375
418 886
418 728
851 71
851 438
851 127
851 326
441 881
441 918
441 351
441 556
980 69
980 329
980 306
980 448
46 718
46 482
46 145
46 731
716 805
716 509
716 495
716 279
218 701
218 495
218 54
218 548
822 560
822 386
822 175
822 655
527 451
527 724
527 919
527 453
674 201
674 31
674 281
674 502
578 378
578 920
578 946
578 111
985 968
985 300
985 761
58 275
58 382
58 680
58 685
734 240
734 694
734 642
734 718
824 555
824 455
824 593
824 72
752 215
752 995
752 7
752 130
878 322
878 398
878 57
878 338
51 371
51 950
51 467
51 513
156 817
156 149
156 731
156 670
135 152
135 882
135 17
135 8
415 955
415 779
415 41
415 197
139 954
139 430
139 580
139 573
385 340
385 827
385 38
385 681
567 932
567 997
567 673
567 63
832 223
832 748
832 564
832 515
405 735
405 809
405 178
405 973
770 493
770 647
770 103
770 286
82 21
82 819
82 198
82 357
754 585
754 616
754 830
754 589
64 428
64 662
64 893
64 668
189 18
189 796
189 525
189 285
242 173
242 464
242 220
242 421
45 666
45 400
45 933
45 215
872 821
872 848
872 304
872 726
6 180
6 776
6 808
6 898
800 383
800 146
800 356
800 227
288 675
288 790
288 574
288 497
151 787
151 727
151 96
889 672
889 3
889 736
889 387
402 495
402 551
402 38
402 588
471 679
471 765
471 556
471 594
144 883
144 806
144 232
144 617
621 198
621 689
621 298
621 917
923 172
923 995
923 609
25 781
25 343
25 101
25 107
112 100
112 842
112 392
112 539
212 849
212 193
212 353
212 635
496 436
496 344
496 767
496 30
154 910
154 164
154 221
154 92
900 727
900 651
900 815
900 292
73 918
73 622
73 870
73 220
633 115
633 121
633 852
633 370
934 655
934 444
934 548
934 757
665 913
665 296
665 168
665 958
966 731
966 638
966 318
231 210
231 439
231 201
231 821
47 910
47 955
47 396
47 303
773 647
773 265
773 587
773 202
108 723
108 658
108 545
108 543
411 356
411 85
411 409
411 210
969 462
969 7
969 286
969 424
183 535
183 134
183 771
183 733
325 362
325 866
325 617
325 141
14 11
14 564
14 238
367 180
367 377
367 105
367 85
792 206
792 844
792 88
792 506
81 162
81 911
81 423
81 979
277 430
277 249
277 939
277 979
479 408
479 930
479 879
479 758
732 929
732 963
732 819
732 373
118 232
118 602
118 982
118 540
195 844
195 932
195 40
195 848
597 738
597 279
597 0
597 127
784 601
784 488
784 531
784 260
959 309
959 186
959 586
959 988
469 170
469 346
469 794
538 462
538 329
538 684
538 255
542 422
542 332
542 602
542 137
608 731
608 997
608 602
608 982
60 514
60 517
60 884
60 21
110 105
110 707
110 650
110 219
270 963
270 373
270 438
270 929
823 794
823 552
823 346
823 41
53 391
53 693
53 216
974 806
974 843
974 880
974 868
56 572
56 735
56 427
56 50
76 939
76 753
76 447
76 422
453 451
453 919
453 466
944 106
944 896
944 938
944 876
91 875
91 331
91 532
91 360
857 88
857 967
857 308
857 426
424 942
424 462
424 640
917 882
917 198
917 298
706 799
706 572
706 102
706 273
981 926
981 13
981 717
981 515
978 439
978 644
978 333
978 331
395 795
395 651
395 334
395 684
710 155
710 788
710 371
501 515
501 791
501 502
501 509
877 187
877 753
877 243
877 215
512 768
512 697
512 582
512 292
886 349
886 472
886 728
12 275
12 97
12 62
12 831
191 309
191 639
191 484
191 5
131 537
131 498
131 146
520 92
520 52
520 834
520 708
583 252
583 421
583 692
682 111
682 818
682 946
682 337
888 194
888 632
888 52
888 31
420 464
420 610
420 850
420 560
628 485
628 551
628 725
628 845
688 722
688 299
688 355
287 499
287 803
287 430
287 760
624 311
624 317
624 575
624 9
337 292
337 482
337 818
890 266
890 605
890 396
890 507
533 746
533 911
533 123
533 236
349 735
349 728
349 472
864 352
864 185
864 307
864 584
117 941
117 926
117 649
117 159
454 438
454 602
454 815
454 953
147 302
147 113
147 901
729 330
729 230
729 480
729 19
381 787
381 644
381 303
381 730
667 810
667 466
667 937
641 401
641 247
641 346
641 714
320 78
320 502
320 222
320 397
428 662
428 440
428 668
426 88
426 232
426 447
550 565
550 870
550 726
115 370
115 852
115 121
765 679
765 13
765 594
425 816
425 720
425 291
450 359
450 80
450 272
450 744
256 695
256 62
256 876
256 855
263 457
263 869
263 894
263 699
532 875
532 200
532 360
692 935
692 817
67 442
67 492
67 50
67 508
778 953
778 78
778 192
778 910
407 152
407 41
407 666
407 75
926 649
926 159
581 776
581 748
581 186
581 346
999 503
999 598
999 601
999 121
251 881
251 95
251 470
526 362
526 701
526 69
526 506
712 683
712 158
712 463
744 272
744 359
119 880
119 351
119 68
119 283
150 465
150 820
150 498
891 281
891 636
891 291
891 247
35 588
35 698
35 615
681 340
681 827
681 791
584 377
584 11
860 382
860 610
860 548
993 757
993 465
993 671
993 336
524 32
524 908
524 173
233 587
233 636
233 260
233 103
931 163
931 316
931 625
931 986
488 16
488 632
488 160
916 587
916 776
916 379
916 808
924 663
924 294
924 26
261 791
261 689
261 448
261 896
355 722
355 465
9 311
9 406
9 575
894 785
894 457
894 869
487 48
487 99
487 961
487 132
518 971
518 153
518 229
199 885
199 650
199 782
199 640
380 616
380 347
380 234
553 976
553 607
553 973
553 658
612 174
612 719
612 921
745 490
745 302
745 677
158 463
158 683
623 961
623 54
623 88
623 265
936 661
936 637
936 573
811 298
811 80
811 236
907 609
907 714
907 942
998 559
998 812
998 282
998 225
124 130
124 949
124 804
124 379
206 844
206 227
206 379
39 10
39 555
39 845
39 273
656 284
656 582
656 85
656 19
190 230
190 330
190 480
190 903
388 202
388 882
388 704
388 746
239 171
239 856
239 376
869 106
869 457
225 368
225 915
225 557
410 187
410 15
410 282
410 290
695 986
695 876
695 295
988 309
988 213
988 579
214 509
214 71
214 279
214 782
629 637
629 83
629 802
629 760
145 482
145 580
145 858
795 334
795 982
795 684
673 63
673 997
673 173
685 222
685 680
685 382
919 630
919 451
238 564
614 627
614 834
614 87
614 369
159 697
159 649
321 445
321 727
321 830
50 572
50 427
414 750
414 839
414 196
414 565
295 793
295 105
593 455
593 555
593 72
662 788
662 668
398 977
398 338
398 181
63 997
63 3
188 254
188 647
384 930
384 258
384 437
458 746
458 498
458 41
458 952
882 180
530 352
530 399
530 850
530 101
758 408
758 879
74 248
74 560
74 671
74 185
627 834
627 369
627 951
976 607
976 973
976 658
757 444
757 655
332 422
332 137
332 173
742 702
742 941
742 972
742 358
493 796
493 229
696 228
696 803
696 636
687 724
687 312
687 98
687 634
142 442
142 456
142 421
618 404
618 759
618 171
589 616
589 720
589 585
929 963
929 373
574 456
574 497
574 790
949 130
949 804
949 930
122 855
122 364
122 473
122 456
858 436
858 580
858 445
364 106
364 771
364 34
810 466
810 116
810 806
452 579
452 826
452 474
23 113
23 71
23 447
23 753
517 884
517 514
517 928
643 492
643 504
643 329
905 409
905 840
905 853
918 549
918 213
569 503
569 475
569 740
875 360
128 240
128 305
128 264
575 317
575 311
97 275
97 831
97 62
996 676
996 169
996 972
996 808
616 585
265 663
265 32
809 599
809 645
809 245
866 789
866 669
866 416
396 507
396 266
99 438
99 565
531 601
531 849
531 260
556 679
556 594
272 789
272 359
18 796
18 285
18 632
559 544
559 812
365 820
365 991
365 328
932 492
932 243
44 21
44 516
44 96
59 699
59 801
59 172
543 15
543 933
543 400
922 539
922 193
922 172
971 153
89 961
89 352
89 750
89 920
704 489
704 202
15 29
15 278
675 278
675 911
675 883
210 85
210 392
356 264
356 383
642 718
642 240
642 694
374 677
374 490
368 460
368 557
368 915
799 102
799 273
799 336
528 342
528 769
107 781
107 101
120 412
120 967
120 211
725 592
725 845
725 485
807 776
807 439
807 86
463 571
463 683
338 977
663 294
663 26
459 717
459 870
459 314
544 812
66 747
66 645
66 412
316 986
316 163
316 625
375 343
375 48
375 562
842 100
842 280
634 98
634 155
634 312
661 669
661 573
661 637
489 505
489 87
572 427
977 653
640 885
640 467
740 475
740 503
322 400
77 613
77 324
77 787
77 492
254 86
477 983
477 94
477 13
477 739
573 637
162 859
162 423
972 169
972 178
208 290
208 36
208 946
939 68
939 979
497 790
497 152
423 859
598 460
598 505
598 855
177 956
177 416
519 170
519 798
571 444
571 818
49 592
49 333
49 290
393 2
393 20
393 909
928 141
353 635
353 849
353 300
804 790
804 777
328 991
328 820
631 465
631 798
223 31
223 748
694 718
694 323
65 390
65 603
65 961
815 632
278 586
278 708
895 300
895 668
895 591
221 950
221 850
221 92
817 670
817 149
152 666
7 130
7 215
480 330
480 230
659 22
659 549
659 359
708 34
702 358
702 941
702 908
935 8
935 17
728 472
312 98
312 724
600 771
600 893
600 759
545 511
545 96
951 235
951 303
625 582
625 163
831 62
831 275
973 178
635 193
635 849
850 560
603 591
603 390
174 719
174 90
671 938
671 336
764 814
956 416
956 370
397 55
397 95
945 205
945 394
945 541
768 222
768 730
768 827
588 615
588 698
899 856
899 406
899 234
169 324
952 305
952 636
273 102
546 901
546 164
546 432
161 499
161 271
938 451
449 782
449 711
449 401
847 676
847 116
847 10
22 739
22 462
514 605
514 884
203 16
203 20
203 357
562 90
562 48
562 343
657 129
657 196
881 470
736 3
736 672
796 285
474 579
474 826
689 432
689 129
721 266
721 844
516 21
330 230
788 371
551 38
607 168
607 658
141 362
227 146
227 383
326 127
326 610
284 291
284 19
284 898
653 898
653 167
739 983
72 455
759 404
827 340
178 859
69 440
69 306
724 98
507 266
362 508
525 194
146 383
296 271
296 697
750 992
750 341
307 243
307 352
234 955
504 329
504 229
504 836
467 954
781 101
484 639
484 5
182 470
182 357
274 606
274 622
38 103
485 845
247 711
247 341
334 982
334 684
26 294
595 975
595 829
843 868
843 880
854 0
854 323
260 601
149 670
592 333
896 791
896 448
323 0
613 448
306 228
306 36
541 394
541 205
137 17
137 422
391 693
391 216
200 258
200 821
236 80
829 975
358 941
2 20
2 909
194 52
513 299
599 290
48 343
753 447
990 68
990 678
990 217
816 720
228 79
228 187
311 317
79 943
79 75
609 995
132 57
132 94
868 880
305 264
113 302
217 678
761 968
761 116
185 351
185 248
958 714
283 68
409 840
409 853
557 460
557 915
965 10
965 747
965 308
883 707
883 911
606 861
606 253
920 378
920 111
75 943
308 967
963 373
638 500
552 691
196 129
834 369
280 100
55 95
8 17
370 852
54 701
259 160
876 106
376 245
726 304
726 848
399 785
399 209
805 40
805 495
167 908
304 848
181 213
819 537
915 460
421 442
769 342
986 163
780 253
780 861
780 331
785 209
655 444
406 856
134 733
134 535
143 703
801 699
387 347
802 83
852 121
861 253
830 912
948 164
248 351
509 279
615 698
639 5
933 400
103 506
789 669
719 90
299 722
286 432
57 94
222 680
853 840
630 738
937 197
205 83
490 677
111 946
30 767
30 344
733 535
594 679
168 913
408 879
216 693
344 767
