530 536
530 309
530 330
530 70
723 213
723 770
723 870
723 604
615 457
615 472
615 618
615 227
910 637
910 639
910 251
910 866
515 170
515 287
515 487
515 456
972 696
972 994
972 143
972 413
650 319
650 260
650 352
650 996
788 869
788 574
788 12
788 59
15 562
15 94
15 119
15 818
951 550
951 653
951 517
951 76
707 793
707 159
707 819
707 351
913 298
913 478
913 803
913 547
654 807
654 351
654 363
654 648
758 964
758 263
758 897
758 801
32 237
32 79
32 623
32 236
860 890
860 119
860 169
860 33
8 226
8 755
8 677
8 24
274 458
274 927
274 180
274 338
660 864
660 443
660 23
660 560
954 198
954 218
954 287
954 562
5 402
5 380
5 459
5 963
348 297
348 997
348 822
348 419
48 824
48 816
48 194
48 321
984 815
984 761
984 386
984 436
292 36
292 899
292 998
292 729
298 478
298 803
298 547
231 584
231 10
231 319
231 266
431 351
431 127
431 86
431 808
575 645
575 851
575 275
575 182
995 392
995 510
995 996
995 584
407 102
407 438
407 945
407 765
773 176
773 445
773 229
773 77
346 49
346 689
346 855
346 422
763 151
763 370
763 517
763 759
211 17
211 223
211 194
211 179
718 657
718 123
718 928
718 652
124 595
124 462
124 260
124 14
570 58
570 456
570 563
570 263
204 361
204 35
204 186
204 129
588 790
588 922
588 493
588 438
970 125
970 634
970 90
970 712
822 297
822 997
822 419
118 264
118 891
118 986
118 988
755 24
755 677
755 226
121 166
121 732
121 506
121 140
272 566
272 195
272 697
272 690
469 548
469 395
469 147
469 166
394 569
394 270
394 639
394 760
430 683
430 517
430 238
430 91
544 227
544 893
544 428
544 1
863 866
863 813
863 119
863 729
409 487
409 921
409 170
409 493
675 897
675 355
675 725
675 78
129 361
129 35
129 186
541 441
541 502
541 601
541 329
185 403
185 66
185 929
185 148
701 594
701 689
701 768
701 492
426 582
426 494
426 86
426 838
764 286
764 967
764 355
764 258
700 63
700 884
700 242
700 212
887 249
887 51
887 362
887 128
304 13
304 243
304 171
304 74
658 789
658 98
658 21
658 784
428 1
428 227
428 243
953 159
953 793
953 787
953 819
558 105
558 533
558 720
558 479
919 699
919 228
919 582
919 802
313 667
313 240
313 72
313 835
334 131
334 150
334 896
334 781
239 661
239 29
239 483
239 965
793 819
793 159
316 146
316 610
316 609
316 296
488 680
488 228
488 892
488 776
88 402
88 432
88 955
88 80
252 508
252 927
252 996
252 941
300 497
300 475
300 990
300 341
480 232
480 711
480 494
480 251
423 546
423 933
423 439
423 862
959 202
959 589
959 828
959 94
413 143
413 994
413 696
265 429
265 529
265 31
265 1
293 685
293 90
293 738
293 896
836 545
836 854
836 479
836 20
868 671
868 491
868 694
868 813
232 711
232 251
232 494
381 117
381 728
381 174
381 890
616 714
616 92
616 747
616 586
901 350
901 889
901 877
901 371
62 283
62 674
62 450
62 920
464 594
464 949
464 613
464 332
656 14
656 335
656 787
656 580
794 873
794 637
794 207
794 942
360 388
360 414
360 771
360 17
795 486
795 969
795 838
795 347
666 649
666 55
666 625
666 73
987 186
987 110
987 947
987 560
384 103
384 932
384 946
384 308
780 85
780 936
780 242
780 408
524 676
524 550
524 602
524 775
903 173
903 133
903 681
903 320
834 635
834 876
834 976
834 482
323 405
323 103
323 308
323 86
504 671
504 208
504 968
504 580
514 198
514 284
514 116
514 476
746 814
746 341
746 804
746 622
535 727
535 920
535 839
535 234
540 288
540 568
540 42
540 641
162 678
162 331
162 936
162 61
178 235
178 892
178 776
178 266
273 179
273 878
273 621
273 737
503 891
503 85
503 957
503 408
766 674
766 134
766 343
766 156
930 512
930 101
930 297
930 248
246 993
246 711
246 19
246 610
257 921
257 399
257 950
257 569
222 87
222 30
222 141
222 962
537 891
537 370
537 881
537 187
9 122
9 40
9 344
9 285
201 878
201 411
201 549
201 612
26 388
26 980
26 0
26 592
253 36
253 517
253 778
253 218
291 23
291 46
291 864
291 443
673 786
673 128
673 245
673 976
495 689
495 687
495 415
495 837
997 297
997 419
200 165
200 467
200 683
200 38
820 608
820 855
820 364
820 18
809 256
809 829
809 366
809 643
864 23
864 443
154 473
154 842
154 803
154 67
295 784
295 796
295 303
295 521
452 871
452 696
452 492
452 160
626 583
626 336
626 195
626 735
564 947
564 196
564 444
564 448
286 41
286 967
286 258
859 380
859 507
859 41
859 509
850 296
850 703
850 285
850 715
191 653
191 772
191 585
191 713
885 977
885 623
885 689
885 58
895 12
895 404
895 76
895 27
706 82
706 56
706 268
706 974
717 275
717 109
717 645
717 851
902 386
902 779
902 126
902 161
7 769
7 945
7 339
7 730
397 925
397 905
397 744
397 606
434 172
434 852
434 190
434 622
879 47
879 372
879 84
879 741
368 65
368 3
368 668
368 823
754 963
754 54
754 733
754 325
153 432
153 709
153 80
153 955
451 474
451 109
451 779
451 608
911 120
911 814
911 804
911 182
657 123
657 814
657 652
447 247
447 180
447 840
447 327
934 853
934 446
934 973
934 20
960 611
960 174
960 206
960 282
627 372
627 715
627 753
627 585
721 597
721 261
721 778
721 455
197 422
197 528
197 587
197 49
233 172
233 852
233 838
233 190
630 230
630 502
630 682
630 572
646 548
646 420
646 538
646 607
75 990
75 363
75 908
75 715
244 320
244 978
244 173
244 133
277 79
277 74
277 44
277 94
378 151
378 249
378 51
378 362
475 680
475 497
475 990
708 716
708 750
708 804
708 326
460 113
460 57
460 220
460 181
994 143
994 696
364 855
364 608
364 18
611 489
611 174
611 282
81 194
81 753
81 260
81 352
817 468
817 968
817 539
817 873
34 160
34 590
34 612
34 100
742 740
742 681
742 890
742 131
93 898
93 427
93 861
93 58
791 906
791 783
791 335
791 84
748 373
748 900
748 193
748 281
988 425
988 264
988 986
280 468
280 22
280 947
280 967
354 655
354 390
354 858
354 952
603 307
603 518
603 16
603 704
158 649
158 55
158 131
158 625
628 301
628 978
628 110
628 843
358 10
358 738
358 374
358 335
573 577
573 552
573 164
573 692
869 12
869 574
869 59
6 147
6 898
6 664
6 848
679 555
679 800
679 241
679 215
440 46
440 114
440 192
440 912
642 798
642 12
642 797
642 849
393 326
393 750
393 716
393 726
796 784
796 303
796 521
568 641
568 288
568 42
648 205
648 807
648 363
189 199
189 157
189 980
189 691
880 406
880 471
880 906
880 169
132 566
132 690
132 152
132 697
4 64
4 889
4 952
4 259
442 310
442 688
442 269
442 730
917 466
917 622
917 713
917 492
337 285
337 924
337 846
337 563
406 906
406 471
406 169
670 939
670 314
670 105
670 826
695 565
695 926
695 599
695 138
777 236
777 225
777 543
777 511
907 798
907 737
907 797
907 739
259 952
259 889
259 64
981 72
981 667
981 771
981 835
353 772
353 156
353 343
353 134
759 681
759 370
759 151
340 403
340 66
340 929
340 195
640 109
640 943
640 465
640 534
216 618
216 454
216 594
216 779
345 730
345 567
345 234
345 999
136 294
136 724
136 217
136 595
557 417
557 684
557 734
557 606
507 41
507 509
507 380
792 881
792 367
792 396
792 598
806 715
806 377
806 400
806 940
416 82
416 974
416 2
416 484
635 482
635 84
635 976
184 823
184 668
184 3
184 871
249 51
249 362
155 182
155 730
155 146
155 56
636 237
636 908
636 774
636 572
217 595
217 294
217 724
318 385
318 117
318 600
318 414
50 278
50 472
50 183
50 637
290 250
290 651
290 871
290 120
810 966
810 726
810 261
810 181
832 14
832 896
832 31
832 425
53 294
53 101
53 619
53 629
624 176
624 445
624 77
624 709
144 939
144 935
144 89
144 826
971 112
971 857
971 398
971 989
956 916
956 117
956 941
956 560
383 417
383 33
383 463
383 684
844 264
844 898
844 555
844 427
382 258
382 589
382 828
382 202
799 985
799 686
799 979
799 591
66 929
66 403
122 344
122 40
122 505
314 284
314 939
314 826
852 172
852 190
631 135
631 130
631 894
631 421
722 752
722 167
722 872
722 888
471 659
471 169
268 82
268 56
268 974
404 76
404 114
404 27
465 943
465 148
465 534
918 532
918 489
918 609
918 785
691 199
691 980
691 157
439 639
439 862
439 933
527 531
527 247
527 805
527 968
749 21
749 98
749 789
749 805
278 183
278 685
278 472
719 145
719 811
719 590
719 581
302 757
302 111
302 825
302 229
667 72
667 835
68 97
68 977
68 333
68 709
207 10
207 942
207 873
392 996
392 405
392 424
453 390
453 655
453 858
453 427
811 669
811 581
811 590
894 421
894 135
894 130
11 205
11 915
11 254
11 908
841 637
841 71
841 73
841 188
299 333
299 391
299 985
299 209
899 36
899 729
899 998
789 21
789 98
672 610
672 29
672 843
672 333
418 740
418 454
418 115
418 127
856 496
856 44
856 39
856 510
168 837
168 909
168 665
168 415
644 332
644 33
644 613
644 949
108 146
108 419
108 632
108 738
221 141
221 459
221 576
221 866
106 539
106 287
106 511
106 543
498 321
498 816
498 505
498 824
964 263
964 897
964 801
97 333
97 583
97 977
620 192
620 840
620 210
620 736
600 745
600 414
600 385
52 743
52 463
52 375
52 149
60 254
60 470
60 42
60 410
271 698
271 599
271 111
271 539
513 110
513 641
513 683
513 411
104 760
104 270
104 778
104 484
107 347
107 492
107 969
107 486
276 618
276 845
276 831
276 28
377 940
377 931
377 400
694 813
694 671
694 491
553 975
553 900
553 761
553 853
279 266
279 402
279 587
279 235
633 479
633 915
633 415
633 520
137 877
137 371
137 350
137 685
549 552
549 612
549 411
519 831
519 446
519 84
519 973
614 95
614 596
614 187
614 281
757 229
757 111
757 825
931 940
931 400
931 565
312 992
312 756
312 579
312 705
401 857
401 870
401 398
401 112
241 215
241 800
241 555
786 128
786 296
786 245
43 248
43 562
43 774
43 237
481 94
481 710
481 560
481 687
767 935
767 771
767 807
767 485
142 250
142 993
142 164
142 282
255 330
255 63
255 27
255 338
214 924
214 846
214 391
214 688
365 319
365 177
365 296
365 470
412 91
412 599
412 24
412 230
482 160
482 976
943 148
943 534
875 458
875 285
875 681
875 474
928 915
928 123
928 652
212 63
212 242
212 886
584 510
584 10
647 961
647 702
647 315
647 322
357 206
357 593
357 937
357 435
938 47
938 876
938 73
938 542
332 949
332 613
356 888
356 778
356 849
356 629
421 135
421 130
561 83
561 741
561 425
561 977
133 320
133 173
821 307
821 518
821 125
821 16
509 380
509 41
699 228
699 582
699 802
522 483
522 479
522 437
522 659
638 687
638 175
638 119
638 361
735 583
735 127
735 336
782 743
782 205
782 149
782 661
473 2
473 67
473 842
596 849
596 95
596 187
731 686
731 591
731 966
731 979
991 594
991 420
991 163
991 751
324 829
324 639
324 528
324 366
882 738
882 801
882 623
882 874
577 164
577 552
577 692
833 287
833 968
833 529
833 494
827 109
827 629
827 916
827 331
435 937
435 206
435 593
693 808
693 485
693 849
693 904
632 39
632 146
632 912
203 375
203 462
203 374
203 884
857 112
857 398
490 602
490 92
490 676
490 459
950 569
950 921
950 399
139 339
139 449
139 769
139 457
872 167
872 752
872 888
303 521
303 784
306 998
306 653
306 961
306 520
267 315
267 305
267 576
267 500
914 878
914 705
914 195
914 352
477 311
477 812
477 466
477 559
607 787
607 420
607 538
523 538
523 448
523 110
523 196
574 59
574 210
219 732
219 140
219 163
219 506
986 264
986 182
161 779
161 126
161 193
487 170
487 456
112 398
613 949
733 963
733 325
733 556
373 65
373 900
373 269
698 619
698 539
698 966
957 408
957 85
957 891
223 179
223 474
223 157
727 839
727 653
727 437
578 975
578 812
578 516
578 69
775 550
775 602
775 676
369 704
369 556
369 501
369 837
781 150
781 131
781 79
395 166
395 548
395 59
690 697
690 566
516 69
516 975
516 618
571 703
571 983
571 683
571 449
188 745
188 71
188 376
744 925
744 606
744 905
45 531
45 309
45 70
45 536
842 2
842 67
376 71
376 745
376 554
533 205
533 105
533 720
444 838
444 448
444 196
551 587
551 932
551 545
551 854
926 138
926 853
926 565
433 37
433 865
433 893
433 22
923 25
923 289
923 605
923 751
621 737
621 179
621 130
349 999
349 567
349 226
349 387
148 534
605 25
605 521
605 289
30 962
30 87
30 753
389 546
389 992
389 79
389 150
69 800
69 975
342 58
342 145
342 301
342 935
661 29
661 965
940 400
224 126
224 454
224 175
224 617
785 489
785 532
785 609
37 893
37 438
37 865
141 962
141 87
508 941
508 662
508 100
958 874
958 327
958 163
958 840
643 829
643 145
643 366
774 237
774 908
883 622
883 476
883 65
883 341
752 167
752 888
946 308
946 853
946 103
728 890
728 651
728 512
450 476
450 283
450 674
724 595
724 294
518 16
518 307
948 665
948 208
948 909
948 703
256 386
256 135
256 669
593 206
593 937
500 576
500 315
500 305
581 590
581 145
617 175
617 454
617 126
379 830
379 989
379 768
379 720
965 29
965 386
28 463
28 845
28 831
213 604
213 870
213 876
762 982
762 886
762 328
762 818
385 414
385 198
862 546
862 933
892 680
892 776
726 181
726 261
496 510
496 39
496 44
732 140
732 506
209 985
209 95
209 391
410 470
410 254
410 56
245 128
245 669
288 42
288 641
520 915
520 998
531 247
531 805
22 830
22 947
403 929
741 47
741 372
215 800
215 555
289 25
289 751
783 143
783 906
783 335
262 165
262 467
262 770
262 38
743 149
743 845
165 467
165 38
424 405
424 218
424 592
96 787
96 127
96 150
96 709
739 330
739 798
739 797
157 980
307 16
100 359
100 99
678 331
678 61
678 936
865 893
865 601
655 858
655 390
664 147
664 848
664 582
823 668
823 3
933 546
0 388
0 592
0 163
92 459
92 580
597 455
597 861
597 89
840 327
985 391
545 932
545 854
269 688
269 65
310 341
310 688
310 599
663 554
663 526
663 240
663 499
714 152
714 747
714 586
682 14
682 572
682 230
684 417
684 734
961 702
961 322
13 171
13 243
13 74
983 662
983 598
983 449
824 816
824 321
511 225
511 543
449 703
461 317
461 525
461 847
461 83
501 704
501 556
501 115
922 180
922 493
922 790
328 818
328 886
328 982
90 634
90 284
944 113
944 220
944 57
944 815
177 238
177 319
177 91
532 609
532 489
64 889
64 952
17 771
17 194
436 736
436 815
436 761
40 344
40 505
828 202
828 589
497 770
497 990
528 49
528 422
196 448
329 441
329 502
329 601
138 474
138 565
847 562
847 525
847 317
238 91
238 115
525 83
525 317
311 466
311 559
311 812
54 325
54 322
54 336
704 556
916 117
916 629
57 113
57 220
858 390
399 569
399 921
478 547
478 803
484 270
484 760
702 619
702 322
192 736
192 210
939 826
19 993
19 712
19 610
193 199
193 281
283 674
283 476
116 198
116 284
116 740
905 925
905 606
171 74
171 243
363 807
652 123
867 359
867 425
867 710
867 99
969 347
969 486
612 411
347 486
445 77
445 176
429 31
429 529
429 753
662 941
662 942
308 103
734 685
734 417
225 543
225 236
125 712
125 634
235 402
235 266
877 350
877 371
181 261
677 24
677 199
927 458
927 338
375 149
375 463
756 992
756 579
756 705
542 802
542 330
542 550
61 936
61 331
697 566
82 974
491 587
491 925
468 866
468 102
904 935
904 485
904 808
44 39
909 665
909 208
420 538
900 281
874 327
874 580
102 765
102 945
999 567
999 387
873 942
437 483
437 659
989 830
989 768
725 897
725 78
725 355
898 427
210 736
591 686
591 979
765 438
765 945
250 651
250 120
870 604
798 797
227 1
920 234
920 839
896 236
164 692
466 559
234 839
455 89
455 861
871 160
769 339
769 457
623 167
687 175
848 183
848 147
483 659
801 263
73 876
396 881
396 367
396 598
339 457
720 105
467 38
737 878
405 218
247 805
325 963
713 772
713 585
692 552
456 170
583 336
20 446
20 973
547 937
669 993
152 586
152 747
982 818
982 886
387 226
387 567
31 529
846 924
846 563
78 355
78 33
115 740
251 711
370 151
372 47
572 230
772 585
441 601
441 502
861 89
202 589
374 884
374 462
912 114
912 46
649 55
649 625
72 835
979 686
802 228
338 458
101 512
101 248
229 825
187 95
120 651
619 966
71 745
992 579
462 884
99 710
99 359
49 422
415 837
973 446
680 776
812 559
770 604
87 962
814 804
351 86
301 978
301 843
645 275
645 851
35 186
35 361
829 366
388 592
761 815
85 408
845 831
242 63
563 924
134 343
134 156
472 183
367 598
367 881
3 668
317 83
819 159
113 220
305 576
305 315
813 671
350 371
18 608
18 855
790 180
790 493
21 98
432 80
432 955
27 76
602 676
326 716
326 750
830 768
51 362
548 166
343 156
470 254
816 321
260 352
23 443
505 344
55 625
526 499
526 240
526 554
70 309
70 536
173 320
174 282
967 258
2 67
25 751
579 705
712 634
80 955
111 825
512 248
309 536
747 586
499 240
499 554
665 208
485 808
854 932
114 46
978 843
716 750
36 729
506 140
359 710
172 190
275 851
270 760
77 176
