530 561
530 562
530 156
530 817
723 938
723 421
723 638
723 813
352 179
352 598
352 162
352 537
945 268
945 56
945 117
945 795
554 866
554 359
554 799
554 121
671 803
671 633
671 520
671 857
186 108
186 638
186 569
186 522
653 796
653 690
653 629
653 225
18 284
18 603
18 9
18 36
282 947
282 931
282 602
282 942
451 487
451 713
451 355
451 212
844 72
844 933
844 470
844 788
652 961
652 133
652 507
652 792
834 373
834 590
834 534
834 775
25 656
25 860
25 218
25 772
852 957
852 480
852 155
852 335
208 776
208 82
208 739
208 517
299 531
299 893
299 138
299 248
111 605
111 89
111 172
111 509
595 898
595 423
595 386
595 790
197 457
197 843
197 982
197 435
518 463
518 721
518 432
518 367
68 507
68 771
68 517
68 647
404 817
404 320
404 427
404 83
61 314
61 872
61 362
61 991
365 741
365 409
365 816
365 709
191 516
191 843
191 185
191 947
740 704
740 393
740 980
740 565
894 33
894 380
894 56
894 215
897 321
897 890
897 539
897 756
845 87
845 249
845 412
845 491
855 485
855 363
855 440
855 609
623 366
623 265
623 16
623 158
891 734
891 565
891 129
891 708
67 465
67 721
67 272
67 705
710 126
710 406
710 961
710 147
259 28
259 801
259 965
259 578
880 568
880 703
880 0
880 642
37 383
37 346
37 164
37 609
538 704
538 463
538 642
538 20
24 648
24 226
24 452
24 545
339 102
339 106
339 48
339 356
29 631
29 353
29 630
29 216
454 597
454 590
454 35
454 245
15 809
15 284
15 842
15 868
519 19
519 563
519 642
519 562
376 255
376 952
376 141
376 462
498 17
498 750
498 944
498 541
207 476
207 641
207 324
207 829
460 807
460 486
460 984
460 152
627 669
627 651
627 312
627 115
754 854
754 639
754 66
754 209
847 313
847 187
847 154
847 13
71 83
71 601
71 687
71 856
536 997
536 444
536 204
536 246
113 869
113 459
113 715
113 805
124 102
124 152
124 650
124 807
510 734
510 925
510 645
510 307
992 835
992 586
992 686
992 881
235 883
235 151
235 294
235 532
378 882
378 558
378 856
378 868
668 868
668 6
668 286
668 728
791 120
791 269
791 138
791 980
769 97
769 913
769 222
769 612
458 6
458 212
458 479
458 865
981 63
981 645
981 810
981 951
786 797
786 87
786 46
786 799
926 868
926 961
926 231
926 213
443 47
443 274
443 661
443 638
938 813
938 777
938 684
332 803
332 663
332 371
332 872
347 513
347 338
347 971
347 345
497 238
497 131
497 474
497 243
680 690
680 659
680 673
680 424
139 263
139 511
139 839
139 337
935 257
935 10
935 908
935 140
309 704
309 651
309 448
309 407
858 488
858 435
858 904
858 612
239 324
239 917
239 82
239 776
793 682
793 384
793 439
793 266
280 905
280 297
280 223
280 406
831 140
831 9
831 324
831 986
146 400
146 932
146 184
146 374
422 955
422 866
422 964
422 395
840 564
840 30
840 515
840 846
583 255
583 707
583 641
583 882
96 713
96 7
96 263
96 341
750 228
750 17
750 529
27 482
27 998
27 398
27 691
879 878
879 578
879 821
879 91
275 563
275 401
275 503
275 328
343 563
343 241
343 968
343 291
643 968
643 548
643 719
643 232
23 869
23 16
23 983
23 774
616 572
616 436
616 194
616 679
699 573
699 848
699 46
699 276
899 762
899 462
899 417
899 211
511 7
511 180
511 971
57 90
57 505
57 544
57 112
349 358
349 582
349 688
349 130
770 294
770 367
770 297
770 763
959 558
959 777
959 287
959 97
5 626
5 444
5 286
5 820
976 849
976 16
976 828
976 977
489 32
489 338
489 925
489 751
946 338
946 173
946 558
946 283
11 163
11 289
11 939
11 477
907 979
907 322
907 650
907 667
449 442
449 823
449 617
449 875
724 276
724 188
724 954
724 833
73 99
73 84
73 575
73 200
473 825
473 985
473 327
473 540
735 830
735 548
735 562
735 265
467 206
467 405
467 730
467 373
778 364
778 167
778 842
778 515
237 949
237 732
237 108
237 757
990 993
990 80
990 969
990 893
478 995
478 361
478 999
478 811
787 388
787 7
787 95
787 608
670 301
670 79
670 534
670 1
728 886
728 797
728 435
165 726
165 229
165 983
165 95
821 516
821 577
821 602
391 264
391 832
391 432
391 84
399 780
399 829
399 556
399 745
908 829
908 140
908 257
547 703
547 796
547 974
547 903
743 725
743 626
743 586
743 733
621 783
621 447
621 802
621 639
692 49
692 394
692 797
692 48
4 441
4 941
4 650
4 457
495 889
495 308
495 775
495 326
425 445
425 345
425 315
425 418
637 123
637 631
637 516
637 768
340 480
340 248
340 118
340 54
242 922
242 682
242 54
242 948
781 874
781 672
781 910
781 970
696 214
696 284
696 612
696 287
722 416
722 142
722 669
722 244
760 521
760 230
760 459
760 565
55 871
55 41
55 813
55 88
318 785
318 564
318 576
318 805
956 401
956 995
956 841
956 589
3 415
3 888
3 393
3 28
535 885
535 570
535 176
535 445
711 531
711 937
711 19
711 695
850 45
850 799
850 58
850 262
587 257
587 905
587 726
587 719
305 110
305 293
305 300
305 439
693 179
693 808
693 35
693 773
98 524
98 28
98 80
98 261
543 967
543 804
543 542
543 160
41 871
41 494
41 650
912 978
912 590
912 410
912 266
950 452
950 997
950 660
950 747
988 664
988 883
988 500
988 865
366 158
366 16
366 265
708 1
708 129
708 898
772 178
772 860
772 986
838 213
838 130
838 515
838 617
21 119
21 644
21 973
21 792
561 964
561 59
561 582
434 683
434 74
434 428
434 597
470 744
470 33
470 952
50 571
50 121
50 546
50 620
444 157
444 348
150 915
150 514
150 660
150 729
302 345
302 600
302 87
302 501
295 209
295 882
295 853
295 169
103 721
103 93
103 169
103 19
226 164
226 748
226 526
438 353
438 406
438 746
438 169
970 875
970 874
970 727
170 550
170 751
170 610
170 500
481 396
481 59
481 565
481 390
431 997
431 892
431 386
431 8
436 572
436 529
436 641
902 503
902 929
902 873
902 8
737 219
737 80
737 204
737 59
857 633
857 661
857 520
81 767
81 424
81 507
81 640
552 646
552 147
552 229
552 686
224 639
224 513
224 278
224 788
717 471
717 270
717 859
717 145
416 632
416 889
416 576
658 689
658 115
658 214
658 472
288 367
288 241
288 657
288 775
738 33
738 780
738 678
738 479
126 655
126 866
126 961
739 864
739 308
739 82
51 463
51 109
51 549
51 289
974 674
974 703
974 312
216 204
216 395
216 784
714 939
714 577
714 509
714 556
766 32
766 47
766 928
766 994
161 966
161 863
161 600
161 963
962 337
962 833
962 279
962 163
357 387
357 665
357 559
357 567
837 371
837 972
837 895
837 107
923 402
923 584
923 173
923 148
90 966
90 544
90 320
493 720
493 870
493 202
493 180
901 698
901 618
901 379
901 816
782 885
782 199
782 854
782 606
900 271
900 870
900 253
900 755
385 414
385 263
385 312
385 390
526 74
526 537
526 748
122 716
122 545
122 494
122 14
930 968
930 499
930 755
930 354
934 180
934 159
934 673
934 252
92 381
92 929
92 927
92 195
575 664
575 199
575 596
298 125
298 624
298 85
298 905
414 715
414 133
414 809
356 593
356 102
356 920
504 348
504 272
504 541
504 109
456 205
456 483
456 607
456 220
591 232
591 175
591 947
591 612
521 418
521 730
521 910
145 993
145 270
145 471
177 375
177 848
177 230
177 839
877 694
877 592
877 215
877 203
886 867
886 227
886 634
351 246
351 600
351 841
351 948
334 978
334 524
334 792
334 697
135 210
135 663
135 382
135 183
657 279
657 1
657 815
795 291
795 209
795 954
932 400
932 184
932 374
2 195
2 734
2 214
2 114
887 666
887 502
887 182
887 876
262 127
262 286
262 58
963 572
963 625
963 863
136 662
136 649
136 758
136 91
629 363
629 79
629 796
756 890
756 539
756 321
203 939
203 215
203 592
913 265
913 389
913 97
159 141
159 269
159 673
201 682
201 631
201 323
201 864
315 571
315 619
315 345
942 335
942 413
942 689
154 313
154 765
154 77
468 593
468 273
468 624
468 597
924 485
924 263
924 681
924 731
400 614
400 174
789 628
789 457
789 729
789 618
533 69
533 409
533 190
533 346
824 648
824 189
824 317
824 814
394 982
394 247
394 797
36 158
36 484
36 603
512 245
512 342
512 290
512 704
967 72
967 31
967 982
26 503
26 825
26 65
26 826
34 909
34 884
34 251
34 107
853 179
853 792
853 181
690 859
690 659
892 386
892 659
892 906
975 528
975 269
975 119
975 127
475 329
475 446
475 437
475 287
76 153
76 101
76 337
76 86
849 482
849 77
849 383
149 553
149 944
149 677
149 171
919 566
919 301
919 909
919 742
128 647
128 219
128 430
128 884
896 665
896 117
896 915
896 462
236 176
236 509
236 570
236 370
429 388
429 294
429 112
429 586
628 818
628 296
628 842
953 707
953 640
953 256
953 893
604 66
604 38
604 764
604 697
861 957
861 763
861 189
861 408
178 14
178 466
178 860
344 39
344 596
344 325
344 22
195 114
195 929
662 441
662 649
662 110
307 660
307 211
307 120
574 906
574 225
574 300
574 35
636 661
636 513
636 104
636 762
379 966
379 466
379 390
65 106
65 355
65 826
22 106
22 245
22 281
361 397
361 677
361 183
755 707
755 529
389 108
389 788
389 589
649 441
649 110
676 286
676 445
676 251
676 804
742 160
742 584
742 228
240 88
240 802
240 805
240 323
440 979
440 980
440 487
148 698
148 79
148 373
585 354
585 809
585 866
585 918
969 986
969 213
969 893
89 172
89 268
89 605
387 665
387 684
387 559
632 117
632 322
632 610
325 276
325 889
325 10
484 185
484 10
484 874
99 588
99 138
99 101
666 256
666 502
666 182
502 761
502 182
254 822
254 137
254 581
254 965
725 184
725 993
725 166
95 419
95 7
49 108
49 247
49 774
701 615
701 826
701 551
701 384
316 192
316 267
316 557
316 119
965 335
965 779
39 955
39 920
39 720
296 596
296 322
296 102
52 851
52 40
52 455
52 496
217 372
217 759
217 273
217 523
528 506
528 501
528 127
820 553
820 987
820 818
421 818
421 601
421 884
694 732
694 560
694 420
482 398
482 998
426 594
426 202
426 229
426 32
809 368
306 567
306 716
306 465
306 812
30 350
30 70
30 368
231 47
231 261
231 281
453 958
453 341
453 689
453 542
811 490
811 487
811 33
228 360
228 584
564 576
564 53
654 328
654 446
654 586
654 814
672 417
672 748
672 480
794 409
794 19
794 733
794 606
832 508
832 160
832 372
138 439
527 395
527 784
527 333
527 522
244 545
244 599
244 75
508 784
508 160
508 867
143 168
143 93
143 542
143 999
605 172
605 895
751 338
751 32
870 677
870 253
937 58
937 531
937 272
960 383
960 985
960 86
960 442
461 749
461 327
461 619
461 93
622 46
622 292
622 289
622 888
646 828
646 164
646 229
933 655
933 660
933 450
667 524
667 413
667 212
727 836
727 874
727 62
189 940
189 957
664 909
664 500
987 162
987 948
987 691
615 211
615 83
615 488
659 673
157 620
157 348
157 826
890 321
890 54
718 158
718 28
718 925
718 304
814 75
814 328
705 227
705 172
705 721
168 93
168 999
168 408
490 455
490 898
490 487
303 928
303 525
303 827
303 936
358 252
358 130
358 688
916 873
916 736
916 780
916 241
116 35
116 898
116 221
116 267
370 277
370 176
370 570
210 663
210 222
210 74
310 43
310 940
310 342
310 539
397 558
397 105
397 630
368 326
368 630
557 428
557 267
557 63
984 447
984 142
984 757
678 430
678 401
678 610
862 903
862 327
862 788
862 914
685 514
685 804
685 702
685 790
758 403
758 513
758 196
109 541
109 876
60 359
60 0
60 551
60 119
555 921
555 312
555 647
555 424
291 954
291 568
218 476
218 241
218 233
411 588
411 281
411 69
411 752
42 437
42 813
42 395
42 70
773 412
773 808
773 105
580 209
580 427
580 602
580 549
472 373
472 375
472 10
506 529
506 190
506 752
402 248
402 839
402 100
330 293
330 973
330 258
330 729
405 147
405 578
405 180
44 153
44 846
44 260
44 698
553 171
553 491
732 843
732 949
283 94
283 608
283 342
249 764
249 412
249 918
613 635
613 131
613 859
613 700
156 651
156 367
156 300
647 517
888 100
888 292
433 362
433 20
433 765
433 403
550 525
550 324
550 166
266 384
266 410
522 371
522 594
133 206
133 589
258 878
258 505
258 994
592 336
592 215
469 137
469 311
469 581
469 822
881 183
881 619
881 582
151 294
151 532
151 675
571 731
571 911
423 341
423 386
423 107
290 944
290 958
290 805
471 420
471 270
607 220
607 205
607 815
611 964
611 144
611 624
611 336
677 335
464 70
464 983
464 606
464 977
377 407
377 53
377 825
377 187
362 922
362 463
943 971
943 995
943 480
943 403
392 462
392 420
392 105
392 808
904 134
904 56
904 40
593 64
593 491
819 999
819 566
819 75
819 688
828 556
828 762
931 602
931 246
931 815
496 851
496 455
496 878
734 499
144 308
144 759
144 238
381 62
381 274
381 927
601 796
601 800
635 579
635 348
635 700
783 301
783 0
783 802
413 914
413 382
577 567
577 556
921 505
921 746
921 977
62 830
62 6
741 198
741 6
741 709
104 695
104 661
104 107
329 446
329 374
329 84
147 406
928 47
928 827
56 951
252 617
252 382
264 798
264 269
264 610
695 418
695 534
123 768
123 319
123 88
198 97
198 648
198 337
656 860
656 134
656 624
617 875
45 674
45 835
45 261
69 752
69 190
492 905
492 603
492 163
492 247
274 638
274 927
369 0
369 771
369 166
369 515
375 818
375 153
499 774
499 825
979 322
979 289
77 477
77 333
761 64
761 199
761 608
187 13
187 313
978 614
978 590
579 250
579 225
579 572
599 221
599 836
599 75
418 744
408 798
408 763
494 14
494 875
12 944
12 537
12 174
12 836
753 865
753 175
753 155
753 206
74 683
319 573
319 777
319 736
223 279
223 297
223 983
936 364
936 466
936 188
407 625
407 364
380 549
380 350
380 537
776 364
776 82
432 84
432 354
822 581
822 137
360 816
360 763
360 333
388 64
388 674
525 227
525 78
608 917
566 757
566 598
304 415
304 38
304 675
132 707
132 188
132 884
132 500
911 363
911 691
911 731
212 562
940 563
940 277
486 152
486 807
486 153
914 382
914 78
188 954
848 327
848 719
836 314
883 94
883 684
250 715
250 202
250 771
759 523
759 372
293 584
293 856
720 193
720 285
313 13
100 839
100 777
182 53
64 398
951 301
951 645
597 243
973 331
973 644
248 118
281 588
771 542
134 78
134 331
152 807
827 232
827 915
697 684
697 66
823 442
823 648
823 989
996 634
996 193
996 202
996 626
199 706
546 260
546 435
546 48
517 14
567 559
630 424
998 398
998 549
417 501
417 762
625 155
625 46
689 115
681 485
681 731
681 895
410 311
410 167
994 733
994 353
806 17
806 524
806 767
806 687
851 455
851 333
183 895
314 872
314 991
321 539
79 534
810 396
810 317
810 801
174 532
174 192
112 876
112 488
651 115
949 548
949 843
120 271
120 957
415 736
415 393
196 909
196 175
196 764
225 955
816 709
173 63
173 626
86 129
86 442
129 251
59 219
384 715
726 255
726 40
308 326
38 311
38 285
54 118
419 278
419 227
419 13
948 246
87 412
238 243
238 474
272 465
642 105
48 920
713 311
713 804
800 251
800 503
800 350
679 430
679 620
679 655
830 548
830 390
230 181
230 906
501 799
477 509
477 939
448 560
448 171
448 798
917 798
917 573
483 922
483 205
483 220
752 190
790 603
790 702
285 746
285 675
966 194
80 204
268 989
268 450
465 94
317 396
317 801
297 247
833 276
833 683
785 277
785 991
785 576
854 972
854 997
594 744
594 955
491 171
439 736
70 958
88 733
520 803
520 633
354 918
703 568
205 220
663 53
920 121
219 355
505 355
551 279
551 222
784 867
507 767
835 476
835 346
359 234
359 474
466 85
709 971
941 20
941 869
941 488
194 72
194 179
20 869
141 125
141 363
176 570
639 278
476 287
882 328
633 803
243 474
162 350
162 748
211 393
757 221
885 712
885 745
906 300
922 952
94 234
267 863
9 284
9 986
863 686
841 214
841 995
110 441
420 808
644 331
644 221
43 292
43 903
43 779
101 588
101 706
253 31
253 271
446 271
985 540
985 544
323 802
323 631
619 749
270 993
514 166
514 729
747 452
747 532
747 233
371 140
927 929
712 745
712 118
712 568
645 606
91 873
91 765
155 206
58 185
233 600
233 452
200 767
200 846
200 876
185 320
31 745
31 234
634 523
634 193
277 125
121 620
320 817
682 864
232 774
427 691
427 292
437 829
437 903
213 181
245 589
598 447
598 401
569 78
569 980
569 578
523 372
260 964
260 698
952 114
459 256
459 972
765 403
582 125
450 655
450 560
815 428
706 683
706 164
749 958
749 8
989 859
989 193
871 977
871 867
702 910
702 730
842 167
278 531
396 801
764 175
982 72
234 346
768 746
768 516
872 991
716 812
716 878
479 780
479 609
114 106
545 40
142 447
142 669
409 700
865 968
641 686
184 374
541 17
130 688
744 8
873 687
169 540
341 719
609 383
192 779
192 181
331 596
137 581
856 687
640 675
640 618
163 445
674 261
540 544
559 665
910 730
127 430
353 273
85 700
85 273
167 336
222 918
817 1
257 864
256 972
336 779
614 428
614 560
812 83
812 669
255 947
775 326
889 925
618 66
573 485
915 117
457 342
846 131
63 131
