585 805
585 440
585 957
585 438
659 864
659 701
659 724
659 522
795 908
795 789
795 775
795 310
877 684
877 644
877 410
877 648
536 726
536 404
536 677
536 483
537 682
537 813
537 397
537 689
214 216
214 517
214 936
214 219
486 192
486 315
486 623
486 476
455 476
455 479
455 544
455 947
549 152
549 545
549 513
549 343
693 542
693 377
693 290
693 392
866 360
866 668
866 789
866 221
724 275
724 187
724 777
853 213
853 85
853 281
853 960
169 143
169 188
169 543
169 490
600 506
600 599
600 300
600 257
68 97
68 205
68 493
68 119
139 712
139 571
139 48
139 627
78 330
78 709
78 91
78 508
598 71
598 134
598 59
598 558
667 4
667 835
667 593
667 535
813 520
813 191
813 798
66 747
66 655
66 645
66 827
215 790
215 875
215 690
215 390
56 303
56 889
56 921
56 450
430 619
430 238
430 18
430 489
241 769
241 825
241 898
241 737
970 316
970 161
970 546
970 92
285 448
285 492
285 927
285 946
402 616
402 574
402 643
402 930
184 328
184 621
184 159
184 443
436 410
436 700
436 579
436 836
89 39
89 298
89 79
89 22
427 540
427 248
427 61
427 993
173 551
173 179
173 397
173 896
835 500
835 4
835 389
10 608
10 703
10 420
10 147
54 871
54 704
54 286
54 167
270 964
270 748
270 398
270 994
359 244
359 934
359 547
359 284
87 633
87 188
87 94
87 473
274 621
274 508
274 238
274 298
560 260
560 721
560 996
560 707
872 973
872 155
872 943
872 401
42 309
42 541
42 299
42 358
388 653
388 648
388 451
388 368
106 161
106 348
106 346
106 669
781 921
781 611
781 681
781 206
400 573
400 816
400 178
400 864
999 249
999 394
999 577
999 782
254 209
254 217
254 185
254 650
21 84
21 435
21 997
21 511
859 784
859 766
859 379
859 424
445 526
445 199
445 546
445 680
741 838
741 149
741 606
741 47
157 29
157 639
157 401
157 431
603 725
603 228
603 981
603 86
905 917
905 401
905 943
905 440
991 590
991 767
991 236
991 916
249 356
249 319
249 963
686 670
686 676
686 528
686 124
745 906
745 666
745 395
745 75
773 499
773 226
773 766
773 990
369 324
369 361
369 878
369 770
373 675
373 320
373 129
373 828
375 614
375 199
375 39
375 924
682 742
682 492
682 607
574 718
574 640
574 789
891 457
891 761
891 295
891 475
196 353
196 758
196 181
196 931
976 428
976 456
976 577
976 346
335 698
335 281
335 653
335 824
380 791
380 881
380 137
380 578
271 871
271 235
271 774
271 786
890 424
890 674
890 36
890 852
244 862
244 242
244 934
607 962
607 507
607 554
74 409
74 806
74 683
74 412
870 498
870 698
870 83
870 432
805 567
805 506
805 739
23 865
23 227
23 671
23 345
230 454
230 232
230 732
230 351
112 519
112 913
112 337
112 206
982 972
982 599
982 336
982 940
568 257
568 3
568 394
568 920
704 727
704 487
704 818
90 197
90 344
90 586
90 851
814 942
814 309
814 525
814 70
797 623
797 14
797 933
797 557
941 744
941 950
941 228
941 823
306 575
306 420
306 192
306 186
703 845
703 337
703 619
108 529
108 374
108 917
108 691
984 463
984 575
984 626
984 509
652 269
652 720
652 516
652 334
968 238
968 19
968 553
968 672
195 590
195 809
195 529
195 488
463 355
463 55
463 70
239 775
239 720
239 496
239 0
649 583
649 790
649 763
649 142
548 747
548 79
548 188
548 771
730 333
730 503
730 602
730 210
895 191
895 330
895 604
895 689
120 86
120 887
120 8
120 65
140 5
140 700
140 332
140 235
144 914
144 293
144 808
144 126
268 97
268 775
268 1
268 967
791 99
791 956
791 883
100 471
100 861
100 967
100 40
576 582
576 172
576 975
576 325
452 638
452 182
452 487
452 938
878 487
878 123
878 292
261 461
261 217
261 858
261 846
58 821
58 961
58 544
58 333
206 963
206 833
118 133
118 979
118 613
118 67
55 595
55 625
55 955
280 318
280 207
280 459
280 960
69 421
69 154
69 714
69 174
889 856
889 997
889 450
954 260
954 569
954 218
954 804
209 969
209 732
209 94
869 624
869 918
869 32
869 203
710 928
710 324
710 191
710 252
922 855
922 156
922 882
922 702
329 6
329 625
329 974
329 210
785 837
785 771
785 532
785 639
523 907
523 515
523 321
523 746
650 744
650 903
650 732
110 888
110 818
110 938
110 350
252 80
252 201
252 197
514 474
514 753
514 552
514 275
867 924
867 588
867 234
867 830
755 648
755 240
755 114
755 0
893 833
893 165
893 637
893 863
153 540
153 428
153 475
153 511
330 262
330 518
124 342
124 993
124 174
681 937
681 826
681 904
176 151
176 903
176 219
176 278
728 98
728 224
728 474
728 353
307 559
307 511
307 875
307 397
882 626
882 34
882 175
815 879
815 1
815 119
815 288
943 103
943 879
46 25
46 345
46 313
46 62
618 796
618 767
618 171
618 932
311 267
311 67
311 960
311 386
772 738
772 8
772 680
772 757
512 83
512 2
512 426
512 687
762 931
762 202
762 688
762 148
631 180
631 31
631 875
631 418
899 947
899 91
899 695
899 583
32 769
32 83
32 616
948 458
948 774
948 339
948 5
453 909
453 807
453 4
453 379
712 545
712 146
712 396
164 447
164 9
164 828
164 563
609 527
609 654
609 782
609 839
466 660
466 19
466 180
466 733
502 900
502 973
502 638
502 759
507 522
507 811
507 212
151 950
151 171
151 160
625 409
625 705
940 812
940 735
940 8
393 952
393 482
393 923
393 168
819 640
819 754
819 561
819 783
504 851
504 674
504 786
504 583
915 246
915 135
915 586
915 657
237 297
237 777
237 126
237 186
571 951
571 966
571 715
278 715
278 909
278 629
343 629
343 526
343 591
213 432
213 960
213 589
708 379
708 521
708 541
708 637
284 516
284 383
284 14
768 944
768 109
768 780
768 723
15 666
15 949
15 619
15 986
101 539
101 907
101 185
101 794
646 776
646 540
646 450
646 234
381 442
381 717
381 597
381 272
700 210
700 302
447 208
447 439
447 137
799 757
799 138
799 770
799 63
953 60
953 449
953 694
953 189
363 563
363 613
363 391
363 357
917 374
917 530
80 272
80 41
80 353
127 205
127 777
127 82
127 99
411 965
411 431
411 7
411 469
316 658
316 50
316 454
347 143
347 714
347 277
347 376
170 936
170 823
170 923
170 688
638 446
638 340
16 840
16 146
16 331
16 690
171 738
171 977
44 723
44 931
44 98
44 709
907 93
907 503
749 647
749 451
749 128
749 566
988 599
988 910
988 521
988 320
518 510
518 424
518 992
366 685
366 19
366 750
366 349
698 281
698 581
592 374
592 665
592 831
592 489
632 143
632 581
632 251
632 539
31 483
31 614
31 725
299 833
299 323
299 251
371 207
371 493
371 956
371 178
484 464
484 65
484 983
484 33
290 721
290 630
290 951
407 965
407 525
407 852
407 840
269 289
269 25
269 992
794 919
794 193
794 267
852 621
852 939
615 82
615 662
615 743
615 464
880 978
880 942
880 3
880 473
194 729
194 656
194 33
194 628
707 601
707 152
707 222
294 530
294 841
294 339
294 557
565 167
565 470
565 690
565 562
429 491
429 492
429 589
429 535
399 656
399 987
399 784
399 874
587 596
587 245
587 695
587 138
524 229
524 155
524 130
524 104
697 52
697 18
697 975
697 687
955 765
955 803
955 216
202 41
202 362
202 255
567 314
567 117
567 913
248 594
248 522
248 786
305 627
305 809
305 796
305 30
499 963
499 441
499 324
790 491
790 788
395 302
395 397
395 927
532 543
532 85
532 837
558 912
558 806
558 439
14 938
14 761
892 102
892 296
892 396
892 312
684 332
684 415
684 573
692 975
692 438
692 655
692 45
228 610
228 812
332 736
332 664
243 803
243 974
243 898
243 998
949 310
949 725
949 431
470 562
470 150
470 198
105 582
105 934
105 965
105 776
527 839
527 182
527 694
115 526
115 714
115 971
115 822
800 901
800 570
800 616
800 9
457 182
457 658
457 696
758 185
758 20
758 789
515 321
515 317
515 428
919 225
919 770
919 38
250 401
250 825
250 383
250 82
472 671
472 291
472 410
472 925
961 683
961 82
961 802
617 997
617 995
617 811
617 384
857 256
857 25
857 158
857 936
884 122
884 27
884 998
884 556
354 675
354 847
354 309
354 64
678 564
678 471
678 577
678 259
152 79
152 0
314 969
314 104
314 958
580 460
580 612
580 425
580 611
357 460
357 489
357 935
454 334
454 76
462 328
462 801
462 990
462 873
885 67
885 434
885 247
885 837
320 217
320 521
572 396
572 282
572 231
572 142
133 41
133 830
133 92
337 868
337 912
478 143
478 60
478 605
478 928
865 911
865 695
865 132
166 150
166 651
166 423
166 160
370 193
370 27
370 345
370 824
731 679
731 338
731 494
731 854
902 356
902 908
902 733
902 468
756 325
756 694
756 939
756 295
995 384
995 987
995 683
446 583
446 165
446 636
57 760
57 420
57 102
57 570
957 461
957 482
957 440
212 508
212 969
212 807
980 691
980 199
980 868
980 292
313 62
313 425
313 911
654 630
654 734
654 190
372 304
372 360
372 847
372 188
740 739
740 636
740 908
740 336
226 777
226 990
226 163
506 556
506 554
557 193
557 419
204 836
204 541
204 13
204 434
338 13
338 997
338 480
932 441
932 666
932 342
591 748
591 519
591 461
498 485
498 622
498 516
555 845
555 121
555 190
555 939
510 404
510 691
510 362
566 726
566 501
566 147
24 826
24 928
24 528
24 351
901 227
901 167
901 744
309 942
396 325
8 18
584 352
584 925
584 711
584 839
53 92
53 45
53 663
53 130
964 49
964 610
964 581
754 552
754 300
754 503
387 283
387 136
387 394
387 77
989 721
989 696
989 84
989 420
842 792
842 612
842 208
842 30
787 910
787 113
787 923
787 553
959 154
959 256
959 722
959 414
904 792
904 333
904 851
262 490
262 987
262 716
93 887
93 751
93 601
627 662
627 547
687 449
687 931
286 70
286 221
286 282
384 302
384 909
224 832
224 750
224 236
409 497
409 296
586 928
586 520
645 39
645 390
645 554
382 528
382 570
382 114
382 493
766 985
766 633
643 412
643 662
643 344
807 680
807 846
735 442
735 92
735 493
656 979
656 88
475 986
475 259
930 711
930 856
930 601
177 168
177 288
177 554
177 760
333 827
341 12
341 966
341 863
341 752
850 247
850 816
850 863
850 849
148 49
148 111
148 126
717 616
717 433
717 994
858 256
858 606
858 647
236 604
236 916
275 365
275 197
38 679
38 295
38 181
934 994
167 744
61 220
61 340
61 844
688 823
688 59
596 304
596 245
596 774
622 540
622 862
622 485
841 973
841 677
841 856
405 29
405 699
405 234
405 488
992 358
992 376
437 911
437 767
437 647
437 606
944 983
944 926
944 109
798 520
798 180
798 423
923 883
26 253
26 751
26 677
26 273
75 344
75 73
75 701
63 138
63 72
63 664
172 759
172 670
172 421
640 180
640 145
35 22
35 97
35 876
35 346
491 918
491 783
103 125
103 43
103 352
137 378
137 439
914 331
914 417
914 801
465 829
465 663
465 736
465 205
898 107
898 40
975 7
713 414
713 929
713 896
713 979
856 834
264 778
264 843
264 48
264 500
764 981
764 104
764 702
764 134
471 135
471 861
340 924
340 663
839 801
444 326
444 351
444 552
444 844
551 748
551 827
551 556
391 291
391 809
391 861
349 916
349 658
349 458
579 595
579 481
579 43
192 485
192 65
827 820
131 179
131 426
131 303
131 734
356 225
356 77
476 848
476 874
416 451
416 73
416 864
416 559
13 288
13 317
138 438
517 276
517 216
517 36
392 873
392 386
392 377
662 743
642 111
642 59
642 863
642 716
247 547
247 50
918 377
918 368
256 378
737 666
737 748
737 894
245 886
245 553
116 130
116 291
116 621
116 633
434 240
434 623
302 114
624 818
624 854
624 508
689 719
689 806
378 456
378 49
998 974
998 30
364 20
364 258
364 117
364 811
149 752
149 377
149 389
732 126
496 350
496 903
496 973
876 824
876 812
876 97
94 331
94 425
81 222
81 450
81 620
81 253
368 848
368 668
279 661
279 422
279 921
279 679
469 414
469 0
469 128
820 464
820 817
820 276
5 460
5 76
229 242
229 543
229 962
929 223
929 821
929 439
403 296
403 480
403 474
403 945
913 535
913 843
77 91
77 440
483 189
483 99
461 519
854 996
854 494
822 232
822 500
822 823
175 211
175 742
175 746
433 293
433 729
433 344
792 711
792 488
211 201
211 965
211 604
599 714
350 788
350 119
614 725
614 644
163 639
163 376
163 425
379 829
806 601
150 747
150 315
216 711
28 495
28 672
28 481
28 589
190 939
190 59
135 769
135 605
810 70
810 282
810 911
810 776
22 113
22 588
468 362
468 352
468 983
727 747
727 117
727 235
946 533
946 415
946 182
30 594
644 308
644 266
538 626
538 91
538 977
538 64
971 7
971 50
971 668
945 147
945 761
945 543
109 760
109 321
830 315
830 360
438 96
421 482
421 855
759 733
759 972
1 809
1 671
903 802
521 845
594 72
594 935
718 408
718 449
718 145
255 637
255 782
255 595
331 950
203 64
203 879
203 358
958 765
958 634
958 978
533 322
533 155
533 716
833 573
952 107
952 873
952 365
474 159
894 868
894 168
894 187
141 739
141 355
141 909
141 489
783 701
783 60
750 933
750 553
947 406
947 933
51 962
51 702
51 117
51 746
829 52
829 458
178 277
178 234
641 672
641 121
641 539
641 183
428 181
223 605
223 342
223 552
383 825
383 473
102 720
102 655
273 578
273 398
273 233
219 477
219 582
505 200
505 883
505 513
505 448
374 665
4 535
232 145
232 225
661 96
661 679
661 818
910 2
910 208
788 881
788 702
951 780
951 721
706 753
706 25
706 763
706 821
418 318
418 95
418 967
780 96
780 258
301 104
301 896
301 828
301 111
778 779
778 831
778 443
906 481
906 985
906 669
832 726
832 122
832 322
304 485
304 300
385 663
385 492
385 231
385 334
334 582
956 291
956 657
926 326
926 136
926 563
187 881
187 752
128 414
128 635
653 162
653 629
283 575
283 619
283 530
676 597
676 528
676 670
265 509
265 339
265 860
265 287
658 404
346 327
670 479
424 590
33 840
33 297
272 803
272 597
222 365
222 620
696 793
696 564
111 207
191 972
398 43
398 12
513 588
513 669
685 448
685 415
685 45
132 695
132 17
132 210
888 136
888 561
888 477
550 860
550 578
550 413
550 154
647 456
52 680
52 477
367 287
367 855
367 796
367 303
6 198
6 840
6 860
259 912
259 612
900 408
900 154
900 808
779 562
779 937
779 183
129 828
129 449
129 221
541 419
804 657
804 260
804 160
266 353
266 220
266 801
665 628
665 495
673 824
673 323
673 674
673 694
282 221
793 715
793 516
793 751
432 497
432 709
699 156
699 37
699 11
71 531
71 613
71 37
253 362
253 419
277 296
277 417
321 495
162 920
162 588
162 257
520 986
49 763
85 488
85 611
322 480
322 753
509 29
509 602
545 887
545 723
660 526
660 651
660 671
733 534
821 763
597 442
811 95
2 48
2 668
238 312
950 318
761 193
289 263
289 408
289 406
825 47
817 847
817 423
817 752
981 189
981 459
293 79
293 40
962 443
979 683
620 542
620 969
179 142
179 443
351 155
319 287
319 886
319 846
529 20
529 757
494 782
494 808
873 328
186 7
186 746
355 634
355 883
562 376
753 168
40 593
547 50
938 993
65 519
577 208
142 467
996 11
996 96
539 76
107 636
107 361
924 912
544 17
544 771
765 495
765 417
881 147
113 602
113 246
217 760
47 490
47 62
165 637
165 927
675 426
675 297
743 464
743 73
860 575
146 838
146 336
27 936
27 556
972 834
669 851
933 303
602 114
651 634
651 736
310 200
310 593
522 569
426 844
410 846
974 803
406 715
406 573
595 564
18 983
41 458
569 834
569 98
738 64
738 318
36 312
36 674
606 935
742 158
742 156
183 17
183 937
415 826
19 159
729 258
729 240
812 916
525 849
525 459
501 648
501 361
501 325
677 198
826 17
34 482
34 542
34 267
292 608
292 985
481 315
559 327
559 473
897 480
897 862
897 719
897 460
716 479
160 709
317 119
317 412
629 98
994 413
657 201
39 875
37 45
37 11
422 200
422 308
422 263
530 189
246 722
246 834
198 886
227 887
227 767
435 966
435 739
435 413
174 125
174 361
12 542
12 925
837 570
43 134
467 963
467 849
467 664
20 201
386 3
386 323
786 691
404 561
705 342
705 987
705 848
831 635
831 205
76 145
134 312
121 608
121 413
231 937
231 287
459 925
218 72
218 412
218 156
339 978
564 623
610 784
610 88
534 159
534 836
534 11
990 260
360 281
390 774
390 298
796 67
48 500
297 233
843 879
843 258
324 871
511 60
784 864
849 734
862 242
808 546
628 736
628 751
672 993
323 723
604 235
136 802
417 720
942 276
95 816
95 855
477 328
300 927
836 200
451 441
908 158
769 456
394 920
263 861
263 408
389 326
389 503
72 308
220 487
220 581
448 630
327 561
327 9
985 874
816 123
122 734
122 267
207 83
634 546
613 896
158 690
497 185
497 847
921 345
802 442
608 886
431 639
776 86
225 125
84 635
84 770
441 726
611 605
757 966
233 578
233 531
977 130
977 630
161 29
161 719
490 123
251 701
251 88
3 197
593 986
775 719
935 531
531 838
242 86
563 9
874 123
978 365
181 295
423 308
125 240
73 838
348 62
348 871
348 664
590 845
655 336
844 326
276 848
479 352
722 298
722 868
257 920
636 88
288 633
626 419
967 99
358 199
771 635
612 589
