945 99
945 630
945 978
945 7
965 899
965 2
965 838
965 934
212 146
212 850
212 923
212 849
297 847
297 912
297 877
297 196
932 536
932 175
932 787
932 496
995 570
995 207
995 893
995 265
17 997
17 33
17 417
17 960
58 511
58 182
58 591
58 345
270 525
270 779
270 94
270 380
912 612
912 588
912 819
357 781
357 585
357 970
357 44
651 608
651 535
651 961
651 31
257 124
257 355
257 638
257 964
304 379
304 149
304 319
304 888
446 831
446 823
446 82
446 80
994 691
994 465
994 261
994 882
540 698
540 453
540 777
540 433
772 309
772 582
772 909
772 604
331 518
331 682
331 363
331 937
778 509
778 504
778 264
778 459
678 969
678 146
678 37
678 813
971 861
971 573
971 940
971 570
443 960
443 617
443 899
443 674
467 955
467 329
467 684
467 883
119 366
119 121
119 617
119 30
635 944
635 271
635 311
635 344
246 735
246 380
246 746
246 420
676 143
676 950
676 46
676 539
191 840
191 816
191 6
191 254
740 833
740 975
740 541
740 488
385 847
385 591
385 353
385 906
834 904
834 359
834 792
834 962
313 999
313 431
313 434
313 729
586 734
586 757
586 608
586 920
71 822
71 188
71 773
71 853
186 728
186 47
186 506
186 117
445 231
445 78
445 891
445 101
476 662
476 739
476 334
476 112
549 857
549 111
549 302
549 554
713 415
713 598
713 63
713 72
756 698
756 563
756 868
756 747
783 553
783 204
783 80
783 700
64 209
64 951
64 167
64 415
555 276
555 347
555 747
555 870
141 341
141 701
141 356
141 371
250 941
250 175
250 39
250 360
292 100
292 223
292 164
292 51
419 974
419 139
419 366
419 105
429 405
429 829
429 816
429 73
653 156
653 507
653 131
653 233
92 862
92 238
92 165
92 806
739 957
739 126
739 272
499 264
499 79
499 198
499 905
977 288
977 523
977 389
977 939
34 131
34 516
34 699
34 921
389 69
389 438
389 488
225 427
225 565
225 874
225 744
594 188
594 794
594 933
594 991
592 782
592 908
592 696
592 569
796 477
796 518
796 914
796 504
478 512
478 25
478 986
478 133
545 947
545 110
545 571
545 398
523 898
523 634
523 155
925 703
925 509
925 547
925 433
577 435
577 704
577 332
577 763
667 591
667 872
667 843
667 799
249 763
249 308
249 166
249 255
277 685
277 300
277 286
277 726
640 707
640 265
640 992
640 174
308 113
308 426
308 528
893 659
893 868
893 425
57 863
57 578
57 252
57 815
228 907
228 652
228 725
228 187
120 968
120 566
120 695
120 757
284 455
284 256
284 517
284 456
423 615
423 128
423 79
423 808
959 707
959 606
959 869
959 204
349 804
349 954
349 96
349 189
930 69
930 416
930 920
930 377
354 887
354 60
354 613
354 20
865 652
865 702
865 552
865 799
319 882
319 980
319 355
758 780
758 837
758 508
758 19
397 894
397 663
397 672
397 259
714 961
714 917
714 59
714 494
202 398
202 695
202 919
202 100
996 273
996 790
996 978
996 919
786 926
786 44
786 378
786 842
892 91
892 81
892 688
892 983
921 273
921 813
921 296
285 770
285 983
285 814
285 442
392 757
392 743
392 495
392 835
699 853
699 824
699 75
755 934
755 901
755 166
755 174
320 182
320 716
320 673
320 879
615 776
615 735
615 98
373 471
373 460
373 486
373 589
590 534
590 63
590 588
590 818
752 706
752 316
752 307
752 220
803 329
803 952
803 37
803 918
603 770
603 823
603 350
603 14
674 962
674 836
674 46
122 83
122 402
122 342
122 947
599 681
599 864
599 650
599 556
343 428
343 61
343 777
343 701
455 41
455 481
455 12
154 310
154 924
154 560
154 59
668 378
668 65
668 524
668 705
4 969
4 482
4 132
4 293
760 414
760 266
760 730
760 450
748 532
748 215
748 450
748 962
769 340
769 688
769 145
769 216
247 326
247 881
247 6
247 754
487 858
487 937
487 780
487 576
557 435
557 61
557 352
557 875
792 248
792 533
792 992
289 547
289 597
289 934
289 461
483 886
483 438
483 861
483 974
382 226
382 167
382 529
382 111
151 953
151 31
151 529
151 943
369 687
369 879
369 425
369 269
584 242
584 399
584 675
584 544
782 979
782 887
782 929
268 42
268 854
268 310
268 401
954 750
954 790
954 325
209 53
209 32
209 335
496 517
496 831
496 562
255 407
255 492
255 815
463 42
463 79
463 851
463 588
387 244
387 896
387 518
387 787
911 416
911 117
911 182
911 885
169 924
169 205
169 724
169 340
194 197
194 15
194 33
194 616
761 738
761 91
761 161
761 126
972 950
972 70
972 22
972 805
127 353
127 807
127 947
127 80
951 407
951 538
951 479
404 808
404 843
404 441
404 83
671 867
671 811
671 47
671 259
134 230
134 832
134 365
134 47
438 883
438 677
138 808
138 361
138 544
138 679
737 735
737 652
737 938
737 0
412 334
412 567
412 59
412 687
711 694
711 294
711 928
711 613
217 779
217 449
217 793
217 774
472 833
472 628
472 391
472 109
263 124
263 372
263 554
263 53
588 54
418 8
418 669
418 887
418 340
611 342
611 689
611 717
611 480
223 629
223 639
223 759
286 821
286 73
286 166
67 420
67 942
67 282
67 619
533 326
533 402
533 205
587 907
587 176
587 59
587 953
828 54
828 802
828 20
828 947
114 975
114 768
114 847
114 149
873 904
873 953
873 891
873 264
38 283
38 950
38 532
38 528
97 498
97 431
97 774
97 846
718 116
718 723
718 424
718 619
759 707
759 550
759 39
256 877
256 985
256 843
636 984
636 817
636 440
636 922
689 855
689 859
689 26
139 578
139 524
139 237
408 388
408 957
408 519
408 338
206 661
206 916
206 583
206 155
318 940
318 894
318 461
318 187
2 794
2 844
2 180
237 14
237 923
237 627
800 470
800 190
800 901
800 295
799 505
799 411
832 645
832 874
832 702
511 168
511 140
511 267
917 430
917 272
917 509
583 663
583 330
583 116
854 94
854 890
854 956
884 251
884 473
884 121
884 21
393 364
393 627
393 766
393 919
675 140
675 276
675 851
390 298
390 430
390 936
390 685
749 895
749 681
749 347
749 846
195 291
195 248
195 983
195 785
839 162
839 130
839 351
839 717
330 690
330 21
330 454
655 842
655 707
655 394
655 50
109 314
109 3
109 890
507 79
507 943
507 732
916 906
916 230
916 179
84 801
84 176
84 614
84 563
105 794
105 993
105 547
312 182
312 831
312 500
312 712
866 368
866 86
866 764
866 210
613 447
613 69
943 5
943 903
731 149
731 610
731 978
731 618
935 685
935 494
935 820
935 601
765 218
765 946
765 929
765 226
811 294
811 669
811 321
938 201
938 798
938 210
700 430
700 692
700 955
541 502
541 697
541 414
694 314
694 883
694 417
659 466
659 913
659 574
686 946
686 233
686 704
686 988
98 32
98 234
98 789
353 174
353 229
49 526
49 384
49 510
49 317
348 145
348 708
348 361
348 407
543 261
543 664
543 550
543 93
8 23
8 576
8 767
990 261
990 964
990 293
990 987
86 982
86 940
86 619
235 660
235 111
235 5
235 656
879 89
879 231
396 116
396 323
396 310
396 10
208 24
208 905
208 184
208 985
377 216
377 988
377 131
265 927
265 266
11 900
11 705
11 741
11 494
360 818
360 589
360 704
474 253
474 750
474 581
474 76
324 211
324 260
324 522
324 575
738 480
738 537
738 493
157 642
157 641
157 41
157 649
825 253
825 449
825 355
825 30
215 980
215 427
215 833
766 491
766 546
766 136
287 907
287 275
287 774
287 579
791 508
791 683
791 751
791 459
260 643
260 973
260 656
508 248
508 160
301 717
301 906
301 548
301 298
546 232
546 809
546 914
185 516
185 405
185 776
185 831
743 12
743 149
743 3
493 730
493 598
493 40
896 347
896 302
896 924
468 802
468 790
468 744
468 75
571 60
571 399
571 720
657 976
657 159
657 915
657 45
394 6
394 566
394 365
280 809
280 660
280 680
280 936
732 346
732 266
732 754
997 701
997 841
997 178
303 993
303 929
303 777
303 702
362 876
362 693
362 741
362 299
715 422
715 104
715 515
715 72
944 181
944 242
944 708
19 505
19 358
19 581
104 458
104 488
104 62
856 625
856 78
856 60
856 379
278 708
278 628
278 262
278 334
454 745
454 706
454 294
314 481
314 72
267 563
267 596
267 548
790 897
662 39
662 456
662 23
974 7
974 135
132 989
132 650
132 830
745 639
745 110
745 937
470 517
470 514
470 757
624 561
624 801
624 984
624 338
41 530
41 660
218 650
218 311
218 334
180 719
180 542
180 820
413 484
413 562
413 958
413 489
682 316
682 118
682 380
888 621
888 337
888 609
337 727
337 869
337 309
890 486
890 299
252 967
252 567
252 352
931 605
931 536
931 274
931 953
781 269
781 409
781 920
903 227
903 548
903 66
448 281
448 477
448 982
448 143
21 201
21 519
350 697
350 332
350 221
238 654
238 619
238 780
148 115
148 227
148 987
148 211
564 563
564 376
564 325
564 863
646 968
646 274
646 901
646 559
30 817
30 388
568 40
568 60
568 165
568 512
852 190
852 113
852 241
852 566
904 188
904 414
595 773
595 521
595 102
595 998
347 192
199 177
199 449
199 62
199 113
524 106
524 298
172 158
172 762
172 973
172 634
241 440
241 55
241 45
506 918
506 61
506 432
940 46
9 723
9 345
9 864
9 721
665 55
665 124
665 356
665 907
550 356
550 641
370 844
370 725
370 346
370 10
159 447
159 282
159 833
838 991
838 189
838 415
479 810
479 579
479 466
339 492
339 966
339 189
339 424
768 283
768 688
768 63
162 386
162 754
162 315
763 862
763 620
65 771
65 26
65 240
156 986
156 683
156 326
375 642
375 952
375 776
375 795
727 857
727 155
727 415
181 983
181 967
181 775
596 283
596 96
596 108
253 722
253 26
160 115
160 637
160 513
244 513
244 167
244 504
295 146
295 875
295 431
963 717
963 647
963 28
963 845
395 417
395 133
395 618
395 437
821 878
821 367
821 481
440 95
440 552
608 908
608 422
785 510
785 374
785 77
188 279
431 789
664 465
664 669
664 388
722 552
722 721
722 242
439 815
439 100
439 827
439 734
869 538
869 530
85 40
85 806
85 35
85 807
371 626
371 886
371 13
491 728
491 841
491 432
650 709
795 578
795 464
795 243
967 36
967 384
860 697
860 928
860 874
860 628
93 957
93 495
93 641
231 213
231 939
150 725
150 536
150 835
150 614
213 366
213 23
213 374
889 591
889 433
889 258
889 130
961 450
961 673
26 152
406 275
406 567
406 388
406 746
485 328
485 581
485 383
485 516
728 946
728 158
551 880
551 245
551 915
551 384
902 702
902 302
902 24
902 870
28 814
28 812
28 968
632 939
632 601
632 422
632 804
89 232
89 841
89 532
462 626
462 883
462 773
462 432
37 135
37 99
43 72
43 522
43 103
43 626
108 962
108 840
108 946
332 451
332 878
240 66
240 612
240 617
780 503
88 623
88 135
88 969
88 242
274 87
274 882
920 6
580 214
580 827
580 810
580 409
736 926
736 835
736 629
736 984
473 897
473 734
473 529
573 359
573 824
573 589
692 956
692 999
692 91
797 845
797 328
797 400
797 867
18 922
18 66
18 161
18 358
29 805
29 639
29 658
29 960
145 643
145 380
12 224
12 299
629 52
629 414
444 441
444 80
444 363
444 379
960 129
173 300
173 165
173 345
173 878
991 820
991 352
90 620
90 221
90 754
90 988
813 379
813 574
424 403
424 886
609 987
609 958
609 107
142 236
142 815
142 378
142 929
631 952
631 534
631 430
631 101
124 456
25 913
25 471
25 315
311 847
311 871
69 140
219 35
219 826
219 198
219 306
325 612
325 469
118 687
118 928
118 909
538 302
538 818
204 68
204 447
956 512
956 427
342 51
342 919
926 710
926 113
841 614
848 123
848 391
848 572
848 633
914 649
914 229
45 723
45 501
410 770
410 742
410 78
410 980
465 607
465 184
767 168
767 171
767 696
450 391
724 336
724 601
724 532
70 579
70 24
70 136
174 553
27 381
27 691
27 798
27 426
770 733
269 115
269 399
383 661
383 976
383 981
229 819
229 542
140 520
683 378
683 900
788 556
788 386
788 497
788 405
984 764
198 437
198 804
183 488
183 776
183 458
183 918
501 898
501 693
501 36
784 480
784 106
784 147
784 51
666 411
666 323
666 163
666 536
830 793
830 851
830 837
842 193
842 521
992 648
992 877
452 129
452 100
452 341
452 82
985 824
985 648
68 322
68 200
68 266
509 193
643 321
643 872
328 177
328 843
934 403
537 703
537 627
537 679
741 638
741 981
203 13
203 192
203 0
203 469
307 562
307 276
307 33
335 658
335 753
335 941
227 164
227 836
345 871
178 849
178 420
178 531
808 300
978 513
579 762
143 582
143 482
670 703
670 593
670 618
670 214
95 870
95 853
95 525
630 661
630 705
630 909
401 560
401 477
401 849
822 381
822 726
822 970
726 464
726 625
520 641
520 775
520 305
574 798
574 958
310 498
458 846
458 909
575 179
575 948
575 968
684 891
684 510
684 529
773 336
572 293
572 161
572 403
681 336
681 955
810 216
810 464
998 633
998 48
998 986
729 569
729 942
729 254
73 372
73 948
358 13
358 327
403 989
52 677
52 871
52 656
910 733
910 600
910 42
910 457
87 528
87 558
87 205
639 746
606 942
606 710
606 428
975 658
975 565
367 851
367 123
367 15
958 126
0 46
0 39
24 437
704 153
168 762
168 530
407 857
652 924
1 351
1 497
1 214
1 669
720 560
720 558
720 457
647 887
647 829
647 980
868 719
868 605
801 200
801 654
136 622
136 527
859 526
859 680
859 719
867 442
867 344
76 645
76 602
76 964
112 323
112 376
112 53
687 421
296 453
296 623
296 135
710 106
710 816
696 386
696 264
845 679
845 649
514 617
514 837
514 197
725 400
779 323
779 144
464 798
598 895
598 901
374 376
374 548
421 279
421 171
421 74
236 895
236 83
236 775
716 411
716 771
716 775
386 680
709 187
709 880
709 131
442 556
442 33
40 787
661 897
125 61
125 489
125 597
125 836
885 750
885 327
885 222
101 55
101 863
262 461
262 895
262 685
824 730
106 239
197 451
197 527
894 698
894 356
15 16
15 677
115 874
690 918
690 495
690 460
927 420
927 222
927 593
31 937
31 14
733 306
733 165
539 816
539 81
539 281
22 475
22 44
22 771
913 607
913 94
346 63
346 582
966 245
966 44
966 144
835 535
882 531
133 585
133 74
192 210
192 735
275 130
275 282
950 857
602 484
602 170
602 51
936 475
936 193
381 973
381 836
849 578
525 196
525 941
291 542
291 614
291 787
771 570
111 447
428 744
428 164
490 189
490 535
490 81
490 906
915 535
915 553
600 402
600 128
600 742
794 288
222 829
222 368
35 53
35 288
42 688
232 976
232 817
556 147
305 152
305 908
305 13
976 706
163 654
163 802
163 338
987 544
5 211
5 460
254 16
254 290
309 261
309 83
552 872
190 979
190 576
251 672
251 515
251 170
243 50
243 949
243 459
457 211
457 899
352 986
858 481
858 721
858 876
368 993
368 233
494 279
721 48
970 259
970 881
593 129
593 908
521 179
521 99
672 207
672 526
706 365
823 290
823 819
628 503
654 449
658 928
942 50
259 948
299 363
126 177
626 660
315 712
315 214
872 230
522 933
522 519
451 751
451 102
999 128
999 184
645 862
645 622
864 620
864 484
844 207
844 964
534 425
534 973
638 422
638 747
861 527
861 416
695 167
695 434
562 663
432 344
460 20
621 480
621 513
621 881
152 436
152 693
558 50
558 497
322 340
322 500
322 94
597 164
597 176
155 633
161 750
234 200
234 469
234 703
81 955
77 461
77 153
77 500
649 979
495 364
933 66
933 993
648 673
648 426
846 673
281 279
281 48
680 559
129 880
561 589
561 612
561 679
734 158
793 272
793 220
979 805
777 425
764 554
764 817
153 875
153 498
616 230
616 36
616 634
107 827
107 210
107 16
273 117
273 78
518 519
54 411
54 605
530 300
819 898
644 359
644 881
644 497
644 417
585 433
585 900
3 364
3 637
569 610
569 327
723 705
317 103
317 876
317 604
200 922
137 850
137 402
137 333
137 663
276 527
620 604
453 110
453 510
233 364
258 333
258 531
258 316
187 82
398 753
398 877
333 691
333 774
818 747
306 627
306 742
751 582
751 128
516 949
840 559
840 62
526 91
384 622
344 905
466 434
466 870
567 271
326 361
56 880
56 989
56 701
56 899
693 559
570 359
207 969
130 293
744 581
989 146
201 123
201 826
804 871
239 221
239 14
239 642
812 329
812 547
812 409
147 941
147 753
158 806
897 515
355 361
171 341
171 753
637 400
637 341
248 601
99 528
123 623
492 900
492 176
175 121
175 886
103 677
103 179
226 391
226 850
862 542
642 48
216 321
475 691
475 622
245 196
245 855
789 20
789 7
829 826
426 437
503 554
503 923
271 294
271 952
110 922
500 220
47 625
441 435
441 205
224 74
224 633
224 10
102 607
102 62
75 400
75 399
405 504
321 7
625 981
416 875
144 827
144 221
196 826
376 988
905 553
283 82
434 477
327 435
923 853
855 698
855 807
814 898
814 517
486 807
486 184
618 489
121 505
220 365
512 298
948 489
338 762
329 515
982 436
982 427
10 623
607 566
981 605
23 351
809 805
809 742
604 820
891 939
610 484
610 498
957 32
177 565
316 708
560 482
878 372
36 193
372 272
482 74
32 351
363 55
16 288
876 730
531 712
802 336
290 436
290 502
166 505
456 949
116 656
96 282
96 850
170 459
170 471
544 719
576 471
436 469
634 697
712 949
366 746
409 837
117 502
863 502
806 565
