132 651
132 446
132 175
132 514
268 151
268 954
268 212
268 606
191 576
191 984
191 687
191 95
354 183
354 285
354 693
354 115
182 352
182 484
182 554
182 90
534 54
534 731
534 971
534 556
343 214
343 457
343 860
343 772
488 816
488 275
488 146
488 59
217 319
217 521
217 531
217 639
757 121
757 120
757 464
757 998
584 254
584 958
584 684
584 406
959 166
959 250
959 391
959 822
444 843
444 978
444 282
444 861
948 998
948 699
948 50
948 681
917 629
917 491
917 882
917 434
988 472
988 525
988 110
988 374
473 562
473 895
473 972
473 385
862 593
862 852
862 199
862 626
526 861
526 194
526 647
526 813
874 700
874 336
874 434
874 535
246 788
246 878
246 726
246 690
411 183
411 78
411 385
411 194
429 168
429 503
429 573
429 643
941 397
941 486
941 277
941 963
156 439
156 581
156 109
156 558
517 746
517 101
517 303
517 617
313 51
313 18
313 272
313 881
321 300
321 117
321 377
321 380
123 732
123 211
123 244
123 378
340 167
340 492
340 523
340 11
284 296
284 372
284 506
284 989
294 599
294 643
294 836
294 503
159 79
159 897
159 170
159 224
937 931
937 153
937 111
937 640
768 25
768 807
768 426
768 219
901 713
901 536
901 928
901 413
787 575
787 654
787 700
787 771
914 227
914 395
914 950
914 460
314 579
314 492
314 319
314 416
810 391
810 65
810 873
810 739
33 770
33 931
33 759
33 927
568 438
568 112
568 603
568 807
213 797
213 437
213 48
213 468
764 208
764 152
764 745
764 595
318 306
318 103
318 663
318 825
966 697
966 116
966 934
966 528
431 990
431 43
431 189
431 938
986 782
986 656
986 349
986 770
64 909
64 501
64 91
64 949
555 935
555 835
555 701
555 262
223 873
223 214
223 629
223 485
957 920
957 5
957 329
957 311
137 54
137 806
137 754
137 462
625 407
625 472
625 765
625 478
335 239
335 148
335 562
335 605
609 235
609 13
609 847
609 41
415 945
415 462
415 187
415 124
489 433
489 995
489 660
489 326
287 713
287 466
287 913
287 363
569 760
569 623
569 848
569 651
75 409
75 982
75 46
75 83
915 7
915 462
915 91
915 155
304 786
304 397
304 634
304 465
658 992
658 893
658 958
658 708
784 376
784 461
784 741
784 334
476 820
476 124
476 549
476 858
850 480
850 565
850 282
850 459
341 758
341 899
341 700
341 406
805 356
805 722
805 997
805 96
428 870
428 633
428 424
428 448
544 711
544 145
544 9
544 120
748 362
748 307
748 168
748 146
900 905
900 792
900 550
900 883
125 130
125 394
125 4
125 730
134 871
134 424
134 110
134 114
269 954
269 14
269 873
269 549
636 888
636 505
636 587
636 820
80 83
80 505
80 975
80 990
620 792
620 972
620 78
620 576
960 639
960 315
960 529
960 263
218 170
218 546
218 998
218 527
999 597
999 312
999 919
999 419
596 983
596 707
596 737
596 955
622 815
622 715
622 848
622 58
286 173
286 366
286 728
286 24
725 971
725 50
725 903
725 692
615 926
615 490
615 865
615 122
635 633
635 220
635 470
635 956
331 913
331 283
331 12
331 977
876 95
876 733
876 511
876 662
327 614
327 196
327 956
327 906
497 925
497 381
497 868
497 316
226 30
226 234
226 198
226 281
451 589
451 281
451 669
451 697
2 885
2 88
2 165
2 406
557 885
557 605
557 208
557 239
585 613
585 173
585 657
585 599
649 750
649 300
649 229
649 296
8 857
8 583
8 747
8 435
637 699
637 974
637 936
637 669
571 177
571 388
571 356
571 378
714 410
714 597
714 582
714 14
86 85
86 539
86 893
86 628
965 885
965 466
965 873
965 25
729 772
729 244
729 330
729 973
922 880
922 97
922 514
922 754
69 799
69 338
69 827
69 58
467 122
467 989
467 458
467 781
255 840
255 930
255 720
255 855
365 898
365 930
365 694
365 597
432 198
432 461
432 397
432 85
964 829
964 126
964 87
964 551
317 611
317 435
317 831
317 758
20 749
20 148
20 111
20 572
202 419
202 404
202 762
202 676
144 630
144 911
144 151
144 558
364 998
364 562
364 177
364 907
500 763
500 326
500 404
500 626
32 628
32 91
32 909
32 59
176 593
176 168
176 270
176 722
502 450
502 237
502 435
502 291
879 427
879 591
879 675
879 3
703 285
703 721
703 627
703 875
869 233
869 363
869 855
869 779
371 254
371 684
371 236
371 715
661 52
661 201
661 812
661 719
819 644
819 823
819 43
819 907
353 940
353 330
353 468
353 962
17 152
17 995
17 583
17 514
169 308
169 291
169 39
169 854
118 110
118 265
118 990
118 448
889 630
889 740
889 696
889 162
830 833
830 975
830 189
830 298
866 19
866 41
866 657
866 691
136 514
136 12
136 945
136 256
107 880
107 560
107 141
107 248
471 911
471 951
471 730
471 780
522 868
522 944
522 316
522 925
570 886
570 881
570 146
570 541
736 220
736 114
736 760
736 607
154 121
154 133
154 546
154 148
668 817
668 985
668 640
668 141
420 410
420 815
420 93
420 85
967 624
967 157
967 363
967 19
34 844
34 133
34 152
34 116
523 11
523 804
523 167
16 872
16 796
16 450
16 802
734 424
734 743
734 58
734 978
26 793
26 813
26 792
26 640
253 494
253 0
253 498
253 798
453 861
453 954
453 618
453 717
735 71
735 662
735 113
735 247
332 813
332 827
332 737
332 968
445 78
445 135
445 881
445 643
586 548
586 360
586 515
586 131
590 608
590 389
590 129
590 149
478 639
478 765
478 407
499 532
499 939
499 769
499 806
403 566
403 746
403 504
403 944
29 409
29 448
29 537
29 496
264 815
264 27
264 37
264 438
240 59
240 83
240 275
240 763
627 285
627 875
627 721
594 381
594 401
594 758
594 807
710 363
710 655
710 6
710 935
252 680
252 591
252 968
252 288
601 858
601 450
601 387
601 23
40 832
40 731
40 438
40 650
947 613
947 475
947 197
947 460
484 90
484 352
484 554
147 845
147 416
147 745
147 401
664 834
664 190
664 71
664 296
185 325
185 652
185 143
185 546
547 465
547 786
547 22
547 634
724 293
724 201
724 765
724 229
98 347
98 945
98 5
98 47
399 723
399 553
399 894
399 694
402 386
402 856
402 211
402 55
890 290
890 891
890 373
890 421
164 717
164 653
164 112
164 390
344 516
344 781
344 487
344 953
408 377
408 418
408 908
408 39
970 972
970 369
970 754
970 463
301 772
301 27
301 844
301 165
104 175
104 270
104 855
104 206
824 865
824 822
824 992
824 796
738 197
738 372
738 400
738 969
961 28
961 338
961 201
961 383
289 374
289 525
289 816
289 628
665 863
665 802
665 454
665 455
711 600
711 120
711 9
228 865
228 527
228 44
228 754
859 537
859 67
859 84
859 145
180 981
180 902
180 47
180 793
685 971
685 248
685 220
685 709
991 761
991 687
991 219
991 82
245 391
245 14
245 971
245 508
436 776
436 496
436 111
436 41
21 670
21 479
21 481
21 170
682 350
682 339
682 647
682 513
171 605
171 504
171 743
171 463
361 379
361 690
361 740
361 24
898 43
898 10
898 405
261 238
261 18
261 575
261 759
892 858
892 700
892 747
892 55
172 809
172 647
172 386
172 845
814 350
814 170
814 422
814 201
129 608
129 149
129 389
508 951
508 74
508 780
493 9
493 145
493 306
493 207
533 944
533 151
533 323
533 797
456 611
456 540
456 266
456 640
614 196
614 906
614 956
519 624
519 923
519 256
519 387
1 372
1 60
1 463
1 531
70 963
70 277
70 410
70 88
447 798
447 437
447 257
447 952
232 618
232 417
232 151
232 430
348 515
348 648
348 776
348 977
76 521
76 152
76 884
76 426
100 799
100 462
100 758
100 778
280 328
280 293
280 683
280 556
510 926
510 337
510 716
510 138
516 487
516 580
516 953
119 113
119 247
119 472
119 349
821 233
821 818
821 689
821 616
320 743
320 184
320 771
320 755
811 564
811 595
811 328
811 716
405 173
405 10
405 43
297 598
297 785
297 248
297 742
864 181
864 369
864 981
864 48
384 10
384 978
384 160
384 262
832 731
832 28
832 650
592 430
592 769
592 597
592 880
632 459
632 831
632 856
632 46
288 50
288 680
288 394
35 613
35 381
35 54
35 902
449 828
449 309
449 560
449 837
375 699
375 803
375 73
375 638
783 378
783 474
783 498
783 475
225 702
225 207
225 674
225 848
695 688
695 580
695 421
695 505
53 903
53 443
53 241
53 791
94 46
94 927
94 339
94 190
589 560
589 669
589 976
828 838
828 837
828 309
887 587
887 203
887 826
887 934
216 759
216 127
216 130
216 311
237 78
237 71
237 11
231 916
231 804
231 210
231 323
774 604
774 693
774 603
774 524
222 278
222 880
222 654
222 110
704 303
704 617
704 101
704 414
530 265
530 259
530 115
530 701
778 794
778 823
778 799
479 383
479 481
479 670
227 950
227 117
227 395
671 495
671 645
671 518
671 962
96 356
96 722
96 997
851 723
851 607
851 560
851 398
163 412
163 474
163 7
163 575
877 347
877 31
877 698
877 567
691 692
691 116
691 513
996 867
996 795
996 888
996 612
379 145
379 12
379 690
773 221
773 65
773 460
773 933
806 769
806 532
443 791
443 241
443 968
751 599
751 386
751 124
751 656
452 677
452 241
452 355
452 899
310 195
310 248
310 127
310 984
486 197
486 963
486 277
563 902
563 251
563 651
563 895
179 667
179 194
179 24
179 166
677 355
677 899
677 911
72 188
72 135
72 140
72 271
308 744
308 940
308 338
333 800
333 833
333 553
333 624
370 359
370 57
370 278
370 106
393 955
393 392
393 448
393 648
267 886
267 849
267 323
267 5
646 709
646 841
646 829
646 126
548 360
548 931
548 515
808 838
808 561
808 712
808 97
455 454
455 591
455 863
617 303
617 101
192 969
192 56
192 672
192 290
652 143
652 976
652 325
602 263
602 373
602 766
602 891
160 943
160 262
160 666
274 56
274 385
274 178
274 763
541 881
541 946
541 886
186 454
186 372
186 863
186 394
577 896
577 739
577 779
577 697
131 10
131 150
131 360
641 612
641 795
641 878
641 867
952 36
952 257
952 437
157 190
157 19
157 377
550 883
550 562
550 905
302 598
302 559
302 946
302 496
788 878
788 679
788 726
388 721
388 706
388 378
777 842
777 574
777 511
777 507
789 49
789 99
789 351
789 718
68 425
68 846
68 49
68 610
292 720
292 856
292 752
292 713
139 654
139 818
139 50
139 849
352 90
352 554
413 536
413 93
413 928
741 461
741 334
741 376
843 861
843 779
843 324
42 744
42 282
42 871
42 739
276 567
276 342
276 212
276 482
174 707
174 931
174 414
174 409
45 672
45 564
45 528
45 692
839 60
839 143
839 470
839 633
258 89
258 92
258 692
258 543
983 417
983 85
983 737
761 463
761 158
761 265
929 840
929 904
929 205
929 150
63 837
63 836
63 919
63 208
744 956
744 739
728 24
728 809
728 759
752 713
752 856
752 121
659 546
659 88
659 797
659 687
918 705
918 872
918 537
918 400
299 975
299 871
299 89
299 25
346 165
346 271
346 623
346 940
38 435
38 396
38 980
38 414
162 740
162 630
162 696
801 347
801 870
801 368
801 559
200 82
200 656
200 204
200 706
84 708
84 600
84 67
543 441
543 943
543 291
509 485
509 573
509 720
509 74
524 693
524 604
524 603
993 482
993 184
993 60
993 416
684 236
684 254
803 638
803 73
803 552
727 358
727 108
727 257
727 153
696 740
696 630
588 22
588 797
588 482
588 260
606 908
606 793
606 47
279 624
279 236
279 206
279 112
345 512
345 853
345 566
345 938
477 61
477 912
477 756
477 215
342 994
342 44
342 114
247 113
247 349
578 538
578 946
578 366
578 362
932 458
932 440
932 833
932 923
732 211
732 244
732 400
579 319
579 23
579 492
642 367
642 907
642 587
642 708
392 648
392 501
392 955
407 765
407 482
857 438
857 747
857 848
675 591
675 3
675 427
875 285
875 721
644 823
644 818
644 367
199 593
199 852
199 183
766 22
766 373
766 891
412 419
412 7
412 834
910 608
910 776
910 178
910 175
433 660
433 190
433 326
933 221
933 65
933 683
884 426
884 290
884 521
491 882
491 679
491 629
794 823
794 366
794 450
57 106
57 359
57 278
538 595
538 946
538 395
62 836
62 414
62 206
62 367
653 390
653 717
653 944
27 37
27 663
924 688
924 678
924 708
924 753
230 815
230 574
230 507
230 842
689 273
689 233
689 503
358 745
358 108
358 153
115 701
115 259
483 812
483 52
483 719
483 55
251 835
251 895
251 781
790 702
790 398
790 380
790 542
442 122
442 441
442 527
442 908
995 480
995 18
102 305
102 490
102 468
102 645
581 109
581 558
581 439
357 775
357 422
357 249
357 770
542 398
542 380
542 173
616 818
616 329
616 472
802 872
802 796
188 135
188 271
188 140
854 291
854 973
854 39
939 769
939 249
939 800
368 347
368 556
368 559
15 785
15 273
15 410
15 980
698 680
698 31
698 92
61 912
61 756
61 215
81 383
81 295
81 820
81 621
872 796
204 844
204 706
204 747
305 913
305 464
305 490
295 820
295 238
295 565
423 930
423 177
423 44
423 197
580 505
580 487
312 480
312 919
312 79
512 272
512 662
512 938
604 693
604 603
949 51
949 909
949 31
193 775
193 583
193 235
193 28
382 446
382 942
382 987
382 396
756 912
756 0
676 762
676 404
676 554
974 699
974 870
974 972
195 127
195 767
195 984
750 300
750 619
750 315
166 893
166 822
6 978
6 655
6 935
3 427
3 309
845 103
845 416
138 926
138 716
138 337
481 670
481 809
841 126
841 709
841 829
242 628
242 494
242 798
242 737
718 670
718 99
718 351
322 621
322 469
322 681
322 243
418 908
418 39
418 155
686 936
686 259
686 705
686 619
694 263
694 296
209 187
209 66
209 921
209 539
283 913
283 977
283 367
755 903
755 184
755 771
56 672
56 178
298 994
298 742
298 189
330 950
330 468
687 537
464 490
464 827
767 111
767 871
767 47
4 575
4 394
4 130
108 67
108 153
281 976
281 30
645 962
645 495
520 772
520 626
520 128
520 36
927 397
927 770
660 326
660 260
678 441
678 894
678 753
30 198
30 234
105 77
105 142
105 667
105 979
196 906
196 401
853 260
853 938
853 985
992 958
992 623
667 77
667 142
982 83
982 953
982 459
87 250
87 551
87 673
187 66
187 362
494 798
494 0
109 439
109 989
459 831
425 846
425 518
425 610
551 673
551 250
631 219
631 417
631 657
631 923
161 387
161 23
161 683
161 556
621 469
621 243
229 254
229 293
782 775
782 763
782 424
528 116
528 613
79 224
79 897
817 985
817 141
817 149
951 780
951 730
401 745
355 48
355 899
837 309
834 779
834 71
905 883
905 549
979 142
979 77
979 260
619 307
619 835
13 847
13 235
13 306
224 897
224 513
618 417
618 717
212 567
212 954
564 549
564 155
31 567
561 97
561 712
561 838
203 409
203 934
203 826
860 37
860 214
860 457
117 377
117 583
545 743
545 657
545 430
545 709
565 282
565 427
51 18
51 474
93 536
93 928
210 945
210 916
210 804
215 912
215 800
955 92
612 795
612 867
920 311
920 5
920 329
350 158
350 647
771 184
250 673
504 566
504 746
234 198
234 37
825 701
825 663
825 103
507 574
507 842
440 679
440 146
440 458
421 973
421 325
916 804
916 323
73 552
73 638
963 277
106 278
106 359
266 611
266 540
266 672
540 55
540 88
607 406
607 114
786 634
786 465
712 97
712 838
723 553
723 894
46 339
535 673
535 336
535 434
650 731
650 272
753 441
753 906
559 893
598 506
598 496
67 238
181 369
181 235
181 48
795 867
383 338
99 351
99 49
897 529
466 885
466 25
904 205
904 150
904 840
366 833
733 865
733 511
733 870
582 168
582 943
582 666
702 674
702 207
175 776
666 262
666 943
90 422
293 683
985 141
211 244
566 746
749 994
749 249
749 907
529 886
529 263
791 241
791 572
997 722
997 356
249 800
826 587
826 934
852 593
852 112
730 780
987 396
987 942
987 446
158 600
158 265
82 219
82 656
128 626
128 89
128 36
925 868
925 316
336 715
336 434
239 605
239 221
426 521
389 608
389 149
328 895
328 595
863 454
273 980
273 785
518 610
518 846
903 930
325 973
337 716
337 926
470 633
470 220
611 376
742 189
742 994
23 387
324 506
324 976
324 706
921 539
921 307
921 66
458 194
501 648
501 91
437 257
300 315
953 487
58 576
359 655
688 480
688 762
715 236
7 419
762 404
142 77
398 380
655 935
319 492
439 558
552 707
552 638
610 846
270 206
270 793
66 539
503 643
74 485
74 573
726 878
726 690
984 127
600 430
498 475
498 0
989 506
720 883
760 651
760 623
968 680
674 572
674 207
909 306
896 167
896 22
896 936
532 919
532 822
855 233
385 183
576 95
847 977
847 41
122 781
639 390
785 980
849 958
849 531
54 940
167 11
835 858
705 969
705 400
205 150
205 840
290 969
928 536
654 36
92 89
124 256
369 981
457 214
457 178
525 816
525 374
936 259
527 422
272 662
882 629
882 679
95 511
126 829
460 221
474 475
792 813
962 495
573 485
831 390
155 362
339 513
315 572
799 827
888 208
888 495
307 531
894 553
59 275
143 60
12 911
842 574
775 28
515 360
681 469
681 243
120 9
386 809
14 391
981 902
719 52
719 812
349 113
275 238
44 177
303 101
65 130
329 311
599 836
121 133
807 381
103 663
316 868
812 52
816 374
165 844
707 19
942 446
942 396
351 49
465 634
395 950
669 697
148 133
469 243
376 334
990 975
140 271
140 135
923 256
461 334
891 373
