244 556
244 60
244 917
244 88
509 867
509 10
509 574
509 602
439 546
439 768
439 282
439 855
605 316
605 687
605 87
605 670
392 968
392 118
392 211
392 629
493 315
493 885
493 249
493 819
100 554
100 669
100 326
100 15
501 350
501 759
501 782
501 944
85 685
85 882
85 798
85 207
601 286
601 752
601 911
601 964
348 22
348 540
348 666
348 267
831 372
831 248
831 969
831 918
395 389
395 816
395 727
395 313
763 339
763 637
763 519
763 974
823 126
823 537
823 243
823 95
981 897
981 363
981 457
981 742
259 716
259 137
259 87
259 875
530 282
530 912
530 711
530 38
163 147
163 3
163 927
163 817
642 856
642 60
642 200
642 571
80 708
80 793
80 316
80 290
378 706
378 972
378 899
378 327
47 25
47 146
47 840
47 485
201 942
201 799
201 264
201 937
57 722
57 473
57 497
57 747
889 841
889 869
889 124
889 996
42 730
42 385
42 994
42 90
617 640
617 486
617 495
617 918
294 806
294 765
294 638
294 775
752 286
752 448
752 583
173 296
173 393
173 780
173 465
691 299
691 767
691 614
691 544
202 477
202 413
202 932
202 572
260 592
260 740
260 966
260 559
735 312
735 273
735 518
735 529
989 356
989 930
989 302
989 906
121 343
121 718
121 902
121 796
272 961
272 891
272 646
272 948
702 76
702 906
702 359
702 319
812 321
812 437
812 306
812 757
482 725
482 168
482 435
482 33
808 985
808 875
808 107
808 353
527 732
527 925
527 562
527 398
959 701
959 350
959 832
959 710
310 12
310 524
310 596
310 885
961 948
961 278
961 164
545 239
545 856
545 723
545 420
864 478
864 990
864 364
864 94
71 94
71 443
71 591
71 182
307 99
307 684
307 301
307 983
170 748
170 583
170 330
170 356
429 910
429 34
429 81
429 141
495 557
495 826
495 486
863 958
863 966
863 669
863 134
500 26
500 155
500 279
500 904
978 278
978 652
978 241
978 492
662 575
662 550
662 713
662 694
860 904
860 474
860 678
860 286
140 669
140 904
140 848
140 915
406 144
406 671
406 457
406 705
304 926
304 951
304 76
304 311
514 18
514 738
514 556
514 590
46 229
46 922
46 553
46 242
893 56
893 79
893 871
893 419
562 219
562 540
562 732
809 399
809 566
809 929
809 949
377 276
377 467
377 405
377 744
992 227
992 990
992 817
992 333
824 179
824 234
824 555
824 301
271 339
271 900
271 524
271 929
602 867
602 504
602 955
234 320
234 876
234 106
800 791
800 322
800 531
800 552
502 318
502 947
502 941
502 226
354 821
354 399
354 871
354 371
865 944
865 635
865 705
865 555
587 625
587 220
587 879
587 214
838 716
838 711
838 324
838 226
375 511
375 634
375 363
375 820
430 99
430 846
430 788
430 388
668 401
668 632
668 699
668 279
683 576
683 613
683 962
683 460
337 87
337 341
337 955
337 653
153 849
153 315
153 474
153 624
991 489
991 496
991 525
991 362
567 825
567 690
567 475
567 415
600 520
600 410
600 580
600 623
288 547
288 564
288 753
288 750
398 137
398 616
398 451
134 663
134 262
134 37
340 362
340 52
340 541
340 570
120 192
120 293
120 740
120 805
405 334
405 938
405 358
297 322
297 794
297 513
297 609
861 536
861 505
861 931
861 157
570 939
570 552
570 467
870 872
870 32
870 300
870 64
125 724
125 323
125 190
125 268
785 758
785 150
785 131
785 695
54 369
54 681
54 934
54 676
87 896
283 308
283 374
283 874
283 936
962 943
962 576
962 512
16 460
16 842
16 522
16 983
469 145
469 881
469 189
469 409
309 940
309 905
309 965
309 347
871 674
871 219
154 558
154 32
154 136
154 936
213 172
213 53
213 308
213 314
754 911
754 647
754 778
754 975
138 441
138 209
138 728
138 435
963 676
963 428
963 385
963 247
332 326
332 127
332 599
332 491
854 734
854 852
854 191
854 787
532 813
532 417
532 242
532 636
879 267
879 965
879 726
73 919
73 953
73 968
73 875
185 706
185 558
185 741
185 31
498 479
498 919
498 91
498 946
886 604
886 436
886 317
886 11
8 451
8 625
8 206
8 305
224 188
224 582
224 802
224 707
418 954
418 203
418 689
418 109
634 815
634 895
634 976
369 382
369 347
369 312
592 4
592 325
592 104
48 128
48 248
48 475
48 577
277 936
277 746
277 786
277 997
123 105
123 26
123 899
123 82
945 426
945 386
945 759
945 551
159 802
159 928
159 637
159 913
639 43
639 581
639 726
639 681
612 757
612 753
612 477
612 828
993 598
993 951
993 564
993 13
248 931
248 91
976 795
976 835
976 804
110 397
110 24
110 741
110 535
517 729
517 819
517 344
517 31
670 338
670 255
670 982
705 437
705 606
75 882
75 513
75 311
75 151
267 105
267 374
770 305
770 673
770 528
770 10
792 246
792 30
792 118
792 771
489 525
489 941
489 758
779 613
779 1
779 384
779 164
667 771
667 624
667 194
667 839
816 585
816 774
816 713
38 826
38 869
38 716
614 115
614 720
614 544
302 676
302 351
302 665
952 242
952 79
952 511
952 333
114 956
114 803
114 381
114 548
343 506
343 902
343 74
438 621
438 672
438 575
438 620
440 232
440 547
440 468
440 630
90 867
90 236
90 25
251 229
251 499
251 247
251 70
615 357
615 586
615 687
615 483
890 444
890 900
890 631
890 842
760 657
760 381
760 387
760 394
739 89
739 804
739 629
739 950
250 877
250 894
250 518
250 714
618 990
618 423
618 826
618 462
937 292
937 217
937 799
565 364
565 218
565 264
565 935
745 914
745 620
745 254
745 382
449 609
449 126
449 58
449 63
387 692
387 410
387 507
515 599
515 98
515 164
515 537
791 464
791 677
791 132
41 766
41 63
41 641
41 472
781 480
781 708
781 108
781 476
678 466
678 434
678 122
807 936
807 266
807 368
807 2
188 885
188 436
188 707
571 416
571 141
571 688
115 623
115 544
115 494
172 353
172 677
172 649
287 184
287 208
287 751
287 913
693 77
693 183
693 557
693 319
135 487
135 743
135 549
135 815
150 675
150 368
150 607
70 261
70 212
70 408
303 579
303 904
303 558
303 899
637 913
637 371
216 969
216 86
216 815
216 58
345 410
345 335
345 610
345 522
852 376
852 191
852 104
65 925
65 857
65 447
65 694
212 737
212 197
212 539
228 818
228 14
228 413
228 717
584 695
584 746
584 282
584 519
357 878
357 677
357 512
994 575
994 385
994 175
34 55
34 448
34 480
81 560
81 825
81 842
366 550
366 887
366 862
366 940
554 564
554 559
554 798
72 736
72 765
72 773
72 109
107 656
107 923
107 834
696 776
696 912
696 521
696 970
954 0
954 689
954 762
462 504
462 539
462 423
787 491
787 30
787 933
335 903
335 263
335 648
193 20
193 980
193 965
193 296
253 734
253 308
253 714
253 801
210 243
210 626
210 880
210 714
422 858
422 510
422 728
422 845
461 209
461 641
461 915
461 790
907 711
907 293
907 645
907 534
19 447
19 171
19 649
19 901
711 51
909 603
909 680
909 578
909 875
15 682
15 721
15 344
730 859
730 948
730 385
21 597
21 149
21 859
21 965
263 452
263 903
263 967
241 830
241 496
241 33
921 92
921 925
921 698
921 412
928 775
928 139
928 52
11 772
11 166
11 953
69 453
69 131
69 156
69 402
95 524
95 132
95 63
706 742
706 573
351 68
351 89
351 537
197 358
197 796
197 553
982 204
982 389
982 635
903 314
903 35
270 476
270 643
270 177
270 797
594 295
594 67
594 342
594 891
510 845
510 858
510 797
841 24
841 832
841 547
176 262
176 731
176 878
176 408
407 636
407 581
407 834
407 166
148 192
148 17
148 169
148 674
488 14
488 806
488 818
488 619
674 665
674 485
715 346
715 243
715 516
715 44
117 553
117 262
117 470
117 876
766 433
766 290
766 641
83 932
83 698
83 884
83 179
624 97
624 280
484 582
484 698
484 437
484 750
788 846
788 99
788 866
524 650
655 365
655 68
655 694
655 190
935 218
935 89
935 264
254 17
254 133
254 802
362 700
362 999
386 803
386 411
386 551
481 284
481 3
481 371
481 844
217 421
217 209
217 157
560 664
560 246
560 93
178 582
178 969
178 695
178 960
223 252
223 204
223 167
223 494
229 656
229 553
534 608
534 183
534 829
483 912
483 186
483 917
124 292
124 401
124 507
252 564
252 494
252 167
506 764
506 427
506 868
626 796
626 17
626 663
720 452
720 35
720 101
771 704
771 321
220 199
220 467
220 496
305 528
305 139
908 999
908 194
908 736
908 828
971 964
971 840
971 454
971 383
175 569
175 747
175 848
828 464
828 757
98 834
98 512
98 194
873 456
873 374
873 419
873 396
206 451
206 658
206 39
646 948
646 882
646 89
431 257
431 249
431 589
431 924
753 599
753 325
145 638
145 221
145 476
167 494
167 895
845 987
845 379
376 191
376 450
376 688
463 647
463 671
463 414
463 924
742 822
742 759
690 999
690 86
690 700
368 927
368 1
590 397
590 550
590 682
685 479
685 844
685 313
161 112
161 454
161 633
161 0
957 317
957 289
957 292
957 833
984 710
984 12
984 384
984 630
661 905
661 281
661 783
661 627
842 427
520 326
520 896
520 156
574 394
574 133
574 437
131 656
131 892
533 496
533 444
533 930
533 840
35 551
35 101
416 215
416 459
416 168
911 400
911 257
876 586
876 555
729 973
729 513
729 128
833 604
833 218
833 317
388 692
388 734
388 195
540 666
540 679
543 231
543 373
543 417
543 355
563 973
563 101
563 203
563 113
339 289
339 451
902 367
902 475
265 174
265 436
265 799
265 367
734 158
635 832
635 741
682 344
682 758
184 751
184 866
184 225
329 198
329 367
329 892
329 946
346 320
346 681
346 137
186 880
186 94
186 151
446 37
446 342
446 415
446 726
525 97
525 485
666 421
666 551
149 625
149 93
149 336
644 826
644 503
644 373
644 616
404 568
404 441
404 733
404 676
231 74
231 29
231 922
453 539
453 987
453 412
643 672
643 814
643 782
663 245
663 652
654 576
654 55
654 914
654 204
333 4
333 895
473 238
473 747
473 630
30 207
30 627
664 246
664 119
664 692
111 434
111 113
111 544
111 573
659 255
659 719
659 805
659 158
872 569
872 32
872 74
9 569
9 158
9 778
9 235
318 256
318 7
318 675
579 866
579 638
579 226
49 230
49 237
49 977
49 28
829 608
829 724
829 958
650 675
650 930
650 996
434 573
434 323
790 324
790 623
790 915
699 843
699 774
699 23
944 938
944 91
531 190
531 92
531 25
444 930
444 232
84 736
84 143
84 764
84 919
942 923
942 851
942 410
160 403
160 211
160 356
160 950
257 611
257 450
535 924
535 586
535 569
814 641
814 414
814 426
827 208
827 512
827 719
827 756
291 817
291 166
291 390
291 432
862 940
862 97
862 887
7 274
7 236
7 290
20 980
20 296
20 45
712 240
712 727
712 360
712 183
855 546
855 539
855 6
112 423
112 433
112 349
222 18
222 744
222 868
222 17
18 738
18 931
29 679
29 187
29 558
105 780
105 616
645 196
645 86
645 211
721 445
721 314
721 918
801 536
801 835
801 230
295 933
295 230
295 67
688 191
688 141
238 848
238 722
238 580
977 671
977 561
977 391
425 334
425 698
425 374
425 460
803 811
803 523
237 28
237 365
237 892
603 874
603 975
603 180
465 50
465 949
465 918
610 522
610 130
610 969
490 784
490 925
490 40
490 452
783 627
783 505
783 596
226 716
859 355
859 39
196 352
196 402
196 51
458 328
458 794
458 669
458 660
32 182
468 751
468 162
468 949
508 686
508 300
508 541
508 62
235 749
235 62
235 43
269 415
269 953
269 403
269 686
6 393
6 913
6 389
998 793
998 66
998 466
998 355
36 189
36 761
36 13
36 380
93 947
93 837
616 658
900 709
900 26
146 44
146 847
146 505
722 657
722 22
258 56
258 985
258 821
258 647
282 718
292 607
775 640
775 765
108 684
108 844
108 708
960 256
960 582
960 836
306 68
306 995
306 319
450 327
450 181
331 581
331 5
331 136
331 477
623 926
625 593
3 157
3 927
40 713
40 442
40 966
820 447
820 966
820 363
187 177
187 749
187 205
880 52
880 714
822 245
822 275
822 778
914 22
914 920
847 409
847 572
847 573
985 647
985 915
744 66
744 94
164 384
606 261
606 988
606 155
457 897
457 733
414 195
414 896
504 299
504 704
61 132
61 717
61 755
61 242
102 411
102 542
102 995
102 738
221 950
221 361
221 704
240 619
240 656
240 151
857 972
857 403
857 794
975 491
975 737
59 402
59 943
59 455
59 182
130 651
130 390
130 725
536 767
536 122
660 794
660 673
660 328
454 964
454 511
707 143
707 932
507 796
507 255
139 14
139 632
286 435
204 896
681 443
284 370
284 640
284 680
561 327
561 5
561 799
136 239
136 784
402 37
466 819
466 548
802 492
45 74
45 980
45 846
400 278
400 974
400 382
577 325
577 943
577 180
898 338
898 199
898 613
898 141
349 773
349 299
349 672
811 207
811 765
811 622
541 214
541 628
301 350
301 684
591 12
591 182
591 499
33 920
33 830
956 548
956 471
956 381
442 748
442 477
442 996
275 341
275 522
275 924
718 843
718 312
338 538
338 595
365 156
365 741
68 633
342 884
342 419
298 31
298 247
298 128
298 883
777 786
777 459
777 397
777 215
821 56
821 280
192 970
192 513
805 243
805 719
51 529
51 931
709 323
709 837
709 899
273 328
273 353
273 480
384 190
169 215
169 364
169 972
106 851
106 320
106 761
881 529
881 621
881 901
740 689
740 208
394 180
394 44
795 611
795 756
795 804
289 456
289 119
629 330
629 96
692 703
526 568
526 52
526 767
526 817
578 516
578 165
578 933
947 941
947 209
274 686
274 361
274 293
851 611
851 464
96 929
96 132
96 64
356 748
548 66
82 249
82 26
82 746
910 891
910 680
910 390
627 189
995 974
995 109
997 334
997 316
997 413
205 31
205 516
205 322
320 628
979 804
979 389
979 281
979 874
195 756
195 391
455 723
455 856
455 839
324 701
324 789
456 419
456 396
296 980
379 987
379 695
379 246
232 607
232 44
813 703
813 648
813 636
923 147
923 492
10 528
10 408
214 901
214 810
818 203
818 14
589 325
589 358
589 393
609 485
609 443
710 638
710 162
28 478
28 755
308 78
245 583
245 313
433 938
433 595
336 967
336 776
336 651
780 279
780 853
631 731
631 620
631 619
78 503
78 199
78 759
521 633
521 421
521 279
76 887
76 319
566 399
566 360
566 938
604 317
604 436
236 77
236 793
549 62
549 830
549 725
867 280
412 364
412 887
769 181
769 133
769 126
769 230
782 27
782 278
151 986
13 380
13 486
24 572
24 426
672 973
737 878
737 315
79 973
79 511
373 88
373 503
595 774
595 293
183 428
327 5
996 399
934 363
934 717
934 459
142 361
142 200
142 55
142 933
640 568
983 830
983 798
990 478
104 4
104 882
380 383
380 487
403 757
426 939
929 949
239 608
239 727
608 432
738 519
786 397
786 987
285 946
285 649
285 129
285 597
315 883
177 233
177 743
597 593
597 347
91 749
776 970
776 311
596 109
596 723
967 268
967 657
486 352
920 280
920 22
158 499
203 758
748 330
784 895
784 0
103 767
103 538
103 372
103 471
581 834
613 917
768 747
768 883
768 60
262 37
116 986
116 352
116 157
116 200
227 836
227 897
227 884
39 133
39 835
850 598
850 165
850 819
850 697
316 926
401 424
401 417
427 743
427 370
906 868
906 25
281 877
281 922
988 144
988 891
988 174
516 322
648 390
648 853
671 144
733 572
733 897
874 869
680 806
835 839
550 723
725 12
761 576
761 840
441 460
441 179
290 391
598 697
598 1
657 381
888 370
888 621
888 198
888 559
836 892
836 256
475 122
299 749
686 411
684 127
523 665
523 986
523 630
599 266
701 955
701 653
428 751
428 856
611 728
314 207
940 905
628 764
628 858
421 687
843 673
843 50
435 708
155 64
155 728
559 198
575 519
580 798
580 452
884 179
4 869
542 129
542 472
542 411
225 2
225 408
225 129
491 326
321 328
321 679
99 555
181 152
181 472
323 724
396 97
396 970
922 113
658 23
658 750
986 58
211 194
118 764
118 276
636 166
877 679
877 844
848 866
268 724
268 409
448 353
448 77
474 383
474 168
497 233
497 470
497 916
717 588
926 311
2 762
2 300
546 62
546 128
964 420
352 651
199 464
447 445
393 538
119 632
119 853
999 736
266 219
266 732
409 180
88 261
88 503
23 653
23 64
113 101
152 583
152 901
152 894
974 538
912 839
276 43
276 951
762 687
762 300
946 849
334 413
58 143
649 43
552 953
552 939
371 443
773 585
773 968
470 233
470 916
815 743
731 143
731 588
129 789
846 432
165 423
165 697
499 360
344 703
198 445
556 557
556 60
772 927
772 972
772 883
415 825
700 189
700 67
621 547
797 529
797 825
849 27
849 593
471 341
471 941
585 588
585 632
144 53
219 732
459 215
853 420
420 247
568 697
675 607
55 53
588 467
653 955
620 619
424 713
424 951
424 417
810 174
810 673
810 372
27 171
27 593
665 557
312 858
445 868
719 932
359 704
359 586
359 50
750 472
56 330
492 652
137 168
162 50
162 703
480 778
652 939
255 350
171 391
171 755
726 341
233 916
372 174
694 746
878 806
360 832
774 92
92 476
689 208
950 367
156 837
916 63
358 622
479 789
479 622
789 837
383 487
958 147
958 67
505 905
147 127
755 478
382 256
200 361
432 894
77 793
126 86
487 943
370 677
261 122
919 968
518 894
518 756
53 537
264 218
633 0
885 249
355 528
1 347
727 313
127 5
917 622
66 651
