445 813
445 401
445 976
445 807
499 881
499 137
499 119
499 339
77 851
77 436
77 814
77 540
481 668
481 238
481 630
481 529
300 326
300 312
300 621
300 563
935 620
935 234
935 105
935 723
367 676
367 889
367 610
367 381
845 730
845 754
845 848
845 690
147 309
147 213
147 240
147 248
576 262
576 539
576 224
576 904
250 946
250 799
250 178
250 545
934 460
934 139
934 95
934 826
90 310
90 483
90 369
90 910
716 149
716 289
716 418
716 609
102 852
102 258
102 433
102 632
919 825
919 123
919 985
919 622
276 721
276 357
276 471
276 361
992 182
992 477
992 850
992 540
491 101
491 867
491 680
491 582
880 83
880 678
880 828
880 29
117 953
117 636
117 74
117 342
181 988
181 18
181 122
181 82
821 663
821 295
821 740
821 772
871 278
871 454
871 658
871 207
795 178
795 999
795 733
795 422
998 777
998 24
998 817
998 232
354 388
354 747
354 61
354 688
767 688
767 57
767 881
767 269
241 867
241 978
241 616
241 752
332 131
332 116
332 921
332 321
634 81
634 610
634 116
634 153
672 217
672 952
672 775
672 828
405 547
405 213
405 560
405 520
849 569
849 211
849 421
849 924
111 86
111 810
111 89
111 913
631 896
631 668
631 522
631 278
557 908
557 782
557 544
557 670
717 892
717 713
717 743
717 149
503 205
503 768
503 604
503 346
746 881
746 789
746 430
746 884
141 545
141 104
141 451
141 41
659 187
659 84
659 595
659 907
611 53
611 641
611 81
611 351
773 220
773 851
773 57
773 856
56 947
56 975
56 107
56 743
142 370
142 434
142 471
142 479
568 343
568 251
568 554
568 993
848 279
848 512
848 399
365 841
365 762
365 948
365 360
897 535
897 156
897 392
897 693
411 489
411 230
411 369
411 827
784 302
784 539
784 970
784 890
209 80
209 510
209 484
209 994
915 865
915 603
915 144
915 643
5 644
5 741
5 736
5 138
96 26
96 291
96 679
96 858
83 514
83 985
83 900
510 296
510 235
510 810
657 563
657 878
657 812
657 243
925 878
925 463
925 899
925 422
963 581
963 171
963 313
963 453
968 8
968 462
968 586
968 755
282 637
282 231
282 962
282 449
490 758
490 830
490 3
490 270
385 677
385 928
385 387
385 234
991 436
991 602
991 13
991 886
201 396
201 530
201 86
201 566
502 857
502 562
502 82
502 669
379 81
379 553
379 674
379 645
917 371
917 366
917 349
917 833
265 638
265 21
265 996
265 458
666 736
666 712
666 130
666 456
4 146
4 360
4 254
4 796
482 120
482 710
482 702
482 64
383 974
383 451
383 979
383 287
658 207
658 268
658 817
175 192
175 861
175 304
175 293
629 214
629 692
629 165
629 696
67 378
67 835
67 528
67 66
687 612
687 518
687 738
687 363
496 174
496 976
496 545
496 233
684 698
684 139
684 834
684 815
327 977
327 984
327 819
327 646
497 505
497 694
497 434
497 930
194 835
194 556
194 15
194 89
233 470
233 109
233 911
278 977
278 626
870 676
870 419
870 803
870 734
26 398
26 758
26 291
240 381
240 648
240 918
757 869
757 174
757 264
757 945
984 900
984 863
984 52
305 310
305 771
305 268
305 424
860 138
860 180
860 980
860 929
565 401
565 552
565 681
565 208
899 914
899 363
899 592
28 526
28 920
28 352
28 87
960 148
960 612
960 722
960 710
809 594
809 424
809 812
809 370
165 696
165 683
165 588
965 835
965 454
965 448
965 172
108 330
108 514
108 495
108 335
431 619
431 304
431 842
431 38
283 737
283 31
283 124
283 211
432 660
432 523
432 307
432 249
839 33
839 597
839 248
839 703
357 742
357 667
357 540
704 9
704 587
704 570
704 943
39 62
39 231
39 322
39 7
745 79
745 741
745 66
745 644
204 799
204 170
204 24
204 924
260 710
260 434
260 264
260 218
766 511
766 932
766 816
766 256
966 626
966 891
966 749
966 613
34 134
34 78
34 599
34 320
114 163
114 707
114 777
114 40
149 904
149 892
589 936
589 188
589 441
589 590
112 480
112 625
112 505
112 193
707 777
707 163
707 227
577 449
577 584
577 384
577 426
886 45
886 440
886 851
32 667
32 566
32 889
32 715
189 617
189 73
189 437
189 333
416 48
416 883
416 814
416 828
789 889
789 884
789 173
333 617
333 437
333 625
791 744
791 887
791 243
791 971
308 543
308 477
308 902
308 443
618 779
618 380
618 361
618 550
20 808
20 624
20 100
20 792
709 251
709 829
709 228
709 131
639 794
639 459
639 298
639 741
983 185
983 395
983 913
983 668
44 904
44 876
44 316
44 11
279 512
279 619
279 399
708 372
708 64
708 316
708 694
853 158
853 486
853 683
853 756
38 51
38 737
38 143
470 820
470 109
470 518
738 697
738 619
738 988
961 193
961 623
961 30
961 762
526 87
526 388
526 780
553 754
553 398
553 782
338 583
338 823
338 790
338 375
353 237
353 391
353 924
353 253
43 612
43 392
43 213
43 799
319 21
319 25
319 765
319 57
394 504
394 13
394 876
394 100
662 444
662 257
662 37
662 199
842 495
842 559
842 554
938 161
938 196
938 603
938 903
726 466
726 280
726 785
726 133
113 824
113 505
113 339
113 592
765 480
765 417
765 49
337 404
337 561
337 291
337 155
393 691
393 567
393 124
393 523
441 655
441 648
441 80
859 776
859 92
859 514
859 167
422 542
422 230
695 71
695 722
695 452
695 997
775 580
775 787
775 179
151 590
151 595
151 131
151 464
382 701
382 27
382 937
382 45
551 40
551 146
551 371
551 483
847 469
847 723
847 913
847 244
428 740
428 999
428 132
428 836
776 910
776 18
776 815
55 380
55 509
55 397
55 787
414 1
414 978
414 995
414 895
735 663
735 855
735 720
735 574
933 969
933 685
933 855
933 663
781 150
781 838
781 693
781 619
990 621
990 226
990 294
990 351
40 377
40 535
407 701
407 574
407 721
407 423
872 725
872 705
872 266
872 361
341 229
341 47
341 769
341 572
749 0
749 891
749 607
192 364
192 299
192 931
397 115
397 536
397 364
779 587
779 852
779 256
831 359
831 654
831 824
831 438
349 645
349 320
349 12
609 418
609 289
609 822
293 472
293 597
293 220
299 404
299 928
299 806
352 143
352 691
352 89
537 970
537 583
537 771
537 532
188 936
188 429
188 980
957 964
957 921
957 223
957 752
578 725
578 566
578 144
578 720
697 652
697 85
697 811
682 585
682 396
682 2
682 403
797 389
797 509
797 840
797 373
921 487
921 177
389 661
389 840
389 326
538 721
538 206
538 641
538 191
434 218
460 863
460 875
460 640
172 210
172 448
172 271
274 947
274 713
274 334
274 549
193 261
193 760
217 952
217 272
217 648
523 660
523 647
617 287
617 437
664 885
664 466
664 610
664 740
742 179
742 70
742 606
336 303
336 92
336 47
336 203
763 322
763 451
763 313
763 400
864 700
864 911
864 507
864 103
979 949
979 287
979 973
263 718
263 478
263 328
263 863
843 35
843 72
843 84
843 252
115 462
115 321
115 122
679 323
679 969
679 591
669 347
669 29
669 110
342 636
342 401
342 953
727 683
727 829
727 652
727 148
515 487
515 531
515 527
515 923
798 785
798 837
798 573
798 764
656 579
656 737
656 943
656 284
184 8
184 45
184 748
184 636
406 99
406 446
406 667
406 724
150 313
150 885
150 940
413 909
413 50
413 562
413 152
846 455
846 802
846 920
846 286
25 215
25 311
25 205
498 27
498 903
498 487
498 841
492 862
492 923
492 72
492 989
787 380
787 972
665 622
665 58
665 804
665 210
858 215
858 330
858 120
87 596
87 453
967 794
967 10
967 419
967 956
88 170
88 323
88 59
88 558
703 138
703 6
703 64
597 323
597 281
533 52
533 375
533 230
533 901
824 815
824 18
693 316
693 913
486 91
486 439
486 976
712 347
712 761
712 522
643 453
643 747
643 865
769 600
769 555
769 572
133 508
133 404
133 667
339 248
339 884
958 556
958 222
958 415
958 484
487 650
793 476
793 435
793 89
793 541
558 906
558 803
558 123
22 598
22 635
22 800
22 267
613 802
613 891
613 689
546 425
546 536
546 616
546 772
47 734
47 167
377 718
377 30
377 501
158 825
158 894
158 975
739 944
739 762
739 148
739 185
325 993
325 373
325 898
325 143
916 100
916 944
916 989
916 699
600 671
600 119
600 247
855 833
855 663
386 53
386 531
386 42
386 504
517 805
517 698
517 573
517 907
242 633
242 686
242 520
242 948
509 196
509 879
654 196
654 99
654 238
1 582
1 168
1 124
940 168
940 444
940 888
771 829
771 166
118 675
118 856
118 614
118 555
524 571
524 896
524 939
524 134
572 932
572 229
521 607
521 277
521 314
521 438
683 381
620 105
620 453
620 772
805 698
805 909
805 326
99 724
99 822
316 302
284 646
284 982
284 579
856 614
856 756
226 294
226 412
226 621
506 733
506 608
506 488
506 322
317 874
317 633
317 86
317 80
624 135
624 650
624 438
329 930
329 23
329 419
329 813
598 800
598 731
598 764
191 301
191 74
191 206
893 627
893 788
893 476
893 607
60 37
60 232
60 516
60 552
473 500
473 700
473 552
473 715
294 555
294 528
905 945
905 774
905 632
905 941
446 985
446 159
446 883
362 525
362 235
362 699
362 54
402 190
402 728
402 702
402 559
121 954
121 75
121 374
121 220
196 996
479 545
479 504
479 780
807 374
807 340
807 653
6 310
6 169
6 73
129 820
129 261
129 220
129 640
426 808
426 650
426 969
722 137
722 997
85 261
85 168
85 197
685 450
685 456
685 206
768 417
768 602
768 604
152 638
152 724
152 909
942 19
942 331
942 98
942 318
258 480
258 868
258 239
110 247
110 190
110 347
945 869
945 126
706 97
706 926
706 62
706 54
827 488
827 676
827 390
36 811
36 350
36 259
36 91
358 433
358 701
358 549
358 826
273 801
273 33
273 46
273 772
450 994
450 468
450 288
160 556
160 277
160 642
160 900
918 307
918 404
918 435
109 534
109 518
464 500
464 778
464 762
513 126
513 903
513 234
513 310
813 511
813 819
306 143
306 72
306 950
306 910
483 269
483 65
705 289
705 255
705 943
754 35
754 981
130 41
130 456
130 187
356 874
356 467
356 2
356 862
363 429
363 344
730 122
730 714
730 690
164 335
164 670
164 866
164 21
255 508
255 199
255 104
52 390
52 461
868 423
868 469
868 27
832 732
832 677
832 591
832 570
232 516
232 167
655 770
655 608
655 368
954 562
954 476
954 764
590 785
590 936
628 324
628 135
628 877
628 245
447 180
447 145
447 823
447 398
266 951
266 269
266 59
833 153
833 519
31 525
31 162
31 542
500 636
500 630
591 221
591 346
465 237
465 454
465 461
465 186
633 948
633 686
331 909
331 318
331 166
882 964
882 532
882 440
882 898
457 0
457 128
457 140
457 569
894 208
894 219
894 65
244 249
244 64
244 610
603 161
603 740
719 50
719 959
719 59
719 286
235 525
235 995
701 433
476 53
764 518
536 820
536 800
778 601
778 419
778 94
359 623
359 638
359 350
455 286
455 588
455 920
561 421
561 912
561 653
135 423
135 12
179 783
179 792
123 80
123 622
761 601
761 177
761 606
895 750
895 154
895 443
212 23
212 288
212 901
212 345
430 948
430 508
430 646
879 608
879 270
879 14
23 689
23 7
3 759
3 488
3 731
436 13
436 814
197 699
197 489
197 555
146 144
146 254
68 246
68 171
68 61
68 888
681 208
681 943
681 875
462 214
462 321
844 131
844 275
844 231
844 835
594 671
594 78
594 116
876 348
876 374
493 582
493 733
493 570
493 268
830 378
830 550
830 12
16 292
16 653
16 507
16 802
756 949
756 216
689 321
689 275
741 644
246 888
246 616
246 343
580 9
580 12
580 262
907 489
907 207
334 10
334 51
334 549
549 720
573 837
573 732
71 997
71 280
71 328
584 384
584 137
584 313
478 718
478 472
478 539
822 786
822 101
262 297
262 806
380 972
575 388
575 994
575 371
575 256
840 134
840 69
399 512
399 355
366 236
366 736
366 91
995 525
995 931
205 384
205 744
520 547
520 560
259 176
259 17
259 544
640 810
640 202
725 748
725 649
410 875
410 713
410 606
410 218
543 219
543 477
543 902
29 678
29 459
443 127
443 723
368 471
368 442
368 424
955 567
955 811
955 163
955 213
296 45
296 951
296 900
311 649
311 959
311 355
951 176
951 989
11 166
11 425
11 346
101 680
101 185
214 623
214 347
755 408
755 637
755 586
98 836
98 155
98 637
944 989
944 161
340 873
340 926
340 817
950 228
950 19
950 652
269 65
926 461
926 820
721 387
370 937
370 812
238 451
238 987
408 138
408 322
408 195
861 974
861 962
861 592
973 949
973 548
973 139
106 156
106 9
106 548
106 461
230 154
92 472
92 303
103 544
103 507
103 670
627 788
627 585
627 314
127 531
127 783
127 548
289 418
76 602
76 439
76 508
76 936
652 825
458 728
458 912
458 996
623 747
433 58
638 400
440 851
440 583
312 694
312 245
312 225
348 475
348 632
348 676
391 854
391 924
391 237
641 351
641 169
388 19
531 504
120 330
120 946
132 463
132 225
132 985
163 911
245 301
245 865
937 790
937 836
810 70
780 176
780 161
343 251
343 139
559 190
559 732
522 901
522 829
645 674
645 140
435 729
435 475
804 574
804 622
804 818
35 236
35 489
425 988
425 569
75 42
75 593
75 69
285 216
285 673
285 688
285 318
865 711
803 904
803 304
290 474
290 982
290 281
290 264
980 929
980 962
229 651
229 649
592 157
593 808
593 774
593 78
874 612
874 927
210 507
210 372
315 675
315 93
315 986
315 922
371 156
728 148
728 947
97 783
97 247
97 678
786 59
786 801
786 718
691 73
691 224
887 0
887 971
887 243
174 816
174 698
759 567
759 444
759 361
642 501
642 647
642 409
236 48
236 51
837 962
837 930
159 170
159 649
159 257
474 41
474 79
474 264
237 564
63 753
63 472
63 271
63 896
182 850
182 519
182 731
228 501
228 736
760 927
760 409
760 292
699 647
281 323
281 999
615 14
615 62
615 203
615 541
463 635
463 605
512 826
218 81
398 607
42 30
42 69
46 635
46 927
46 376
412 200
412 484
412 171
811 696
350 675
350 390
836 155
207 930
604 732
604 588
981 529
981 994
981 939
91 439
297 270
297 202
297 841
601 782
601 275
346 183
947 540
72 715
73 61
93 857
93 427
93 922
770 162
770 608
770 857
403 252
403 221
403 511
438 724
675 614
890 272
890 929
890 869
79 153
79 41
234 485
173 800
173 912
173 889
946 527
946 324
987 644
987 867
987 14
993 326
993 364
257 542
257 417
505 625
528 66
528 378
677 928
677 267
902 477
902 751
360 14
360 154
239 421
239 582
239 556
307 277
307 579
862 2
862 571
186 605
186 84
186 395
156 892
185 15
710 819
715 850
176 144
409 292
409 878
107 975
107 743
107 711
309 527
309 750
309 911
692 673
692 751
692 287
819 977
116 211
374 254
136 541
136 177
136 898
136 974
586 13
586 168
653 295
527 324
751 494
751 673
753 494
753 922
753 376
914 554
914 788
914 198
50 437
50 906
534 878
534 651
534 267
202 548
202 931
606 177
959 713
959 199
19 119
585 714
585 467
850 686
122 82
823 48
823 324
275 292
544 670
953 231
953 74
614 733
271 673
271 978
467 2
467 714
268 873
301 223
301 971
469 344
469 748
157 256
157 711
157 702
632 396
454 448
752 198
752 223
119 54
986 415
986 314
986 852
187 104
187 595
253 494
253 95
253 972
883 420
883 723
678 574
37 630
37 392
475 364
475 825
852 650
744 424
744 647
976 596
401 298
881 227
978 208
211 605
62 541
484 355
267 834
219 974
219 272
867 605
78 854
599 796
599 790
599 320
7 826
7 381
550 583
550 866
674 747
674 816
635 376
975 743
711 702
421 892
794 298
794 956
782 452
720 799
252 884
252 969
61 94
896 818
668 420
690 602
690 33
838 792
838 126
838 94
630 10
222 178
222 15
222 415
729 372
729 17
729 530
802 95
153 519
427 375
427 783
427 128
696 70
688 216
806 939
806 65
345 920
345 154
345 901
183 48
183 996
183 485
261 927
53 351
560 547
560 885
817 982
415 288
288 571
808 774
74 529
616 888
452 869
452 903
82 190
626 100
626 58
564 199
564 661
564 485
251 247
24 249
24 167
49 818
49 532
49 369
912 195
471 442
66 378
448 885
170 140
243 971
539 302
105 587
105 286
417 216
777 857
355 86
516 303
516 200
511 932
330 195
929 180
178 15
931 671
162 671
162 125
169 254
169 906
392 977
215 686
215 910
834 908
834 203
488 661
563 195
563 579
373 898
373 272
442 221
442 941
375 128
302 949
530 17
530 956
439 429
661 485
145 30
145 758
145 180
637 395
225 54
225 908
588 303
562 420
651 468
651 249
796 224
796 908
420 84
224 970
459 125
459 400
988 569
384 449
200 863
200 535
801 660
801 51
128 320
318 17
376 922
734 166
734 227
18 815
570 581
198 875
198 223
956 10
952 828
952 680
58 970
788 999
480 877
280 785
280 70
542 335
395 206
298 295
694 660
221 941
57 596
0 866
248 748
95 972
854 295
854 468
291 125
444 567
790 140
792 126
680 418
328 997
328 891
344 387
344 429
69 621
625 737
203 596
932 648
547 400
774 941
700 571
700 964
529 873
812 227
750 449
750 514
104 595
501 124
372 335
369 532
137 155
816 125
535 468
581 171
581 566
866 21
587 758
387 466
270 841
396 466
314 873
731 923
94 277
304 906
134 939
27 423
552 818
8 456
8 495
928 33
923 814
519 390
877 9
877 494
964 714
554 495
982 646
