364 662
364 452
364 454
364 285
425 148
425 516
425 934
425 731
844 642
844 474
844 344
844 619
919 692
919 7
919 549
919 254
59 739
59 939
59 753
59 595
729 693
729 319
729 29
729 334
613 332
613 375
613 233
613 268
986 174
986 359
986 457
986 792
5 157
5 376
5 123
5 549
492 346
492 849
492 767
492 570
296 757
296 879
296 578
296 289
641 572
641 91
641 167
641 938
818 623
818 415
818 761
818 849
866 448
866 539
866 409
866 664
723 753
723 759
723 195
723 941
894 400
894 963
894 938
894 964
869 237
869 476
869 883
869 74
948 175
948 718
948 622
948 11
728 913
728 292
728 215
728 813
972 483
972 904
972 104
972 687
249 590
249 941
249 66
249 183
300 786
300 676
300 137
300 679
20 457
20 198
20 119
20 359
477 724
477 306
477 931
477 877
586 339
586 401
586 141
586 732
888 850
888 896
888 916
888 166
538 399
538 769
538 699
538 258
848 38
848 645
848 872
848 465
312 685
312 515
312 104
312 57
356 429
356 841
356 724
356 346
19 363
19 679
19 409
19 321
103 727
103 39
103 407
103 722
75 849
75 502
75 748
75 862
529 716
529 342
529 987
529 391
170 394
170 115
170 747
170 133
272 524
272 963
272 756
272 666
186 690
186 204
186 416
186 261
774 513
774 625
774 704
774 583
361 879
361 829
361 23
361 399
397 91
397 885
397 739
397 398
700 754
700 408
700 466
700 627
766 391
766 369
766 347
766 622
584 954
584 493
584 280
584 426
671 629
671 749
671 387
671 63
430 322
430 367
430 899
430 61
878 434
878 501
878 384
878 737
264 233
264 688
264 882
264 375
320 428
320 486
320 932
320 341
42 136
42 146
42 250
42 714
244 793
244 838
244 317
244 962
36 489
36 620
36 389
36 41
84 426
84 401
84 792
84 542
266 706
266 317
266 877
266 921
775 970
775 827
775 88
775 786
565 629
565 750
565 93
565 107
922 17
922 184
922 1
922 978
611 22
611 769
611 470
611 277
809 180
809 179
809 752
809 284
892 790
892 511
892 431
892 165
908 30
908 942
908 138
908 970
523 747
523 258
523 395
523 718
696 845
696 326
696 395
696 403
216 758
216 245
216 847
216 43
545 684
545 608
545 28
545 667
81 942
81 834
81 317
81 157
316 933
316 12
316 541
316 57
632 54
632 413
632 109
632 399
18 332
18 968
18 290
18 427
789 833
789 499
789 234
789 274
34 45
34 35
34 628
34 819
654 909
654 148
654 187
654 951
118 720
118 80
118 987
118 826
647 974
647 52
647 323
647 25
263 114
263 568
263 0
263 938
742 24
742 701
742 340
742 714
355 670
355 953
355 593
355 973
825 985
825 510
825 880
825 378
96 470
96 924
96 763
96 769
485 515
485 736
485 384
485 958
328 284
328 310
328 400
328 528
871 735
871 32
871 405
871 62
246 877
246 340
246 111
246 3
689 691
689 682
689 973
689 270
526 193
526 299
526 807
526 955
563 821
563 54
563 172
563 843
630 946
630 835
630 549
630 414
800 747
800 428
800 143
800 867
776 605
776 988
776 604
776 867
854 348
854 646
854 307
854 422
668 404
668 681
668 449
668 174
912 612
912 569
912 384
912 131
494 281
494 705
494 808
494 219
610 959
610 884
610 966
610 503
380 727
380 427
380 277
380 968
686 461
686 255
686 535
686 420
144 806
144 617
144 3
144 979
497 371
497 447
497 575
497 88
252 289
252 473
252 269
252 931
588 437
588 191
588 558
588 940
817 518
817 962
817 631
817 660
891 338
891 460
891 583
891 381
512 6
512 335
512 449
512 404
929 140
929 699
929 433
929 779
240 913
240 851
240 363
240 27
241 701
241 569
241 923
241 460
482 616
482 184
482 133
482 279
906 185
906 518
906 136
906 660
85 593
85 747
85 148
85 107
712 178
712 569
712 823
712 197
44 767
44 420
44 830
44 221
531 621
531 760
531 939
531 648
238 344
238 963
238 102
238 524
811 715
811 426
811 853
811 346
600 762
600 549
600 824
600 407
669 925
669 124
669 303
669 0
352 73
352 24
352 887
352 933
161 741
161 885
161 794
161 937
298 127
298 815
298 212
298 462
311 687
311 706
311 921
311 1
651 386
651 773
651 504
651 923
150 450
150 950
150 716
150 597
554 39
554 424
554 465
554 2
225 788
225 406
225 839
225 278
993 125
993 345
993 428
993 956
360 56
360 297
360 659
360 145
772 915
772 556
772 77
772 498
366 25
366 808
366 705
366 281
852 4
852 40
852 43
852 897
567 326
567 543
567 41
567 845
842 967
842 713
842 594
842 751
393 247
393 181
393 179
393 701
577 783
577 694
577 313
577 688
301 237
301 783
301 694
301 48
314 305
314 725
314 129
314 133
169 221
169 313
169 532
169 388
832 285
832 454
832 760
832 648
101 536
101 391
101 354
101 102
777 864
777 395
777 56
777 55
469 898
469 71
469 861
469 90
944 853
944 55
944 981
944 275
208 433
208 180
208 877
208 663
576 479
576 82
576 91
576 167
698 437
698 650
698 43
698 794
190 158
190 333
190 444
190 181
217 51
217 472
217 781
217 160
79 822
79 749
79 851
79 556
795 337
795 306
795 590
795 680
199 90
199 746
199 804
199 960
711 114
711 102
711 640
711 501
164 688
164 710
164 357
164 287
982 621
982 702
982 203
982 484
212 462
212 815
212 127
351 571
351 901
351 875
351 478
436 858
436 882
436 138
436 129
64 562
64 158
64 354
64 236
751 713
751 594
751 967
350 74
350 883
350 476
350 405
965 98
965 780
965 390
965 947
764 602
764 578
764 257
764 340
977 31
977 175
977 174
977 732
983 555
983 924
983 816
983 864
156 229
156 926
156 587
156 881
870 56
870 374
870 897
870 31
907 786
907 987
907 26
907 763
918 123
918 267
918 517
918 306
271 342
271 934
271 924
271 851
857 210
857 493
857 859
857 127
551 224
551 83
551 438
551 998
991 604
991 984
991 279
991 829
222 232
222 604
222 840
222 13
815 127
815 462
362 335
362 93
362 119
362 198
975 513
975 750
975 653
975 27
726 236
726 221
726 33
726 561
992 333
992 622
992 39
992 151
286 258
286 924
286 680
286 268
836 49
836 493
836 61
836 506
500 452
500 688
500 955
500 697
945 882
945 341
945 553
945 113
519 674
519 560
519 29
519 859
778 33
778 163
778 579
778 330
112 548
112 666
112 980
112 245
900 197
900 823
900 178
900 656
37 508
37 631
37 756
37 256
230 831
230 184
230 658
230 542
802 15
802 702
802 203
802 484
874 303
874 243
874 661
874 417
475 408
475 608
475 29
475 667
708 940
708 72
708 38
708 423
325 763
325 227
325 521
325 322
540 964
540 422
540 834
540 247
798 237
798 913
798 374
798 684
989 403
989 513
989 964
989 718
213 332
213 423
213 541
213 548
744 801
744 534
744 108
744 746
353 92
353 976
353 128
353 40
638 893
638 295
638 143
638 837
206 859
206 165
206 113
206 175
439 665
439 248
439 598
439 840
441 555
441 616
441 951
441 887
293 605
293 905
293 681
293 988
443 0
443 187
443 12
443 43
220 396
220 429
220 151
220 354
459 539
459 88
459 804
459 261
95 337
95 749
95 374
95 172
911 69
911 949
911 860
911 259
276 759
276 56
276 55
276 357
805 334
805 126
805 693
805 324
734 394
734 110
734 555
734 193
589 662
589 104
589 227
589 714
707 831
707 419
707 176
707 591
799 997
799 595
799 633
799 557
171 792
171 909
171 626
171 471
868 462
868 543
868 495
868 158
606 168
606 820
606 560
606 318
796 243
796 370
796 375
796 417
89 697
89 332
89 229
89 904
649 254
649 7
649 226
649 82
603 812
603 291
603 759
603 973
202 643
202 287
202 327
202 142
446 256
446 424
446 182
446 508
106 633
106 370
106 226
106 557
329 111
329 930
329 675
329 978
573 384
573 324
573 224
573 434
618 753
618 843
618 124
618 821
223 347
223 280
223 102
223 412
505 196
505 130
505 954
505 132
537 499
537 57
537 383
537 115
552 247
552 959
552 450
552 746
368 65
368 358
368 123
368 99
87 709
87 193
87 339
87 575
846 77
846 437
846 915
846 498
971 179
971 767
971 344
971 556
116 593
116 486
116 807
116 299
235 151
235 940
235 209
235 143
468 191
468 421
468 695
468 962
574 753
574 960
574 662
574 880
309 451
309 278
309 680
309 13
550 194
550 434
550 67
550 373
379 155
379 124
379 357
379 990
645 872
645 38
645 465
383 57
383 115
383 499
149 273
149 692
149 755
149 681
677 429
677 841
677 949
677 128
657 418
657 501
657 902
657 564
738 558
738 337
738 561
738 447
201 709
201 166
201 340
201 454
315 839
315 406
315 568
315 788
920 703
920 488
920 26
920 458
928 829
928 395
928 507
928 851
585 371
585 956
585 125
585 345
835 414
835 946
835 814
262 114
262 767
262 830
262 957
819 317
819 35
819 45
498 77
498 915
601 612
601 925
601 797
601 232
365 207
365 855
365 984
365 231
566 496
566 935
566 455
566 331
865 581
865 527
865 440
865 722
889 97
889 187
889 76
889 495
173 616
173 396
173 146
173 162
890 737
890 381
890 995
890 562
53 113
53 274
53 833
53 234
745 221
745 718
745 413
745 172
596 674
596 195
596 58
596 120
615 510
615 209
615 409
615 896
163 330
163 579
163 33
719 620
719 758
719 389
719 370
914 133
914 824
914 687
914 184
117 259
117 154
117 794
117 78
464 0
464 985
464 162
464 408
581 722
581 440
581 527
349 455
349 10
349 791
349 867
743 363
743 831
743 821
743 542
152 653
152 1
152 634
152 188
952 887
952 321
952 981
952 162
168 820
168 560
168 318
402 598
402 578
402 665
402 248
135 750
135 578
135 343
135 860
70 858
70 412
70 399
70 138
770 717
770 607
770 410
770 204
21 998
21 279
21 438
21 83
522 73
522 730
522 24
522 520
936 769
936 804
936 411
936 853
134 524
134 12
134 703
134 387
382 507
382 67
382 372
382 373
192 827
192 564
192 409
192 793
652 71
652 153
652 268
652 536
917 143
917 897
917 687
917 575
886 180
886 452
886 947
886 953
50 676
50 942
50 209
50 716
159 662
159 496
159 331
159 935
242 658
242 31
242 741
242 636
509 388
509 954
509 39
509 160
672 110
672 107
672 371
672 227
260 940
260 194
260 219
260 864
377 104
377 659
377 297
377 145
910 837
910 303
910 295
910 893
544 727
544 904
544 113
544 987
810 590
810 371
810 200
810 121
47 453
47 995
47 644
47 2
435 701
435 25
435 363
435 575
903 31
903 257
903 621
903 822
189 506
189 231
189 344
189 855
582 635
582 437
582 757
582 418
546 559
546 432
546 840
546 265
607 410
607 717
607 204
294 14
294 209
294 752
294 655
784 434
784 663
784 29
784 128
876 697
876 616
876 219
876 898
592 740
592 239
592 237
592 9
530 179
530 25
530 472
530 478
768 71
768 303
768 562
768 793
516 934
516 148
516 731
833 234
833 274
49 981
49 506
49 412
580 258
580 624
580 342
580 91
463 109
463 411
463 155
463 849
863 280
863 403
863 624
863 347
520 24
520 73
520 730
839 406
839 788
122 752
122 405
122 827
122 740
304 685
304 66
304 11
304 960
177 130
177 748
177 882
177 502
302 628
302 72
302 218
302 251
765 559
765 265
765 432
765 175
637 737
637 410
637 553
637 180
791 10
791 433
791 455
308 960
308 288
308 97
308 663
961 951
961 853
961 157
961 376
86 147
86 994
86 100
86 483
94 609
94 624
94 824
94 597
336 521
336 291
336 978
336 856
614 275
614 937
614 121
614 105
108 801
108 746
108 534
378 510
378 880
378 985
458 26
458 394
458 488
905 605
905 250
905 988
785 191
785 990
785 602
785 873
251 685
251 218
251 72
283 503
283 966
283 884
283 421
214 762
214 756
214 162
214 631
773 504
773 227
773 386
6 404
6 187
6 449
487 124
487 359
487 663
487 973
639 727
639 953
639 32
639 548
547 635
547 15
547 392
547 490
690 261
690 408
690 706
479 82
479 572
479 167
721 461
721 128
721 732
721 275
270 691
270 257
270 682
790 431
790 165
790 511
533 14
533 787
533 655
533 471
930 111
930 188
930 107
139 466
139 339
139 754
139 627
715 829
715 155
715 136
46 11
46 63
46 376
46 321
673 71
673 861
673 674
673 847
873 602
873 990
873 513
976 40
976 92
976 269
205 843
205 812
205 291
205 224
288 330
288 140
288 97
60 629
60 897
60 787
60 194
440 722
440 527
828 804
828 959
828 749
828 629
473 931
473 269
473 716
490 392
490 635
490 15
950 450
950 391
950 597
875 752
875 901
875 571
683 967
683 98
683 10
683 453
856 860
856 236
856 58
22 483
22 880
22 737
207 685
207 855
207 231
782 358
782 17
782 109
782 282
678 543
678 981
678 424
678 277
83 998
83 438
419 695
419 176
419 591
517 306
517 123
517 267
456 681
456 733
456 442
456 16
8 974
8 52
8 194
8 323
803 999
803 4
803 599
803 470
850 916
850 166
850 896
969 16
969 733
969 442
969 88
196 132
196 267
196 130
481 257
481 536
481 937
481 491
105 121
105 457
105 275
183 590
183 941
183 66
474 319
474 619
474 642
480 643
480 327
480 142
480 373
514 495
514 780
514 387
514 63
78 259
78 119
78 794
345 125
345 956
310 284
310 528
310 400
731 934
731 666
233 335
233 375
559 265
559 432
467 881
467 76
467 650
467 282
571 901
571 478
48 994
48 783
48 694
996 341
996 720
996 80
996 826
932 486
932 54
932 413
323 974
323 52
935 331
935 496
822 793
822 621
35 628
35 45
239 30
239 740
239 9
65 358
65 99
65 619
28 608
28 667
28 93
200 913
200 279
200 904
398 885
398 739
398 684
717 410
717 204
120 58
120 674
120 195
957 17
957 277
957 562
100 994
100 730
100 147
899 322
899 61
899 367
448 539
448 664
448 98
153 394
153 534
153 887
725 305
725 129
725 423
653 634
653 27
131 623
131 569
131 483
327 643
327 142
797 925
797 612
797 27
305 129
305 423
895 758
895 656
895 860
895 136
367 61
367 322
52 974
943 486
943 335
943 958
943 321
385 995
385 771
385 640
385 445
553 9
553 341
736 515
736 958
736 403
290 968
290 792
290 427
771 995
771 640
771 445
154 548
154 556
154 372
847 758
847 245
416 261
416 426
416 370
438 998
234 274
318 560
318 820
636 741
636 646
636 658
69 287
69 396
69 146
898 412
898 90
62 324
62 32
62 735
476 74
476 883
670 691
670 593
670 953
704 583
704 625
704 424
273 755
273 507
273 692
659 297
659 145
253 405
253 121
253 703
253 656
331 496
390 98
390 947
390 780
141 11
141 339
141 644
625 583
625 110
949 259
949 407
415 761
415 820
415 623
599 4
599 999
599 858
570 30
570 346
570 959
997 633
997 595
997 557
568 114
568 938
80 720
80 826
295 893
295 837
232 840
232 780
779 140
779 699
779 433
489 620
489 389
489 41
626 909
626 471
626 452
675 319
675 978
675 111
781 160
781 51
781 472
884 966
884 503
970 827
970 30
838 861
838 735
838 962
830 595
830 656
999 4
999 858
14 787
14 655
147 994
147 845
801 493
801 534
902 501
902 418
902 564
609 824
609 624
609 470
369 188
369 527
369 697
598 248
598 665
841 724
841 429
338 709
338 381
338 460
491 682
491 536
491 937
243 661
243 417
299 955
299 807
401 109
401 732
248 665
466 627
466 754
923 504
923 386
966 503
980 247
980 666
980 245
256 182
256 508
285 622
285 454
228 219
228 67
228 964
228 92
642 619
642 188
414 946
414 814
126 324
126 693
126 334
594 713
594 661
281 705
281 808
733 16
733 442
326 845
326 174
921 706
921 1
561 447
561 558
255 420
255 461
255 535
488 26
488 703
77 915
185 518
185 750
185 660
137 676
137 679
137 786
761 623
761 151
215 813
215 927
215 292
927 292
927 813
927 816
521 763
521 814
872 465
872 38
218 72
218 634
834 942
834 724
372 507
372 947
2 644
2 453
392 635
392 15
535 461
535 420
13 451
13 278
816 864
816 319
710 634
710 357
710 287
579 330
579 33
740 9
388 532
388 313
63 387
115 499
421 191
421 41
40 92
404 449
444 333
444 511
444 181
984 604
984 506
445 640
445 543
51 472
51 160
181 333
648 939
648 760
211 343
211 23
211 68
211 525
664 539
664 138
307 646
307 348
307 422
755 17
755 692
695 591
695 176
862 342
862 748
862 502
587 881
587 229
587 926
396 146
831 542
748 502
990 602
210 859
210 617
210 411
411 155
66 941
812 224
812 291
250 714
250 99
926 881
926 229
643 142
431 165
431 511
644 453
457 359
650 282
650 76
807 955
597 450
713 967
99 358
684 374
557 633
427 968
347 280
555 951
572 82
572 167
788 406
58 195
176 591
125 956
787 655
67 373
381 460
532 313
532 709
939 760
762 182
762 407
909 471
132 954
132 130
337 172
979 806
979 617
979 3
110 193
198 119
198 93
90 861
691 682
289 879
289 757
694 783
510 985
821 843
158 354
885 739
667 608
814 946
478 901
741 658
558 447
855 231
451 680
451 278
282 76
735 32
495 97
442 16
612 925
254 226
254 7
68 23
68 343
68 525
7 226
55 759
806 3
806 617
883 74
292 813
413 54
455 10
541 933
541 12
297 145
348 422
348 646
605 988
504 386
265 432
518 660
525 343
525 23
693 334
867 428
178 197
178 823
676 679
963 524
417 661
933 268
376 157
823 197
564 418
515 958
931 269
757 879
826 720
182 508
893 837
627 754
73 730
389 620
702 203
702 484
236 267
631 756
528 400
528 284
916 166
916 896
45 628
699 140
808 705
203 484
