15 33
15 900
15 332
15 343
686 286
686 96
686 308
686 763
18 635
18 91
18 147
18 601
920 494
920 52
920 562
920 212
21 930
21 226
21 551
21 584
437 64
437 85
437 719
437 269
449 306
449 747
449 276
449 122
469 40
469 222
469 613
469 406
309 548
309 380
309 949
309 248
495 871
495 570
495 991
495 770
379 629
379 884
379 876
379 636
819 838
819 411
819 699
819 593
607 357
607 72
607 364
607 419
826 107
826 391
826 228
826 367
321 205
321 666
321 73
321 350
151 204
151 78
151 776
151 111
546 324
546 713
546 487
546 210
177 283
177 588
177 440
177 340
684 881
684 812
684 266
684 199
84 858
84 555
84 969
84 793
642 688
642 901
642 388
642 154
102 767
102 466
102 185
102 293
690 879
690 481
690 894
690 999
442 194
442 881
442 225
442 464
875 718
875 589
875 230
875 171
114 197
114 38
114 235
114 183
664 797
664 412
664 925
664 638
420 82
420 608
420 641
420 275
856 575
856 556
856 522
856 415
493 254
493 94
493 950
493 755
697 361
697 971
697 241
697 591
251 790
251 451
251 678
251 910
755 950
755 605
755 194
271 892
271 200
271 250
271 416
733 27
733 162
733 404
733 282
242 227
242 640
242 909
242 815
935 9
935 93
935 706
935 794
30 865
30 346
30 462
30 841
786 800
786 86
786 471
786 299
156 536
156 43
156 253
156 807
782 943
782 831
782 67
782 470
101 387
101 113
101 274
101 27
41 678
41 940
41 698
41 605
572 902
572 564
572 201
572 372
421 288
421 584
421 737
421 407
793 555
793 781
793 940
222 813
222 175
222 315
318 934
318 230
318 962
318 691
29 659
29 639
29 220
29 587
454 612
454 338
454 594
454 814
962 649
962 366
962 934
889 257
889 937
889 701
889 798
903 513
903 689
903 738
903 362
143 227
143 655
143 653
143 654
933 936
933 910
933 703
933 858
567 535
567 719
567 977
567 860
623 136
623 835
623 296
623 440
577 840
577 416
577 699
577 633
896 307
896 811
896 586
896 922
37 907
37 62
37 98
37 142
394 710
394 499
394 970
394 613
611 163
611 64
611 637
611 721
809 633
809 601
809 80
809 824
423 619
423 595
423 459
423 157
28 738
28 44
28 364
28 409
345 954
345 129
345 829
345 736
178 173
178 828
178 971
178 693
927 196
927 824
927 10
927 362
533 83
533 530
533 555
533 849
975 523
975 681
975 427
975 6
553 536
553 456
553 744
553 239
724 418
724 592
724 885
724 851
292 659
292 56
292 722
292 244
540 195
540 916
540 938
540 929
739 726
739 426
739 323
739 158
851 969
851 502
851 331
203 444
203 815
203 198
203 822
462 841
462 346
462 427
148 484
148 211
148 624
148 10
266 674
266 678
266 491
212 517
212 983
212 673
696 964
696 670
696 911
696 447
265 376
265 658
265 357
265 561
522 356
522 737
522 450
402 712
402 680
402 559
402 905
936 910
936 645
936 128
926 892
926 497
926 558
926 374
942 866
942 626
942 370
942 655
62 98
62 474
62 529
837 691
837 152
837 667
837 647
303 863
303 858
303 941
303 681
405 140
405 339
405 135
405 589
44 825
44 700
44 75
749 671
749 270
749 419
749 400
900 711
900 153
900 331
241 46
241 648
241 491
430 369
430 334
430 515
430 944
768 752
768 817
768 542
768 859
770 579
770 147
770 966
232 227
232 985
232 99
232 653
381 679
381 118
381 283
381 509
325 508
325 833
325 720
325 931
429 383
429 262
429 182
429 974
119 532
119 931
119 679
119 921
998 969
998 843
998 335
998 948
54 917
54 899
54 81
54 83
460 908
460 821
460 789
460 568
928 83
928 947
928 750
928 496
987 72
987 524
987 356
987 478
313 410
313 788
313 158
313 105
720 396
720 833
720 286
354 596
354 726
354 850
354 427
492 314
492 699
492 637
492 170
278 583
278 824
278 336
278 779
353 13
353 408
353 494
353 149
210 892
210 528
210 990
298 59
298 513
298 738
298 7
273 20
273 134
273 710
273 777
912 369
912 352
912 42
912 47
170 363
170 654
170 694
58 568
58 989
58 861
58 821
844 791
844 256
844 654
844 906
157 466
157 112
157 915
966 176
966 16
966 538
365 562
365 150
365 215
365 608
766 652
766 40
766 953
766 685
61 291
61 103
61 657
61 552
620 94
620 763
620 561
620 208
598 192
598 795
598 842
598 571
708 293
708 771
708 366
708 456
785 578
785 169
785 857
785 150
800 16
800 226
800 214
514 898
514 818
514 425
514 67
831 560
831 472
831 104
350 290
350 750
350 868
988 904
988 14
988 253
988 135
651 92
651 11
651 745
651 929
894 999
894 879
894 131
972 320
972 438
972 285
972 179
406 217
406 108
406 909
279 796
279 299
279 855
279 614
964 602
964 319
964 716
573 71
573 867
573 993
573 580
916 938
916 269
916 299
19 549
19 446
19 302
19 81
479 603
479 73
479 847
479 320
893 507
893 136
893 682
893 408
899 26
899 317
899 951
208 347
208 984
208 968
796 417
796 835
796 139
0 606
0 17
0 424
0 956
767 141
767 63
767 679
534 531
534 537
534 820
534 516
190 284
190 877
190 645
190 425
747 457
747 7
747 306
411 593
411 127
411 236
715 36
715 518
715 795
715 234
311 637
311 783
311 1
311 185
399 343
399 233
399 820
399 276
669 496
669 938
669 224
669 756
609 343
609 974
609 337
609 263
996 897
996 184
996 774
996 435
88 324
88 703
88 97
88 519
736 792
736 960
736 300
463 545
463 89
463 626
463 946
822 815
822 443
822 603
92 474
92 351
92 342
297 984
297 335
297 862
297 662
348 707
348 924
348 159
348 997
811 798
811 547
811 221
603 333
603 194
772 550
772 359
772 141
772 120
583 558
583 336
583 751
943 396
943 761
943 751
81 83
81 564
287 195
287 917
287 250
287 130
628 295
628 967
628 197
628 674
685 174
685 910
685 35
204 687
204 304
204 725
803 439
803 949
803 207
803 327
448 895
448 787
448 87
448 225
754 723
754 506
754 205
754 289
648 285
648 31
648 424
779 880
779 882
779 289
812 290
812 310
812 2
887 530
887 986
887 424
887 795
907 789
907 412
907 98
327 832
327 371
327 439
729 118
729 759
729 234
729 414
643 960
643 397
643 259
643 115
706 9
706 794
706 832
554 22
554 376
554 296
554 113
285 329
285 863
732 215
732 468
732 487
732 198
209 552
209 646
209 171
209 961
859 195
859 619
859 513
878 769
878 386
878 370
878 978
91 908
91 87
91 890
162 604
162 805
162 404
289 731
289 655
234 267
234 118
159 78
159 446
159 316
629 216
629 884
629 636
614 113
614 855
614 55
4 441
4 701
4 795
4 447
606 865
606 707
606 829
459 519
459 947
459 731
252 956
252 368
252 675
252 48
490 452
490 89
490 484
490 26
728 864
728 957
728 166
728 407
888 471
888 230
888 592
888 794
377 191
377 476
377 70
377 890
919 224
919 359
919 383
919 605
32 77
32 485
32 52
32 932
673 503
673 825
673 694
112 201
112 269
112 595
467 310
467 877
467 500
467 400
601 635
601 666
976 207
976 214
976 847
976 272
93 994
93 581
93 539
948 756
948 503
948 579
349 368
349 3
349 246
349 744
874 751
874 512
874 672
874 882
160 955
160 967
160 615
160 488
709 167
709 777
709 622
709 526
372 647
372 476
372 182
662 154
662 683
662 512
731 857
731 413
759 931
759 515
759 902
307 971
307 994
307 640
993 665
993 50
993 641
70 869
70 57
70 78
263 600
263 243
263 929
34 807
34 163
34 187
34 511
984 166
984 823
60 576
60 106
60 364
60 780
627 671
627 883
627 416
627 659
385 67
385 138
385 914
385 799
683 655
683 528
683 415
293 189
293 771
827 707
827 852
827 136
827 275
885 97
885 977
885 120
206 6
206 103
206 668
206 521
312 817
312 80
312 510
312 270
676 737
676 953
676 898
676 59
981 450
981 765
981 773
981 360
144 120
144 182
144 688
144 703
742 915
742 489
742 6
742 386
76 873
76 294
76 714
76 56
198 487
198 215
634 693
634 979
634 310
634 13
871 328
871 610
871 302
74 769
74 834
74 570
74 328
274 695
274 704
274 613
77 857
77 485
77 932
428 440
428 775
428 613
428 740
656 505
656 229
656 418
656 145
895 213
895 677
895 704
500 687
500 314
500 714
145 961
145 256
145 505
828 955
828 319
828 945
165 71
165 494
165 425
165 581
657 531
657 727
657 291
352 55
352 947
352 473
359 42
359 550
665 224
665 253
665 516
714 294
714 382
131 529
131 821
131 121
255 842
255 762
255 846
255 735
843 848
843 711
843 300
986 600
986 65
986 861
478 897
478 72
478 243
973 9
973 640
973 994
973 860
486 431
486 226
486 305
486 451
748 802
748 717
748 921
748 791
161 24
161 562
161 542
161 491
808 980
808 330
808 834
808 134
740 489
740 228
740 679
363 695
363 260
363 109
57 214
57 616
57 596
836 630
836 520
836 939
836 193
56 453
56 35
619 66
619 505
333 536
333 121
333 80
89 521
89 386
23 515
23 260
23 117
23 839
141 272
141 264
68 551
68 436
68 180
68 75
301 99
301 780
301 24
301 618
680 734
680 559
680 712
387 818
387 578
387 498
261 718
261 47
261 978
261 983
872 576
872 392
872 593
872 502
133 730
133 688
133 388
133 452
952 999
952 593
952 306
952 217
615 644
615 544
615 641
726 426
726 472
195 635
123 12
123 281
123 541
123 482
758 555
758 218
758 386
758 239
64 326
64 806
149 982
149 494
149 326
667 233
667 152
667 302
155 231
155 781
155 329
155 870
175 395
175 542
175 422
576 502
576 392
367 762
367 509
367 455
461 13
461 602
461 571
461 225
524 922
524 839
524 552
488 213
488 850
488 544
393 397
393 990
393 867
393 562
547 863
547 760
547 104
713 395
713 42
713 862
883 188
883 508
883 941
906 249
906 256
906 125
79 473
79 705
79 616
79 504
199 929
199 221
199 691
45 556
45 433
45 959
45 179
565 946
565 338
565 172
565 281
771 366
771 658
835 909
835 416
368 982
368 753
184 873
184 774
184 992
510 925
510 639
510 817
743 194
743 52
743 455
743 323
745 11
745 816
745 53
569 519
569 946
569 154
569 752
592 50
592 646
775 734
775 113
775 512
735 842
735 846
735 342
890 523
890 705
511 107
511 115
511 187
66 917
66 538
66 773
911 458
911 436
911 129
207 180
207 501
179 797
179 127
788 870
788 457
788 410
531 703
531 380
560 632
560 95
560 901
122 621
122 867
122 189
334 944
334 389
334 33
847 730
847 989
649 602
649 186
649 617
48 604
48 361
48 281
224 496
100 270
100 39
100 950
100 923
631 990
631 211
631 116
631 341
891 575
891 357
891 340
891 721
152 316
152 682
955 104
955 941
5 865
5 378
5 8
5 164
527 594
527 575
527 579
527 675
269 147
47 369
47 124
22 115
22 804
22 723
582 395
582 839
582 761
582 25
65 299
65 725
65 702
663 417
663 632
663 523
663 979
760 644
760 375
760 584
53 977
53 236
53 913
954 59
954 250
954 829
328 366
328 570
39 960
39 146
39 923
790 866
790 741
790 126
330 220
330 375
330 764
445 914
445 373
445 991
445 27
78 752
718 589
718 983
689 677
689 625
689 557
390 545
390 641
390 375
390 388
575 591
640 994
338 544
338 344
692 902
692 288
692 539
692 652
918 989
918 849
918 991
918 11
291 237
291 42
574 549
574 807
574 509
574 63
778 599
778 886
778 257
778 247
841 660
841 346
853 528
853 322
853 483
853 294
602 147
654 867
530 525
530 997
347 550
347 8
347 578
817 882
852 840
852 25
852 787
371 43
371 832
371 818
997 124
997 525
168 548
168 622
168 412
168 780
215 487
378 8
378 164
378 483
470 802
470 757
470 111
544 970
376 605
376 413
322 480
322 769
322 965
202 694
202 410
202 221
202 205
176 695
176 90
176 647
341 35
341 260
341 515
868 108
868 897
868 464
977 245
172 465
172 746
172 548
221 953
223 11
223 398
223 595
223 543
681 848
681 991
200 892
200 250
200 187
734 937
734 280
281 946
444 815
444 776
444 480
235 139
235 38
235 537
691 625
246 220
246 94
246 3
539 756
539 860
810 999
810 937
810 974
810 590
502 392
25 787
25 699
180 551
180 436
167 862
167 268
167 591
535 704
535 374
535 228
925 639
925 520
507 813
507 375
507 216
280 282
280 880
280 304
915 244
915 305
63 140
63 588
557 36
557 668
557 992
126 805
126 564
126 879
231 96
231 329
231 781
383 725
383 881
647 43
591 361
137 305
137 409
137 431
137 913
362 134
362 196
995 451
995 804
995 51
995 272
277 369
277 186
277 588
277 727
930 3
930 116
930 128
227 922
830 967
830 932
830 563
830 552
339 517
339 813
339 472
990 705
578 257
559 712
559 905
621 746
621 201
621 799
264 776
264 320
264 125
587 934
587 240
587 517
512 672
422 86
422 869
422 14
652 288
652 336
705 644
482 804
482 541
482 452
513 738
96 496
96 308
323 558
323 549
780 24
351 476
351 869
351 124
886 526
886 247
886 384
818 719
51 864
51 451
51 940
829 193
586 132
586 721
586 922
382 753
382 518
382 75
965 219
965 501
965 59
917 825
980 801
980 95
980 777
753 501
753 171
105 945
105 526
105 158
549 959
257 528
773 169
773 596
789 7
789 536
146 98
146 845
146 556
666 447
666 468
480 110
480 97
111 802
111 239
564 431
704 630
475 617
475 90
475 355
475 332
612 814
612 594
612 897
769 978
481 466
481 931
481 632
20 87
20 710
20 616
446 302
446 526
24 1
825 687
579 503
932 485
774 306
774 992
435 497
435 8
435 630
660 225
660 400
660 453
425 356
10 951
10 218
163 417
163 585
357 419
597 590
597 193
597 716
597 107
7 403
484 741
484 624
566 443
566 434
566 457
566 197
103 636
103 276
866 618
866 400
50 443
50 438
638 792
638 191
638 80
881 725
262 294
262 719
262 561
710 499
128 116
128 414
401 838
401 945
401 317
401 432
608 150
608 622
196 69
196 315
801 949
801 650
801 95
237 295
237 455
237 218
802 464
717 921
717 791
717 187
523 304
750 499
750 3
521 342
521 905
188 355
188 941
188 211
308 286
308 963
839 380
35 73
6 477
384 466
384 671
384 247
857 823
106 248
106 716
106 898
797 49
797 342
158 898
630 520
694 284
211 413
596 169
764 432
764 525
764 329
970 556
970 296
453 99
453 870
848 300
848 711
914 27
914 799
989 722
238 130
238 52
238 397
238 183
193 626
219 744
219 668
219 230
441 138
441 701
441 944
304 904
877 49
877 408
499 864
418 832
418 880
723 268
723 506
317 838
317 432
407 166
407 957
792 191
792 229
409 913
409 236
260 109
305 431
12 541
12 721
12 618
464 849
956 675
956 344
589 570
807 525
529 474
529 243
563 958
563 670
563 477
816 75
816 806
816 783
485 17
814 594
814 438
135 127
135 253
116 412
136 879
228 391
240 474
240 427
240 902
117 245
117 337
117 532
951 110
951 571
659 456
97 860
501 55
477 958
477 670
356 127
846 214
846 963
71 580
71 26
979 924
979 805
395 761
545 707
545 181
548 248
558 483
968 340
968 855
968 762
595 543
632 346
107 391
937 46
436 551
17 674
17 364
226 585
108 360
108 581
344 959
344 674
450 67
450 458
140 374
140 396
296 174
259 752
259 138
259 397
433 757
433 963
433 389
934 173
661 360
661 217
661 765
661 153
677 258
677 173
746 465
746 125
901 645
901 95
763 85
763 585
823 538
823 267
282 404
282 784
561 185
855 316
120 335
331 153
331 374
497 391
497 276
370 110
370 414
413 604
468 424
468 489
14 765
14 849
722 864
722 244
181 985
181 46
181 824
509 283
517 861
869 963
985 389
985 653
505 845
465 880
465 834
268 804
268 862
447 599
688 388
854 72
854 646
854 164
854 254
471 438
471 806
580 26
580 132
568 821
568 944
398 543
398 358
398 31
702 806
702 550
702 1
254 2
254 164
923 270
923 960
783 581
783 115
716 283
166 957
712 905
110 315
506 324
506 455
765 360
787 174
33 604
33 288
173 258
959 840
682 483
682 489
434 457
434 443
434 908
337 532
337 245
730 426
730 876
69 924
69 85
69 698
440 834
700 820
700 233
700 249
625 336
625 945
508 909
508 833
49 498
49 85
275 82
275 403
784 290
784 216
784 2
139 537
139 94
236 913
138 701
473 55
473 373
884 189
884 636
314 967
314 542
432 838
132 644
132 698
757 516
757 876
340 761
142 924
142 249
142 284
191 476
104 622
258 244
258 756
637 408
618 491
358 213
358 86
358 31
610 243
610 87
610 324
169 150
414 678
36 624
36 373
415 335
415 947
504 616
504 727
504 541
520 798
46 239
247 599
189 38
332 617
332 343
284 645
171 392
882 672
698 904
86 805
249 125
624 741
626 498
361 653
921 791
16 516
16 267
571 192
43 404
217 267
845 452
845 727
600 861
600 272
9 794
109 695
109 185
904 599
873 518
873 319
949 439
319 518
585 153
458 295
458 781
40 675
40 950
532 245
315 958
670 958
456 121
870 833
417 130
876 248
658 229
658 693
403 82
403 850
295 538
326 982
326 969
971 129
668 992
762 192
543 192
229 693
957 842
174 978
197 183
590 940
590 974
410 389
316 124
205 472
751 373
982 633
939 118
939 82
939 129
213 73
711 300
220 639
646 961
218 154
650 31
650 310
650 865
130 186
908 182
355 90
355 671
744 938
820 233
2 290
635 537
863 858
737 584
687 672
961 503
419 519
776 320
633 741
813 216
850 439
396 286
186 588
256 13
380 983
799 201
134 777
617 90
1 99
953 498
121 798
426 840
183 38
