175 787
175 648
175 278
175 932
266 333
266 503
266 951
266 82
405 603
405 283
405 556
405 295
957 997
957 754
957 224
957 210
32 124
32 572
32 691
32 344
595 433
595 831
595 472
595 907
416 861
416 651
416 862
416 94
966 359
966 443
966 82
966 732
98 609
98 241
98 48
98 925
311 987
311 754
311 31
311 306
125 402
125 742
125 893
125 151
939 305
939 930
939 352
939 300
28 299
28 150
28 540
28 965
332 150
332 789
332 111
332 140
192 696
192 214
192 890
192 562
849 19
849 400
849 985
849 762
33 337
33 196
33 533
33 181
447 418
447 945
447 728
447 204
279 345
279 854
279 121
279 644
588 704
588 156
588 927
588 204
240 675
240 829
240 408
240 721
251 781
251 733
251 988
251 423
236 344
236 942
236 476
236 686
626 541
626 962
626 221
626 575
86 969
86 415
86 667
86 989
687 623
687 327
687 670
687 842
245 940
245 480
245 658
245 428
860 580
860 917
860 915
860 922
371 754
371 76
371 593
371 531
936 893
936 356
936 656
936 93
69 396
69 572
69 705
69 654
634 519
634 99
634 743
634 282
51 732
51 965
51 665
51 883
320 248
320 263
320 512
320 326
10 344
10 392
10 480
10 563
813 367
813 253
813 781
813 926
398 351
398 921
398 911
398 993
809 485
809 889
809 102
809 463
141 420
141 560
141 490
141 461
250 328
250 615
250 771
250 177
118 704
118 559
118 972
118 17
346 866
346 169
346 527
346 254
96 117
96 126
96 39
96 702
773 392
773 743
773 907
773 121
127 363
127 155
127 721
127 647
840 571
840 319
840 383
840 753
659 855
659 869
659 434
659 707
850 271
850 112
850 34
850 670
496 209
496 19
496 613
496 70
972 559
972 704
972 17
16 706
16 989
16 57
16 233
106 299
106 554
106 591
106 182
459 700
459 262
459 6
459 927
941 946
941 736
941 901
941 370
56 15
56 343
56 730
56 143
816 225
816 752
816 220
816 895
303 91
303 716
303 499
303 200
693 260
693 646
693 961
693 621
357 54
357 132
357 356
357 660
484 469
484 138
484 826
484 836
109 499
109 716
109 997
109 200
419 810
419 790
419 275
419 834
341 898
341 585
341 705
341 139
805 580
805 325
805 463
805 597
542 684
542 970
542 226
542 799
795 410
795 237
795 120
795 811
541 962
541 211
541 221
750 814
750 822
750 8
750 378
453 312
453 343
453 730
453 15
409 917
409 273
409 940
409 633
796 594
796 283
796 596
796 976
173 780
173 302
173 823
173 556
848 715
848 44
848 85
848 136
748 632
748 261
748 806
748 427
455 3
455 390
455 12
455 153
683 412
683 57
683 647
683 490
235 775
235 104
235 563
235 546
414 942
414 987
414 187
414 281
372 63
372 182
372 968
372 312
914 810
914 350
914 974
914 26
672 355
672 131
672 815
672 142
797 835
797 161
797 667
797 427
5 861
5 228
5 482
5 159
217 894
217 494
217 117
217 113
321 978
321 703
321 669
321 938
258 876
258 471
258 753
258 586
519 743
519 282
519 99
129 696
129 383
129 113
129 38
783 944
783 180
783 691
783 428
456 395
456 772
456 697
456 389
912 154
912 242
912 134
912 494
348 712
348 448
348 27
348 112
821 313
821 823
821 538
821 295
720 329
720 119
720 540
720 193
958 121
958 859
958 606
958 948
407 501
407 926
407 922
407 532
498 102
498 253
498 9
498 763
881 159
881 183
881 551
881 170
871 874
871 526
871 792
871 225
522 656
522 198
522 203
522 424
979 29
979 906
979 951
979 719
172 162
172 665
172 946
172 452
451 497
451 462
451 905
451 355
4 11
4 151
4 404
4 402
495 489
495 635
495 933
495 526
47 715
47 177
47 983
47 375
685 731
685 916
685 88
685 210
561 269
561 690
561 643
561 583
677 186
677 442
677 243
677 461
100 665
100 853
100 467
100 713
468 568
468 612
468 819
468 650
567 8
567 970
567 364
567 164
986 174
986 658
986 633
986 515
841 128
841 956
841 232
841 557
960 535
960 973
960 436
960 882
223 278
223 887
223 695
223 736
947 48
947 284
947 199
947 387
61 902
61 246
61 9
61 169
211 962
211 221
211 276
318 224
318 830
318 277
318 494
547 64
547 102
547 535
547 196
864 147
864 399
864 518
864 338
285 135
285 198
285 553
285 622
778 705
778 397
778 890
778 513
600 272
600 511
600 807
600 873
460 275
460 630
460 229
460 68
487 437
487 842
487 201
487 570
425 392
425 582
425 25
425 643
758 314
758 281
758 953
758 293
157 82
157 506
157 149
157 291
449 26
449 8
449 168
449 637
50 295
50 44
50 363
50 327
323 454
323 181
323 115
323 247
219 350
219 887
219 650
219 187
918 518
918 523
918 148
918 665
440 169
440 564
440 705
440 529
508 712
508 338
508 485
508 276
62 798
62 473
62 631
62 807
971 363
971 576
971 448
971 523
379 424
379 477
379 101
379 550
995 360
995 203
995 122
995 420
500 551
500 170
500 465
500 699
824 900
824 184
824 620
824 439
521 554
521 775
521 882
521 229
703 938
703 669
703 978
486 884
486 36
486 515
486 882
745 592
745 474
745 446
745 0
215 802
215 859
215 566
215 767
249 675
249 546
249 877
249 160
954 322
954 622
954 644
954 604
764 26
764 300
764 951
764 604
991 800
991 573
991 789
991 331
315 789
315 892
315 747
315 669
899 789
899 26
899 470
899 204
411 385
411 12
411 698
411 706
607 208
607 80
607 34
607 786
878 24
878 433
878 229
878 831
680 216
680 689
680 698
680 770
768 812
768 604
768 963
768 993
618 143
618 298
618 512
618 353
793 174
793 466
793 264
793 271
197 949
197 83
197 452
197 296
354 107
354 528
354 403
354 465
256 945
256 908
256 827
256 437
247 753
247 115
247 454
886 432
886 706
886 463
886 842
78 632
78 291
78 473
78 506
928 780
928 234
928 911
928 255
735 222
735 598
735 209
735 983
574 255
574 144
574 949
574 283
739 377
739 964
739 202
739 867
97 171
97 214
97 54
97 301
388 915
388 432
388 556
388 132
450 556
450 444
450 603
450 410
692 627
692 131
692 474
692 815
43 820
43 598
43 544
43 870
417 534
417 274
417 128
417 65
259 993
259 904
259 299
259 515
981 226
981 124
981 158
981 539
555 195
555 877
555 689
555 757
714 679
714 801
714 104
714 252
548 790
548 140
548 935
548 802
330 312
330 280
330 248
330 368
897 835
897 360
897 546
897 959
288 917
288 156
288 875
288 614
751 382
751 832
751 71
751 994
316 573
316 347
316 919
316 166
733 423
733 988
733 833
785 88
785 503
785 606
785 326
803 923
803 287
803 137
803 38
265 394
265 111
265 150
265 536
996 46
996 536
996 829
996 843
374 774
374 191
374 736
374 759
674 322
674 543
674 799
674 177
653 307
653 153
653 472
653 391
992 898
992 139
992 835
992 585
794 731
794 701
794 643
794 916
334 903
334 888
334 636
334 280
458 237
458 915
458 790
458 927
152 572
152 142
152 255
152 383
481 804
481 664
481 782
481 605
510 630
510 350
510 908
510 13
87 571
87 85
87 136
87 528
617 324
617 580
617 29
617 719
530 909
530 128
530 557
530 597
777 272
777 511
777 822
777 873
920 54
920 985
920 523
920 990
943 638
943 718
943 325
943 655
952 689
952 340
952 889
952 422
205 839
205 670
205 282
205 599
694 673
694 342
694 17
694 378
977 734
977 931
977 506
977 944
41 710
41 113
41 144
41 890
238 877
238 191
238 283
238 903
791 331
791 150
791 741
791 774
189 291
189 353
189 629
189 168
749 819
749 367
749 740
749 527
2 229
2 908
2 89
2 45
514 275
514 156
514 538
514 443
231 401
231 112
231 430
231 376
212 627
212 601
212 828
212 324
244 239
244 565
244 509
244 21
23 147
23 421
23 788
23 800
982 396
982 296
982 210
982 35
998 11
998 404
998 757
998 524
688 331
688 639
688 42
688 418
847 759
847 610
847 660
847 22
58 145
58 829
58 485
58 582
59 779
59 194
59 845
59 603
761 502
761 924
761 482
761 158
122 475
122 360
122 771
206 578
206 351
206 491
206 479
464 27
464 589
464 872
464 116
846 611
846 44
846 362
846 707
73 937
73 413
73 367
73 742
924 654
924 955
924 560
14 166
14 88
14 689
14 826
609 241
609 387
609 925
230 563
230 305
230 65
230 942
270 7
270 781
270 788
270 649
55 286
55 766
55 123
55 291
381 84
381 569
381 64
381 130
37 158
37 902
37 579
37 612
858 132
858 527
858 94
858 457
640 309
640 333
640 88
640 234
891 385
891 838
891 973
891 616
613 39
613 209
613 70
645 140
645 454
645 989
645 187
336 812
336 868
336 746
336 308
516 876
516 649
516 586
516 471
475 66
475 885
475 204
711 570
711 292
711 161
711 412
590 753
590 999
590 275
590 239
661 839
661 959
661 632
661 290
837 457
837 817
837 528
837 290
386 326
386 736
386 955
386 193
602 999
602 457
602 299
602 621
264 174
264 401
264 466
596 663
596 976
596 594
857 856
857 6
857 637
857 497
825 822
825 823
825 233
825 855
21 565
21 509
21 686
53 312
53 531
53 593
53 76
349 143
349 199
349 885
349 942
384 121
384 965
384 908
384 843
358 763
358 441
358 220
358 149
671 366
671 723
671 553
671 146
393 598
393 884
393 153
393 637
619 575
619 852
619 812
619 573
930 300
930 352
930 765
52 781
52 524
52 160
52 815
60 415
60 345
60 969
60 990
406 49
406 961
406 725
406 294
737 608
737 862
737 142
737 854
146 366
146 648
146 723
369 944
369 863
369 155
369 306
304 421
304 432
304 656
304 621
726 819
726 757
726 187
726 331
72 678
72 537
72 681
72 581
74 638
74 176
74 289
74 422
267 444
267 884
267 3
267 399
624 611
624 444
624 762
624 776
227 293
227 904
227 198
227 734
851 843
851 775
851 46
851 927
273 872
273 806
273 940
967 130
967 569
967 112
967 84
663 324
663 594
663 976
744 545
744 553
744 915
744 375
339 666
339 110
339 445
339 103
289 67
289 254
289 120
682 18
682 124
682 628
682 727
729 166
729 965
729 295
729 412
478 438
478 974
478 114
478 575
194 539
194 779
194 845
313 268
313 390
313 243
896 520
896 8
896 22
896 987
668 168
668 488
668 667
668 345
380 566
380 769
380 305
380 755
577 144
577 856
577 713
577 676
309 333
309 834
309 752
782 506
782 980
782 605
79 507
79 493
79 81
79 505
994 25
994 71
994 57
20 431
20 553
20 143
20 592
679 104
679 252
679 226
30 120
30 646
30 168
30 237
185 216
185 148
185 770
185 161
975 133
975 675
975 578
975 195
389 697
389 772
389 370
662 895
662 760
662 827
662 302
549 637
549 163
549 520
549 67
614 545
614 875
614 276
67 163
67 520
202 867
202 377
202 350
36 169
36 999
36 932
623 327
623 842
623 124
108 859
108 415
108 646
108 145
728 116
728 418
728 945
532 276
532 926
532 940
550 101
550 424
550 477
615 771
615 328
615 333
483 491
483 222
483 746
483 253
525 844
525 887
525 904
525 769
493 338
493 81
493 507
984 494
984 534
984 66
984 599
492 931
492 162
492 562
492 225
610 759
610 660
610 22
894 826
894 113
894 117
919 166
919 573
919 13
651 832
651 862
651 861
880 176
880 39
880 973
880 426
277 224
277 263
277 830
950 63
950 123
950 709
950 801
879 435
879 89
879 664
879 345
92 681
92 537
92 488
92 581
394 885
394 536
394 111
717 833
717 552
717 823
717 985
462 905
462 355
462 497
708 431
708 40
708 502
708 188
0 474
0 446
0 592
534 599
534 66
865 180
865 502
865 715
865 909
90 608
90 712
90 421
90 307
734 598
734 910
517 12
517 119
517 148
517 875
284 48
284 387
284 738
558 446
558 216
558 254
558 39
178 513
178 356
178 180
178 980
314 293
314 281
314 953
628 18
628 167
628 727
776 611
776 116
776 762
294 712
294 725
294 49
342 811
342 378
342 673
579 612
579 529
579 158
585 898
585 139
114 177
114 19
114 889
820 923
820 870
820 544
684 799
684 226
684 884
179 929
179 361
179 149
179 934
657 592
657 538
657 7
657 838
31 863
31 485
31 754
642 700
642 822
642 630
642 262
93 893
93 937
93 552
208 70
208 786
208 80
436 248
436 882
436 667
956 232
956 883
956 633
95 201
95 131
95 512
95 254
377 867
377 964
641 308
641 356
641 186
641 7
476 515
476 964
476 302
620 439
620 900
620 980
103 666
103 445
103 632
207 155
207 903
207 606
207 901
724 636
724 145
724 946
724 1
310 741
310 426
310 257
310 428
587 892
587 747
587 68
587 766
335 410
335 24
335 297
335 75
429 292
429 319
429 365
429 756
544 870
544 900
301 709
301 116
301 214
395 697
395 772
395 695
853 467
853 713
853 656
35 870
35 482
35 396
504 63
504 948
504 686
504 195
430 482
430 401
430 376
625 529
625 77
625 616
625 564
902 246
902 9
696 159
696 383
788 147
788 800
373 678
373 376
373 201
373 385
913 136
913 933
913 843
913 686
888 280
888 278
888 636
718 325
718 814
718 655
804 7
804 161
804 605
328 987
328 771
489 933
489 278
489 635
963 171
963 993
963 133
808 298
808 317
808 165
808 584
287 38
287 137
287 444
702 752
702 117
702 835
13 524
13 695
499 200
499 716
6 262
6 700
868 746
868 812
868 308
242 134
242 46
242 154
107 465
107 564
107 403
362 763
362 44
362 910
948 606
948 859
978 669
978 938
105 83
105 210
105 652
105 347
438 974
438 327
438 810
929 190
929 361
929 934
340 889
340 974
340 480
852 655
852 545
852 472
260 621
260 695
260 646
576 110
576 363
576 829
1 257
1 946
1 817
228 159
228 935
228 463
364 970
364 164
364 368
139 898
286 560
286 774
286 699
866 527
866 77
866 402
644 322
644 622
892 68
892 747
403 465
403 528
756 319
756 701
756 365
163 520
163 413
765 213
765 818
765 740
391 307
391 248
391 153
543 838
543 580
543 155
329 540
329 856
329 193
568 612
568 819
568 650
246 603
246 9
799 854
400 955
400 126
400 19
404 11
404 151
198 135
722 563
722 770
722 214
722 296
188 818
188 40
188 431
479 351
479 578
479 448
337 181
337 196
337 533
922 501
922 126
45 102
45 997
45 218
591 261
591 427
591 980
838 616
710 387
710 890
710 24
91 360
91 513
91 397
408 698
408 721
408 488
137 923
137 38
274 65
274 133
274 191
874 432
874 526
874 792
297 652
297 24
297 268
873 511
873 272
552 893
552 709
738 650
738 571
738 932
721 675
317 165
317 766
317 584
635 933
635 145
531 593
531 76
801 63
801 410
162 225
162 562
818 740
818 213
298 584
298 165
413 742
413 937
110 666
110 445
133 65
876 471
876 586
969 415
969 402
582 643
582 448
184 439
184 203
184 441
370 571
370 901
559 17
559 704
261 427
261 101
652 83
652 347
767 836
767 469
767 138
220 885
220 149
471 586
467 713
467 441
130 569
130 84
434 869
434 707
434 855
421 233
906 719
906 160
906 29
263 182
263 326
469 138
469 836
183 170
183 551
183 397
589 629
589 27
589 872
480 658
397 513
814 826
814 268
94 171
94 572
390 77
390 3
509 565
509 239
921 780
921 911
921 368
535 64
535 292
784 910
784 271
784 472
784 222
34 80
34 786
502 40
359 443
359 82
359 732
787 932
787 990
787 806
123 709
123 766
839 290
839 670
42 639
42 452
42 75
442 243
442 392
442 186
128 557
365 292
365 319
772 697
961 49
961 725
27 872
89 435
89 664
581 537
581 681
49 725
529 564
830 647
830 224
470 983
470 234
470 999
435 931
435 664
673 378
673 811
601 627
601 935
601 828
420 461
420 490
779 845
779 539
167 727
167 925
167 18
437 134
437 201
190 934
190 361
190 268
353 512
353 629
828 324
828 627
869 707
869 855
466 174
466 234
213 923
213 740
120 237
719 29
780 911
834 790
834 752
423 988
423 833
676 426
676 757
676 856
949 296
949 630
678 385
678 570
690 583
690 269
690 968
760 302
760 895
760 827
491 222
491 253
376 401
457 290
831 433
831 907
426 973
147 800
368 164
361 934
968 269
968 583
366 648
366 723
412 570
742 937
452 75
599 66
654 909
654 396
195 77
566 755
566 769
418 945
633 658
877 616
131 815
262 700
622 322
755 769
755 503
352 901
352 300
325 655
844 306
844 887
844 863
953 293
953 281
375 983
375 545
474 446
802 140
802 935
48 199
554 182
554 775
970 164
861 862
631 807
631 473
631 798
792 271
792 526
798 807
798 473
518 148
518 338
233 706
691 180
691 944
883 605
883 232
424 477
252 104
252 25
524 160
193 540
209 70
597 854
597 909
135 218
135 305
176 638
176 422
422 638
115 46
115 454
900 439
832 382
832 71
955 126
806 990
715 85
255 142
916 731
916 701
15 730
15 343
257 741
257 817
351 578
964 867
306 863
488 698
629 191
80 786
85 136
562 931
959 759
959 546
154 904
154 134
699 910
699 560
604 649
730 343
608 307
608 917
443 732
199 817
538 156
875 119
445 666
536 111
221 962
344 938
497 905
71 382
64 649
280 636
232 639
428 741
501 903
501 382
727 18
57 989
533 196
533 181
119 575
639 75
171 54
539 845
101 477
239 565
22 660
186 243
746 308
490 461
523 985
569 84
716 200
537 681
40 431
647 811
241 505
241 925
988 833
747 68
218 997
218 25
99 743
99 282
83 347
272 511
905 355
763 441
593 76
3 399
611 762
433 907
774 810
144 203
151 11
170 551
165 584
701 731
926 367
976 594
827 895
132 557
216 770
12 399
503 951
507 81
507 505
81 505
836 138
723 648
269 583
