953 919
953 602
953 494
953 672
969 101
969 689
969 728
969 879
880 503
880 723
880 760
880 726
985 427
985 824
985 370
985 221
737 473
737 108
737 881
737 194
936 820
936 13
936 238
936 278
90 95
90 443
90 288
90 110
945 958
945 877
945 199
945 440
573 170
573 759
573 41
573 637
913 266
913 972
913 358
913 418
224 322
224 792
224 983
224 290
387 624
387 742
387 605
387 366
143 558
143 486
143 921
143 731
691 774
691 700
691 186
691 23
220 890
220 5
220 329
220 987
911 122
911 822
911 57
911 79
869 555
869 86
869 838
869 77
948 415
948 89
948 192
948 277
57 113
57 728
57 541
804 949
804 624
804 445
804 978
123 706
123 460
123 864
123 758
978 674
978 104
978 103
295 662
295 484
295 570
295 791
941 712
941 704
941 201
941 374
25 110
25 951
25 983
25 815
937 564
937 673
937 789
937 554
232 499
232 528
232 544
232 135
921 177
921 861
921 420
189 666
189 939
189 974
189 392
779 766
779 363
779 616
779 471
457 488
457 702
457 87
457 567
630 672
630 858
630 156
630 757
752 792
752 47
752 811
752 838
813 795
813 778
813 229
813 67
784 377
784 168
784 176
784 652
845 688
845 489
845 633
845 522
27 56
27 131
27 755
27 658
637 417
637 285
637 989
596 317
596 212
596 506
596 564
645 611
645 322
645 819
645 96
454 163
454 837
454 810
454 23
561 255
561 228
561 395
561 490
223 872
223 895
223 437
223 51
957 99
957 269
957 40
957 868
533 877
533 705
533 631
533 182
625 343
625 783
625 113
625 856
76 730
76 142
76 362
76 444
529 680
529 41
529 187
529 176
1 599
1 347
1 877
1 430
764 887
764 433
764 536
764 643
608 855
608 900
608 211
608 747
655 240
655 443
655 480
655 870
280 587
280 166
280 755
280 248
710 767
710 549
710 629
710 868
264 12
264 996
264 664
264 628
994 297
994 946
994 666
994 537
147 44
147 724
147 981
147 436
180 484
180 47
180 505
180 540
368 789
368 487
368 127
368 356
414 250
414 632
414 767
414 745
105 589
105 497
105 262
105 915
449 724
449 350
449 179
449 670
278 179
278 13
278 238
520 259
520 579
520 110
520 671
272 690
272 912
272 695
272 518
297 432
297 82
297 438
81 554
81 853
81 275
81 981
729 668
729 173
729 359
729 39
663 175
663 802
663 443
663 138
856 687
856 12
856 719
279 430
279 897
279 837
279 688
601 618
601 568
601 24
601 361
559 763
559 344
559 6
559 987
884 116
884 980
884 865
884 202
310 60
310 8
310 582
310 145
817 938
817 190
817 891
817 557
78 369
78 307
78 904
78 283
431 238
431 371
431 283
431 714
213 644
213 641
213 719
213 859
247 699
247 46
247 501
247 640
439 127
439 205
439 269
439 816
302 714
302 469
302 184
302 267
733 405
733 670
733 919
733 473
156 71
156 583
156 783
350 853
350 128
350 179
816 204
816 127
816 292
954 91
954 966
954 842
954 41
647 22
647 243
647 23
647 801
853 252
853 882
287 480
287 250
287 857
287 818
955 996
955 318
955 36
955 870
770 711
770 794
770 169
770 110
923 569
923 233
923 831
923 423
206 134
206 949
206 765
206 643
472 455
472 216
472 991
472 907
33 35
33 396
33 418
33 140
172 468
172 80
172 455
172 185
273 744
273 360
273 944
273 487
382 339
382 478
382 132
382 435
422 354
422 35
422 236
422 773
319 942
319 825
319 212
319 925
614 390
614 553
614 571
614 871
822 294
822 365
822 122
826 621
826 676
826 896
826 760
440 504
440 565
440 361
495 400
495 103
495 83
495 669
97 473
97 483
97 613
97 118
384 962
384 942
384 513
384 847
780 678
780 851
780 639
780 135
55 905
55 789
55 850
55 403
424 668
424 446
424 426
424 389
407 72
407 735
407 830
407 442
583 591
583 276
583 37
174 858
174 394
174 682
174 965
381 237
381 321
381 973
381 428
546 974
546 995
546 751
546 194
927 425
927 721
927 161
927 485
377 679
377 982
377 643
130 196
130 11
130 48
130 311
720 513
720 782
720 343
720 173
552 410
552 173
552 120
552 51
592 897
592 333
592 56
592 445
61 257
61 830
61 476
61 574
620 827
620 393
620 372
620 582
221 415
221 370
221 215
987 849
987 342
58 768
58 549
58 65
58 916
50 337
50 194
50 746
50 140
876 952
876 709
876 697
876 786
308 345
308 528
308 626
308 108
991 197
991 312
991 231
245 898
245 763
245 866
245 688
233 243
233 318
233 668
997 895
997 112
997 914
997 326
15 661
15 870
15 734
15 306
509 577
509 72
509 526
509 522
117 835
117 115
117 466
117 653
148 11
148 305
148 210
148 505
349 738
349 531
349 849
349 4
534 391
534 93
534 362
534 152
508 204
508 465
508 644
508 975
53 967
53 894
53 275
53 135
392 666
392 756
392 970
119 512
119 872
119 396
119 932
566 846
566 510
566 225
566 739
446 545
446 673
446 768
732 771
732 717
732 967
732 567
217 389
217 8
217 405
217 874
351 102
351 83
351 481
351 763
610 992
610 211
610 989
610 241
115 305
115 390
115 194
303 7
303 281
303 925
303 532
386 565
386 506
386 136
386 812
946 540
946 888
946 920
756 654
756 304
756 834
894 514
894 772
894 367
950 339
950 993
950 21
950 998
988 51
988 918
988 126
988 750
314 998
314 763
314 289
314 21
512 536
512 239
512 589
373 315
373 514
373 537
373 846
976 95
976 984
976 563
976 930
677 145
677 799
677 864
677 65
866 776
866 686
866 502
96 357
96 505
96 740
475 197
475 995
475 982
475 276
104 771
104 776
104 32
150 635
150 448
150 161
150 141
482 59
482 14
482 254
482 889
919 827
919 735
34 75
34 365
34 535
34 858
91 154
91 164
91 842
633 237
633 791
633 489
679 572
679 429
679 434
293 726
293 821
293 947
293 580
839 843
839 722
839 229
839 64
463 805
463 963
463 590
463 598
788 636
788 709
788 210
788 766
818 250
818 248
818 899
814 723
814 427
814 269
814 116
956 606
956 862
956 618
956 420
840 844
840 153
840 341
840 494
865 971
865 783
865 892
178 801
178 83
178 390
178 102
629 146
629 868
629 767
298 107
298 385
298 530
298 101
545 256
545 343
545 821
359 248
359 688
359 39
412 812
412 54
412 354
412 235
165 905
165 493
165 426
165 977
98 288
98 292
98 492
98 391
111 478
111 286
111 401
111 702
530 106
530 39
530 385
301 403
301 353
301 885
301 418
736 453
736 331
736 155
736 903
421 599
421 680
421 321
421 986
652 540
652 570
652 391
761 186
761 28
761 992
761 9
949 244
949 623
67 168
67 329
67 188
160 796
160 179
160 294
160 819
31 250
31 376
31 980
31 659
466 185
466 48
466 169
290 92
290 531
290 586
101 47
101 636
790 793
790 140
790 777
790 678
219 903
219 621
219 193
219 32
257 692
257 388
257 207
251 861
251 182
251 802
251 871
326 236
326 535
326 591
657 419
657 900
657 154
657 603
748 184
748 823
748 100
748 714
426 389
426 572
852 2
852 974
852 378
852 951
320 450
320 673
320 917
320 727
425 721
425 511
425 137
63 203
63 623
63 365
63 196
391 739
43 809
43 393
43 667
43 692
296 120
296 574
296 525
296 84
390 292
785 367
785 333
785 282
785 745
397 902
397 943
397 411
397 480
681 849
681 364
681 544
681 769
648 617
648 420
648 828
648 886
930 468
930 619
930 901
577 19
577 239
577 191
611 931
611 902
611 989
2 348
2 485
2 378
380 362
380 628
380 476
380 659
352 271
352 972
352 646
352 65
758 175
758 120
758 996
20 744
20 28
20 834
20 504
434 45
434 230
434 593
125 952
125 539
125 171
125 980
487 685
487 26
210 862
210 819
674 175
674 226
674 627
787 378
787 64
787 885
787 660
835 833
835 653
835 743
807 888
807 617
807 730
807 831
929 744
929 867
929 479
929 776
951 543
951 109
157 402
157 94
157 862
157 498
933 236
933 831
933 166
933 451
258 690
258 808
258 459
258 747
607 604
607 834
607 585
607 141
578 102
578 406
578 436
578 195
286 931
286 403
286 751
705 511
705 631
705 726
959 181
959 470
959 544
959 820
300 547
300 285
300 161
300 739
438 357
438 990
438 416
644 669
644 204
907 980
907 562
907 68
616 371
616 517
616 623
69 383
69 405
69 139
69 581
712 775
712 114
712 201
99 715
99 837
99 336
820 858
820 460
877 47
214 594
214 557
214 437
214 558
806 423
806 358
806 167
806 396
683 575
683 960
683 650
683 10
502 649
502 815
502 324
480 124
698 188
698 467
698 306
698 882
9 399
9 371
9 594
410 661
410 828
410 823
488 360
488 62
488 389
542 874
542 136
542 781
542 176
164 640
164 371
164 458
841 860
841 507
841 693
841 369
773 580
773 207
773 537
419 833
419 851
419 603
100 184
100 823
100 609
268 334
268 809
268 604
268 757
590 557
590 197
590 920
830 574
830 476
854 958
854 864
854 230
854 873
995 235
995 931
263 499
263 600
263 347
263 568
676 16
676 760
676 473
461 690
461 703
461 977
461 669
6 716
6 964
6 353
754 291
754 970
754 706
754 374
88 376
88 527
88 375
88 230
415 89
415 673
107 388
107 85
107 385
428 432
428 133
428 579
74 719
74 54
74 588
74 550
925 532
925 212
458 675
458 417
458 18
771 252
771 80
242 846
242 749
242 899
242 441
738 849
738 87
738 234
328 456
328 153
328 827
328 686
661 306
661 535
464 584
464 134
464 370
464 734
725 336
725 551
725 768
725 704
971 521
971 23
971 259
435 892
435 755
435 327
903 749
903 696
254 149
254 586
254 121
977 447
977 491
14 889
14 59
14 847
92 829
92 878
92 378
863 694
863 778
863 746
863 413
167 423
167 989
167 358
304 274
304 500
304 114
767 868
963 713
963 940
963 598
471 84
471 696
471 999
947 700
947 803
947 879
851 639
851 524
372 93
372 246
372 325
861 871
861 525
80 550
80 468
158 924
158 200
158 699
158 142
800 375
800 662
800 222
800 706
17 361
17 685
17 470
17 547
872 805
872 701
271 634
271 875
271 190
549 486
549 519
307 765
307 711
307 364
960 346
960 395
960 507
195 741
195 603
195 39
639 511
639 524
285 594
285 702
547 982
547 86
569 802
569 730
569 713
200 330
200 54
200 317
345 357
345 990
345 129
591 239
591 632
904 369
904 59
904 453
369 541
791 370
791 615
262 537
262 801
262 334
665 934
665 401
665 366
665 769
451 910
451 909
451 896
270 582
270 786
270 0
270 18
934 445
934 605
934 613
4 974
4 70
4 199
406 46
406 82
406 915
741 613
741 437
741 749
462 935
462 539
462 892
462 66
875 634
875 753
875 190
7 582
7 323
7 844
695 928
695 572
695 404
94 553
94 571
94 671
829 162
829 491
829 13
612 597
612 248
612 493
612 585
675 973
675 333
675 291
190 634
429 205
429 86
429 309
186 697
186 347
832 316
832 914
832 330
832 952
211 711
211 694
821 654
821 885
638 986
638 768
638 740
638 122
315 846
315 26
315 944
833 672
833 798
202 667
202 393
202 603
776 510
197 231
288 153
288 474
881 575
881 961
881 602
599 796
599 347
613 513
527 427
527 26
527 901
684 112
684 260
684 855
684 283
151 618
151 859
151 656
151 436
702 984
136 32
136 291
93 325
93 152
75 908
75 499
75 325
447 341
447 707
447 526
966 137
966 336
966 682
514 137
514 962
260 555
260 478
260 538
465 229
465 812
465 685
848 912
848 402
848 823
848 441
901 781
901 619
600 346
600 587
600 134
799 548
799 641
799 459
576 503
576 215
576 507
576 540
972 539
972 887
73 696
73 511
73 456
73 183
760 859
973 40
973 116
781 183
781 619
968 324
968 703
968 808
968 240
797 191
797 660
797 168
797 653
312 893
312 909
312 713
525 593
525 95
299 893
299 962
299 340
299 486
555 331
555 538
265 939
265 699
265 334
265 961
413 469
413 536
413 575
56 740
56 133
325 522
356 192
356 701
356 30
433 595
433 427
433 10
900 983
900 721
993 922
993 339
993 479
38 388
38 689
38 531
38 857
344 353
344 531
344 45
128 867
128 646
128 222
938 888
938 485
938 523
796 908
796 735
432 497
432 579
517 717
517 16
517 743
670 198
670 803
199 757
199 811
998 824
998 21
281 943
281 926
281 85
887 896
887 332
441 844
441 348
114 127
114 398
401 811
401 452
742 809
742 168
742 249
873 581
873 982
873 42
660 483
660 694
920 137
920 905
750 917
750 803
750 420
479 176
479 962
499 634
543 650
543 759
543 986
116 981
255 490
255 187
255 228
149 355
149 133
149 36
215 244
215 383
618 778
335 448
335 169
335 926
335 112
899 204
899 154
324 808
324 891
332 10
332 322
332 516
595 692
595 484
595 739
975 774
975 498
975 649
42 89
42 562
42 405
354 235
354 170
85 24
85 379
724 855
724 444
524 416
524 481
597 493
597 585
597 687
404 155
404 109
404 492
477 49
477 709
477 375
477 322
82 932
82 376
203 196
203 145
203 825
914 753
914 952
291 106
685 802
811 838
778 825
44 181
44 436
44 926
664 624
664 627
664 77
693 276
693 860
693 772
360 62
360 965
598 782
598 734
857 793
857 162
205 759
205 375
584 837
584 571
584 809
650 526
650 430
805 565
805 844
121 103
121 154
121 961
891 651
891 792
122 227
305 49
305 408
187 338
187 21
196 825
943 169
943 129
336 715
774 313
774 241
311 772
311 11
311 889
905 909
170 216
170 570
707 409
707 526
707 516
615 686
615 718
615 398
448 867
448 682
501 810
501 798
501 46
812 895
815 327
815 649
191 146
191 399
961 329
3 886
3 266
3 106
3 226
910 106
910 769
910 222
383 337
383 5
902 532
902 928
609 340
609 860
609 353
539 762
602 456
602 568
333 282
672 757
507 316
708 766
708 718
708 541
708 313
306 374
309 52
309 560
309 175
878 398
878 234
878 838
411 523
411 259
411 548
740 29
506 893
506 515
828 364
828 253
398 701
886 906
886 711
126 163
126 266
126 870
198 118
198 460
198 810
241 66
241 139
939 586
939 775
256 37
256 580
256 408
83 102
358 423
743 455
743 16
184 567
706 400
87 556
87 8
593 45
593 560
494 912
494 554
798 46
798 928
177 269
177 166
177 231
666 640
313 284
313 775
687 12
687 289
786 697
786 173
895 715
225 395
225 795
225 727
261 129
261 588
261 277
261 490
521 138
521 984
521 944
491 162
491 317
516 10
516 388
747 103
747 139
153 940
481 718
481 79
789 59
48 185
48 654
498 906
498 363
282 29
282 716
850 294
850 155
850 580
505 723
723 808
65 408
699 734
140 728
208 671
208 551
208 642
208 19
680 321
680 237
528 544
528 367
885 183
553 571
553 888
49 346
49 588
783 343
622 155
622 45
622 777
622 218
162 132
563 452
563 72
563 504
570 493
79 181
79 338
744 867
188 267
188 979
560 643
560 489
709 983
135 667
717 32
717 142
226 579
226 455
212 855
346 932
430 984
935 586
935 222
935 66
236 535
395 604
294 403
60 692
60 399
60 450
240 159
240 564
694 209
181 470
379 653
379 915
379 824
68 40
68 267
68 722
847 924
847 207
41 274
266 366
459 253
459 585
928 572
323 342
323 518
323 970
619 36
71 642
71 152
71 132
714 469
642 132
642 662
831 400
5 209
5 551
284 483
284 700
284 589
485 523
19 793
19 986
999 794
999 765
999 889
631 827
631 144
678 777
678 793
24 842
24 581
227 617
227 144
227 918
496 556
496 701
496 444
496 183
898 606
898 159
898 906
589 182
931 363
588 490
979 171
979 64
979 834
478 486
541 890
617 922
970 84
627 141
627 762
658 801
658 730
658 628
909 334
142 249
536 29
803 409
253 746
253 469
860 118
408 621
883 450
883 231
883 686
883 689
453 990
453 467
249 879
249 474
713 0
54 871
244 843
244 749
417 18
417 317
513 942
216 144
216 470
12 26
775 731
897 409
897 777
366 636
497 77
497 450
209 567
209 342
651 967
651 385
651 394
893 340
139 66
138 443
138 836
218 348
218 484
218 252
452 727
452 171
538 958
538 40
862 606
445 624
193 348
193 331
193 882
134 492
746 337
72 556
171 719
958 700
402 635
402 182
728 864
654 940
704 623
704 22
636 399
632 932
632 131
882 467
940 16
824 362
118 483
361 331
444 859
29 604
340 442
52 689
52 243
52 318
163 562
163 810
792 252
86 292
766 556
842 581
437 924
605 703
605 192
762 22
762 124
587 917
587 235
376 64
922 355
922 518
30 95
30 329
30 635
718 656
890 418
890 836
918 234
918 690
703 669
558 557
558 731
363 906
568 753
234 697
274 500
274 342
267 550
795 316
795 753
129 201
751 562
751 646
409 246
656 338
656 416
523 339
641 476
641 228
727 22
915 275
37 289
37 246
35 396
35 70
715 492
836 819
836 916
456 992
628 892
964 716
964 192
964 246
696 159
467 239
36 355
146 442
146 474
794 565
794 992
229 393
394 551
394 124
228 843
916 133
916 400
721 765
108 442
108 626
965 161
965 667
109 355
109 722
289 84
782 460
782 917
510 981
510 659
321 237
668 367
124 70
564 731
77 131
468 185
874 996
874 519
635 682
318 243
518 912
330 548
330 316
275 554
504 735
500 626
500 759
519 726
519 769
772 159
908 341
908 503
745 207
745 944
70 62
649 327
152 621
341 145
489 515
967 574
62 166
144 374
990 357
8 230
201 365
131 364
646 522
532 515
924 594
0 113
0 18
942 575
277 503
277 89
51 896
416 548
843 337
141 626
474 606
550 28
11 640
259 671
722 276
515 879
113 120
926 112
13 238
283 662
659 338
755 327
28 716
