257 533
257 565
257 239
257 297
448 848
448 273
448 801
448 914
482 476
482 697
482 54
482 324
566 315
566 574
566 69
566 730
244 763
244 53
244 201
244 418
774 515
774 42
774 210
774 652
557 912
557 530
557 929
557 407
596 798
596 597
596 710
596 67
57 198
57 314
57 866
57 195
804 360
804 279
804 995
804 787
260 810
260 632
260 208
260 237
309 3
309 152
309 711
309 849
169 925
169 680
169 926
169 556
865 392
865 993
865 360
865 240
612 786
612 768
612 149
612 179
797 277
797 785
797 746
797 223
329 579
329 811
329 588
329 129
854 773
854 67
854 782
854 447
231 242
231 843
231 611
231 252
431 898
431 117
431 615
431 562
49 291
49 704
49 48
49 569
391 365
391 906
391 843
391 191
362 284
362 803
362 575
362 195
622 47
622 158
622 433
622 587
463 538
463 603
463 564
463 739
674 270
674 401
674 970
674 605
205 591
205 608
205 267
205 855
904 744
904 969
904 694
904 345
276 429
276 446
276 284
276 459
439 974
439 370
439 914
439 652
417 673
417 288
417 196
417 78
823 256
823 905
823 623
823 514
765 290
765 603
765 780
765 340
975 175
975 270
975 382
975 407
157 213
157 336
157 9
157 186
338 486
338 137
338 227
338 605
112 181
112 872
112 981
112 760
861 678
861 40
861 815
861 747
695 269
695 966
695 227
695 556
916 250
916 392
916 382
916 103
121 46
121 217
121 846
121 428
946 964
946 745
946 327
946 767
955 147
955 446
955 809
955 901
95 987
95 879
95 416
95 512
628 618
628 609
628 275
628 282
203 256
203 269
203 758
203 809
835 113
835 773
835 613
835 364
31 922
31 534
31 183
31 368
234 558
234 191
234 619
234 593
572 935
572 380
572 538
572 267
738 50
738 424
738 819
738 207
98 274
98 500
98 637
98 795
144 735
144 784
144 702
144 259
188 308
188 378
188 886
188 206
712 351
712 988
712 34
712 140
550 827
550 667
550 44
550 454
570 509
570 991
570 255
570 748
323 837
323 609
323 291
323 282
491 377
491 245
491 93
491 888
367 882
367 161
367 441
367 899
714 393
714 430
714 552
714 591
716 77
716 905
716 246
716 197
831 830
831 123
831 115
831 623
551 820
551 136
551 846
551 170
921 654
921 189
921 20
921 698
971 159
971 300
971 860
971 335
759 768
759 727
759 621
759 253
829 132
829 8
829 941
829 621
788 497
788 107
788 778
788 139
972 651
972 298
972 368
972 594
171 896
171 109
171 108
171 235
924 960
924 472
924 168
924 61
422 441
422 332
422 204
422 682
506 633
506 190
506 995
506 20
10 66
10 907
10 726
10 922
561 104
561 387
561 324
561 55
498 638
498 893
498 986
498 405
644 524
644 198
644 535
644 247
1 133
1 225
1 314
1 198
741 256
741 258
741 549
741 86
294 292
294 944
294 265
294 525
994 881
994 100
994 36
994 476
693 980
693 705
693 394
693 787
856 375
856 654
856 514
856 83
15 353
15 521
15 52
15 850
532 963
532 770
532 346
532 37
119 245
119 718
119 99
119 388
998 529
998 199
998 493
998 280
91 860
91 192
91 867
91 389
262 907
262 44
262 107
262 93
624 344
624 386
624 970
624 796
725 599
725 855
725 991
725 938
828 297
828 974
828 805
828 243
900 932
900 683
900 158
900 88
228 99
228 537
228 872
228 84
496 981
496 639
496 702
496 166
122 322
122 423
122 580
122 461
249 868
249 70
249 746
249 917
406 548
406 720
406 887
406 886
911 52
911 259
911 844
911 809
663 965
663 12
663 816
663 35
689 974
689 277
689 433
689 587
30 807
30 473
30 279
30 931
776 803
776 136
776 930
776 669
339 633
339 813
339 529
339 884
857 477
857 128
857 177
857 853
313 815
313 199
313 372
313 343
576 274
576 789
576 513
576 608
523 536
523 867
523 328
523 913
794 931
794 671
794 807
794 88
764 897
764 925
764 754
764 105
160 255
160 35
160 18
160 640
742 872
742 925
742 584
742 195
527 299
527 734
527 677
527 325
684 979
684 538
684 413
684 425
22 222
22 243
22 315
22 54
777 864
777 750
777 830
777 429
317 218
317 950
317 932
317 33
582 50
582 29
582 235
582 400
41 567
41 263
41 610
41 20
647 982
647 968
647 751
647 369
165 706
165 685
165 151
165 669
942 447
942 546
942 979
942 744
182 235
182 233
182 451
182 914
357 724
357 544
357 110
357 910
347 499
347 344
347 464
347 912
839 649
839 152
839 675
839 887
131 943
131 293
131 348
131 386
540 885
540 130
540 801
540 827
272 939
272 271
272 952
272 266
287 28
287 167
287 800
287 664
97 59
97 713
97 993
97 782
398 883
398 604
398 636
398 47
71 268
71 633
71 333
71 192
791 90
791 27
791 837
791 746
426 90
426 851
426 120
426 665
687 101
687 213
687 886
687 194
967 50
967 9
967 440
967 225
502 245
502 893
502 443
502 642
977 541
977 513
977 584
977 77
304 425
304 632
304 225
304 747
504 729
504 322
504 401
504 995
32 678
32 3
32 158
32 654
45 896
45 109
45 344
45 96
700 185
700 268
700 574
700 875
411 253
411 575
411 473
411 826
715 104
715 386
715 618
715 901
129 811
129 588
129 579
508 932
508 213
508 840
508 767
819 334
819 61
819 172
114 668
114 209
114 705
114 286
873 141
873 390
873 913
873 726
475 104
475 652
475 783
475 175
852 199
852 578
852 694
852 110
467 657
467 92
467 424
467 750
997 83
997 723
997 726
997 373
775 945
775 653
775 771
775 164
884 614
884 813
884 988
412 410
412 936
412 407
412 443
832 512
832 817
832 814
832 600
254 752
254 905
254 702
254 154
395 820
395 982
395 40
395 727
17 100
17 415
17 480
17 36
568 749
568 578
568 771
568 243
80 740
80 799
80 968
80 599
996 55
996 394
996 947
996 138
420 933
420 101
420 125
420 484
427 152
427 801
427 979
427 578
258 86
258 549
258 868
365 843
365 864
365 191
733 143
733 25
733 37
733 669
124 219
124 301
124 385
124 798
285 55
285 280
285 533
285 474
661 16
661 173
661 701
661 392
636 604
636 883
636 404
954 546
954 75
954 569
954 834
500 268
500 199
500 795
146 127
146 421
146 330
146 333
389 879
389 202
389 867
458 3
458 662
458 23
458 13
106 409
106 485
106 719
106 76
990 105
990 784
990 349
990 986
220 378
220 93
220 308
220 769
374 277
374 723
374 796
374 289
440 9
440 646
440 805
606 384
606 455
606 732
606 625
4 314
4 136
4 513
4 366
156 642
156 480
156 810
156 848
847 270
847 327
847 634
847 371
583 709
583 501
583 564
583 190
920 252
920 633
920 960
920 530
226 487
226 436
226 786
226 970
310 724
310 692
310 959
310 560
761 243
761 771
761 675
761 564
962 983
962 120
962 7
962 108
880 639
880 803
880 528
880 155
919 164
919 928
919 64
919 359
341 370
341 481
341 194
341 200
641 586
641 627
641 39
641 744
402 462
402 255
402 382
402 985
118 164
118 772
118 490
118 413
303 933
303 691
303 708
303 616
383 520
383 802
383 286
383 859
494 710
494 581
494 657
494 601
312 897
312 271
312 424
312 874
699 55
699 90
699 580
699 923
229 810
229 143
229 241
229 833
930 68
930 541
930 151
894 137
894 704
894 200
894 610
503 235
503 104
503 790
503 560
824 589
824 522
824 170
824 638
28 608
28 664
28 167
531 178
531 153
531 54
531 175
356 936
356 827
356 344
356 953
396 762
396 539
396 696
396 617
0 316
0 959
0 510
0 468
60 617
60 806
60 915
60 9
326 711
326 259
326 964
326 768
735 559
735 862
735 688
163 665
163 787
163 988
163 795
331 965
331 816
331 59
331 782
833 241
833 143
833 615
472 259
472 960
472 61
958 666
958 548
958 521
958 750
483 360
483 454
483 940
483 944
236 94
236 134
236 116
236 649
452 444
452 212
452 327
452 56
655 571
655 869
655 117
655 63
670 749
670 419
670 678
670 87
230 474
230 992
230 871
230 437
643 204
643 48
643 162
643 85
355 82
355 196
355 515
355 251
903 76
903 812
903 435
903 393
324 18
324 387
302 885
302 180
302 38
302 951
84 898
84 890
84 976
180 460
180 19
180 672
635 273
635 219
635 210
635 605
957 657
957 545
957 5
957 845
184 679
184 704
184 469
184 162
792 841
792 671
792 731
792 120
453 511
453 51
453 536
453 729
800 620
800 664
800 167
892 58
892 577
892 680
892 611
342 908
342 307
342 476
342 479
969 694
969 345
969 414
135 810
135 332
135 78
135 239
261 866
261 618
261 145
261 102
232 673
232 737
232 744
232 153
459 446
459 653
459 429
16 701
16 173
16 210
318 659
318 902
318 645
318 607
648 387
648 563
648 659
648 90
408 43
408 173
408 370
408 876
770 963
770 380
770 187
487 756
487 166
487 78
685 634
685 183
685 706
863 399
863 510
863 320
863 454
509 290
509 255
509 474
709 727
709 190
709 501
193 409
193 719
193 6
193 485
881 36
881 100
881 679
12 93
12 965
12 816
577 58
577 611
577 547
842 297
842 534
842 451
842 922
918 364
918 681
918 168
918 34
507 123
507 552
507 559
507 558
519 595
519 993
519 18
519 233
21 544
21 161
21 586
21 734
891 934
891 192
891 133
891 749
403 111
403 626
403 554
403 212
956 526
956 862
956 224
956 659
543 434
543 951
543 38
543 480
26 35
26 316
26 468
26 917
529 484
529 202
525 944
525 265
525 292
859 802
859 405
859 286
943 239
943 293
943 158
201 763
201 53
201 265
696 307
696 113
696 537
691 708
691 933
691 616
721 154
721 548
721 896
721 186
94 740
94 174
94 743
731 520
731 671
731 841
218 194
218 950
218 33
766 745
766 555
766 350
766 438
305 838
305 103
305 787
305 96
542 125
542 581
542 267
542 450
51 511
51 148
51 729
358 514
358 690
358 889
358 878
517 6
517 656
517 334
517 991
25 783
25 27
25 805
753 537
753 888
753 675
753 987
2 563
2 432
2 460
2 493
682 204
682 376
682 441
757 6
757 194
757 849
757 593
33 950
33 536
348 779
348 166
348 293
817 762
817 512
817 814
215 5
215 545
215 845
215 758
295 86
295 464
295 175
295 549
613 698
613 858
613 773
149 786
149 179
149 874
379 65
379 471
379 870
379 658
208 81
208 838
208 632
465 728
465 447
465 42
465 526
148 940
148 803
148 35
563 493
563 387
74 14
74 85
74 907
74 588
385 456
385 20
385 798
66 197
66 723
66 830
381 836
381 442
381 363
381 780
372 44
372 815
372 343
573 296
573 432
573 292
573 72
585 665
585 150
585 352
585 995
717 656
717 698
717 246
717 27
147 905
147 809
147 901
938 466
938 949
938 947
984 524
984 535
984 360
984 247
359 164
359 928
359 64
899 722
899 29
899 707
554 713
554 111
554 626
631 168
631 177
631 69
631 872
562 898
562 634
562 615
818 722
818 68
818 78
818 707
349 986
349 784
349 595
445 40
445 266
445 580
445 584
807 279
807 931
520 878
520 844
672 19
672 460
672 917
760 181
760 981
760 252
352 153
352 82
352 736
450 125
450 581
450 202
298 59
298 651
298 594
479 241
479 214
479 283
7 937
7 555
7 730
681 510
681 722
681 893
221 838
221 195
221 105
221 762
790 265
790 798
790 371
73 24
73 436
73 189
73 743
397 982
397 901
397 968
397 565
361 867
361 888
361 783
361 154
773 698
989 668
989 796
989 603
989 89
593 619
593 558
927 469
927 351
927 481
927 966
46 846
46 428
46 217
300 793
300 599
300 335
553 176
553 306
553 667
553 337
625 732
625 117
625 455
211 976
211 264
211 486
211 533
337 306
337 495
337 176
895 668
895 737
895 415
895 248
999 935
999 43
999 940
999 932
495 306
495 176
495 864
620 934
620 126
620 281
707 722
707 68
948 102
948 222
948 755
948 629
23 13
23 983
23 662
754 669
754 890
754 77
686 906
686 311
686 478
686 216
734 418
734 950
518 751
518 851
518 902
518 369
640 240
640 18
640 511
196 251
196 515
589 634
589 799
589 113
478 311
478 906
478 200
567 325
567 263
567 142
296 377
296 72
296 354
676 939
676 280
676 311
676 490
353 52
353 850
353 521
390 141
390 897
390 81
547 284
547 825
547 755
438 474
438 350
438 745
616 708
616 933
39 627
39 560
39 586
116 101
116 649
116 134
435 393
435 812
435 610
461 666
461 240
461 619
939 952
939 284
646 242
646 462
646 595
910 307
910 544
910 110
430 552
430 178
430 591
877 343
877 673
877 858
877 934
145 77
145 29
145 866
399 405
399 600
399 820
945 708
945 334
945 82
377 187
377 72
70 746
70 425
70 151
76 470
76 917
690 216
690 878
690 889
836 442
836 392
836 363
597 711
597 67
597 283
645 607
645 902
645 608
414 177
414 264
414 657
789 274
789 756
789 44
769 970
769 224
769 961
401 101
401 322
590 536
590 242
590 538
590 376
159 11
159 335
159 860
419 354
419 166
419 87
666 548
666 993
941 580
941 132
941 8
238 876
238 935
238 879
238 222
748 740
748 444
748 266
642 514
642 838
62 174
62 505
62 207
62 864
524 535
524 247
130 14
130 56
130 885
462 178
462 985
976 516
976 890
489 233
489 598
489 492
489 291
860 335
623 123
623 115
763 53
763 418
834 849
834 546
834 75
457 739
457 113
457 321
457 227
592 332
592 410
592 290
592 209
808 92
808 444
808 183
808 56
369 851
369 751
650 264
650 534
650 3
650 516
206 308
206 354
206 378
772 490
772 413
772 320
115 830
115 123
629 755
629 102
629 578
811 539
811 579
172 637
172 793
172 897
380 785
380 909
781 510
781 481
781 256
781 464
778 132
778 139
778 559
785 889
785 752
363 442
363 780
209 320
209 290
639 528
639 155
81 888
81 223
224 187
224 862
565 345
565 617
126 978
126 281
126 301
375 541
375 953
375 214
973 621
973 476
973 706
973 688
980 705
980 394
980 223
314 198
29 718
299 840
299 325
299 141
947 949
947 466
328 79
328 528
328 913
366 874
366 627
366 964
219 267
219 736
953 214
953 952
660 138
660 893
660 384
660 840
812 393
812 855
319 58
319 137
319 141
319 125
747 202
747 216
912 464
912 530
404 266
404 883
404 604
598 492
598 677
598 47
875 185
875 480
875 575
992 871
992 89
992 437
187 822
978 937
978 281
978 301
437 871
437 89
822 213
822 434
822 486
851 751
321 675
321 371
321 384
340 212
340 43
340 433
651 594
651 368
740 799
168 177
89 871
79 882
79 870
79 913
43 876
825 541
825 388
825 477
961 799
961 795
961 779
173 701
683 150
683 217
683 240
587 273
587 433
207 505
207 174
752 154
752 702
449 783
449 720
449 376
449 599
109 868
109 896
928 64
928 559
330 127
330 727
330 421
667 454
667 246
27 855
858 436
858 704
522 638
522 170
522 767
837 609
837 282
373 723
373 492
373 83
499 105
499 88
499 890
600 814
600 405
756 274
756 979
128 477
128 75
128 853
134 649
134 923
728 42
728 447
728 526
185 268
185 575
248 415
248 737
248 925
602 630
602 400
602 909
602 908
982 968
488 11
488 278
488 470
488 703
960 826
555 730
555 937
870 471
870 65
951 434
951 38
421 333
421 127
278 470
278 703
278 11
176 306
730 937
162 469
162 679
974 505
574 315
574 69
739 537
739 237
423 322
423 632
423 668
63 571
63 869
63 821
151 161
253 400
253 186
161 882
277 885
87 678
87 595
99 718
99 388
346 963
346 332
346 37
588 579
271 874
271 424
594 368
556 926
556 680
843 191
626 111
626 713
327 844
142 456
142 263
142 610
88 793
732 451
732 455
61 334
720 988
720 886
311 906
486 212
181 289
181 981
286 802
442 780
245 443
806 227
806 653
806 915
336 364
336 197
336 186
5 845
5 545
150 665
150 497
692 364
692 560
692 743
931 279
301 281
376 242
853 96
853 477
415 737
844 382
34 351
34 140
630 908
630 923
630 909
656 6
656 991
354 985
250 569
250 915
250 252
484 48
484 677
848 914
848 14
216 584
241 143
664 167
288 264
288 813
288 710
53 418
614 136
614 964
614 468
343 815
802 569
793 637
512 814
745 350
876 370
697 320
697 907
697 307
140 456
140 351
473 280
473 189
784 986
516 155
516 929
703 11
703 470
40 108
416 325
416 987
416 539
493 432
54 316
866 618
658 471
658 137
658 65
929 371
929 178
289 826
289 987
19 460
19 949
283 67
283 820
679 469
611 58
786 179
492 233
69 315
92 263
92 750
410 887
410 275
251 515
251 768
694 345
743 24
103 237
103 96
813 840
705 394
701 47
429 446
132 8
223 64
605 273
762 432
604 883
102 755
680 926
966 724
966 959
850 52
850 521
545 845
821 869
821 940
821 571
711 849
388 718
292 944
688 826
688 862
179 868
200 481
779 293
779 771
601 466
601 710
601 85
468 316
530 407
333 127
485 409
485 719
615 898
677 796
736 153
736 82
497 107
497 139
107 139
428 217
428 846
36 100
108 926
607 659
607 902
915 653
729 511
350 68
48 291
591 552
827 936
85 14
505 174
409 719
501 190
501 564
869 571
959 724
37 963
441 204
841 671
841 120
909 908
83 726
934 673
297 581
246 197
965 816
535 247
269 882
269 758
617 539
782 59
65 471
183 706
513 50
436 24
400 805
627 586
24 189
619 558
749 133
425 225
56 444
75 546
170 638
133 192
889 878
378 308
86 549
533 239
879 222
767 887
534 922
384 138
117 455
466 949
13 662
13 983
490 413
275 270
275 72
456 985
935 603
110 544
526 42
528 155
111 713
152 801
386 758
983 662
451 923
237 654
637 652
214 952
434 38
282 609
8 621
210 138
443 936
