661 635
661 508
661 552
661 890
797 506
797 841
797 38
797 609
47 447
47 97
47 51
47 3
80 686
80 594
80 493
80 409
808 792
808 397
808 282
808 673
816 275
816 686
816 884
816 603
34 608
34 507
34 694
34 834
147 210
147 384
147 458
147 608
545 128
545 843
545 354
545 943
851 454
851 122
851 969
851 504
183 833
183 855
183 539
183 490
764 55
764 5
764 497
764 554
227 395
227 543
227 782
227 973
950 443
950 486
950 26
950 383
91 665
91 707
91 613
91 154
272 558
272 252
272 662
272 438
736 230
736 765
736 315
736 350
827 715
827 966
827 761
827 885
218 815
218 100
218 625
218 426
721 590
721 236
721 559
721 845
398 419
398 985
398 701
398 803
688 802
688 485
688 434
688 552
579 833
579 830
579 137
579 466
849 597
849 332
849 128
849 0
167 67
167 847
167 135
167 219
532 16
532 469
532 28
532 742
140 720
140 42
140 956
140 974
923 415
923 71
923 947
923 980
32 936
32 664
32 180
32 727
981 3
981 599
981 262
981 58
228 663
228 41
228 637
228 390
627 594
627 999
627 965
627 334
40 974
40 759
40 171
40 379
427 277
427 303
427 933
427 832
459 477
459 163
459 784
459 684
905 572
905 199
905 177
905 197
533 841
533 123
533 681
533 928
854 807
854 601
854 123
854 958
676 751
676 462
676 261
676 730
1 31
1 550
1 705
1 834
145 280
145 787
145 959
145 914
220 709
220 162
220 397
220 158
249 414
249 622
249 668
249 915
457 817
457 675
457 479
457 8
45 306
45 451
45 311
45 711
807 405
807 406
807 752
7 150
7 881
7 219
7 879
515 258
515 416
515 658
515 715
376 520
376 877
376 303
376 852
498 312
498 527
498 722
498 205
153 71
153 348
153 464
153 335
340 72
340 889
340 957
340 966
378 945
378 578
378 196
378 94
687 296
687 623
687 43
687 626
124 944
124 906
124 42
124 658
691 530
691 276
691 181
691 857
184 33
184 753
184 771
184 883
593 141
593 670
593 421
593 68
610 78
610 250
610 643
610 673
930 698
930 689
930 887
930 863
331 965
331 939
331 957
331 690
346 170
346 953
346 743
346 373
19 580
19 203
19 348
19 878
525 992
525 245
525 569
525 717
214 126
214 748
214 998
214 74
584 980
584 826
584 366
584 619
734 717
734 296
734 942
734 82
33 66
33 465
33 248
954 377
954 777
954 652
954 107
309 798
309 332
309 156
309 408
629 843
629 481
629 24
629 353
48 780
48 278
48 163
48 350
408 444
408 570
408 182
44 122
44 611
44 123
44 850
554 795
554 820
554 348
189 352
189 551
189 52
189 523
792 841
792 670
792 366
534 39
534 744
534 944
534 909
567 368
567 619
567 472
567 127
191 22
191 960
191 726
191 513
344 194
344 172
344 876
344 132
195 747
195 894
195 791
195 417
872 921
872 22
872 673
872 812
810 776
810 750
810 425
810 658
69 730
69 384
69 664
69 668
467 432
467 136
467 711
467 503
803 716
803 641
803 530
871 603
871 715
871 50
871 689
903 103
903 940
903 991
903 966
958 86
958 36
958 957
255 244
255 407
255 747
255 975
365 723
365 245
365 30
365 278
135 110
135 936
135 304
412 739
412 677
412 229
412 352
108 536
108 589
108 323
108 77
166 208
166 323
166 571
166 178
276 877
276 37
276 288
308 410
308 922
308 393
308 260
327 574
327 352
327 761
327 580
353 62
353 642
353 497
505 778
505 768
505 612
505 99
805 222
805 202
805 307
805 186
677 131
677 199
677 819
176 105
176 74
176 760
176 399
715 964
351 79
351 973
351 64
351 209
169 95
169 138
169 245
169 419
590 246
590 357
590 800
260 146
260 443
260 426
708 802
708 571
708 63
708 216
92 271
92 838
92 937
92 645
752 319
752 866
752 762
50 413
50 695
50 60
81 575
81 886
81 325
81 693
225 908
225 313
225 837
225 836
607 944
607 101
607 705
607 307
746 464
746 158
746 322
746 979
867 561
867 110
867 821
867 294
87 51
87 960
87 641
87 333
902 389
902 726
902 254
902 269
268 399
268 618
268 664
268 371
139 163
139 824
139 546
139 150
683 35
683 531
683 883
683 656
110 502
110 100
131 537
131 471
131 96
341 527
341 594
341 460
341 432
638 357
638 989
638 414
638 172
995 639
995 395
995 720
995 716
329 975
329 893
329 743
329 477
929 693
929 248
929 287
929 442
330 417
330 203
330 787
330 401
894 215
894 775
894 868
215 552
215 921
215 728
678 535
678 622
678 279
678 915
251 836
251 999
251 790
251 399
372 152
372 583
372 648
372 94
529 286
529 925
529 71
529 89
874 337
874 840
874 232
874 823
57 745
57 765
57 906
57 244
735 211
735 334
735 200
735 465
385 461
385 180
385 211
385 377
680 945
680 419
680 785
680 594
750 728
750 870
750 133
463 819
463 932
463 422
463 114
785 693
785 978
785 948
172 604
172 644
572 628
572 16
572 914
74 86
74 424
186 237
186 900
186 99
404 482
404 403
404 615
404 509
815 796
815 962
815 235
56 253
56 90
56 289
56 693
397 224
397 848
544 573
544 364
544 345
544 129
709 488
709 185
709 602
556 161
556 198
556 211
556 775
949 518
949 758
949 201
949 530
489 238
489 938
489 43
489 899
779 383
779 783
779 213
779 538
292 235
292 581
292 831
292 466
759 198
759 151
759 928
565 516
565 748
565 178
565 581
768 806
768 869
768 478
826 318
826 951
826 563
36 818
36 528
36 193
424 165
424 450
424 842
104 591
104 68
104 281
104 606
150 771
150 703
26 409
26 277
26 519
230 784
230 873
230 368
580 773
580 812
38 996
38 732
38 878
241 717
241 426
241 267
241 324
802 451
802 265
982 697
982 199
982 290
982 653
455 919
455 75
455 460
455 915
600 947
600 907
600 940
600 535
767 853
767 719
767 947
767 776
511 564
511 587
511 79
511 818
918 660
918 317
918 528
918 265
109 479
109 39
109 613
109 11
795 684
795 518
795 395
6 207
6 258
6 187
6 566
931 901
931 589
931 415
931 270
521 178
521 670
521 852
521 740
968 916
968 976
968 301
968 605
640 858
640 321
640 898
640 14
839 549
839 418
839 256
839 855
441 168
441 466
441 326
441 212
450 122
450 937
450 130
217 106
217 897
217 476
217 142
83 840
83 937
83 601
83 72
742 144
742 566
742 429
282 988
282 452
282 631
243 254
243 819
243 343
243 956
465 922
465 760
879 345
879 393
879 436
862 51
862 850
862 23
862 125
888 620
888 575
888 524
888 112
285 618
285 799
285 448
285 574
876 394
876 283
876 546
357 702
357 570
53 42
53 636
53 287
53 748
306 809
306 198
306 185
935 513
935 933
935 237
935 786
100 438
100 662
847 912
847 89
847 842
881 939
881 236
881 359
856 585
856 129
856 428
856 127
101 812
101 916
101 28
911 885
911 654
911 553
911 46
283 177
283 387
283 429
126 370
126 287
126 431
824 806
824 560
824 740
526 889
526 213
526 497
526 696
831 784
831 155
831 435
804 673
804 368
804 962
804 868
418 822
418 730
418 777
480 322
480 438
480 494
480 93
30 992
30 242
30 907
972 809
972 130
972 636
972 409
910 297
910 75
910 799
910 73
942 566
942 512
942 469
349 173
349 513
349 616
349 787
380 364
380 226
380 990
380 626
401 932
401 390
401 570
656 102
656 246
656 761
665 895
665 632
665 549
442 920
442 906
442 407
953 763
953 384
953 210
49 295
49 561
49 62
49 10
204 822
204 781
204 43
204 962
615 366
615 934
615 576
844 999
844 481
844 211
844 707
713 381
713 891
713 180
713 280
778 234
778 855
778 703
430 937
430 955
430 620
430 967
835 739
835 964
835 257
835 770
232 963
232 875
232 360
325 161
325 921
325 8
143 116
143 471
143 27
143 514
625 375
625 653
625 311
517 690
517 957
517 61
517 809
723 527
723 162
723 830
65 766
65 11
65 428
65 362
971 235
971 985
971 563
971 201
445 89
445 223
445 818
445 28
963 453
963 524
963 73
206 821
206 314
206 345
206 187
452 530
452 633
452 374
794 162
794 82
794 313
794 429
494 160
494 644
494 865
855 603
174 277
174 898
174 703
174 161
446 0
446 745
446 943
446 786
555 502
555 389
555 667
555 18
302 520
302 899
302 861
302 890
919 819
919 814
919 761
259 97
259 562
259 646
259 749
814 192
814 733
814 700
392 630
392 984
392 360
392 451
55 142
55 912
55 322
669 414
669 904
669 543
669 411
965 105
965 240
976 35
976 637
976 411
233 488
233 84
233 416
233 491
941 787
941 231
941 993
941 899
98 977
98 440
98 337
98 621
896 755
896 946
896 967
896 88
59 719
59 115
59 706
59 675
496 741
496 948
496 130
496 352
9 869
9 952
9 901
9 163
904 263
904 374
904 714
113 293
113 551
113 512
113 605
238 974
238 869
238 829
197 714
197 495
197 35
609 173
609 614
609 933
66 383
66 486
66 887
304 2
304 193
304 773
592 43
592 697
592 944
592 895
642 239
642 576
642 741
996 25
996 934
996 367
575 711
575 146
906 692
636 916
636 369
37 576
37 212
37 447
364 628
364 297
362 75
362 470
362 76
798 643
798 916
798 347
978 550
978 938
978 612
284 90
284 538
284 212
284 777
470 386
470 705
470 67
119 828
119 868
119 541
119 269
811 618
811 932
811 490
811 180
296 253
296 728
444 295
444 118
444 650
13 756
13 473
13 730
13 924
650 234
650 719
650 420
16 222
16 757
655 585
655 522
655 880
655 114
789 454
789 689
789 635
789 892
396 342
396 451
396 796
396 200
796 537
796 190
491 234
491 21
491 473
539 623
539 685
539 236
411 692
411 959
4 725
4 960
4 569
4 270
946 712
946 951
946 863
159 724
159 897
159 410
159 875
969 679
969 382
969 435
95 61
95 920
95 763
310 257
310 518
310 737
310 473
961 79
961 298
961 507
961 27
500 265
500 793
500 842
500 386
624 877
624 293
624 117
624 468
643 137
643 959
402 466
402 531
402 774
402 250
991 25
991 623
991 363
115 170
115 773
115 24
788 387
788 551
788 490
788 864
151 602
151 333
151 120
591 486
591 927
591 242
121 698
121 317
121 85
121 952
834 751
834 476
25 149
25 699
897 155
897 178
542 933
542 998
542 485
542 323
598 613
598 312
598 634
598 231
326 224
326 821
326 487
10 207
10 667
10 616
99 122
99 247
323 141
275 866
275 11
275 381
519 289
519 503
519 448
422 516
422 240
422 717
538 164
538 817
908 859
908 644
908 146
733 190
733 749
733 850
988 631
988 321
988 718
846 552
846 373
846 271
846 274
865 699
865 381
865 738
558 756
558 617
558 421
578 614
578 893
578 14
231 461
231 133
332 696
332 568
820 993
820 883
820 587
992 271
992 294
641 581
641 468
502 462
502 35
449 536
449 492
449 997
449 185
527 483
60 927
60 358
60 46
336 757
336 39
336 970
336 887
506 305
506 799
506 646
202 604
202 973
202 242
476 880
476 729
666 373
666 738
666 595
666 213
886 170
886 749
886 338
630 603
630 63
630 483
989 675
989 913
989 342
710 504
710 224
710 882
710 134
543 707
543 423
841 388
741 635
741 993
70 435
70 548
70 943
70 599
737 279
737 986
737 421
453 698
453 619
453 714
732 281
732 29
732 747
790 631
790 626
790 574
106 319
106 926
106 160
637 20
637 395
311 132
311 246
948 157
948 507
712 229
712 830
712 175
263 247
263 772
263 84
270 547
270 690
562 749
562 947
562 557
566 18
608 400
608 14
73 335
73 414
898 621
898 264
504 994
504 269
561 516
561 448
487 142
487 85
487 755
917 726
917 213
917 433
917 499
657 130
657 345
657 777
657 628
440 262
440 458
440 634
576 77
300 706
300 439
300 2
300 103
391 175
391 573
391 754
391 938
540 915
540 858
540 356
540 633
605 943
605 632
649 654
649 682
649 266
649 895
305 84
305 920
305 547
781 128
781 895
781 703
659 239
659 694
659 111
659 999
885 354
885 187
719 42
634 692
634 437
557 137
557 337
557 454
837 763
837 769
837 753
697 817
697 668
997 403
997 776
997 524
347 577
347 209
347 512
369 177
369 799
369 681
125 765
125 185
125 339
632 510
632 514
859 157
859 671
859 990
375 258
375 256
375 262
429 970
264 177
264 221
264 547
257 822
257 621
702 436
702 864
702 423
94 523
94 244
675 645
356 413
356 194
356 583
595 757
595 203
595 39
863 406
863 860
226 371
226 29
226 577
751 622
751 523
564 338
564 985
564 173
568 78
568 763
568 488
716 617
716 62
435 990
860 400
860 298
860 293
439 222
439 279
439 360
571 368
571 207
769 425
769 884
769 980
156 987
156 160
156 428
882 288
882 541
882 870
278 21
278 682
509 88
509 361
509 474
472 3
472 58
472 983
320 116
320 553
320 387
320 384
771 791
771 645
247 0
247 82
312 836
312 22
358 221
358 596
358 363
192 31
192 907
192 456
619 61
658 606
858 359
858 240
940 137
940 437
962 193
295 907
295 350
672 315
672 219
672 120
672 473
786 686
786 508
324 188
324 493
324 464
597 604
597 29
597 891
363 136
363 967
112 379
112 17
112 932
582 307
582 410
582 413
582 823
892 651
892 386
892 770
685 744
685 118
685 389
725 621
725 994
725 928
267 744
267 481
267 196
825 926
825 415
825 520
825 448
884 648
884 62
116 681
116 485
510 254
510 431
510 223
729 975
729 482
729 612
857 762
857 550
857 141
606 604
606 54
818 210
456 482
456 887
456 864
793 93
793 343
793 403
523 468
333 15
333 102
469 322
469 522
848 343
848 252
848 983
490 103
704 985
704 317
704 334
704 75
861 84
861 415
861 281
63 718
63 335
920 684
738 492
738 791
829 696
829 601
829 838
201 701
201 289
890 780
890 499
652 880
652 458
652 315
758 58
758 727
758 252
334 318
17 760
17 679
17 681
809 314
726 248
842 548
254 78
757 745
224 15
994 188
994 945
20 970
20 61
20 386
258 959
158 253
158 873
925 154
925 775
925 200
479 631
479 559
266 791
266 755
266 133
623 747
316 410
316 318
316 298
316 701
821 537
374 24
374 998
421 236
128 367
774 864
774 899
774 141
924 850
924 199
924 581
973 261
165 740
165 321
165 313
921 939
667 409
667 181
939 29
394 823
394 280
394 234
434 828
434 277
434 400
966 107
290 274
290 912
290 313
279 400
983 223
983 216
301 179
301 182
301 718
546 256
546 616
654 361
654 520
41 541
41 423
41 845
772 286
772 367
772 813
96 244
96 893
96 18
114 753
114 817
58 599
198 766
134 979
134 405
134 443
682 722
682 537
382 208
382 425
382 645
838 770
838 328
253 806
93 914
93 535
420 522
420 23
420 583
698 64
256 806
315 870
52 570
52 901
52 160
913 460
913 273
913 46
170 699
294 531
294 528
952 869
952 24
12 497
12 207
12 339
12 281
553 105
553 436
3 755
699 0
845 707
845 190
596 111
596 182
596 454
205 743
205 853
205 852
668 2
583 239
993 706
587 438
587 775
873 563
873 152
651 512
651 984
651 328
589 833
589 15
133 370
782 274
782 77
782 31
945 987
980 495
21 142
21 291
507 307
350 663
210 986
522 518
833 319
695 577
695 744
695 146
484 754
484 416
484 822
484 298
909 588
909 722
909 586
399 663
105 514
493 250
493 161
852 171
248 613
90 548
90 303
383 724
836 714
102 832
102 951
328 171
328 756
18 76
823 431
639 674
639 200
639 144
82 474
912 77
956 181
956 299
776 193
927 388
927 800
64 501
64 987
72 79
72 573
616 646
492 478
492 671
601 483
437 901
437 338
23 319
23 181
273 577
273 644
273 265
560 586
560 549
560 585
343 117
389 674
297 586
297 724
148 914
148 626
148 501
148 979
830 646
770 728
784 602
875 926
875 425
535 127
393 203
393 5
671 724
671 157
379 162
379 477
964 674
964 355
387 878
120 508
120 573
832 89
832 633
436 103
739 812
739 413
460 700
111 800
111 117
138 154
138 223
138 406
663 878
880 660
27 628
27 271
474 377
474 974
684 443
144 550
144 361
433 679
433 889
433 840
15 149
291 129
291 495
291 216
299 602
299 986
299 756
718 8
88 432
88 559
132 990
132 689
293 354
431 801
164 188
164 168
164 155
355 514
355 71
355 221
287 149
78 748
635 647
406 998
516 648
563 660
486 175
936 471
936 14
31 342
235 245
536 154
536 495
984 458
984 68
766 208
766 765
190 977
212 780
585 611
85 475
85 488
569 381
569 221
614 237
614 239
690 390
152 76
152 599
250 692
417 481
417 877
524 314
366 377
432 339
216 986
483 620
951 136
288 926
288 314
828 11
828 612
840 706
987 28
86 127
86 416
318 419
390 503
54 303
54 499
54 700
5 360
5 541
426 670
237 242
501 123
501 423
870 694
107 762
107 370
22 586
528 970
900 731
900 194
900 478
348 371
188 647
428 780
813 955
813 760
813 407
866 229
866 696
660 321
889 168
118 762
118 745
475 686
475 843
475 922
843 261
67 405
67 783
175 373
196 934
196 252
289 977
359 754
359 720
403 274
617 482
617 499
662 740
662 853
700 531
485 209
588 477
588 229
588 618
117 461
371 370
633 462
464 773
179 574
179 731
179 653
547 508
129 801
731 219
731 280
246 168
743 664
801 97
801 754
883 960
720 447
753 462
461 513
679 76
620 967
222 853
471 367
800 182
407 468
155 2
622 261
955 548
955 975
653 157
868 149
694 338
551 611
701 447
194 922
269 648
286 187
286 361
388 783
388 8
503 46
891 611
891 934
339 979
354 209
705 549
97 478
173 559
893 342
171 722
977 68
405 711
938 136
674 240
647 262
647 337
317 783
51 335
727 928
727 208
