399 942
399 757
399 249
399 487
532 429
532 112
532 434
532 816
4 572
4 788
4 718
4 666
119 891
119 164
119 303
119 389
630 522
630 852
630 588
630 0
810 520
810 270
810 599
810 656
749 165
749 47
749 179
749 471
910 629
910 996
910 117
910 594
76 846
76 462
76 31
76 750
107 144
107 430
107 697
107 357
793 653
793 223
793 411
793 50
953 799
953 350
953 691
953 550
831 842
831 220
831 410
831 501
836 123
836 934
836 809
836 813
120 722
120 228
120 710
120 344
415 811
415 274
415 503
415 717
86 742
86 832
86 240
86 153
422 590
422 818
422 654
422 336
246 883
246 413
246 640
246 979
411 838
411 229
411 877
38 979
38 446
38 870
38 957
153 268
153 522
153 461
68 140
68 609
68 339
68 672
633 680
633 196
633 484
633 441
543 132
543 390
543 577
543 525
783 766
783 488
783 162
783 786
150 711
150 133
150 222
150 686
214 692
214 434
214 724
214 35
239 165
239 902
239 642
239 139
780 298
780 833
780 998
780 81
234 942
234 950
234 564
234 311
293 320
293 829
293 597
293 409
203 797
203 645
203 516
203 425
714 900
714 628
714 547
714 773
417 959
417 222
417 145
417 648
823 584
823 375
823 922
823 12
895 354
895 766
895 856
895 838
941 191
941 440
941 673
941 704
211 114
211 805
211 336
211 57
574 551
574 706
574 171
574 799
878 295
878 112
878 997
878 806
888 170
888 723
888 937
888 794
103 489
103 338
103 197
103 918
632 533
632 194
632 663
632 393
723 279
723 388
723 101
871 258
871 608
871 244
871 471
320 791
320 956
320 261
746 763
746 350
746 167
746 591
519 476
519 659
519 829
519 822
955 499
955 258
955 49
955 421
105 162
105 22
105 474
105 87
678 639
678 804
678 521
678 202
404 820
404 978
404 839
404 288
825 553
825 79
825 989
825 906
248 796
248 305
248 809
248 726
986 160
986 537
986 288
986 486
424 943
424 557
424 458
424 196
803 365
803 576
803 843
803 375
206 617
206 130
206 260
206 750
989 45
989 332
989 115
207 339
207 677
207 963
207 721
725 863
725 606
725 242
725 526
324 357
324 457
324 689
324 84
981 200
981 768
981 268
981 42
819 252
819 774
819 371
819 222
960 563
960 610
960 782
960 478
613 614
613 777
613 224
613 631
121 483
121 383
121 867
121 903
658 82
658 994
658 741
658 983
373 610
373 342
373 885
373 281
698 829
698 939
698 523
698 187
935 504
935 727
935 637
935 800
178 47
178 505
178 236
178 85
374 763
374 10
374 872
374 681
598 198
598 409
598 828
598 314
731 696
731 233
731 361
731 278
377 862
377 330
377 41
377 524
583 556
583 456
583 646
583 709
129 715
129 421
129 889
129 869
518 517
518 186
518 642
518 535
136 375
136 179
136 609
136 525
148 950
148 896
148 778
148 984
265 202
265 431
265 50
265 610
787 258
787 430
787 472
787 710
51 220
51 221
51 477
51 688
287 667
287 675
287 638
287 94
317 548
317 284
317 433
317 444
241 509
241 297
241 230
241 108
695 585
695 57
695 830
695 874
308 71
308 513
308 205
308 852
376 489
376 667
376 834
376 663
262 748
262 675
262 166
262 276
754 932
754 851
754 904
754 684
392 282
392 648
392 973
392 126
604 368
604 638
604 576
604 844
671 739
671 180
671 536
671 654
693 909
693 862
693 43
693 267
709 559
709 230
709 349
805 771
805 57
805 480
962 94
962 995
962 131
962 403
985 414
985 27
985 252
985 367
580 506
580 835
580 251
580 157
691 274
691 350
691 592
40 182
40 423
40 692
40 600
826 101
826 773
826 732
826 568
748 495
748 166
748 355
280 664
280 504
280 35
280 190
664 929
664 966
664 477
402 511
402 307
402 52
402 847
769 951
769 629
769 816
769 520
227 131
227 450
227 496
227 945
508 157
508 681
508 880
508 185
655 883
655 372
655 326
655 567
726 67
726 939
726 853
189 875
189 290
189 366
189 712
890 650
890 628
890 907
890 15
493 814
493 128
493 938
493 861
87 578
87 79
87 334
650 659
650 932
650 576
257 975
257 715
257 657
257 561
536 369
536 367
536 331
154 624
154 526
154 65
154 796
789 661
789 848
789 184
789 53
0 959
0 270
0 413
253 908
253 116
253 969
253 44
911 944
911 26
911 669
911 416
111 545
111 252
111 13
111 198
480 356
480 1
480 166
581 716
581 334
581 568
581 497
32 525
32 171
32 365
32 91
454 674
454 587
454 920
454 647
720 802
720 394
720 335
720 711
791 370
791 958
791 126
138 333
138 381
138 572
138 398
472 700
472 337
472 680
218 208
218 697
218 321
218 48
315 445
315 588
315 812
315 483
276 479
276 772
276 243
172 232
172 785
172 727
172 490
882 446
882 93
882 948
882 898
56 62
56 733
56 494
56 502
747 751
747 975
747 1
747 294
106 380
106 282
106 502
106 90
110 312
110 431
110 830
110 759
329 970
329 122
329 799
329 500
942 564
942 328
531 108
531 827
531 515
531 112
668 92
668 497
668 887
668 735
61 638
61 550
61 50
61 517
453 916
453 346
453 758
453 468
776 131
776 475
776 755
776 254
844 367
844 353
844 964
141 142
141 22
141 766
141 920
482 414
482 661
482 625
482 147
73 839
73 817
73 190
73 983
198 752
198 569
834 667
834 183
834 427
934 712
934 980
934 343
706 557
706 307
706 982
785 406
785 333
785 527
358 47
358 721
358 806
358 506
596 950
596 778
596 794
596 572
216 199
216 20
216 994
216 631
512 499
512 361
512 988
512 952
318 817
318 712
318 850
318 149
380 46
380 521
380 818
386 408
386 130
386 196
386 868
923 502
923 936
923 479
923 139
93 587
93 224
93 527
441 217
441 442
441 896
761 936
761 879
761 500
761 272
949 429
949 824
949 732
949 445
311 743
311 670
311 887
314 968
314 704
314 828
696 524
696 496
696 873
856 125
856 907
856 272
11 57
11 477
11 494
11 992
753 707
753 915
753 22
753 988
840 662
840 97
840 998
840 155
804 879
804 853
804 770
552 326
552 530
552 20
552 808
582 2
582 814
582 437
582 112
325 473
325 929
325 842
325 784
540 931
540 858
540 383
540 798
473 99
473 623
473 763
14 893
14 319
14 852
14 701
498 77
498 463
498 279
498 865
437 814
437 34
437 363
601 792
601 79
601 685
601 584
135 359
135 42
135 558
135 626
379 538
379 337
379 874
379 413
55 516
55 569
55 987
55 894
270 892
270 337
309 877
309 704
309 142
309 478
452 333
452 485
452 268
452 340
92 82
92 401
92 752
683 939
683 143
683 459
683 652
801 855
801 371
801 818
801 200
914 78
914 323
914 736
914 775
634 859
634 231
634 285
634 9
737 83
737 636
737 969
737 729
841 786
841 398
841 707
841 244
245 779
245 795
245 247
245 623
925 199
925 858
925 898
925 932
397 919
397 889
397 471
397 49
681 870
681 719
770 677
770 486
770 205
926 474
926 824
926 366
926 164
621 466
621 291
621 470
621 919
43 292
43 104
43 550
269 273
269 675
269 370
269 797
351 190
351 539
351 547
351 812
462 846
462 183
462 410
666 391
666 919
666 641
654 547
654 883
445 223
445 348
842 510
842 869
210 864
210 607
210 161
210 89
756 39
756 900
756 355
756 395
705 539
705 361
705 917
705 837
918 408
918 848
918 784
849 381
849 659
849 551
849 238
931 542
931 52
931 798
140 672
140 407
140 492
242 527
242 863
242 902
319 687
319 717
319 644
967 961
967 755
967 764
967 936
378 501
378 54
378 442
378 503
644 492
644 116
644 145
259 971
259 828
259 117
259 303
464 195
464 327
464 567
464 307
481 458
481 339
481 170
481 28
656 181
656 993
656 146
413 738
439 690
439 70
439 741
439 137
530 291
530 808
530 501
566 256
566 284
566 28
566 760
700 636
700 781
700 226
622 326
622 114
622 782
622 813
897 266
897 279
897 186
897 80
118 588
118 244
118 728
118 59
460 779
460 636
460 867
460 881
236 999
236 619
236 387
570 292
570 15
570 511
570 23
83 969
83 759
83 546
359 857
359 416
359 197
662 155
662 426
662 998
938 468
938 876
938 229
81 978
81 41
81 423
169 766
169 641
169 291
169 125
555 649
555 484
555 396
555 620
848 843
848 444
134 301
134 778
134 930
134 815
297 487
297 602
297 703
226 603
226 296
226 346
529 54
529 924
529 495
529 12
718 456
718 220
718 419
991 565
991 728
991 21
991 7
281 885
281 346
281 861
982 17
982 448
982 109
418 62
418 958
418 605
418 323
699 855
699 5
699 524
699 39
193 758
193 133
193 63
193 352
760 352
760 74
760 213
192 16
192 469
192 72
192 616
881 401
881 912
881 635
97 838
97 685
97 84
643 475
643 968
643 641
643 687
451 41
451 233
451 240
451 913
912 199
912 806
912 231
562 201
562 703
562 809
562 223
267 126
267 6
267 405
682 758
682 687
682 674
682 371
642 997
642 653
708 806
708 491
708 979
708 283
808 288
808 541
478 900
478 393
865 597
865 184
865 155
894 764
894 202
894 796
162 474
162 921
219 818
219 19
219 768
219 63
345 49
345 261
345 430
345 996
266 907
266 905
266 993
951 341
951 740
951 590
533 875
533 974
533 928
657 877
657 21
657 729
605 323
605 958
605 433
641 505
864 956
864 347
864 485
395 976
395 185
395 458
8 551
8 209
8 385
8 602
54 782
54 360
232 271
232 944
232 727
665 781
665 964
665 19
665 306
372 34
372 302
372 584
109 67
109 29
109 917
860 933
860 277
860 187
860 71
924 585
924 579
924 965
204 300
204 792
204 176
204 49
603 33
603 221
603 937
35 513
35 18
416 321
416 857
275 217
275 623
275 884
275 209
892 432
892 335
892 589
775 957
775 876
775 999
730 159
730 660
730 558
730 212
813 868
813 732
832 824
832 546
832 692
476 891
476 798
476 822
435 364
435 426
435 559
435 715
880 338
880 990
880 548
96 592
96 263
96 187
96 42
288 978
161 595
161 144
161 47
497 60
497 331
394 571
394 830
394 164
401 686
401 42
744 17
744 457
744 777
744 60
676 208
676 65
676 436
676 465
507 735
507 146
507 957
507 971
905 361
905 5
905 917
506 251
506 854
89 489
89 646
89 509
284 444
284 677
494 60
494 18
822 966
822 724
694 821
694 88
694 286
694 142
996 564
996 716
13 839
13 773
13 2
146 765
146 959
701 893
701 535
701 821
366 755
366 624
21 904
21 521
389 108
389 164
389 549
927 774
927 243
927 861
927 200
470 943
470 845
470 487
735 343
735 250
807 917
807 885
807 175
807 173
994 972
994 191
191 443
191 167
762 442
762 438
762 299
762 733
123 412
123 147
123 639
627 362
627 909
627 523
627 75
33 300
33 640
33 385
999 354
999 520
91 879
91 217
91 24
652 977
652 893
652 467
85 174
85 651
85 600
815 954
815 930
815 143
279 296
502 854
181 196
181 382
181 330
383 483
383 798
277 908
277 933
277 488
312 545
312 741
312 22
244 243
364 152
364 568
364 833
25 973
25 503
25 565
25 465
213 294
213 405
213 851
323 163
922 426
922 263
922 873
36 944
36 282
36 58
36 545
600 904
600 295
144 403
144 933
160 590
160 390
160 420
469 647
469 16
469 553
475 142
475 541
19 456
19 559
283 974
283 759
283 542
513 692
513 971
811 590
811 702
811 434
861 285
474 948
947 719
947 310
947 946
947 256
565 90
565 12
45 332
45 862
45 340
577 132
577 66
577 599
260 916
260 495
260 163
465 669
465 913
99 5
99 443
99 772
139 850
139 104
168 821
168 724
168 176
168 988
876 716
876 356
48 27
48 977
48 369
322 398
322 779
322 391
322 427
69 102
69 781
69 492
69 618
116 37
116 250
159 993
159 225
159 511
684 885
684 261
684 3
412 589
412 946
412 964
455 898
455 331
455 173
455 342
348 702
348 222
348 490
964 304
355 889
355 679
124 149
124 968
124 728
124 20
173 228
173 414
419 680
419 327
419 195
615 332
615 614
615 939
615 183
690 612
690 741
690 593
157 273
157 185
489 828
716 948
306 901
306 713
306 551
594 442
594 611
594 117
436 179
436 449
436 980
969 908
255 891
255 190
255 349
255 729
102 313
102 542
102 597
535 867
535 365
98 115
98 182
98 440
98 660
156 305
156 631
156 75
156 929
595 585
595 734
595 381
733 62
733 995
353 734
353 463
353 771
250 809
250 385
179 229
346 961
406 338
406 238
406 620
537 845
537 554
537 612
127 1
127 560
127 400
127 304
564 459
965 579
965 526
965 74
27 95
27 143
568 237
572 794
64 352
64 591
64 341
64 365
544 113
544 433
544 407
544 17
299 501
299 569
299 352
447 80
447 188
447 488
447 295
629 872
629 937
521 499
307 984
458 940
115 332
115 18
449 338
449 980
449 230
736 491
736 920
736 310
235 496
235 301
235 59
235 719
547 363
538 67
538 774
538 579
850 9
850 827
78 909
78 101
78 820
420 335
420 176
420 212
212 155
212 921
292 390
292 485
300 902
300 610
827 197
827 387
331 304
39 742
39 344
757 607
757 764
757 877
5 367
833 400
833 853
131 450
24 645
24 217
24 65
485 743
145 847
145 578
349 943
349 976
902 618
548 149
548 742
289 184
289 528
289 30
289 525
904 369
457 578
457 225
356 71
356 796
814 82
362 202
362 321
362 285
745 466
745 278
745 713
745 264
407 303
407 915
896 884
896 653
104 428
104 286
715 479
175 638
175 946
175 224
559 857
258 385
573 767
573 667
573 209
573 873
784 339
784 670
635 973
635 900
635 37
176 240
70 523
70 137
70 997
429 816
429 563
237 542
237 561
237 343
606 792
606 58
606 427
711 387
711 837
177 575
177 592
177 788
177 763
820 396
820 467
913 707
913 802
200 987
765 170
765 301
765 751
53 334
53 174
53 254
790 396
790 18
790 393
790 201
468 940
468 903
800 337
800 952
800 23
10 34
10 84
10 58
751 15
751 729
948 282
23 182
23 534
209 298
663 215
663 163
835 263
835 46
835 916
954 71
954 400
954 370
909 448
509 108
509 862
777 868
777 554
492 100
970 742
970 510
970 294
734 857
734 771
980 773
578 651
66 327
66 617
66 866
52 619
52 477
802 976
802 979
674 740
674 541
147 233
147 625
545 514
620 152
620 983
67 461
522 646
522 829
940 342
940 863
274 128
274 645
851 520
851 625
589 84
589 893
863 889
963 743
963 490
963 575
100 546
100 561
100 82
326 12
499 409
560 524
560 1
560 491
375 576
906 432
906 722
906 79
859 215
859 296
859 231
988 410
732 952
767 739
767 561
767 873
971 884
579 526
710 466
710 550
886 534
886 702
886 919
886 208
60 527
639 408
639 151
974 503
974 381
463 567
463 221
363 995
363 201
233 41
869 830
869 817
387 727
517 50
517 661
184 597
768 423
768 75
968 585
328 427
328 6
328 278
128 866
128 891
584 528
738 992
738 945
738 511
201 959
623 992
384 286
384 440
384 357
384 182
978 254
231 296
619 609
619 459
388 125
388 484
388 516
488 295
302 750
302 975
302 586
556 335
556 875
556 930
167 571
167 438
491 30
794 425
998 936
137 586
137 443
728 205
433 113
461 285
461 95
625 587
9 158
9 7
170 975
434 845
46 847
46 2
466 689
405 541
405 438
750 171
158 440
158 843
158 171
872 273
872 712
347 72
347 343
347 679
759 74
685 717
685 29
290 368
290 990
290 360
221 341
504 523
504 528
992 304
976 3
987 421
987 984
903 984
903 602
122 382
122 703
122 500
945 539
945 528
937 846
821 165
795 133
795 298
795 194
636 867
261 484
688 238
688 321
688 490
249 6
249 382
249 858
514 611
514 303
514 336
703 824
608 30
608 647
608 471
28 879
28 837
310 847
310 626
609 672
495 588
920 901
575 88
575 702
403 557
403 933
697 400
697 16
722 58
722 661
995 238
342 567
298 30
316 166
316 151
316 855
316 450
950 778
593 899
593 448
593 516
899 687
899 812
899 646
866 344
866 194
65 208
952 921
185 854
916 263
764 341
63 607
63 758
721 431
721 74
327 130
459 592
554 868
554 858
151 360
151 669
132 390
132 628
75 640
677 230
649 428
649 37
649 875
252 672
887 670
887 44
344 614
26 286
26 884
26 113
431 330
37 855
874 271
874 59
425 546
425 645
340 628
340 256
972 549
972 243
972 956
6 382
611 660
611 31
977 740
977 229
659 228
29 143
29 549
707 648
670 15
152 549
152 515
957 354
77 680
77 966
77 599
426 648
788 852
788 908
946 637
165 599
456 930
689 247
689 553
371 90
973 618
273 901
539 223
557 360
3 357
3 188
278 673
180 739
180 391
180 990
624 870
624 44
614 254
816 792
724 563
846 31
743 534
616 251
616 16
616 467
781 534
915 563
915 607
921 446
510 928
510 958
713 961
713 839
205 843
983 247
369 907
186 80
186 7
224 188
391 256
410 272
368 786
368 114
301 932
34 130
272 505
88 740
88 187
651 772
651 174
80 225
997 240
838 779
966 618
220 772
291 812
553 637
247 845
448 264
95 719
95 640
660 558
313 113
313 675
313 94
956 428
993 225
31 673
467 943
133 990
571 617
571 126
486 679
486 569
17 183
271 944
271 59
7 901
2 163
479 631
438 647
149 354
870 44
228 928
423 928
782 370
450 333
444 883
626 62
626 558
72 752
72 591
704 251
408 421
837 898
117 483
505 428
432 188
432 487
125 771
393 799
653 398
268 396
591 350
294 195
817 101
446 612
305 797
305 330
612 334
336 264
199 90
774 586
586 752
194 215
414 854
409 20
717 430
739 602
197 94
587 515
264 617
961 496
174 686
500 853
215 195
515 443
686 673
797 679
114 786
929 669
637 755
