190 780
190 258
190 64
190 779
767 554
767 613
767 470
767 320
812 140
812 967
812 314
812 369
930 244
930 322
930 155
930 636
644 803
644 882
644 443
644 47
708 804
708 343
708 819
708 597
213 668
213 545
213 876
213 774
378 475
378 465
378 858
378 567
23 124
23 119
23 404
23 512
397 133
397 263
397 316
397 67
279 15
279 557
279 927
279 350
997 772
997 431
997 336
997 59
211 449
211 88
211 2
211 695
862 826
862 404
862 913
862 238
265 200
265 573
265 802
265 694
424 430
424 748
424 184
424 469
366 448
366 513
366 151
366 439
476 741
476 358
476 943
476 760
482 758
482 236
482 197
482 3
916 488
916 290
916 948
916 120
620 81
620 571
620 308
620 985
737 687
737 353
737 113
737 413
194 307
194 223
194 460
194 952
220 662
220 306
220 968
220 699
489 490
489 783
489 180
489 574
848 425
848 52
848 216
848 172
246 675
246 268
246 580
246 524
941 354
941 1
941 124
941 144
196 846
196 496
196 806
196 800
711 437
711 584
711 239
711 429
446 223
446 264
446 370
446 901
477 30
477 664
477 258
477 373
576 431
576 501
576 924
576 776
852 305
852 299
852 440
852 717
745 614
745 879
745 969
745 299
773 597
773 875
773 834
773 987
227 681
227 864
227 818
227 944
518 21
518 421
518 116
518 540
48 382
48 839
48 789
48 95
287 663
287 956
287 42
287 535
727 533
727 255
727 696
727 157
841 147
841 870
841 530
841 655
331 519
331 146
331 791
331 612
346 608
346 954
346 269
346 69
70 10
70 98
70 980
70 774
162 348
162 335
162 507
162 282
288 442
288 325
288 871
288 700
650 913
650 374
650 400
650 327
234 210
234 782
234 421
234 638
679 851
679 418
679 481
679 153
233 143
233 605
233 118
233 263
863 419
863 342
863 324
863 730
514 237
514 865
514 716
514 895
733 839
733 112
733 716
733 700
300 58
300 515
300 864
300 674
395 985
395 882
395 827
395 845
50 509
50 413
50 906
50 697
598 94
598 360
598 569
598 805
552 622
552 959
552 770
552 83
579 473
579 676
579 306
579 281
929 370
929 959
929 206
929 512
389 939
389 596
389 911
389 134
738 808
738 979
738 825
738 996
760 176
760 832
760 216
289 317
289 574
289 655
289 281
879 185
879 84
879 808
284 544
284 68
284 998
284 65
392 984
392 312
392 164
392 714
637 357
637 939
637 849
637 414
659 825
659 698
659 381
659 538
114 951
114 245
114 42
114 674
38 437
38 210
38 818
38 656
673 817
673 788
673 376
673 893
990 623
990 125
990 565
990 516
585 714
585 932
585 54
585 222
914 254
914 292
914 115
914 712
103 690
103 178
103 936
103 677
645 664
645 69
645 557
645 868
846 806
846 800
846 99
918 721
918 255
918 952
918 957
467 181
467 407
467 636
467 977
778 478
778 910
778 370
778 396
160 174
160 74
160 481
160 717
212 336
212 796
212 967
212 16
60 555
60 698
60 933
60 945
274 333
274 660
274 981
274 772
373 785
373 526
373 483
505 261
505 296
505 157
505 332
575 994
575 754
575 353
575 820
492 493
492 831
492 695
492 305
542 665
542 763
542 494
542 262
106 121
106 963
106 951
106 544
915 460
915 933
915 823
915 798
631 938
631 528
631 146
631 807
886 260
886 693
886 753
886 501
189 541
189 142
189 159
189 2
504 137
504 682
504 341
504 40
218 421
218 867
218 374
218 319
976 429
976 587
976 490
976 744
107 670
107 684
107 549
107 942
471 343
471 98
471 878
471 283
553 2
553 978
553 456
553 639
966 132
966 910
966 549
966 646
79 824
79 588
79 4
79 940
409 955
409 602
409 339
409 377
502 635
502 873
502 965
502 509
591 494
591 413
591 51
591 305
128 888
128 309
128 278
128 731
795 117
795 433
795 813
795 615
383 238
383 547
383 529
383 889
527 568
527 996
527 829
527 449
730 349
730 726
730 388
156 146
156 860
156 931
156 866
219 390
219 517
219 739
219 360
26 761
26 850
26 684
26 12
747 726
747 98
747 361
747 854
465 97
465 205
465 330
974 811
974 865
974 525
974 134
6 416
6 33
6 757
6 709
280 667
280 685
280 560
280 663
500 328
500 658
500 632
500 36
523 153
523 228
523 704
523 2
251 474
251 781
251 294
251 868
493 922
493 831
493 396
228 7
228 386
228 607
199 669
199 419
199 682
199 25
653 88
653 132
653 432
653 77
881 850
881 437
881 172
881 327
411 746
411 52
411 995
411 9
630 441
630 991
630 308
630 824
311 285
311 896
311 606
311 784
363 245
363 867
363 1
363 170
403 433
403 485
403 145
403 702
108 354
108 873
108 984
108 836
86 351
86 259
86 273
86 25
919 348
919 96
919 890
919 718
458 949
458 186
458 448
458 928
827 985
827 35
827 845
78 683
78 161
78 283
78 906
277 582
277 558
277 903
277 578
469 748
469 184
469 76
836 739
836 984
836 380
334 714
334 19
334 249
334 450
877 327
877 340
877 567
877 20
947 872
947 896
947 340
947 604
102 938
102 832
102 557
102 685
899 406
899 532
899 487
899 192
423 304
423 845
423 942
423 425
805 46
805 850
805 393
256 30
256 622
256 381
256 857
548 543
548 792
548 917
548 640
692 475
692 301
692 817
692 44
87 472
87 170
87 522
87 556
627 244
627 119
627 751
627 508
94 569
94 276
94 149
486 908
486 406
486 362
486 163
333 750
333 503
333 697
539 214
539 799
539 173
539 654
902 958
902 101
902 434
902 880
925 252
925 771
925 956
925 643
75 753
75 541
75 544
75 741
903 558
903 582
903 170
293 171
293 551
293 589
293 140
17 24
17 982
17 342
17 978
568 145
568 51
568 954
445 326
445 112
445 988
445 734
600 154
600 90
600 200
600 522
39 497
39 756
39 401
39 851
964 144
964 231
964 55
964 415
586 971
586 438
586 169
586 447
953 570
953 461
953 696
953 603
935 329
935 124
935 774
935 138
713 541
713 454
713 687
713 7
765 843
765 302
765 632
765 127
272 557
272 844
272 207
272 520
385 706
385 813
385 235
385 364
478 396
478 892
478 453
633 804
633 973
633 617
633 165
208 100
208 900
208 856
208 647
629 264
629 511
629 590
629 885
602 955
602 831
602 554
934 742
934 359
934 641
934 379
5 869
5 809
5 181
5 206
678 619
678 547
678 571
678 537
193 613
193 407
193 431
193 450
649 511
649 818
649 63
649 719
249 19
249 450
249 732
666 680
666 811
666 587
666 133
97 573
97 798
97 456
797 905
797 510
797 740
797 777
252 771
252 639
252 371
820 551
820 88
820 993
29 151
29 779
29 436
29 658
928 244
928 775
928 520
188 701
188 239
188 275
188 962
921 584
921 135
921 175
921 792
297 970
297 699
297 985
297 968
599 826
599 978
599 226
599 511
10 581
10 980
10 49
240 975
240 759
240 654
240 993
657 302
657 860
657 560
657 63
725 464
725 310
725 179
725 529
105 869
105 606
105 784
105 838
923 960
923 457
923 508
923 459
37 788
37 791
37 376
37 817
230 656
230 766
230 615
230 907
559 979
559 810
559 772
559 379
27 883
27 281
27 407
27 91
594 290
594 525
594 545
594 622
141 837
141 865
141 792
141 537
616 554
616 853
616 540
616 957
722 556
722 483
722 305
722 69
626 603
626 749
626 367
626 337
357 864
357 512
357 939
994 380
994 224
994 209
416 388
416 33
416 757
900 484
900 857
900 686
85 661
85 513
85 386
85 439
126 521
126 561
126 526
126 428
611 68
611 231
611 65
611 957
304 302
304 434
304 142
904 42
904 326
904 707
904 247
983 391
983 736
983 402
983 73
152 530
152 113
152 614
152 905
710 610
710 510
710 618
710 503
198 325
198 786
198 662
198 435
448 149
448 746
209 517
209 30
209 224
872 365
872 113
872 369
18 440
18 362
18 968
18 618
72 550
72 975
72 148
72 807
195 639
195 24
195 315
195 22
937 895
937 90
937 949
937 718
473 130
473 824
473 306
652 646
652 151
652 317
652 854
728 312
728 720
728 164
728 447
762 590
762 996
762 153
762 790
34 161
34 931
34 911
34 674
202 662
202 258
202 743
202 571
203 634
203 963
203 787
203 944
648 55
648 833
648 768
648 462
520 81
520 508
849 769
849 697
849 415
177 64
177 684
177 418
177 771
775 744
775 801
775 999
192 487
192 532
192 970
495 214
495 948
495 515
495 566
670 942
670 684
670 178
793 377
793 62
793 40
793 991
842 96
842 318
842 437
842 519
905 614
905 496
689 572
689 123
689 757
689 656
344 503
344 618
344 995
344 180
628 412
628 952
628 589
628 248
683 74
683 307
683 283
768 665
768 494
768 687
466 440
466 483
466 868
466 706
999 801
999 417
999 472
148 56
148 807
148 550
847 372
847 874
847 832
847 116
315 655
315 67
315 149
866 931
866 595
866 8
704 368
704 550
704 643
93 819
93 986
93 104
93 110
796 967
796 157
796 16
910 549
910 646
394 954
394 715
394 973
394 764
750 779
750 961
750 451
232 531
232 111
232 46
232 131
459 457
459 960
459 182
291 840
291 481
291 529
291 119
365 275
365 59
365 113
410 810
410 136
410 588
410 608
694 573
694 802
694 461
286 35
286 948
286 510
286 452
515 940
515 736
89 624
89 414
89 868
89 993
755 127
755 562
755 785
755 91
9 995
9 746
9 52
447 776
447 621
80 534
80 612
80 546
80 989
531 131
531 111
531 782
41 734
41 922
41 663
41 56
470 14
470 405
470 266
158 435
158 938
158 197
158 560
752 399
752 672
752 429
752 167
364 813
364 45
364 235
425 216
425 828
53 946
53 422
53 744
53 175
61 702
61 226
61 624
61 563
605 884
605 263
605 943
803 443
803 47
803 671
241 370
241 285
241 763
241 314
786 435
786 592
786 662
109 783
109 690
109 936
109 231
487 361
487 532
895 691
895 452
347 813
347 833
347 867
347 339
250 538
250 444
250 380
250 206
691 264
691 815
691 260
316 454
316 67
316 621
965 564
965 110
965 436
917 324
917 168
917 28
171 153
171 837
171 615
318 706
318 131
318 247
719 258
719 695
719 371
909 319
909 924
909 835
909 660
253 811
253 74
253 739
253 601
480 829
480 299
480 891
480 349
21 28
21 55
21 343
387 301
387 801
387 82
387 830
436 751
436 110
292 254
292 225
292 115
464 310
464 179
464 876
356 129
356 266
356 322
356 528
857 371
857 22
442 871
442 325
442 715
897 533
897 699
897 532
897 715
323 257
323 962
323 701
323 756
680 950
680 457
680 639
705 893
705 14
705 54
705 731
402 73
402 736
402 979
595 45
595 8
595 296
235 932
235 122
338 210
338 221
338 463
338 654
217 32
217 81
217 970
217 581
815 668
815 348
815 911
332 98
332 453
332 352
100 647
100 472
100 856
150 412
150 221
150 417
150 248
183 339
183 44
183 828
183 317
822 859
822 776
822 816
822 551
406 362
406 676
688 992
688 299
688 522
688 901
814 361
814 40
814 224
814 698
794 802
794 43
794 223
794 908
751 176
751 269
498 76
498 709
498 838
498 972
215 298
215 122
215 313
215 345
681 864
681 766
681 647
368 43
368 885
368 587
580 524
580 724
580 675
205 422
205 799
205 998
669 362
669 826
669 386
101 933
101 880
101 958
724 140
724 0
724 821
743 167
743 759
743 555
756 401
756 497
609 257
609 685
609 875
609 987
642 414
642 717
642 677
642 885
377 754
377 991
664 117
664 572
36 268
36 319
36 761
582 558
582 772
624 262
624 30
398 884
398 438
398 766
398 388
723 891
723 237
723 295
723 455
222 161
222 352
222 714
726 349
726 528
147 888
147 62
147 610
961 577
961 451
961 978
56 267
56 734
959 584
959 454
988 980
988 104
988 67
453 892
453 977
924 672
924 3
592 354
592 435
592 843
939 610
24 342
24 982
721 479
721 200
721 130
887 461
887 127
887 335
887 837
613 491
613 320
769 697
769 330
769 271
871 583
871 325
563 686
563 422
563 946
426 658
426 328
426 525
426 763
799 173
799 499
861 276
861 182
861 382
861 940
22 92
22 948
615 455
0 140
0 821
0 58
138 329
138 989
138 420
42 129
282 506
282 507
282 335
381 791
381 519
313 345
313 298
313 593
71 468
71 619
71 972
71 986
463 210
463 221
463 876
92 687
92 484
92 329
257 456
257 987
907 885
907 838
907 870
358 207
358 741
358 13
675 676
675 524
982 342
982 32
266 922
266 643
787 944
787 701
787 798
360 517
360 90
830 845
830 908
830 82
562 91
562 969
562 430
785 614
785 483
946 422
946 686
13 207
13 960
13 716
260 239
260 4
828 355
828 44
122 345
122 298
369 955
369 314
875 987
875 7
384 308
384 661
384 294
384 952
439 661
439 513
911 596
754 28
754 353
343 597
984 855
427 242
427 174
427 123
427 530
452 709
452 440
578 809
578 690
578 430
621 14
621 221
382 186
382 95
566 825
566 604
566 671
348 47
115 225
115 254
130 200
130 878
14 640
367 749
367 893
367 337
968 699
856 955
856 647
180 583
180 740
229 201
229 139
229 275
229 663
854 137
854 712
898 355
898 735
898 273
898 247
789 682
789 43
789 226
491 31
491 320
491 166
859 816
859 703
859 201
690 936
839 112
839 700
129 936
129 322
134 777
134 25
295 865
295 888
295 718
920 544
920 245
920 764
920 717
434 339
434 51
855 712
855 607
855 83
236 187
236 125
236 283
870 201
870 838
541 922
572 96
572 484
545 479
545 104
143 69
143 771
143 175
759 975
759 516
204 761
204 853
204 12
204 132
285 549
285 780
175 834
777 55
777 739
271 155
271 58
271 462
869 77
869 809
788 817
788 376
248 417
248 412
556 529
556 472
823 536
823 149
823 460
973 816
973 672
261 393
261 390
261 168
992 818
992 522
992 945
31 831
31 16
31 68
972 468
972 883
73 654
73 736
506 133
506 507
506 309
707 187
707 169
707 889
263 118
986 819
986 889
851 401
851 497
269 405
269 172
651 998
651 783
651 340
651 763
732 136
732 981
732 117
790 507
790 590
790 278
57 956
57 581
57 197
57 893
243 530
243 166
243 508
243 376
242 12
242 123
242 174
554 320
303 625
303 405
303 324
303 151
139 843
139 991
139 660
770 764
770 441
770 83
12 761
244 571
867 374
537 619
537 731
816 441
278 835
278 874
844 926
844 551
844 570
671 157
671 588
273 142
273 307
561 819
561 521
561 66
335 468
601 811
601 341
601 782
159 154
159 801
159 238
641 460
641 975
641 359
399 638
399 393
399 44
894 593
894 693
894 191
894 729
133 735
407 977
971 169
971 1
971 438
781 625
781 294
781 474
780 709
780 64
32 512
32 405
47 302
625 95
625 186
677 945
677 372
43 783
321 49
321 309
321 400
321 54
429 672
308 81
418 135
418 144
404 878
404 826
565 623
565 125
565 516
49 182
49 309
337 603
337 749
226 353
564 259
564 33
564 926
169 438
667 415
667 981
667 74
962 239
962 701
375 173
375 558
375 396
375 674
543 270
543 574
543 834
414 490
33 757
351 943
351 25
351 306
84 216
84 185
84 808
336 59
336 587
764 715
428 526
428 643
428 521
634 154
634 420
634 301
174 123
176 330
176 267
419 324
419 179
116 372
116 540
328 658
328 892
187 889
187 166
693 695
693 729
408 420
408 833
408 185
408 950
661 513
858 155
858 638
858 475
597 88
359 570
359 214
712 137
355 735
355 247
758 499
758 11
758 840
259 995
259 926
170 878
617 804
617 35
617 165
99 371
99 685
99 668
593 191
593 729
146 931
525 7
340 604
390 168
390 225
510 503
380 993
612 534
612 546
604 835
546 989
546 534
20 421
20 391
20 330
570 461
386 607
547 837
547 583
11 635
11 840
11 499
457 960
91 127
350 927
350 15
350 742
352 444
352 880
606 896
606 784
702 485
702 433
950 792
950 646
825 443
623 125
623 516
840 499
444 912
444 538
963 998
963 19
245 1
665 494
665 326
391 945
391 454
45 8
45 296
82 619
82 528
400 913
400 327
66 979
66 462
66 154
779 64
873 635
873 121
590 121
52 746
880 958
526 521
668 696
740 882
740 379
451 449
451 262
891 774
891 237
124 354
496 806
496 800
135 584
135 901
734 267
804 165
184 76
184 748
608 577
608 954
912 538
912 238
912 901
432 270
432 640
432 77
63 860
63 511
117 981
120 290
120 488
120 926
583 810
807 550
349 388
401 497
186 95
942 533
829 932
829 509
319 3
468 883
569 276
569 660
164 720
164 312
810 618
696 533
270 77
270 888
949 833
949 275
223 682
882 443
589 132
589 524
488 703
488 290
884 766
884 58
832 874
980 581
791 519
298 345
753 501
753 3
479 255
479 821
824 16
588 940
969 430
969 329
165 168
207 716
577 853
577 535
59 776
720 312
720 35
843 540
821 536
65 420
65 68
534 989
62 610
62 462
501 431
178 876
178 46
267 379
913 607
860 490
237 455
802 573
636 977
636 656
8 296
883 163
142 307
415 310
475 944
231 957
906 784
906 413
744 706
782 341
145 372
145 317
173 214
54 731
596 136
596 167
40 137
264 110
167 136
676 118
118 268
850 172
748 76
735 798
749 603
655 281
450 19
555 933
555 698
485 314
485 433
294 474
254 225
310 179
932 509
951 90
951 121
970 635
163 996
163 908
191 967
191 729
890 104
890 718
890 4
4 455
574 28
484 686
46 393
632 640
632 874
182 276
700 112
15 742
15 927
322 155
703 201
703 111
938 197
474 958
536 456
536 892
567 361
567 441
374 268
181 96
181 119
144 560
412 417
224 517
341 326
956 535
622 83
835 301
834 51
262 449
535 853
809 206
638 255
742 927
808 185
806 800
481 166
741 896
131 111
161 943
