953 468
953 663
953 706
953 557
969 855
969 441
969 183
969 341
67 44
67 504
67 314
67 622
733 259
733 559
733 229
733 115
467 837
467 823
467 867
467 710
932 25
932 68
932 819
932 584
119 883
119 352
119 475
119 853
743 651
743 355
743 187
743 798
453 217
453 158
453 617
453 16
768 466
768 469
768 704
768 831
379 898
379 631
379 930
379 283
410 41
410 810
410 419
410 352
496 520
496 801
496 469
496 830
995 87
995 213
995 143
995 317
51 987
51 615
51 804
51 528
199 411
199 771
199 230
199 923
522 435
522 501
522 127
522 782
724 831
724 600
724 611
724 507
255 347
255 718
255 52
255 209
905 840
905 158
905 257
905 334
416 112
416 931
416 357
416 885
822 203
822 694
822 476
822 576
39 482
39 92
39 729
39 480
81 337
81 13
81 983
81 408
14 68
14 71
14 411
14 715
662 304
662 599
662 594
662 523
99 439
99 687
99 876
99 84
657 413
657 318
657 194
657 177
286 267
286 400
286 913
286 755
712 565
712 791
712 524
712 261
247 647
247 355
247 62
247 158
641 850
641 15
641 385
641 613
321 799
321 216
321 717
321 803
590 876
590 353
590 177
590 726
745 258
745 445
745 663
745 860
917 488
917 372
917 928
917 175
8 835
8 429
8 170
8 386
624 205
624 502
624 979
624 553
184 386
184 963
184 984
184 463
966 366
966 756
966 273
966 896
53 311
53 889
53 384
53 432
546 553
546 827
546 866
546 301
173 40
173 61
173 356
173 852
462 639
462 770
462 552
462 248
45 847
45 833
45 225
45 996
542 654
542 550
542 280
542 527
813 702
813 826
813 517
813 80
908 110
908 448
908 534
908 251
274 421
274 537
274 146
274 986
630 857
630 595
630 757
630 239
707 229
707 166
707 536
707 878
926 299
926 923
926 230
926 771
76 178
76 922
76 828
76 460
794 374
794 398
794 162
794 964
792 443
792 985
792 489
792 537
970 111
970 761
970 568
970 414
26 170
26 275
26 782
26 690
793 947
793 784
793 994
793 652
276 122
276 993
276 796
276 579
596 140
596 899
596 829
596 558
149 964
149 245
149 486
149 282
226 170
226 193
226 426
226 753
75 869
75 763
75 587
75 322
951 818
951 763
951 978
951 593
211 212
211 493
211 182
211 604
695 549
695 281
695 279
695 483
598 826
598 86
598 94
598 844
875 631
875 880
875 750
875 872
37 981
37 914
37 365
37 982
250 78
250 679
250 544
250 998
377 402
377 386
377 318
377 154
498 254
498 290
498 451
498 681
736 373
736 237
736 583
736 365
925 974
925 854
925 176
925 993
156 341
156 183
156 172
156 855
350 195
350 151
350 428
350 336
309 785
309 842
309 618
309 192
629 930
629 765
629 971
629 589
797 827
797 533
797 574
797 611
941 930
941 945
941 234
941 272
395 606
395 597
395 767
395 562
632 694
632 138
632 476
632 268
376 188
376 880
376 161
376 266
619 753
619 920
619 139
619 426
635 781
635 327
635 83
635 746
879 605
879 85
879 757
879 993
354 454
354 238
354 581
354 206
780 837
780 823
780 710
780 133
459 579
459 666
459 601
459 293
653 475
653 506
653 796
653 448
35 982
35 706
35 471
35 810
734 472
734 19
734 901
734 218
364 303
364 16
364 580
364 133
909 372
909 696
909 79
909 686
943 592
943 989
943 164
943 600
465 679
465 755
465 23
465 620
961 112
961 663
961 293
961 471
256 97
256 457
256 43
256 375
967 978
967 471
967 362
967 752
22 474
22 398
22 209
22 106
800 568
800 349
800 329
800 897
324 63
324 101
324 411
324 990
464 474
464 460
464 106
464 44
36 460
36 305
36 608
36 204
555 622
555 79
555 824
555 44
17 790
17 137
17 249
17 423
313 122
313 514
313 816
313 636
836 764
836 816
836 832
836 103
904 636
904 258
904 259
904 920
253 873
253 169
253 362
253 23
669 134
669 161
669 65
669 701
877 349
877 959
877 820
877 944
838 593
838 940
838 373
838 671
950 513
950 954
950 434
950 512
130 116
130 692
130 658
130 560
455 989
455 592
455 164
455 525
201 722
201 534
201 34
201 359
515 820
515 959
515 363
515 225
394 122
394 752
394 301
394 944
564 439
564 437
564 886
564 284
444 521
444 137
444 188
444 675
650 730
650 526
650 48
650 731
235 458
235 921
235 910
235 570
656 369
656 216
656 344
656 442
231 963
231 463
231 984
231 631
277 839
277 484
277 430
277 940
148 254
148 317
148 789
148 500
508 477
508 644
508 654
508 796
307 517
307 234
307 279
307 702
532 584
532 479
532 319
532 915
748 180
748 529
748 588
748 561
769 178
769 266
769 477
769 287
117 982
117 759
117 633
117 552
786 533
786 483
786 846
786 16
327 781
327 83
327 746
330 436
330 611
330 271
330 674
232 721
232 673
232 107
232 594
358 103
358 387
358 429
358 818
240 887
240 550
240 556
240 527
856 588
856 549
856 978
856 445
228 300
228 275
228 640
228 690
473 359
473 381
473 947
473 696
627 56
627 413
627 740
627 333
744 138
744 649
744 806
744 920
667 623
667 683
667 399
667 893
64 328
64 385
64 872
64 741
401 507
401 457
401 206
401 43
371 194
371 435
371 777
371 237
638 60
638 574
638 315
638 245
791 261
791 565
791 524
859 716
859 697
859 115
859 345
986 421
986 146
986 537
511 985
511 383
511 503
511 540
73 979
73 524
73 477
73 299
980 83
980 252
980 726
980 251
326 311
326 681
326 254
326 290
788 442
788 408
788 266
788 618
223 388
223 952
223 278
223 700
90 200
90 750
90 234
90 60
660 730
660 935
660 443
660 393
634 616
634 902
634 976
634 288
864 954
864 162
864 594
864 816
957 367
957 332
957 168
957 49
725 221
725 510
725 392
725 487
762 429
762 842
762 97
762 303
220 424
220 141
220 448
220 351
626 906
626 499
626 983
626 331
181 310
181 959
181 891
181 514
289 112
289 102
289 279
289 974
74 312
74 523
74 646
74 125
837 710
837 823
817 585
817 33
817 882
817 672
881 216
881 233
881 880
881 139
809 544
809 993
809 27
809 850
269 233
269 658
269 244
269 680
338 928
338 188
338 367
338 170
202 500
202 575
202 126
202 425
348 938
348 506
348 282
348 620
892 252
892 280
892 185
892 574
911 830
911 520
911 820
911 801
452 587
452 301
452 869
452 322
66 500
66 279
66 705
66 997
689 20
689 283
689 988
689 802
868 767
868 225
868 536
868 559
968 133
968 601
968 481
968 128
93 700
93 293
93 777
93 198
297 922
297 938
297 927
297 159
42 1
42 266
42 314
42 300
597 767
597 562
597 606
404 863
404 835
404 775
404 142
949 954
949 257
949 944
949 506
292 344
292 688
292 431
292 972
628 849
628 489
628 55
628 208
70 907
70 380
70 828
70 147
155 440
155 681
155 604
155 248
659 549
659 479
659 814
659 810
294 193
294 221
294 392
294 510
135 441
135 492
135 485
135 751
415 991
415 717
415 591
415 580
478 896
478 574
478 752
478 359
131 312
131 125
131 636
131 264
530 387
530 700
530 489
530 552
4 32
4 472
4 438
4 412
197 541
197 419
197 281
197 461
934 760
934 24
934 841
934 65
98 898
98 118
98 758
98 315
124 280
124 413
124 123
124 62
121 144
121 770
121 300
121 314
602 244
602 831
602 600
602 535
129 782
129 860
129 858
129 497
890 787
890 180
890 55
890 536
50 389
50 27
50 189
50 645
578 818
578 804
578 987
578 528
610 5
610 69
610 525
610 516
577 678
577 738
577 25
577 519
732 599
732 902
732 304
732 979
691 942
691 264
691 418
691 680
754 479
754 644
754 814
754 654
728 306
728 976
728 285
728 789
812 31
812 538
812 796
812 356
539 189
539 523
539 263
539 303
742 585
742 16
742 336
742 882
316 87
316 501
316 873
316 561
962 248
962 109
962 141
962 952
720 487
720 271
720 642
720 972
57 942
57 390
57 649
57 806
360 141
360 605
360 389
360 85
739 979
739 236
739 893
739 134
894 854
894 483
894 34
894 372
975 440
975 509
975 703
975 368
48 730
48 731
48 526
918 456
918 11
918 766
918 759
572 335
572 361
572 991
572 591
924 997
924 674
924 116
924 436
191 749
191 194
191 133
191 548
409 144
409 32
409 301
409 208
612 361
612 615
612 406
612 955
960 697
960 345
960 30
960 502
531 182
531 422
531 389
531 62
783 808
783 243
783 779
783 89
958 102
958 805
958 246
958 263
900 200
900 189
900 204
900 299
24 841
24 760
24 65
152 331
152 906
152 361
152 499
421 146
421 537
871 204
871 428
871 750
871 645
711 198
711 777
711 208
711 270
207 145
207 486
207 58
207 571
682 166
682 260
682 31
682 391
407 97
407 726
407 251
407 692
174 501
174 652
174 994
174 784
505 406
505 352
505 615
505 955
227 333
227 863
227 236
227 56
331 906
331 499
18 188
18 716
18 399
18 383
337 408
337 983
337 13
773 134
773 749
773 977
773 548
108 513
108 244
108 512
108 153
676 412
676 132
676 442
676 438
670 140
670 770
670 639
670 442
937 374
937 424
937 239
937 487
302 978
302 557
302 753
302 516
919 617
919 217
919 273
919 668
190 562
190 867
190 47
190 580
449 298
449 714
449 176
449 851
157 185
157 391
157 340
157 573
308 134
308 974
308 214
308 709
776 885
776 357
776 931
776 726
811 721
811 631
811 177
811 187
543 747
543 593
543 100
543 939
609 735
609 397
609 450
609 535
339 827
339 271
339 419
339 272
693 538
693 103
693 179
693 382
865 685
865 38
865 32
865 46
378 426
378 777
378 579
378 483
621 758
621 118
621 854
621 104
195 151
195 336
195 428
685 46
685 38
685 280
397 535
397 735
397 450
491 766
491 259
491 11
491 849
490 874
490 451
490 344
490 106
718 347
718 209
718 52
165 672
165 312
165 252
165 125
778 492
778 178
778 485
778 808
113 844
113 671
113 701
113 997
802 283
802 20
802 988
105 651
105 998
105 471
105 595
861 193
861 921
861 177
861 910
895 901
895 829
895 19
895 218
167 866
167 272
167 569
167 114
335 591
335 991
335 251
9 686
9 696
9 417
9 920
652 784
652 994
346 757
346 55
346 579
346 180
566 849
566 952
566 645
566 759
495 586
495 646
495 461
495 824
774 380
774 147
774 675
774 907
825 866
825 209
825 359
825 179
128 601
128 369
128 481
343 647
343 763
343 418
343 738
291 556
291 237
291 353
291 942
242 663
242 387
242 320
242 481
72 186
72 198
72 893
72 34
518 41
518 110
518 91
518 936
88 132
88 620
88 52
88 347
163 278
163 436
163 388
163 570
772 858
772 114
772 497
772 196
795 760
795 644
795 832
795 819
54 299
54 613
54 860
54 91
547 405
547 677
547 420
547 429
713 10
713 381
713 973
713 945
210 3
210 819
210 374
210 848
59 319
59 600
59 420
59 605
221 392
221 510
29 714
29 252
29 298
29 851
607 665
607 258
607 422
607 787
661 287
661 954
661 214
661 709
12 7
12 77
12 764
12 832
554 500
554 701
554 944
554 1
558 899
558 140
558 829
807 342
807 740
807 999
807 418
192 842
192 785
192 618
341 855
341 183
241 229
241 79
241 647
241 651
821 553
821 205
821 502
821 759
637 126
637 893
637 27
637 425
727 432
727 731
727 501
727 305
82 92
82 200
82 420
82 362
96 123
96 6
96 109
96 28
466 831
466 469
466 704
845 965
845 369
845 664
845 427
84 700
84 687
84 876
929 367
929 536
929 828
929 145
107 721
107 594
107 898
912 159
912 30
912 843
912 684
494 677
494 295
494 158
494 405
160 757
160 372
160 930
160 332
509 368
509 488
509 703
171 172
171 521
171 666
171 956
933 898
933 563
933 692
933 672
265 234
265 264
265 47
265 947
380 907
380 147
698 1
698 981
698 914
698 992
446 176
446 120
446 15
446 431
643 848
643 846
643 533
643 356
560 116
560 692
560 658
665 258
665 422
665 787
463 984
463 963
136 752
136 352
136 411
136 534
843 46
843 684
843 30
222 940
222 633
222 683
222 614
340 573
340 391
340 185
737 683
737 633
737 112
737 614
95 765
95 971
95 25
95 589
285 789
285 306
285 976
545 556
545 353
545 820
545 964
10 381
10 945
10 973
21 314
21 363
21 708
21 144
63 47
63 101
63 990
370 249
370 305
370 790
370 423
625 576
625 203
625 193
625 447
862 414
862 111
862 761
862 320
723 563
723 186
723 903
723 722
296 701
296 679
296 101
296 272
447 203
447 576
447 132
470 616
470 389
470 636
470 648
884 288
884 323
884 870
884 751
456 766
456 11
456 867
325 150
325 176
325 642
325 567
396 664
396 427
396 264
396 215
799 216
799 717
799 803
433 686
433 361
433 320
433 305
946 435
946 874
946 852
946 61
262 34
262 437
262 848
262 863
390 649
390 942
390 806
798 651
798 355
798 187
603 593
603 138
603 206
603 71
948 178
948 947
948 828
948 162
2 477
2 684
2 139
2 293
833 225
833 847
833 996
78 620
78 544
78 998
80 517
80 702
80 645
127 435
127 102
127 782
0 434
0 673
0 224
0 215
655 719
655 7
655 955
655 77
120 988
120 431
120 15
342 827
342 740
342 999
260 860
260 387
260 31
688 582
688 132
688 972
151 428
151 336
815 430
815 982
815 484
815 839
840 334
840 257
840 785
529 356
529 588
529 561
775 142
775 835
775 671
219 747
219 100
219 940
219 939
878 781
878 166
878 229
569 122
569 114
569 398
582 972
582 399
582 671
393 443
393 504
393 935
622 44
622 79
218 901
218 19
284 437
284 439
284 886
715 68
715 31
715 71
11 766
741 872
741 328
741 110
551 166
551 489
551 487
551 847
6 28
6 109
6 123
999 418
999 740
94 826
94 86
94 844
153 244
153 512
153 513
640 300
640 275
640 690
49 27
49 168
49 332
668 617
668 217
668 580
992 1
992 981
992 914
484 430
484 839
458 921
458 523
458 910
903 722
903 563
903 186
169 873
169 23
169 362
705 997
705 974
705 114
295 677
295 405
295 647
805 246
805 263
805 102
916 403
916 417
916 708
916 834
623 680
623 233
623 399
939 100
939 747
714 298
714 851
790 423
790 249
936 91
936 41
936 803
310 891
310 514
310 849
973 945
973 381
889 311
889 384
889 432
915 584
915 413
915 319
648 867
648 785
648 616
804 528
804 987
956 172
956 666
956 162
913 400
913 267
913 755
586 420
586 646
586 824
86 826
86 844
270 146
270 208
270 198
678 25
678 738
678 519
996 847
996 679
150 567
150 642
150 445
468 706
468 557
468 735
3 819
3 374
3 848
40 852
40 750
40 61
261 524
261 565
887 729
887 550
887 527
746 83
746 781
351 141
351 424
351 448
888 810
888 89
888 673
888 161
927 159
927 938
927 922
196 858
196 497
196 721
965 369
965 427
965 664
899 829
899 140
907 147
664 427
839 430
400 267
400 565
485 441
485 492
224 434
224 673
224 215
510 392
583 365
583 237
583 373
857 595
857 938
857 239
575 161
575 425
575 126
853 866
853 475
853 883
573 391
573 185
474 106
474 398
541 461
541 281
541 419
519 738
519 559
175 928
175 488
175 534
977 749
977 424
977 548
154 402
154 616
154 318
716 697
716 345
608 460
608 204
608 451
886 439
886 437
168 332
168 367
205 502
205 553
414 111
414 761
883 475
883 952
33 818
33 882
33 585
282 506
282 964
104 758
104 854
104 118
571 58
571 486
571 145
402 318
402 386
902 304
902 599
38 32
38 46
891 704
891 514
388 278
388 570
595 239
246 200
246 263
142 835
142 863
719 763
719 77
719 7
363 959
363 320
687 194
687 876
756 273
756 366
756 896
703 368
703 440
479 814
290 681
290 254
329 349
329 568
329 897
28 123
28 109
674 436
674 271
699 581
699 846
699 238
699 454
213 87
213 317
213 143
306 789
306 976
855 183
143 317
143 87
56 333
56 236
549 814
592 164
592 989
328 872
328 110
830 520
830 801
709 214
709 287
784 994
406 955
406 615
5 525
5 516
5 69
268 476
268 138
268 694
403 708
403 417
403 834
334 257
334 504
385 613
385 850
874 451
874 344
901 19
990 47
990 101
639 144
639 770
841 65
841 760
323 288
323 751
323 870
375 43
375 97
375 457
480 729
480 482
480 92
384 311
384 432
217 617
322 587
322 869
761 111
69 516
69 525
315 245
315 60
492 441
548 749
481 601
521 675
521 137
454 238
454 581
507 206
507 611
345 697
544 998
581 238
248 552
870 751
870 288
567 642
567 445
834 708
834 417
461 281
249 423
846 533
923 230
923 771
236 333
585 882
85 62
85 605
910 921
852 61
212 182
212 493
212 604
233 680
412 472
412 438
382 179
382 103
382 538
935 504
935 443
366 273
366 896
556 353
13 983
13 408
963 984
115 559
115 259
897 568
897 349
618 842
164 989
457 43
614 683
614 633
287 214
696 686
118 758
426 753
431 15
472 438
275 690
512 513
180 55
347 52
644 654
922 159
503 985
503 383
503 540
803 717
646 824
722 186
58 145
58 486
538 179
672 563
764 816
764 832
303 189
41 91
570 278
557 706
355 187
914 981
23 873
422 787
77 7
20 283
20 988
806 649
520 801
576 203
971 765
971 589
702 517
405 677
434 215
71 68
606 767
606 562
779 89
779 808
779 243
425 126
694 476
304 599
584 319
172 666
243 808
243 89
550 527
482 92
482 729
991 591
658 116
561 588
139 880
704 469
526 730
526 731
493 604
493 182
137 675
858 497
440 368
928 488
373 365
125 312
450 735
450 535
869 587
765 589
30 684
613 850
540 383
540 985
357 931
357 885
245 60
230 771
987 528
747 100
851 298
499 906
885 931
755 267
823 710
