772 794
772 545
772 824
772 777
772 658
772 542
894 872
894 298
894 350
894 155
894 455
894 879
732 850
732 49
732 461
732 644
732 781
732 359
821 49
821 192
821 977
821 612
821 498
821 963
484 20
484 133
484 163
484 829
484 908
484 502
985 863
985 518
985 853
985 33
985 45
985 318
296 908
296 521
296 976
296 893
296 895
296 936
785 789
785 534
785 597
785 138
785 206
785 441
128 532
128 500
128 941
128 272
128 932
128 32
563 613
563 590
563 334
563 451
563 913
563 7
428 925
428 694
428 283
428 969
428 786
428 191
675 435
675 578
675 835
675 702
675 421
675 42
93 329
93 848
93 175
93 978
93 581
93 733
605 456
605 934
605 861
605 737
605 642
605 318
250 106
250 222
250 326
250 77
250 277
250 25
934 361
934 737
934 456
934 861
934 514
16 509
16 564
16 711
16 382
16 137
16 547
767 457
767 908
767 606
767 474
767 292
767 362
351 289
351 919
351 988
351 89
351 780
351 608
757 275
757 337
757 680
757 108
757 157
757 111
69 922
69 271
69 875
69 425
69 115
69 353
742 609
742 713
742 646
742 987
742 344
742 611
538 372
538 512
538 82
538 207
538 105
538 774
583 925
583 486
583 383
583 314
583 883
583 508
320 280
320 313
320 912
320 552
320 398
320 562
998 903
998 874
998 509
998 40
998 158
998 597
337 157
337 840
337 275
337 108
337 111
413 858
413 907
413 909
413 980
413 739
413 724
63 71
63 238
63 677
63 709
63 183
63 418
964 2
964 734
964 153
964 723
964 466
964 216
446 77
446 243
446 693
446 633
446 534
446 804
585 541
585 303
585 44
585 185
585 669
585 401
397 357
397 862
397 931
397 459
397 375
397 167
580 394
580 619
580 393
580 512
580 100
580 589
703 280
703 206
703 802
703 132
703 831
703 17
915 292
915 145
915 100
915 3
915 834
915 559
98 409
98 736
98 107
98 952
98 177
98 450
167 459
167 862
167 357
167 375
167 931
582 175
582 848
582 886
582 581
582 646
582 864
854 526
854 539
854 672
854 537
854 309
854 391
674 213
674 887
674 701
674 495
674 286
674 109
708 591
708 257
708 676
708 978
708 641
708 288
366 977
366 878
366 13
366 601
366 909
366 134
741 283
741 856
741 394
741 261
741 581
741 339
154 814
154 679
154 101
154 569
154 672
154 286
184 528
184 33
184 44
184 535
184 875
184 342
223 982
223 809
223 969
223 558
223 241
223 218
692 717
692 0
692 616
692 380
692 473
692 535
299 756
299 475
299 911
299 670
299 853
299 286
422 806
422 438
422 30
422 706
422 347
422 976
852 86
852 88
852 297
852 918
852 497
852 455
980 724
980 858
980 739
980 406
980 909
792 152
792 711
792 525
792 303
792 536
792 493
849 501
849 281
849 99
849 546
849 453
849 234
520 44
520 891
520 646
520 214
520 759
520 838
597 825
597 255
597 138
597 158
610 970
610 41
610 191
610 203
610 916
610 211
449 272
449 677
449 559
449 62
449 470
449 114
81 273
81 916
81 756
81 606
81 870
81 340
873 673
873 752
873 455
873 220
873 133
873 90
170 885
170 910
170 889
170 999
170 860
170 488
393 419
393 75
393 100
393 211
393 890
463 832
463 389
463 110
463 135
463 813
463 890
795 13
795 465
795 124
795 236
795 573
795 901
974 866
974 215
974 485
974 324
974 846
974 587
136 126
136 524
136 720
136 572
136 264
136 653
171 576
171 308
171 722
171 903
171 615
171 427
205 586
205 35
205 311
205 548
205 711
205 64
387 232
387 499
387 481
387 19
387 195
387 621
826 252
826 23
826 315
826 814
826 943
826 899
963 498
963 192
963 75
963 49
963 612
239 892
239 688
239 294
239 487
239 656
239 651
263 921
263 374
263 172
263 936
263 96
263 168
80 116
80 896
80 655
80 667
80 725
80 548
993 881
993 306
993 291
993 565
993 735
993 492
187 117
187 783
187 778
187 46
187 837
187 190
747 264
747 972
747 721
747 829
747 701
747 927
130 511
130 679
130 251
130 137
130 266
130 494
213 109
213 495
213 887
213 410
213 20
84 341
84 662
84 557
84 700
84 475
84 513
920 26
920 9
920 809
920 156
920 841
920 54
588 666
588 85
588 618
588 869
588 450
588 751
682 586
682 745
682 316
682 256
682 726
682 165
480 718
480 617
480 77
480 110
480 235
480 501
591 853
591 17
591 949
591 326
591 214
305 208
305 230
305 448
305 304
305 643
305 527
739 766
739 858
739 724
739 907
269 168
269 784
269 434
269 27
269 476
269 270
636 7
636 590
636 941
636 615
636 451
636 149
36 281
36 565
36 479
36 748
36 716
36 355
434 476
434 784
434 544
434 678
434 630
300 820
300 133
300 830
300 67
300 147
300 917
889 707
889 488
889 999
889 546
889 860
528 948
528 342
528 44
528 33
528 535
896 928
896 28
896 725
896 548
896 441
549 546
549 543
549 554
549 152
549 738
549 235
690 832
690 521
690 25
690 467
690 803
690 959
34 866
34 845
34 228
34 352
34 354
34 179
510 504
510 286
510 922
510 735
510 349
510 180
48 992
48 445
48 385
48 429
48 291
48 214
179 494
179 850
179 478
179 352
179 72
468 163
468 746
468 68
468 766
468 935
468 984
473 867
473 340
473 689
473 972
473 846
125 232
125 41
125 53
125 113
125 56
125 823
628 32
628 439
628 165
628 839
628 358
628 395
412 687
412 950
412 419
412 665
412 114
412 695
721 706
721 10
721 202
721 953
721 829
121 40
121 138
121 148
121 314
121 292
121 748
923 898
923 784
923 256
923 705
923 505
923 75
47 173
47 307
47 328
47 827
47 596
47 52
444 787
444 210
444 645
444 265
444 688
444 276
673 499
673 501
673 158
673 90
673 18
164 555
164 683
164 797
164 252
164 231
164 603
210 265
210 440
210 645
210 787
210 688
160 992
160 966
160 334
160 450
160 356
160 773
356 773
356 966
356 898
356 678
356 450
65 640
65 309
65 847
65 372
65 71
65 105
762 75
762 933
762 702
762 368
762 6
762 995
2 216
2 176
2 734
2 466
2 90
822 717
822 829
822 30
822 86
822 645
822 197
350 689
350 17
350 39
350 380
350 458
373 718
373 391
373 396
373 830
373 526
373 519
135 684
135 618
135 646
135 107
135 813
448 208
448 584
448 304
448 230
448 643
321 571
321 572
321 371
321 997
321 606
321 398
953 550
953 53
953 182
953 142
953 464
143 406
143 928
143 594
143 421
143 97
143 634
272 677
272 550
272 279
272 114
635 882
635 737
635 802
635 850
635 394
635 840
771 645
771 312
771 408
771 924
771 844
771 212
378 647
378 11
378 361
378 406
378 592
378 719
929 406
929 880
929 338
929 390
929 519
929 270
6 101
6 190
6 824
6 940
6 368
303 493
303 536
303 525
303 802
215 776
215 587
215 876
215 866
215 485
157 108
157 111
157 275
157 840
472 617
472 726
472 79
472 482
472 874
472 750
744 183
744 876
744 280
744 345
744 99
744 626
906 539
906 430
906 140
906 761
906 810
906 192
10 59
10 503
10 26
10 653
10 236
273 954
273 462
273 430
273 907
273 328
204 362
204 346
204 577
204 474
204 813
204 641
404 243
404 347
404 548
404 207
404 152
404 901
403 575
403 376
403 577
403 229
403 657
403 242
613 451
613 913
613 590
613 7
613 701
21 975
21 138
21 775
21 0
21 668
21 986
319 601
319 884
319 786
319 664
319 900
319 940
279 518
279 898
279 928
279 646
279 28
843 977
843 794
843 90
843 307
843 679
843 547
315 23
315 899
315 252
315 276
315 943
500 537
500 774
500 832
500 245
500 328
782 745
782 754
782 642
782 855
782 519
782 884
789 948
789 386
789 712
789 201
789 308
307 287
307 565
307 609
307 507
496 661
496 648
496 87
496 518
496 972
496 819
352 8
352 769
352 107
352 409
647 626
647 11
647 592
647 579
647 694
338 835
338 686
338 40
338 408
338 805
749 685
749 193
749 483
749 553
749 506
749 507
252 943
252 899
252 23
740 952
740 386
740 290
740 945
740 727
740 316
92 302
92 498
92 431
92 612
92 835
92 384
199 639
199 486
199 380
199 846
199 629
199 620
402 200
402 178
402 146
402 754
402 401
402 226
913 451
913 562
913 365
913 590
399 274
399 627
399 758
399 956
399 218
399 567
499 501
499 901
499 431
499 38
348 202
348 324
348 384
348 598
348 159
348 74
533 95
533 83
533 426
533 676
533 389
533 904
144 78
144 220
144 360
144 390
144 416
144 284
883 486
883 512
883 561
883 970
883 382
641 411
641 159
641 579
641 797
254 285
254 174
254 654
254 902
254 973
254 123
526 391
526 309
526 718
526 539
87 572
87 819
87 648
87 661
87 681
349 800
349 339
349 637
349 148
349 805
660 364
660 332
660 363
660 249
660 237
660 946
219 364
219 672
219 62
219 768
219 432
219 490
568 877
568 851
568 183
568 957
568 865
568 958
738 235
738 861
738 465
738 27
738 584
984 163
984 746
984 766
984 68
984 935
696 102
696 551
696 5
696 4
696 347
696 497
31 418
31 620
31 569
31 705
31 719
31 672
188 797
188 801
188 650
188 994
188 282
188 270
483 863
483 506
483 685
483 193
483 553
614 476
614 630
614 369
614 669
614 345
614 112
790 850
790 686
790 293
790 846
790 59
790 898
773 678
773 450
773 709
773 966
947 64
947 971
947 589
947 262
947 113
947 396
56 523
56 53
56 232
56 938
56 482
355 731
355 699
355 201
355 755
355 990
959 257
959 961
959 579
959 367
959 117
529 430
529 60
529 763
529 709
529 162
529 71
995 891
995 368
995 698
995 509
995 948
596 173
596 653
596 827
596 328
596 52
756 768
756 240
756 869
756 884
195 481
195 745
195 19
195 804
195 621
561 382
561 482
561 331
561 683
561 145
259 951
259 43
259 965
259 912
259 888
259 558
991 616
991 800
991 969
991 276
991 805
991 637
146 200
146 226
146 886
146 754
146 178
556 278
556 430
556 736
556 57
556 62
556 897
151 770
151 897
151 532
151 57
151 207
151 503
634 989
634 97
634 856
634 594
634 540
485 587
485 114
485 866
485 776
925 13
925 969
925 872
925 283
325 602
325 786
325 233
325 867
325 522
325 454
707 559
707 503
707 383
707 99
707 711
859 478
859 505
859 278
859 748
859 309
859 447
986 775
986 668
986 45
986 975
986 440
244 870
244 806
244 346
244 30
244 693
244 952
453 517
453 710
453 813
453 905
453 552
180 874
180 941
180 86
180 359
180 524
51 293
51 865
51 698
51 442
51 214
51 277
58 765
58 155
58 704
58 701
58 761
58 183
66 932
66 423
66 599
66 106
66 150
66 760
712 622
712 914
712 798
712 461
712 268
817 917
817 438
817 823
817 417
817 652
817 967
540 856
540 971
540 97
540 594
540 989
860 999
860 885
860 623
860 488
470 323
470 828
470 29
470 333
470 267
116 691
116 961
116 649
116 655
116 970
798 622
798 461
798 268
798 50
798 914
490 926
490 340
490 769
490 646
490 432
297 650
297 88
297 537
297 802
297 711
730 353
730 574
730 62
730 317
730 262
730 939
83 389
83 95
83 676
83 426
83 904
392 663
392 64
392 443
392 491
392 514
392 88
571 105
571 534
571 888
571 557
571 560
704 957
704 118
704 761
704 877
704 765
764 162
764 881
764 277
764 615
764 876
764 523
870 918
870 464
870 936
870 899
103 937
103 196
103 833
103 258
103 267
103 50
370 815
370 632
370 465
370 191
370 1
370 142
751 806
751 589
751 186
751 459
751 148
900 884
900 664
900 124
900 940
900 601
73 619
73 631
73 15
73 471
73 322
73 717
513 700
513 557
513 341
513 662
513 475
879 872
879 441
879 155
879 455
879 298
322 619
322 15
322 220
322 631
322 471
494 735
494 209
494 207
494 347
666 227
666 122
666 996
666 161
666 105
176 310
176 201
176 343
176 531
176 949
705 958
705 203
705 150
705 396
898 997
898 719
955 515
955 958
955 799
955 22
955 420
955 231
439 358
439 32
439 839
439 165
439 395
935 68
935 746
935 766
935 163
94 177
94 550
94 407
94 287
94 595
94 11
522 318
522 454
522 681
522 867
522 602
7 451
7 584
7 590
603 185
603 367
603 335
603 261
603 411
30 579
30 559
30 829
247 763
247 931
247 697
247 191
247 996
247 331
621 658
621 442
621 745
621 481
258 196
258 562
258 50
258 833
258 482
427 576
427 308
427 722
427 944
427 903
551 4
551 5
551 102
551 639
551 807
140 457
140 810
140 292
140 875
140 670
229 577
229 657
229 376
229 575
229 625
644 574
644 960
644 857
644 433
644 604
665 950
665 687
665 695
665 803
665 419
227 996
227 122
227 161
227 734
227 950
871 949
871 509
871 206
871 951
871 553
871 86
442 293
442 139
442 865
442 698
796 330
796 134
796 942
796 82
796 946
796 878
791 342
791 593
791 237
791 709
791 249
791 332
389 676
389 904
389 426
776 866
776 937
776 587
776 592
39 624
39 808
39 27
39 988
39 589
353 875
353 425
353 271
353 115
867 454
867 233
867 602
285 364
285 973
285 174
285 123
285 902
208 230
208 304
208 768
208 643
224 978
224 248
224 327
224 948
224 816
224 152
344 609
344 611
344 987
344 714
344 101
743 401
743 541
743 291
743 689
743 104
743 941
37 255
37 570
37 35
37 586
37 750
37 242
109 786
109 495
109 410
109 887
600 262
600 317
600 554
600 684
600 816
600 527
803 424
803 467
803 978
803 816
268 622
268 914
268 461
268 519
944 576
944 308
944 365
944 903
944 722
142 815
142 629
142 632
142 939
805 432
805 637
805 800
844 212
844 277
844 924
844 312
844 408
997 938
997 238
997 232
997 398
70 809
70 506
70 14
70 855
70 928
70 857
816 527
816 262
816 317
316 290
316 945
316 57
316 952
432 474
432 372
432 768
926 607
926 779
926 930
926 198
926 477
317 152
317 262
317 527
922 735
922 287
922 504
922 684
24 261
24 981
24 377
24 301
24 941
24 236
669 927
669 545
669 469
669 309
60 834
60 186
60 437
60 115
60 709
97 856
97 989
97 594
15 619
15 631
15 192
15 471
212 595
212 408
212 312
212 924
555 64
555 834
555 334
555 620
555 25
979 542
979 716
979 363
979 104
979 183
979 769
436 684
436 780
436 608
436 89
436 967
436 919
295 616
295 326
295 504
295 818
295 329
295 910
345 811
345 369
345 112
345 539
431 112
431 835
431 302
431 954
514 124
514 443
514 491
514 663
569 620
569 793
569 465
569 695
384 731
384 677
384 147
384 237
868 190
868 714
868 460
868 530
868 638
868 623
104 643
104 57
104 932
104 694
405 329
405 930
405 627
405 198
405 477
405 607
523 346
523 232
523 938
523 209
617 625
617 294
617 957
617 281
95 426
95 460
95 904
95 781
760 599
760 150
760 106
760 719
760 423
975 0
975 668
975 775
975 616
293 865
293 139
293 698
420 452
420 958
420 799
420 515
420 22
541 211
541 748
541 401
541 664
671 718
671 957
671 564
671 650
671 233
671 970
18 640
18 283
18 379
18 55
18 501
72 120
72 655
72 145
72 595
72 846
282 801
282 326
282 650
282 270
282 994
447 253
447 962
447 478
447 181
447 278
220 360
220 416
220 390
260 169
260 570
260 783
260 800
260 505
260 314
508 837
508 882
508 12
508 811
508 880
489 76
489 8
489 158
489 327
489 248
489 343
517 711
517 158
517 905
517 593
517 710
246 119
246 107
246 618
246 831
246 218
246 169
381 291
381 729
381 3
381 435
381 539
381 131
445 429
445 566
445 992
445 385
445 565
819 661
819 443
819 648
819 681
581 864
581 175
581 848
29 264
29 267
29 333
29 323
29 828
761 818
761 118
761 469
122 836
122 996
122 543
122 161
952 290
952 727
734 466
734 153
734 216
131 368
131 988
131 129
131 334
131 733
808 382
808 12
808 971
808 811
808 27
379 544
379 469
379 701
379 845
379 933
197 335
197 411
197 848
197 968
197 185
982 221
982 532
982 502
982 85
982 222
398 149
398 313
398 632
862 357
862 842
862 931
862 375
812 207
812 460
812 245
812 719
812 876
812 415
877 725
877 851
877 686
877 957
770 824
770 3
770 149
770 465
770 650
880 811
880 12
880 882
880 519
433 604
433 574
433 960
433 440
433 857
966 450
966 678
966 557
968 440
968 464
968 779
968 943
968 14
981 251
981 261
981 301
981 377
981 236
236 377
236 301
946 82
946 942
946 878
946 134
633 102
633 391
633 243
633 693
633 804
911 222
911 547
911 38
911 277
911 339
43 951
43 965
43 558
43 888
43 38
780 89
780 919
780 608
780 289
28 257
28 928
28 78
28 902
396 970
396 958
396 346
477 779
477 198
477 607
477 930
928 882
271 115
271 425
271 875
271 330
680 573
680 728
680 371
680 456
680 659
41 203
41 441
41 311
41 211
892 487
892 759
892 656
892 294
892 651
181 714
181 814
181 962
181 132
181 507
786 587
786 736
96 372
96 168
96 374
96 172
96 921
419 950
419 687
419 695
127 626
127 736
127 228
127 649
127 717
127 642
257 234
257 832
257 410
872 298
872 155
872 329
438 652
438 417
438 823
438 967
793 797
793 653
793 385
793 166
793 240
230 584
230 527
230 304
479 599
479 61
479 241
479 886
479 954
565 281
565 715
91 554
91 684
91 100
91 281
91 813
91 830
340 266
340 79
340 437
623 460
623 418
623 530
623 638
838 710
838 554
838 137
838 61
838 493
108 275
108 111
108 840
509 874
509 286
978 139
978 193
544 546
544 933
544 845
544 469
200 226
200 855
200 754
200 178
512 486
512 334
512 501
573 400
573 659
573 728
573 225
608 89
608 919
608 289
369 504
369 562
369 112
369 459
958 638
45 464
45 815
45 863
45 518
983 99
983 113
983 700
983 723
983 123
983 174
515 462
515 231
515 799
515 22
752 141
752 217
752 27
752 667
752 458
553 193
553 86
553 685
126 395
126 572
126 524
126 264
126 720
153 649
153 466
153 723
153 216
763 547
763 40
763 162
763 71
424 288
424 564
424 365
424 574
424 52
342 535
342 44
342 33
717 631
717 471
656 487
656 294
656 147
656 651
488 885
488 999
488 218
166 715
166 336
166 788
166 414
166 825
720 861
720 264
720 572
720 524
729 831
729 149
729 14
729 190
729 714
624 869
624 901
624 27
624 478
624 961
960 537
960 361
960 391
960 857
61 492
61 693
61 735
61 49
554 910
554 710
62 574
62 939
519 881
697 755
697 699
697 990
697 415
697 137
801 19
801 217
801 270
801 994
241 797
241 961
241 893
241 380
521 893
521 908
521 976
521 895
648 620
648 661
648 681
759 604
759 769
759 71
759 245
407 329
407 948
407 497
407 592
407 989
156 9
156 584
156 26
156 54
156 841
612 192
612 49
612 498
842 990
842 701
842 755
842 415
842 699
112 847
112 618
376 575
376 657
376 625
376 149
723 809
723 216
723 466
977 375
977 253
977 291
55 638
55 640
55 0
55 525
55 733
590 451
560 706
560 306
560 152
560 806
560 534
917 417
917 221
917 318
917 133
310 670
310 949
310 531
310 234
310 918
885 206
885 383
885 999
284 78
284 368
284 416
284 390
284 360
833 182
833 196
833 937
833 50
727 290
727 386
727 945
727 818
765 726
765 567
765 691
765 110
314 79
314 361
314 550
855 330
855 228
855 194
245 769
245 64
245 820
117 46
117 783
117 778
117 837
347 807
347 209
234 516
234 768
234 238
175 848
175 864
175 406
820 13
820 836
820 67
820 830
992 361
992 385
992 429
67 302
67 965
67 505
67 830
905 593
905 664
905 374
905 147
417 823
417 967
417 318
724 907
724 858
724 243
362 364
362 474
362 511
362 467
788 825
788 414
788 715
788 336
788 537
395 165
395 839
395 358
652 686
652 967
652 586
652 823
161 996
161 836
161 329
654 196
654 534
654 679
654 689
654 725
390 360
390 416
11 592
11 914
11 287
566 725
566 766
566 497
566 385
566 429
32 839
32 358
32 386
68 746
68 766
68 163
691 214
691 265
691 787
691 503
746 809
746 163
755 415
755 699
755 990
437 86
437 543
437 266
437 54
823 967
327 248
327 8
327 343
327 158
951 888
951 965
951 558
414 715
414 825
414 336
414 684
956 274
956 831
956 758
956 753
956 627
421 435
421 702
421 578
421 42
815 287
815 939
815 632
388 814
388 217
388 458
388 301
388 141
388 748
409 64
409 694
409 221
409 177
625 657
625 575
625 40
240 118
240 46
240 59
240 655
659 836
659 728
659 400
659 225
82 942
82 878
82 134
976 895
976 893
976 936
505 579
505 912
850 52
850 59
42 719
42 702
42 435
42 578
531 949
531 201
531 492
531 685
336 346
336 715
336 869
728 225
728 567
728 400
599 932
599 423
599 106
713 987
713 609
713 611
713 999
713 550
312 408
312 927
312 924
391 626
598 159
598 1
598 74
598 324
598 202
897 579
897 927
897 57
897 564
53 887
53 410
53 232
545 794
545 542
545 777
545 658
120 359
120 891
120 452
120 189
120 592
306 706
306 806
306 916
306 881
972 847
972 927
972 689
818 118
818 863
818 518
249 367
249 237
249 518
249 332
865 698
865 139
333 267
333 323
333 828
333 577
354 137
354 457
354 530
354 694
354 363
658 542
658 794
658 777
927 835
54 841
54 26
54 9
891 507
891 971
891 948
667 458
667 141
667 418
667 217
516 874
516 916
516 863
516 535
516 238
836 606
836 996
209 19
209 735
209 207
685 201
685 492
5 4
5 639
5 683
5 807
492 595
492 201
930 607
930 779
930 198
970 916
961 933
961 487
78 649
78 416
78 360
178 118
178 226
178 754
686 957
686 828
458 141
458 217
411 335
411 185
411 367
17 287
17 256
17 949
907 858
907 909
637 800
637 339
637 969
783 46
783 837
783 778
89 289
89 919
460 638
460 530
797 418
627 274
627 758
627 753
811 971
811 12
874 745
49 498
989 594
989 856
400 567
400 225
400 731
602 233
602 454
602 718
552 847
552 736
552 640
552 777
221 532
221 643
221 85
371 456
371 753
371 630
371 606
274 851
274 753
274 758
642 25
642 649
642 737
774 105
774 129
774 670
774 193
26 9
26 841
298 155
298 455
298 1
106 313
106 423
482 748
482 726
124 491
124 507
124 506
474 292
474 547
113 733
113 99
113 562
280 629
280 99
280 406
987 25
987 609
987 611
622 914
622 461
622 733
687 950
687 695
687 251
527 262
76 502
76 8
76 380
76 248
76 802
662 731
662 341
662 700
662 769
416 360
847 251
847 853
558 965
558 888
630 784
630 159
630 476
383 678
383 85
383 988
670 589
670 286
359 189
359 781
359 452
129 912
129 988
129 733
129 334
265 645
265 688
265 787
0 775
0 668
380 965
661 681
661 813
676 426
676 904
251 38
251 20
425 79
425 875
425 115
672 814
672 502
335 881
335 367
335 185
182 147
182 827
182 464
182 525
536 787
536 363
536 525
536 493
14 101
14 326
14 853
543 601
543 235
543 266
71 863
933 469
933 845
216 466
111 840
111 275
332 593
332 364
332 237
57 888
132 918
132 507
132 962
132 679
576 722
576 440
576 308
837 778
837 46
881 937
141 217
141 375
253 339
253 478
253 954
253 288
681 601
374 921
374 168
374 172
562 486
572 524
564 653
564 288
988 368
689 846
706 918
706 806
382 683
382 145
861 737
861 456
722 903
722 308
74 202
74 159
74 324
74 291
629 653
629 939
629 626
942 878
942 194
942 134
3 559
3 266
3 475
547 954
962 313
962 457
962 1
699 990
699 415
924 242
924 408
750 242
750 35
750 570
750 255
302 814
302 835
302 908
804 243
804 693
804 745
839 165
839 358
481 365
481 19
481 726
664 884
664 940
679 890
185 367
824 668
824 886
824 775
248 8
248 343
435 578
435 702
688 645
688 787
237 593
85 678
85 810
902 973
902 123
902 174
825 715
825 365
233 718
233 454
937 50
937 196
134 878
198 779
198 607
9 841
9 59
841 148
4 102
4 807
4 639
497 429
497 119
700 557
700 341
235 77
235 663
169 218
169 119
169 831
169 710
304 643
304 834
810 228
810 194
810 457
339 394
604 611
604 857
604 570
899 23
899 943
650 994
459 357
459 931
524 264
567 225
567 908
615 876
615 162
615 941
649 75
363 331
363 276
193 506
330 574
330 228
330 194
290 945
290 386
225 506
618 191
618 107
799 231
799 22
799 462
777 542
777 794
138 441
138 206
294 651
294 487
148 186
148 19
375 511
231 22
231 462
256 464
256 869
256 90
243 693
548 725
548 864
866 587
119 357
119 401
119 218
358 165
971 12
255 242
255 570
255 35
77 79
77 478
88 663
88 491
88 443
186 832
186 150
186 834
864 848
864 309
831 954
203 311
203 110
203 211
426 904
35 857
35 586
173 52
173 827
173 440
173 328
973 174
973 123
973 364
753 758
753 851
323 267
323 346
323 828
611 609
452 190
452 781
452 189
726 324
191 172
542 794
469 845
331 918
331 341
331 559
281 830
716 457
716 190
716 475
716 886
921 168
921 107
921 172
910 292
910 938
910 640
663 443
663 491
853 326
8 343
491 443
429 385
638 530
357 931
139 698
139 575
530 532
343 394
511 901
511 137
511 504
495 887
495 20
495 410
502 802
502 133
462 430
462 22
668 775
856 594
386 945
13 714
13 601
377 189
377 261
377 301
75 100
895 936
895 651
895 893
784 467
784 476
456 737
189 909
189 781
365 714
206 441
695 950
226 401
226 754
289 919
289 101
123 174
276 616
276 114
410 887
586 311
639 102
639 807
657 575
657 577
595 214
595 493
626 177
537 916
940 884
940 809
177 550
177 736
938 101
938 851
683 145
683 655
535 33
939 632
23 467
23 943
311 110
311 211
238 183
238 768
194 228
194 278
807 102
465 620
59 593
619 631
619 471
318 578
266 79
423 150
423 932
828 267
945 115
851 758
969 1
372 845
372 105
476 288
270 994
33 44
651 487
677 994
677 539
827 328
827 52
570 242
50 196
589 100
932 694
471 631
486 147
503 114
503 532
46 778
145 655
858 909
415 990
133 90
149 313
936 893
118 454
607 779
313 912
288 546
525 493
882 12
882 903
546 150
341 475
577 890
461 914
38 222
38 20
557 901
504 710
20 829
301 261
25 222
834 731
277 222
361 278
578 702
278 430
534 606
640 584
890 781
890 110
202 324
202 159
912 283
162 40
162 876
832 778
616 800
394 283
886 869
155 455
709 418
632 1
275 840
172 168
731 467
192 498
