67 875
67 692
67 197
67 935
67 650
67 995
733 97
733 976
733 713
733 661
733 845
733 621
489 305
489 518
489 703
489 472
489 789
489 764
691 959
691 403
691 445
691 457
691 451
691 167
82 18
82 732
82 626
82 982
82 354
82 418
712 100
712 213
712 675
712 657
712 51
712 303
45 403
45 158
45 211
45 551
45 606
45 970
156 259
156 400
156 498
156 264
156 751
156 359
871 782
871 509
871 890
871 23
871 910
871 859
872 466
872 557
872 264
872 223
872 377
872 646
190 863
190 336
190 19
190 958
190 462
190 348
394 513
394 386
394 56
394 715
394 384
394 593
271 18
271 682
271 500
271 439
271 230
271 986
468 657
468 477
468 948
468 105
468 993
468 328
5 277
5 961
5 965
5 687
5 619
5 188
986 697
986 868
986 136
986 401
986 17
375 411
375 745
375 301
375 968
375 763
375 889
705 57
705 282
705 899
705 938
705 811
705 921
406 629
406 137
406 281
406 606
406 690
406 142
921 582
921 43
921 854
921 219
921 34
160 495
160 562
160 890
160 632
160 263
160 508
222 493
222 682
222 714
222 824
222 846
222 635
50 360
50 914
50 810
50 223
50 900
50 569
765 984
765 281
765 513
765 866
765 952
765 125
217 236
217 149
217 317
217 863
217 480
217 669
613 927
613 843
613 155
613 963
613 476
613 743
57 183
57 873
57 2
57 811
57 142
395 483
395 823
395 130
395 448
395 74
395 553
177 875
177 347
177 630
177 738
177 759
177 488
311 966
311 1
311 155
311 478
311 169
311 642
24 408
24 372
24 537
24 541
24 309
24 400
218 90
218 141
218 402
218 628
218 148
218 610
527 909
527 695
527 127
527 327
527 15
527 670
838 892
838 959
838 974
838 114
838 172
838 498
833 621
833 817
833 756
833 136
833 84
833 91
68 111
68 902
68 239
68 433
68 795
68 180
898 348
898 319
898 421
898 501
898 209
898 175
398 851
398 975
398 351
398 806
398 362
398 953
544 588
544 486
544 189
544 203
544 365
544 8
120 176
120 20
120 735
120 465
120 458
120 586
945 193
945 720
945 662
945 491
945 290
945 702
212 223
212 512
212 336
212 726
212 619
212 697
274 777
274 435
274 349
274 627
274 608
274 346
622 827
622 38
622 47
622 931
622 918
622 227
783 552
783 802
783 488
783 460
783 326
783 562
152 656
152 936
152 916
152 639
152 38
152 440
897 951
897 276
897 235
897 362
897 320
897 667
668 387
668 464
668 273
668 867
668 938
668 362
298 798
298 93
298 519
298 388
298 186
298 214
722 84
722 285
722 92
722 117
722 992
722 796
294 723
294 476
294 816
294 427
294 69
294 787
343 776
343 832
343 834
343 282
343 495
343 382
748 599
748 189
748 957
748 717
748 697
748 927
779 703
779 866
779 358
779 586
779 493
779 599
65 902
65 327
65 54
65 260
65 363
65 749
520 165
520 66
520 131
520 387
520 474
520 269
552 296
552 91
552 804
552 11
552 591
867 187
867 564
867 392
867 793
867 837
81 954
81 389
81 20
81 566
81 195
81 910
199 263
199 800
199 809
199 268
199 528
199 758
819 560
819 293
819 674
819 610
819 330
819 906
839 182
839 938
839 486
839 37
839 539
839 576
677 510
677 329
677 849
677 532
677 250
677 96
755 784
755 132
755 313
755 143
755 73
755 324
7 577
7 541
7 904
7 533
7 32
7 948
515 538
515 773
515 634
515 884
515 565
515 830
836 215
836 278
836 214
836 446
836 536
836 812
891 224
891 730
891 753
891 529
891 711
891 633
609 377
609 840
609 725
609 990
609 496
609 797
620 35
620 102
620 428
620 70
620 719
620 956
154 129
154 917
154 378
154 386
154 159
154 688
305 950
305 295
305 764
305 789
305 518
79 893
79 83
79 567
79 571
79 304
79 443
540 261
540 414
540 33
540 227
540 700
540 327
581 922
581 766
581 615
581 166
581 193
581 706
787 69
787 476
787 723
787 450
787 427
159 424
159 856
159 70
159 567
159 635
420 63
420 852
420 587
420 985
420 939
420 270
46 541
46 408
46 681
46 465
46 717
46 155
363 593
363 444
363 929
363 652
363 462
125 510
125 799
125 987
125 26
125 463
278 812
278 634
278 536
278 776
278 446
304 55
304 893
304 83
304 571
304 443
887 405
887 312
887 58
887 900
887 877
887 711
251 863
251 308
251 344
251 698
251 638
251 21
503 297
503 336
503 412
503 530
503 882
503 791
22 646
22 58
22 868
22 824
22 285
22 43
414 623
414 864
414 407
414 535
414 88
119 416
119 255
119 592
119 559
119 170
119 254
612 929
612 903
612 614
612 4
612 659
612 803
379 187
379 964
379 181
379 721
379 435
379 341
688 491
688 167
688 122
688 636
688 378
396 338
396 488
396 710
396 880
396 165
396 115
471 301
471 522
471 238
471 934
471 134
471 172
771 808
771 383
771 955
771 947
771 870
771 473
855 944
855 393
855 332
855 741
855 302
855 36
729 221
729 438
729 462
729 966
729 598
729 847
40 463
40 794
40 994
40 80
40 948
40 681
175 348
175 330
175 421
175 209
175 501
464 454
464 273
464 497
464 877
464 238
768 588
768 234
768 842
768 617
768 479
768 391
203 308
203 184
203 214
203 129
203 92
547 116
547 258
547 237
547 862
547 441
547 261
153 953
153 361
153 521
153 664
153 796
153 534
726 58
726 285
726 652
726 418
726 226
548 10
548 318
548 372
548 793
548 671
548 633
730 196
730 995
730 386
730 529
730 732
734 585
734 843
734 614
734 949
734 998
734 28
857 848
857 191
857 13
857 988
857 740
857 962
793 564
793 392
793 837
793 942
943 415
943 664
943 224
943 475
943 732
943 603
739 908
739 126
739 430
739 419
739 696
739 925
972 376
972 937
972 163
972 846
972 411
972 314
530 579
530 324
530 882
530 412
530 297
978 253
978 275
978 554
978 647
978 913
978 52
85 200
85 165
85 207
85 250
85 219
85 956
182 563
182 956
182 925
182 960
182 246
117 492
117 563
117 875
117 1
117 582
400 259
400 21
400 829
400 718
188 926
188 347
188 281
188 41
188 226
689 575
689 408
689 719
689 113
689 829
689 767
31 374
31 417
31 291
31 220
31 996
31 984
885 336
885 798
885 504
885 186
885 519
885 93
436 644
436 834
436 792
436 424
436 591
436 577
525 539
525 17
525 72
525 627
525 706
525 816
667 968
667 362
667 879
667 889
667 932
803 753
803 534
803 358
803 142
803 509
284 161
284 521
284 382
284 883
284 701
284 940
922 706
922 215
922 335
922 615
922 166
28 949
28 256
28 585
28 843
28 998
587 939
587 162
587 985
587 270
587 852
49 693
49 678
49 321
49 383
49 47
49 637
381 70
381 907
381 955
381 641
381 865
381 118
428 35
428 463
428 399
428 70
428 813
786 906
786 674
786 546
786 560
786 58
786 752
135 847
135 507
135 810
135 647
135 951
135 763
533 557
533 577
533 63
533 162
533 904
198 507
198 12
198 934
198 660
198 556
198 37
360 994
360 807
360 392
360 450
360 423
746 174
746 679
746 144
746 595
746 373
746 894
952 269
952 851
952 715
952 402
952 940
516 917
516 673
516 84
516 53
516 724
516 438
98 265
98 912
98 322
98 600
98 673
98 514
916 623
916 656
916 639
916 440
916 936
642 659
642 886
642 136
642 697
642 694
751 777
751 742
751 977
751 392
751 264
601 112
601 997
601 828
601 307
601 813
601 241
750 698
750 970
750 368
750 139
750 551
750 761
176 223
176 43
176 868
176 760
176 237
25 439
25 219
25 904
25 649
25 230
25 963
145 864
145 147
145 740
145 714
145 365
145 611
157 992
157 371
157 650
157 969
157 276
157 637
593 169
593 444
593 56
593 659
511 70
511 466
511 35
511 430
511 103
511 292
676 655
676 741
676 397
676 399
676 204
676 459
6 124
6 243
6 584
6 532
6 942
6 485
15 546
15 772
15 127
15 486
15 991
457 451
457 167
457 536
457 445
457 474
476 427
476 723
476 69
528 809
528 869
528 226
528 268
528 800
994 794
994 425
994 463
994 504
185 651
185 114
185 965
185 226
185 902
185 277
920 919
920 78
920 814
920 860
920 75
920 426
102 711
102 968
102 12
102 340
102 326
248 882
248 272
248 799
248 714
248 259
248 756
415 310
415 572
415 603
415 347
415 23
479 12
479 32
479 234
479 617
479 842
306 345
306 757
306 605
306 568
306 704
306 769
801 782
801 830
801 824
801 929
801 927
801 556
208 502
208 158
208 827
208 444
208 815
208 169
266 108
266 378
266 572
266 4
266 911
266 16
232 841
232 351
232 574
232 493
232 709
232 399
623 864
623 148
623 663
623 452
170 822
170 760
170 254
170 575
170 210
648 388
648 151
648 602
648 958
648 16
648 607
201 142
201 826
201 569
201 778
201 583
201 716
901 937
901 466
901 992
901 433
901 598
901 970
678 43
678 321
678 637
678 47
678 693
938 513
938 776
938 461
134 172
134 33
134 892
134 934
134 32
269 66
269 474
269 131
269 981
361 574
361 672
361 178
361 0
361 386
708 405
708 946
708 104
708 493
708 645
708 888
817 426
817 340
817 8
817 929
817 756
115 880
115 481
115 377
115 549
115 487
977 355
977 625
977 174
977 161
977 780
321 47
321 637
321 430
321 693
557 39
557 87
557 930
557 223
597 967
597 88
597 535
597 742
597 384
597 407
309 890
309 727
309 699
309 77
309 261
848 962
848 191
848 740
848 928
848 426
107 517
107 237
107 837
107 727
107 745
107 34
484 272
484 97
484 216
484 21
484 413
484 242
302 944
302 332
302 36
302 387
302 393
543 252
543 709
543 162
543 211
543 756
543 385
224 979
224 287
224 475
224 863
740 928
740 962
740 191
761 225
761 970
761 713
761 639
761 700
828 241
828 997
828 348
828 307
828 112
370 116
370 508
370 862
370 441
370 915
370 90
122 491
122 589
122 465
122 167
122 983
137 606
137 690
137 546
137 657
137 653
461 702
461 2
461 866
461 513
461 329
832 526
832 834
832 382
832 225
832 980
409 700
409 89
409 988
409 991
409 685
409 854
413 97
413 216
413 880
413 133
413 272
88 742
88 407
88 683
88 535
327 670
327 909
327 695
72 539
72 619
72 570
72 951
72 738
611 586
611 989
611 654
611 561
611 227
570 344
570 62
570 638
570 529
570 101
595 894
595 174
595 373
595 679
595 144
342 618
342 645
342 657
342 700
342 390
342 686
508 562
508 254
508 427
508 486
171 814
171 904
171 56
171 30
171 930
171 257
449 71
449 657
449 184
449 231
449 366
449 380
979 851
979 260
979 881
979 247
979 650
526 971
526 980
526 966
526 707
526 506
674 246
674 791
674 906
674 560
631 578
631 974
631 680
631 624
631 913
631 640
876 164
876 831
876 555
876 350
876 660
876 331
350 713
350 831
350 652
350 164
350 660
448 74
448 884
448 697
448 869
448 267
334 662
334 288
334 358
334 766
334 76
334 431
769 704
769 345
769 568
769 140
769 605
289 814
289 75
289 791
289 505
289 423
289 567
352 44
352 431
352 902
352 886
352 651
352 686
202 328
202 659
202 869
202 388
202 961
202 493
204 282
204 459
204 397
204 655
204 69
939 985
939 782
939 852
939 14
862 868
862 116
862 915
862 441
196 888
196 253
196 365
196 114
196 295
655 459
655 364
655 397
655 684
369 666
369 808
369 206
369 802
369 924
369 684
955 865
955 641
955 308
955 907
445 451
445 959
445 238
445 214
456 460
456 820
456 384
456 499
456 513
456 588
48 58
48 821
48 104
48 310
48 475
48 644
640 913
640 578
640 624
640 680
640 664
231 71
231 630
231 380
231 184
231 366
267 965
267 651
267 149
267 403
267 741
297 882
297 964
297 336
297 935
478 300
478 725
478 792
478 724
478 796
561 146
561 132
561 60
561 849
561 752
896 56
896 401
896 686
896 255
896 417
896 254
895 147
895 265
895 233
895 926
895 307
895 654
482 658
482 980
482 512
482 106
482 283
482 550
523 404
523 846
523 244
523 364
523 781
523 636
240 873
240 912
240 89
240 590
240 323
240 94
841 522
841 575
841 635
841 148
841 238
950 518
950 789
950 227
950 764
950 716
52 647
52 351
52 844
52 275
52 785
59 422
59 874
59 256
59 249
59 195
59 531
277 965
277 651
277 951
277 868
728 4
728 66
728 758
728 147
728 614
728 195
695 573
695 127
695 670
695 909
279 604
279 524
279 487
279 481
279 643
279 169
954 205
954 200
954 389
954 566
954 20
29 490
29 719
29 371
29 563
29 337
29 747
928 962
928 30
928 191
928 1
510 250
510 96
510 329
510 849
480 317
480 236
480 669
480 149
480 863
39 87
39 659
39 485
39 584
39 930
815 419
815 405
815 661
815 37
815 821
933 244
933 492
933 193
933 971
933 216
933 412
286 228
286 173
286 319
286 850
286 780
286 165
440 936
440 424
440 656
440 639
123 763
123 293
123 365
123 388
123 23
123 662
562 604
562 603
562 662
313 354
313 143
313 784
313 324
313 73
314 55
314 521
314 498
314 653
314 359
632 263
632 948
632 32
632 621
632 800
168 210
168 0
168 243
168 759
168 92
168 442
942 80
942 660
942 368
942 743
252 211
252 385
252 709
252 162
252 914
447 453
447 619
447 121
447 200
447 790
447 987
617 234
617 641
617 391
617 842
183 404
183 356
183 811
183 989
183 835
433 111
433 795
433 239
433 180
866 349
866 469
866 128
173 780
173 649
173 207
173 850
173 228
111 112
111 180
111 795
111 239
444 652
444 169
444 929
364 636
364 300
364 829
364 981
624 809
624 913
624 680
624 578
312 86
312 146
312 340
312 104
312 711
434 999
434 918
434 931
434 53
434 582
434 42
416 228
416 389
416 550
416 462
416 487
671 318
671 847
671 10
671 633
671 694
698 686
698 9
698 638
698 344
735 192
735 555
735 900
735 20
735 458
717 495
717 927
717 155
717 554
602 551
602 390
602 207
602 200
602 684
947 917
947 473
947 808
947 331
947 229
83 571
83 443
83 113
83 893
559 341
559 99
559 770
559 720
559 964
985 918
985 852
985 564
915 116
915 588
915 914
915 441
998 651
998 585
998 949
998 843
56 155
56 513
141 794
141 90
141 506
141 976
141 629
966 458
966 529
966 813
737 757
737 881
737 592
737 753
737 776
737 810
991 158
991 683
991 894
991 727
859 101
859 339
859 834
859 288
859 0
109 55
109 702
109 879
109 976
109 121
109 935
376 900
376 890
376 745
376 411
376 163
247 845
247 762
247 753
247 608
247 834
346 292
346 905
346 431
346 388
346 63
732 18
732 626
732 982
138 707
138 580
138 718
138 545
138 781
138 861
439 571
439 113
439 422
439 665
831 164
831 660
831 276
831 255
807 333
807 450
807 608
807 158
807 26
161 956
161 246
161 960
161 472
422 249
422 452
422 874
422 195
53 103
53 285
53 9
53 84
709 410
709 211
709 385
2 408
2 276
2 463
2 903
923 906
923 714
923 94
923 502
923 382
923 249
132 636
132 103
132 354
132 764
166 425
166 706
166 615
166 335
357 983
357 858
357 245
357 179
357 618
357 315
551 970
551 894
551 886
693 333
693 637
693 646
625 399
625 790
625 229
625 426
625 8
844 541
844 757
844 574
844 563
844 505
429 822
429 308
429 356
429 518
429 894
429 399
206 802
206 108
206 924
206 710
206 666
658 512
658 283
658 550
658 106
658 257
110 500
110 816
110 299
110 230
110 594
110 580
870 383
870 473
870 893
870 808
870 539
76 431
76 340
76 967
76 634
76 288
467 260
467 560
467 657
467 140
467 792
467 326
470 283
470 686
470 731
470 3
470 679
470 594
178 699
178 0
178 794
178 604
178 3
596 497
596 877
596 273
596 290
596 792
596 816
926 233
926 147
926 654
926 146
881 488
881 752
881 958
881 194
62 509
62 397
62 835
62 902
62 344
421 638
421 757
421 209
421 501
692 995
692 241
692 935
692 715
692 607
549 888
549 371
549 946
549 742
549 150
669 452
669 149
669 317
669 236
874 491
874 195
874 249
874 164
973 77
973 827
973 646
973 834
973 38
973 260
772 502
772 574
772 917
772 249
772 295
962 191
962 1
512 283
512 106
512 550
377 864
377 715
377 411
432 12
432 460
432 687
432 579
432 256
432 257
118 641
118 280
118 907
118 723
118 865
846 403
846 878
846 255
367 494
367 736
367 805
367 44
367 690
367 775
504 519
504 186
504 798
504 93
133 749
133 272
133 97
133 216
133 92
337 490
337 747
337 64
337 442
337 499
299 113
299 230
299 594
299 500
299 816
598 221
598 220
598 970
598 840
282 495
282 106
282 661
310 937
310 821
310 37
310 603
607 774
607 707
607 205
607 151
757 589
757 63
918 999
918 931
918 42
653 810
653 690
653 759
653 235
338 905
338 600
338 437
338 731
338 3
971 558
971 825
971 980
971 687
714 591
714 824
747 499
747 64
747 126
747 490
910 566
910 572
910 389
910 606
75 423
75 814
75 505
75 791
95 150
95 401
95 260
95 410
95 845
95 509
575 629
575 27
575 113
14 743
14 225
14 227
14 878
14 868
501 969
501 348
501 209
272 97
272 216
473 383
473 430
473 808
197 431
197 288
197 766
197 661
197 60
442 499
442 64
442 864
442 490
143 784
143 73
143 324
143 827
91 11
91 296
91 744
91 804
788 287
788 911
788 754
788 890
788 684
788 325
883 701
883 790
883 453
883 665
883 940
538 830
538 884
538 773
538 634
538 565
27 477
27 963
27 927
27 629
27 806
645 507
645 860
645 644
645 264
754 169
754 911
754 873
754 325
754 287
262 957
262 576
262 316
262 181
262 853
262 694
315 858
315 618
315 245
315 179
315 983
136 900
136 495
136 823
644 104
644 408
644 105
288 431
288 766
718 781
718 580
718 205
718 472
228 319
228 850
228 780
840 725
840 496
840 797
840 990
3 488
3 731
3 905
60 221
60 292
60 682
60 683
320 869
320 295
320 608
320 702
320 316
670 573
670 127
670 909
158 820
158 380
608 542
608 453
665 701
665 713
665 940
665 426
78 54
78 919
78 430
78 860
78 903
90 794
90 506
90 116
675 213
675 303
675 51
675 438
675 100
983 618
983 179
983 245
147 233
147 654
542 774
542 767
542 584
542 899
542 646
719 210
719 563
719 762
215 812
215 446
215 681
215 536
292 351
292 531
292 861
685 89
685 854
685 438
685 577
685 988
804 296
804 11
804 493
804 744
99 770
99 341
99 146
99 720
99 964
823 810
823 17
823 167
823 591
682 937
682 221
682 782
878 270
878 8
878 743
878 472
325 805
325 287
325 911
325 727
906 384
906 560
600 322
600 265
600 673
600 258
845 509
845 410
845 268
699 687
699 604
699 129
699 0
967 77
967 124
967 323
967 820
879 968
879 889
879 323
879 26
94 873
94 664
94 323
94 590
564 229
564 54
564 92
853 576
853 181
853 957
853 316
853 959
127 573
127 909
332 36
332 534
332 944
332 393
189 481
189 524
189 643
189 941
981 256
981 225
981 723
981 226
813 496
813 758
813 724
837 121
837 391
837 745
724 475
724 917
724 758
244 61
244 404
244 390
244 989
66 474
66 131
66 614
767 741
767 104
767 21
767 774
213 100
213 303
213 51
213 77
382 275
382 502
419 925
419 696
419 908
419 126
672 41
672 293
672 820
672 903
672 0
842 391
842 912
842 234
492 684
492 850
492 214
492 875
151 522
151 210
151 373
151 759
316 181
316 957
316 576
775 494
775 44
775 690
775 805
775 736
949 585
949 843
949 63
974 589
974 987
974 437
974 388
716 12
716 583
716 826
716 242
816 193
253 38
253 517
253 554
253 275
535 683
535 407
535 742
114 368
114 567
114 226
435 721
435 777
435 627
435 349
605 437
605 345
605 704
605 568
569 322
569 242
569 583
569 826
460 687
460 187
460 326
784 73
784 822
784 324
721 627
721 777
721 131
721 349
662 778
662 193
335 993
335 615
335 706
335 328
932 87
932 993
932 663
932 776
932 681
55 77
55 121
55 758
33 517
33 827
33 507
33 38
567 963
567 886
385 976
385 211
385 162
869 280
869 514
934 301
934 172
934 892
968 451
968 889
758 23
43 760
43 880
532 485
532 124
532 584
532 243
702 30
702 965
366 71
366 163
366 21
366 380
621 389
621 438
621 243
454 497
454 656
454 273
454 368
454 877
666 924
666 886
666 710
666 802
744 227
744 296
744 465
744 11
36 948
36 944
36 741
348 997
220 347
220 291
220 374
220 996
694 572
694 738
694 821
990 797
990 725
990 774
990 496
629 963
629 293
285 9
285 58
491 290
491 961
638 21
638 344
194 108
194 566
194 583
194 604
194 707
412 749
412 882
412 411
781 545
781 580
781 861
225 146
225 437
485 736
485 584
485 124
941 847
941 19
941 643
941 524
941 481
663 534
663 864
663 531
663 300
976 661
976 796
643 524
643 481
643 19
818 529
818 500
818 358
818 469
818 128
818 770
368 41
368 459
639 656
639 936
307 112
307 997
307 241
245 858
245 179
245 618
993 477
993 328
993 105
237 760
237 61
237 254
760 517
760 822
635 355
635 129
635 101
988 703
988 854
988 89
490 499
490 64
531 355
531 308
531 521
101 579
101 129
101 541
829 16
829 353
829 539
553 130
553 74
553 483
553 17
553 616
736 805
736 44
736 494
880 354
880 290
773 961
773 884
773 565
773 830
546 100
546 711
546 606
697 392
250 329
250 849
250 96
903 558
903 331
291 996
291 984
291 374
291 417
852 270
852 330
89 927
89 854
71 184
71 380
71 975
192 555
192 474
192 16
192 356
192 498
995 187
995 987
995 935
44 805
44 494
911 233
911 287
560 886
982 626
982 61
982 487
982 18
86 270
86 165
86 339
86 555
86 799
960 956
960 326
960 246
960 128
301 163
301 172
301 372
522 762
522 487
522 649
268 800
268 809
268 263
424 130
424 356
424 936
80 410
80 811
80 752
80 281
38 827
384 359
384 770
391 234
391 917
651 965
126 908
126 925
126 696
905 1
905 488
905 731
174 144
174 140
174 679
802 924
802 710
762 619
762 392
762 393
371 865
371 930
371 139
443 129
443 893
443 571
521 534
521 514
486 959
486 410
659 418
590 323
590 54
590 873
590 899
630 701
630 738
630 969
630 745
404 989
404 61
404 390
706 615
383 330
383 808
683 799
683 92
477 328
477 806
477 105
26 506
26 235
26 353
23 339
23 899
858 37
858 179
858 766
892 425
892 96
892 172
616 17
616 483
616 130
616 73
616 74
890 992
87 812
87 856
87 930
626 229
626 18
626 418
374 996
374 417
374 984
265 322
265 673
265 258
812 536
812 446
584 124
4 614
4 209
4 861
628 148
628 778
628 402
628 610
628 556
679 144
679 373
946 888
946 339
946 851
946 466
239 795
239 180
239 411
280 539
280 912
280 948
280 701
303 51
303 919
303 100
296 465
296 11
656 936
566 389
566 20
402 610
402 148
402 556
599 953
599 358
599 703
599 452
451 167
451 234
944 393
944 506
914 900
914 405
914 105
684 200
339 555
339 785
743 259
743 649
355 287
355 825
355 30
418 18
418 749
517 856
517 462
205 774
205 139
205 54
556 961
556 588
329 849
329 96
545 592
545 103
545 580
545 861
142 330
142 236
12 257
958 19
958 992
958 961
209 875
957 181
957 576
610 148
610 455
417 996
417 984
195 249
34 778
34 825
34 514
34 365
230 500
230 594
105 328
405 356
405 41
74 483
74 130
826 242
826 583
826 907
108 378
108 707
108 51
181 576
568 295
568 345
568 704
782 353
782 483
577 63
577 904
888 104
888 455
450 333
450 555
450 795
128 992
128 469
128 326
634 565
634 16
514 912
514 163
725 796
725 797
186 798
186 519
186 93
462 700
579 257
579 256
579 727
854 362
537 290
537 333
537 408
537 715
537 776
937 455
937 835
664 875
664 207
401 353
401 469
401 255
704 191
704 345
847 10
847 318
219 573
219 425
219 713
794 333
565 884
565 830
308 344
580 861
907 641
907 865
835 387
835 497
835 347
229 785
229 261
713 425
13 908
13 572
13 763
13 889
13 458
155 214
163 373
359 969
359 498
359 140
777 349
777 627
131 474
131 347
606 259
505 814
505 423
505 791
882 756
258 322
258 673
258 465
437 731
437 403
701 940
69 578
69 427
207 649
207 200
554 319
554 275
554 647
322 673
752 221
752 811
582 931
582 999
582 42
791 423
951 276
951 507
789 518
789 764
789 281
121 790
121 707
259 139
180 261
180 795
425 20
453 393
453 238
453 790
583 242
627 349
273 877
273 497
387 150
387 563
9 295
9 959
9 30
149 317
149 475
931 999
931 42
502 124
502 574
969 140
969 594
246 956
246 574
999 42
999 821
463 987
455 64
455 650
455 150
261 77
354 1
354 603
589 745
589 358
589 652
331 558
331 680
331 397
472 270
472 496
571 893
925 908
925 696
912 487
989 61
989 390
770 341
770 720
179 618
681 806
681 330
353 365
353 738
738 806
380 184
216 97
591 904
591 824
649 963
749 54
749 333
32 541
32 710
193 778
578 680
578 913
150 17
150 558
680 913
499 64
373 144
558 860
558 919
243 759
243 210
323 873
509 410
497 877
710 924
822 233
822 592
585 843
585 446
798 519
798 93
720 964
720 341
820 293
820 407
889 458
996 984
975 184
975 703
975 362
975 980
372 633
372 10
372 318
711 403
809 263
809 800
524 19
524 481
293 741
821 37
42 351
687 763
430 572
103 35
103 84
242 619
378 953
378 260
987 187
140 146
849 96
84 281
696 908
696 796
236 863
236 317
615 614
113 498
459 397
459 506
438 336
426 8
690 494
235 799
235 165
235 586
997 112
997 241
588 187
930 700
763 753
256 257
162 211
356 41
860 919
860 792
919 792
317 636
495 811
300 856
300 785
300 636
529 469
290 47
715 573
458 452
884 830
466 646
466 264
647 452
647 275
686 35
953 345
953 534
19 778
814 30
935 650
825 652
825 386
825 851
341 964
603 475
130 483
139 824
139 264
851 650
164 660
164 806
764 518
351 753
856 441
856 785
51 100
756 8
797 774
797 496
93 519
106 283
106 550
573 909
940 221
47 637
254 255
536 446
318 10
318 633
319 850
319 780
785 592
899 423
899 980
586 799
586 654
604 703
41 810
427 723
929 340
805 494
10 633
210 759
16 469
263 800
850 780
390 61
233 654
592 766
324 73
283 550
407 742
70 35
594 500
790 386
223 340
112 241
507 276
902 238
865 641
144 894
727 661
731 924
116 441
399 11
