227 806
227 799
227 521
227 121
227 147
227 345
685 955
685 273
685 638
685 110
685 268
685 212
134 588
134 445
134 151
134 352
134 574
134 893
494 372
494 582
494 988
494 726
494 693
494 355
184 321
184 59
184 725
184 6
184 850
184 859
989 744
989 174
989 347
989 293
989 48
989 832
409 460
409 988
409 692
409 254
409 718
409 702
433 588
433 743
433 313
433 374
433 489
433 107
790 59
790 369
790 780
790 958
790 172
790 302
275 654
275 715
275 5
275 210
275 766
275 727
353 723
353 956
353 886
353 84
353 439
353 31
395 535
395 427
395 188
395 629
395 513
395 548
498 712
498 472
498 37
498 375
498 870
498 655
67 145
67 406
67 168
67 381
67 388
67 502
324 614
324 294
324 303
324 138
324 354
324 76
186 704
186 385
186 145
186 687
186 574
186 689
653 218
653 4
653 180
653 775
653 994
653 587
305 349
305 88
305 502
305 77
305 814
305 157
870 218
870 37
870 712
870 655
870 375
515 393
515 905
515 269
515 330
515 189
515 573
743 489
743 893
743 553
743 886
743 557
787 560
787 671
787 683
787 200
787 202
787 543
793 935
793 364
793 32
793 111
793 842
793 542
633 694
633 477
633 722
633 796
633 27
633 85
735 831
735 706
735 635
735 826
735 34
735 298
162 896
162 160
162 760
162 690
162 383
162 327
970 545
970 884
970 55
970 660
970 72
970 379
604 293
604 764
604 178
604 555
604 378
604 670
937 497
937 388
937 472
937 267
937 5
937 650
545 72
545 884
545 821
545 343
545 379
851 941
851 901
851 95
851 675
851 589
851 346
105 334
105 837
105 495
105 301
105 265
105 384
207 942
207 540
207 511
207 8
207 240
207 151
537 748
537 879
537 196
537 998
537 25
537 672
618 235
618 52
618 563
618 369
618 960
618 755
80 224
80 994
80 584
80 590
80 730
80 574
751 943
751 777
751 73
751 934
751 901
751 995
930 755
930 20
930 394
930 549
930 501
930 1
958 369
958 840
958 172
958 873
958 21
818 161
818 99
818 867
818 54
818 835
818 534
866 193
866 254
866 294
866 260
866 214
866 974
668 681
668 96
668 237
668 544
668 986
668 64
350 543
350 699
350 336
350 752
350 54
350 961
15 927
15 560
15 729
15 763
15 365
15 454
133 513
133 602
133 467
133 490
133 415
133 102
626 341
626 319
626 511
626 475
626 397
626 784
961 752
961 111
961 842
961 122
961 127
112 261
112 575
112 804
112 318
112 620
112 449
331 806
331 855
331 501
331 907
331 314
331 974
150 188
150 876
150 491
150 681
150 415
150 25
214 430
214 684
214 254
214 864
214 885
398 348
398 869
398 980
398 607
398 185
398 967
953 430
953 791
953 352
953 695
953 928
953 473
555 701
555 670
555 370
555 310
555 378
757 424
757 431
757 24
757 534
757 69
757 665
107 689
107 31
107 165
107 61
107 723
252 168
252 153
252 972
252 648
252 2
252 516
705 910
705 185
705 482
705 897
705 745
705 972
292 77
292 74
292 692
292 754
292 606
292 337
563 457
563 277
563 346
563 836
563 98
64 309
64 764
64 968
64 556
64 435
290 411
290 872
290 499
290 973
290 543
290 120
405 130
405 436
405 639
405 775
405 482
405 486
440 472
440 858
440 523
440 125
440 443
440 596
322 152
322 304
322 307
322 652
322 597
322 858
442 167
442 55
442 540
442 547
442 792
442 3
461 39
461 436
461 797
461 992
461 744
461 30
600 21
600 130
600 645
600 420
600 38
600 627
504 741
504 567
504 874
504 613
504 144
504 349
827 899
827 28
827 591
827 770
827 142
827 53
208 153
208 833
208 225
208 597
208 844
208 640
287 7
287 181
287 838
287 645
287 822
287 421
978 487
978 841
978 412
978 65
978 701
978 457
933 155
933 972
933 187
933 844
933 670
933 341
220 939
220 990
220 772
220 100
220 277
220 638
659 606
659 948
659 343
659 823
659 760
659 763
499 879
499 853
499 974
499 157
499 156
608 675
608 333
608 915
608 327
608 362
608 296
655 712
655 375
655 964
655 37
312 447
312 748
312 154
312 673
312 808
312 339
742 180
742 346
742 153
742 120
742 812
742 210
4 251
4 839
4 775
4 25
4 289
449 575
449 261
449 661
449 42
449 318
283 536
283 572
283 941
283 119
283 715
283 975
864 696
864 254
864 518
864 684
864 885
195 16
195 662
195 421
195 242
195 225
195 981
425 204
425 11
425 755
425 598
425 785
425 661
539 952
539 713
539 169
539 798
539 945
539 669
615 143
615 700
615 694
615 750
615 421
615 647
779 901
779 106
779 686
779 620
779 986
779 589
40 299
40 70
40 580
40 889
40 323
40 739
548 661
548 139
548 513
548 535
548 5
401 882
401 534
401 477
401 927
401 178
401 487
856 635
856 454
856 728
856 883
856 155
856 26
60 550
60 714
60 915
60 979
60 118
60 243
526 172
526 778
526 58
526 674
526 9
526 547
533 811
533 313
533 205
533 911
533 947
533 955
975 204
975 451
975 946
975 464
975 216
191 612
191 496
191 459
191 161
191 820
191 209
717 249
717 192
717 137
717 12
717 569
717 263
553 667
553 75
553 631
553 212
553 591
552 66
552 399
552 809
552 630
552 392
552 434
988 372
988 582
988 718
988 726
441 750
441 452
441 152
441 614
441 319
441 261
483 649
483 407
483 332
483 187
483 123
483 132
352 403
352 151
352 994
352 159
251 45
251 509
251 330
251 724
251 289
359 109
359 786
359 845
359 202
359 306
359 194
400 263
400 361
400 285
400 682
400 242
400 413
976 695
976 462
976 139
976 344
976 153
976 89
581 457
581 319
581 663
581 73
581 159
581 740
908 777
908 748
908 546
908 518
908 482
908 370
174 569
174 106
174 293
174 370
174 524
404 763
404 200
404 711
404 269
404 620
404 672
149 44
149 789
149 736
149 657
149 340
149 565
985 202
985 824
985 282
985 770
985 48
985 583
619 45
619 263
619 583
619 794
619 648
619 861
934 599
934 852
934 297
934 878
934 371
101 464
101 14
101 805
101 634
101 965
101 3
679 942
679 132
679 796
679 317
679 477
679 156
33 91
33 593
33 561
33 167
33 57
33 780
810 677
810 86
810 116
810 338
810 996
810 82
865 201
865 140
865 163
865 426
865 636
865 603
932 304
932 688
932 479
932 639
932 747
932 366
19 962
19 293
19 740
19 732
19 601
19 281
875 383
875 396
875 108
875 164
875 95
875 951
248 50
248 802
248 625
248 917
248 258
248 13
469 926
469 687
469 841
469 878
469 863
469 592
414 629
414 279
414 559
414 272
414 10
414 807
767 492
767 235
767 500
767 246
767 166
767 799
642 156
642 823
642 78
642 725
642 517
642 422
774 315
774 828
774 216
774 222
774 867
774 722
228 418
228 820
228 849
228 407
228 399
228 44
231 785
231 915
231 916
231 693
231 766
231 673
754 589
754 77
754 476
754 887
754 606
835 328
835 99
835 900
835 457
835 54
142 899
142 28
142 770
142 417
142 53
982 676
982 361
982 950
982 764
982 11
982 895
68 46
68 377
68 85
68 27
68 463
68 698
118 716
118 465
118 470
118 637
118 422
65 367
65 905
65 282
65 423
65 857
124 927
124 341
124 838
124 203
124 843
124 773
245 284
245 466
245 893
245 519
245 531
245 584
320 923
320 585
320 424
320 218
320 716
320 342
911 811
911 534
911 205
911 947
911 386
522 160
522 356
522 462
522 90
522 416
522 14
714 550
714 193
714 979
714 592
714 243
24 69
24 431
24 73
24 665
24 417
846 273
846 167
846 270
846 256
846 658
846 302
640 323
640 695
640 656
640 390
640 81
849 432
849 518
849 94
849 854
849 611
125 920
125 333
125 523
125 596
125 701
520 28
520 983
520 765
520 380
520 891
520 339
800 249
800 723
800 192
800 994
800 998
800 338
84 656
84 576
84 363
84 39
84 143
488 566
488 508
488 411
488 128
488 984
488 49
288 358
288 627
288 190
288 738
288 913
288 476
892 171
892 921
892 54
892 950
892 381
892 999
94 52
94 381
94 212
94 502
94 922
532 721
532 156
532 562
532 74
532 439
532 667
16 176
16 583
16 238
16 794
16 514
878 599
878 687
878 841
878 863
291 159
291 558
291 45
291 42
291 492
291 896
817 816
817 761
817 17
817 136
817 215
817 713
306 576
306 109
306 194
306 786
306 845
680 169
680 375
680 473
680 971
680 198
680 144
232 456
232 86
232 458
232 247
232 478
232 178
502 450
502 88
502 546
71 967
71 176
71 701
71 592
71 868
71 665
36 233
36 209
36 820
36 161
36 704
36 459
447 673
447 339
447 607
447 808
447 952
678 295
678 568
678 46
678 621
678 148
678 255
74 439
74 294
74 898
74 981
559 279
559 762
559 272
559 452
559 807
456 178
456 239
456 247
456 458
456 478
624 182
624 303
624 943
624 645
624 420
624 821
613 889
613 741
613 567
613 51
613 874
686 138
686 97
686 977
686 76
686 354
330 824
330 938
330 258
330 509
338 311
338 62
338 192
338 829
605 485
605 313
605 480
605 893
605 631
605 998
771 848
771 126
771 658
771 384
771 256
771 471
471 20
471 196
471 336
471 607
471 363
731 417
731 111
731 720
731 632
731 920
731 294
945 669
945 169
945 822
945 952
945 798
156 517
156 960
628 781
628 585
628 609
628 721
628 535
628 675
49 508
49 984
49 6
49 128
49 411
93 263
93 734
93 986
93 514
93 487
93 146
594 43
594 906
594 940
594 242
594 266
594 542
710 413
710 446
710 921
710 936
710 641
710 918
496 421
496 645
496 385
496 519
496 664
0 503
0 342
0 349
0 783
0 877
0 823
237 919
237 973
237 554
237 103
237 29
616 157
616 59
616 300
616 202
616 788
616 213
63 709
63 531
63 328
63 219
63 259
63 34
525 944
525 769
525 716
525 465
525 153
525 470
696 591
696 861
696 90
696 41
696 885
529 973
529 148
529 179
529 946
529 506
529 410
801 702
801 444
801 574
801 9
801 460
801 595
20 1
20 549
20 394
20 110
709 259
709 92
709 904
709 328
709 219
253 924
253 922
253 765
253 703
253 22
253 217
682 667
682 586
682 599
682 367
682 630
41 81
41 697
41 638
41 854
41 745
274 159
274 229
274 950
274 967
274 612
274 392
76 138
76 354
76 977
76 597
869 365
869 861
869 268
869 58
869 453
759 295
759 307
759 263
759 822
759 390
759 720
829 535
829 311
829 840
829 505
829 661
637 570
637 733
637 859
637 664
637 890
199 351
199 122
199 78
199 730
199 229
199 971
797 641
797 744
797 992
797 30
797 436
931 603
931 127
931 521
931 895
931 224
931 746
358 913
358 190
358 631
358 738
358 627
969 329
969 259
969 39
969 676
969 617
969 121
700 183
700 135
700 708
700 387
700 206
998 367
998 196
998 51
280 966
280 59
280 527
280 382
280 861
280 639
641 11
641 711
641 289
641 672
14 558
14 90
14 927
14 364
43 733
43 542
43 940
43 493
43 266
728 491
728 347
728 836
728 474
728 48
157 88
157 18
157 455
570 859
570 842
570 971
570 890
570 724
832 335
832 860
832 622
832 805
832 576
888 180
888 773
888 843
888 565
888 463
888 113
357 96
357 223
357 297
357 681
357 325
357 530
366 747
366 987
366 304
366 688
366 585
329 676
329 39
329 607
329 427
329 565
716 470
716 769
716 465
942 317
942 796
942 477
942 523
374 321
374 964
374 230
374 489
374 588
684 885
684 254
684 155
684 895
944 264
944 439
944 666
944 47
944 534
614 887
614 577
614 974
614 486
108 235
108 114
108 916
108 132
108 556
830 643
830 373
830 719
830 468
830 949
830 123
269 981
269 844
269 578
269 672
747 688
747 479
747 585
747 304
236 402
236 486
236 583
236 215
236 225
236 48
9 58
9 749
9 778
9 698
299 739
299 580
299 744
299 70
299 889
26 422
26 882
26 122
26 342
26 454
760 690
760 606
760 261
760 282
335 380
335 249
335 748
335 783
335 500
855 113
855 882
855 517
855 806
855 546
993 276
993 453
993 538
993 923
993 171
993 577
540 671
540 246
540 792
540 928
241 694
241 847
241 438
241 579
241 128
241 528
276 171
276 951
276 538
276 453
276 854
984 411
984 508
984 493
984 81
434 554
434 809
434 406
434 392
434 646
284 262
284 337
284 152
284 531
284 464
503 342
503 815
503 877
503 92
503 783
273 211
273 883
273 617
273 816
902 868
902 181
902 738
902 234
902 905
902 964
102 490
102 602
102 415
102 467
102 88
346 489
346 589
346 180
127 204
127 381
127 707
127 137
595 528
595 201
595 609
595 396
595 564
773 843
773 611
773 863
773 868
92 259
92 219
92 834
92 328
189 362
189 651
189 928
189 325
189 583
62 507
62 474
62 242
62 110
62 192
575 804
575 225
575 296
575 318
343 884
343 258
343 500
343 379
674 505
674 389
674 571
674 764
674 914
222 315
222 867
222 722
222 543
222 737
298 422
298 831
298 826
298 887
298 896
234 804
234 474
234 554
234 622
234 955
467 490
467 170
467 602
467 415
889 310
889 580
889 739
100 141
100 170
100 772
100 939
100 990
458 898
458 478
458 247
458 239
360 880
360 857
360 922
360 946
360 948
360 42
497 650
497 5
497 392
497 267
497 721
737 233
737 115
737 752
737 753
737 795
929 689
929 795
929 968
929 3
929 573
929 181
508 50
508 128
508 411
175 260
175 523
175 262
175 308
175 566
175 698
308 629
308 617
308 935
308 943
308 159
85 145
85 858
85 27
85 34
244 811
244 166
244 824
244 137
244 803
244 565
816 136
816 17
816 215
816 713
715 734
715 572
715 536
715 119
250 381
250 578
250 776
250 167
250 212
250 766
79 819
79 18
79 566
79 586
79 416
79 854
785 204
785 278
785 11
785 598
799 736
799 147
799 968
799 806
845 194
845 786
845 109
845 255
623 235
623 770
623 326
623 923
623 607
623 756
848 270
848 658
848 126
848 256
848 804
129 485
129 758
129 860
129 954
129 146
129 833
462 90
462 356
462 89
462 416
158 912
158 412
158 295
158 749
158 689
158 340
693 766
693 812
693 775
693 915
17 264
17 215
17 713
17 136
666 836
666 264
666 246
666 249
666 948
707 786
707 814
707 621
707 900
707 560
847 857
847 579
847 438
847 694
847 528
266 542
266 443
266 940
266 365
676 39
676 121
676 617
822 428
822 753
822 543
109 194
109 786
109 651
111 720
111 842
111 562
23 834
23 838
23 437
23 197
23 160
23 221
825 35
825 768
825 507
825 314
825 601
825 106
257 218
257 351
257 907
257 226
257 692
257 926
912 332
912 295
912 873
912 971
912 70
592 450
592 721
592 193
753 52
753 900
753 170
753 919
122 922
122 882
122 997
867 722
867 315
867 479
182 286
182 376
182 293
182 812
182 431
589 333
589 901
803 880
803 781
803 187
803 270
803 603
936 918
936 413
936 921
936 446
936 201
367 883
367 698
367 670
900 446
900 110
900 894
8 987
8 956
8 853
8 240
8 564
473 695
473 430
473 791
473 795
104 260
104 412
104 963
104 233
104 660
104 610
935 416
935 562
935 177
935 143
116 82
116 86
116 996
116 980
116 339
271 57
271 657
271 652
271 152
271 662
271 792
783 342
783 986
783 815
814 510
814 402
814 235
814 560
962 281
962 601
962 740
962 732
962 35
635 356
635 610
635 625
635 239
836 491
836 75
836 948
361 727
361 420
361 268
361 734
596 840
596 115
596 443
596 727
968 906
968 689
968 819
392 554
392 809
704 569
704 170
704 233
704 795
479 688
479 493
479 463
588 919
588 881
588 345
475 240
475 397
475 784
475 511
475 368
963 61
963 541
963 81
963 775
963 412
966 527
966 983
966 883
966 382
966 639
481 557
481 872
481 768
481 909
481 967
481 991
777 337
777 609
777 956
777 691
300 788
300 429
300 202
300 296
300 907
702 460
702 578
702 938
702 198
22 450
22 924
22 487
22 217
22 703
83 468
83 573
83 448
83 568
83 423
83 407
48 347
48 470
221 940
221 782
221 699
221 776
221 391
371 325
371 98
371 568
371 813
371 531
762 776
762 87
762 484
762 512
762 482
683 509
683 120
683 824
683 938
683 444
997 225
997 597
997 833
997 349
997 607
455 277
455 535
455 294
455 262
455 802
761 317
761 82
761 193
761 136
761 546
103 29
103 75
103 282
103 500
103 740
193 407
193 264
209 459
209 820
209 6
209 161
521 406
521 238
521 895
521 393
706 598
706 646
706 385
706 164
706 788
243 140
243 550
243 979
243 838
265 301
265 711
265 384
265 837
265 577
278 368
278 345
278 513
278 12
278 309
719 56
719 643
719 123
719 373
719 949
768 872
768 909
768 991
768 137
812 286
812 309
812 905
542 940
542 365
465 470
465 769
465 519
410 148
410 474
410 117
410 506
410 179
838 724
838 558
644 877
644 671
644 587
644 166
644 7
644 523
776 484
776 87
776 512
654 390
654 47
654 766
654 210
654 430
528 579
528 438
528 664
514 262
514 230
514 408
514 745
267 650
267 922
267 5
267 302
646 130
646 711
646 630
646 51
541 663
541 881
541 891
541 430
541 808
880 38
880 407
880 289
880 959
459 820
459 327
459 161
120 871
120 973
120 712
211 406
211 894
211 114
211 629
211 444
485 871
485 272
485 733
485 893
474 115
474 606
173 82
173 196
173 403
173 491
173 955
173 55
638 110
638 609
638 72
144 428
144 741
144 874
144 567
840 721
840 106
840 873
657 277
657 652
657 340
657 789
424 977
424 769
424 765
424 386
894 561
894 898
894 285
894 590
336 708
336 752
336 513
336 972
781 584
781 903
781 675
781 131
35 601
35 732
35 106
35 281
524 569
524 110
524 78
524 795
524 126
185 724
185 152
185 200
185 910
203 954
203 376
203 843
203 146
203 758
448 468
448 573
448 423
448 819
448 568
842 971
842 364
47 796
47 663
47 632
47 476
547 778
547 58
547 881
547 750
821 562
821 277
821 420
821 510
302 899
302 460
302 924
379 660
379 72
379 884
501 549
501 1
501 417
501 394
625 959
625 788
625 802
625 258
452 261
452 750
452 406
452 955
558 90
558 132
558 399
376 861
376 954
376 758
376 146
939 141
939 412
939 772
939 990
732 132
732 281
732 740
97 977
97 690
97 354
97 138
97 897
126 658
126 270
126 256
726 355
726 418
726 372
726 582
419 377
419 480
419 782
419 383
419 326
419 593
671 788
671 285
671 130
599 297
599 630
599 383
131 941
131 652
131 18
131 10
131 246
887 826
887 831
887 510
925 197
925 907
925 551
925 390
925 556
925 10
815 980
815 342
815 194
815 691
808 98
808 673
808 339
897 723
897 910
897 957
897 429
141 662
141 834
141 772
141 990
117 179
117 506
117 148
117 61
117 240
491 663
491 44
128 411
128 389
729 881
729 905
729 573
729 393
729 519
584 903
584 850
584 556
285 66
285 347
285 183
941 736
941 355
941 95
18 711
18 586
18 88
337 323
337 746
337 519
362 843
362 651
362 833
362 675
21 630
21 881
21 534
21 249
868 319
868 916
868 656
538 81
538 171
538 453
538 574
345 349
345 919
345 567
38 130
38 571
38 402
38 809
928 54
928 349
928 986
565 147
565 180
91 383
91 593
91 57
91 780
91 561
703 712
703 924
703 217
703 765
959 6
959 137
959 176
959 833
914 571
914 34
914 389
914 505
914 418
572 734
572 119
572 12
572 536
363 268
363 806
363 143
363 791
171 453
171 249
554 78
554 809
183 206
183 135
183 708
183 387
210 863
210 556
210 177
919 435
919 727
586 778
586 143
586 213
910 200
910 724
910 226
418 957
418 582
418 106
954 667
954 758
954 146
378 662
378 224
378 736
378 670
268 727
268 307
176 6
176 347
176 609
991 872
991 557
991 348
991 909
995 333
995 901
995 472
995 428
995 915
402 510
402 560
402 750
451 871
451 831
451 946
451 891
451 53
348 980
348 151
348 656
348 916
480 383
480 426
480 332
480 507
453 505
46 255
46 882
46 27
46 621
444 99
444 325
444 344
316 544
316 590
316 492
316 143
316 115
316 307
147 967
147 871
147 591
826 399
826 70
826 831
82 996
82 86
217 765
217 344
217 924
380 77
380 983
380 579
380 255
224 837
224 610
224 272
334 509
334 340
334 621
334 145
334 904
438 694
438 579
438 664
137 12
551 213
551 519
551 391
551 699
551 647
54 99
649 166
649 372
649 752
649 52
649 886
909 557
909 967
909 872
321 859
321 850
321 725
321 437
913 190
913 627
913 738
913 136
627 190
627 738
956 987
956 170
956 853
996 858
996 86
996 155
181 260
181 152
181 964
344 325
344 327
344 632
505 571
505 389
850 891
850 725
850 859
476 587
476 591
476 730
643 123
643 373
643 949
643 56
213 310
213 876
213 612
907 351
907 952
833 597
721 493
468 423
468 568
468 435
639 527
639 382
413 921
413 918
413 446
852 303
852 229
852 805
852 663
852 429
385 828
385 648
385 264
460 368
460 718
315 828
315 722
315 216
219 259
219 328
219 904
492 45
492 42
492 896
317 477
317 796
317 151
506 179
506 148
506 788
113 917
113 277
113 741
113 13
10 197
10 279
10 807
318 261
318 804
318 631
435 286
435 645
435 309
697 647
697 87
697 216
697 484
697 454
876 612
876 940
876 114
876 611
837 384
837 495
837 301
148 179
550 432
550 979
550 780
772 877
772 990
906 507
906 238
906 230
906 242
694 579
745 482
745 408
745 230
711 672
617 121
617 648
560 463
31 723
31 310
31 165
31 610
233 610
233 569
154 98
154 517
154 602
154 393
154 748
749 813
749 860
749 226
749 58
557 872
557 466
86 610
658 256
658 270
622 576
622 518
622 669
622 805
327 332
327 432
295 332
295 861
205 947
205 32
205 386
205 811
507 813
507 230
332 987
611 718
611 114
611 862
516 857
516 69
516 2
516 168
516 873
957 51
957 27
957 883
957 89
135 387
135 443
135 708
135 206
591 90
140 636
140 163
140 426
140 180
165 689
165 723
165 370
165 489
879 804
879 223
879 974
879 25
466 564
466 432
466 296
466 531
198 422
198 669
198 172
198 247
647 634
647 699
647 286
382 527
382 323
382 983
2 218
2 873
2 314
2 168
509 938
509 824
527 794
527 983
427 490
427 192
427 99
427 904
960 390
960 365
960 791
960 255
648 733
648 356
778 293
778 58
733 890
733 341
437 725
437 691
437 197
437 834
755 1
755 549
755 661
482 512
87 484
87 216
87 512
263 307
877 523
877 166
326 782
326 756
326 904
326 377
341 313
341 927
408 862
408 748
408 999
408 950
620 436
620 597
620 992
651 828
651 831
651 843
979 432
979 746
905 188
200 672
200 724
145 160
145 662
389 571
389 650
296 432
296 904
824 938
204 598
204 11
307 115
727 895
734 536
734 119
791 695
791 699
987 853
987 564
51 677
51 130
201 636
201 426
201 163
938 388
630 839
218 923
177 943
177 443
177 577
177 890
313 631
313 314
917 802
917 50
917 13
917 163
602 490
602 415
901 29
309 239
309 286
862 178
862 999
862 114
862 187
3 464
3 965
3 472
691 834
691 197
691 819
89 981
89 662
89 153
577 634
577 428
891 28
891 464
973 32
973 556
736 340
736 789
354 138
354 977
34 531
34 730
416 603
416 562
921 918
921 446
351 926
351 226
351 692
450 484
450 196
450 311
782 756
782 695
782 377
792 421
792 495
792 981
258 279
258 50
114 52
764 758
764 601
950 860
950 999
789 229
789 946
789 652
725 859
29 980
29 61
29 75
426 163
426 636
387 708
387 206
387 52
603 746
603 899
784 397
784 690
784 240
784 511
795 569
758 146
139 972
139 78
139 750
139 746
377 667
377 576
681 530
681 96
681 223
59 590
59 289
443 403
518 73
518 370
718 368
718 564
66 260
66 512
66 895
66 763
32 168
32 364
32 75
70 580
70 739
247 239
247 478
898 813
898 294
898 391
582 372
582 355
98 396
98 775
918 397
918 446
7 391
7 965
7 752
7 166
916 677
916 656
511 240
511 397
230 813
665 73
665 431
665 69
373 949
373 123
373 56
484 512
303 645
303 943
303 25
297 223
297 530
297 96
164 396
164 56
164 951
164 95
310 543
310 739
690 430
690 429
769 470
769 486
170 990
163 636
874 567
874 741
874 794
223 530
223 96
926 428
926 286
926 226
766 196
328 259
948 763
948 27
652 375
544 886
544 289
544 951
544 841
688 304
688 585
687 860
687 841
687 863
656 388
786 194
229 844
229 673
798 952
798 819
798 669
798 169
1 394
1 549
445 167
445 574
445 612
445 587
445 629
394 192
394 549
546 115
546 370
632 677
632 819
632 262
314 340
314 463
25 188
890 664
890 167
397 472
756 260
756 903
756 839
590 994
590 667
190 369
190 738
578 121
578 971
578 431
44 264
44 403
44 663
500 246
500 282
606 77
915 57
535 661
365 698
56 949
56 871
88 77
319 457
319 517
13 802
13 420
13 50
809 571
858 406
858 807
765 924
188 980
188 325
301 384
301 242
301 495
947 811
947 386
947 493
530 96
530 881
429 986
429 403
160 860
160 562
369 172
369 493
977 138
720 30
720 119
720 417
796 477
239 478
121 39
391 699
391 965
883 486
828 722
828 634
923 439
923 6
951 396
951 95
844 634
844 179
857 949
857 692
664 999
72 884
72 660
436 992
436 30
510 356
510 368
964 364
964 675
517 393
583 794
495 384
495 670
255 621
393 238
886 893
886 159
169 669
169 952
899 770
899 417
853 55
853 564
42 45
42 896
566 262
566 854
566 486
871 439
920 839
920 701
920 823
920 12
81 631
364 75
813 390
885 202
885 254
692 226
955 212
746 238
992 744
992 30
573 423
593 388
593 57
593 561
323 206
323 487
281 601
281 740
660 55
660 884
238 587
730 587
730 73
30 744
333 428
333 609
55 187
381 212
161 820
839 823
839 903
972 155
770 28
386 811
386 78
580 739
580 629
713 215
713 136
311 355
311 612
311 513
99 561
272 807
272 279
903 823
903 974
650 5
650 225
922 155
197 834
943 536
168 873
388 763
701 12
863 841
123 132
355 372
981 399
216 489
187 999
396 95
598 356
598 11
279 807
896 45
634 464
708 206
61 407
61 457
806 805
478 178
994 151
403 621
794 636
454 882
454 53
304 585
423 568
37 712
37 368
37 375
802 50
270 256
215 677
399 421
490 415
422 854
780 57
780 561
677 412
946 53
983 463
965 172
965 420
567 741
927 487
28 53
339 673
805 576
698 347
536 119
431 69
246 282
69 235
