11 374
11 863
11 401
11 841
11 750
11 167
158 260
158 978
158 664
158 909
158 415
158 536
76 861
76 778
76 567
76 573
76 176
76 790
516 478
516 727
516 363
516 93
516 131
516 525
657 729
657 329
657 759
657 444
657 345
657 624
827 939
827 730
827 429
827 342
827 609
827 470
337 444
337 550
337 741
337 783
337 120
337 121
557 334
557 127
557 454
557 274
557 233
557 828
383 964
383 392
383 796
383 674
383 185
383 207
524 54
524 916
524 240
524 771
524 163
524 111
129 203
129 409
129 147
129 375
129 347
129 433
299 831
299 408
299 488
299 463
299 57
299 767
211 173
211 948
211 833
211 122
211 464
211 5
597 793
597 728
597 199
597 511
597 949
597 471
492 913
492 847
492 619
492 668
492 991
492 989
696 436
696 460
696 165
696 183
696 687
696 900
22 300
22 614
22 151
22 197
22 499
22 692
810 481
810 362
810 407
810 869
810 887
810 743
859 560
859 713
859 843
859 100
859 847
859 192
898 387
898 709
898 49
898 266
898 365
898 169
572 961
572 679
572 639
572 489
572 919
572 353
725 69
725 854
725 809
725 388
725 579
725 151
143 112
143 566
143 753
143 62
143 493
143 797
462 950
462 240
462 237
462 379
462 351
462 193
308 309
308 228
308 272
308 276
308 95
308 90
795 866
795 217
795 698
795 235
795 93
795 7
71 434
71 191
71 893
71 870
71 396
71 150
968 758
968 312
968 186
968 389
968 354
968 586
127 43
127 484
127 52
127 478
127 769
454 334
454 884
454 274
454 828
454 925
400 24
400 456
400 501
400 603
400 194
400 633
878 398
878 422
878 873
878 919
878 490
878 213
48 40
48 938
48 747
48 813
48 336
48 634
310 551
310 171
310 714
310 941
310 511
310 799
232 996
232 421
232 539
232 105
232 147
232 885
656 550
656 931
656 121
656 120
656 7
656 95
258 757
258 899
258 752
258 54
258 640
258 755
794 952
794 83
794 349
794 923
794 53
794 750
259 770
259 893
259 122
259 150
259 473
259 774
530 552
530 678
530 373
530 236
530 596
530 181
140 890
140 273
140 187
140 94
140 344
140 886
164 202
164 377
164 498
164 4
164 700
164 641
47 960
47 122
47 579
47 662
47 396
47 123
610 446
610 631
610 485
610 667
610 867
610 74
68 307
68 603
68 36
68 138
68 631
68 457
404 457
404 654
404 646
404 792
404 244
404 327
188 529
188 509
188 0
188 961
188 568
188 151
735 508
735 611
735 401
735 665
735 836
735 58
804 126
804 428
804 25
804 566
804 559
804 851
967 464
967 210
967 395
967 916
967 289
967 790
114 860
114 447
114 965
114 775
114 502
114 438
520 825
520 255
520 286
520 541
520 376
520 402
765 950
765 387
765 962
765 241
765 224
765 807
975 281
975 649
975 10
975 390
975 579
975 838
165 183
165 279
165 687
165 460
165 436
193 351
193 18
193 237
193 950
193 379
225 463
225 335
225 167
225 417
225 194
225 682
244 654
244 646
244 792
244 573
244 327
73 330
73 91
73 971
73 817
73 608
73 642
604 182
604 764
604 844
604 902
604 174
604 672
356 838
356 982
356 260
356 390
356 494
356 793
547 612
547 663
547 226
547 3
547 581
547 659
115 495
115 353
115 721
115 586
115 914
115 219
866 381
866 589
866 835
866 7
866 180
466 304
466 491
466 238
466 582
466 983
466 262
535 923
535 606
535 646
535 53
535 697
535 417
178 414
178 3
178 59
178 65
178 632
178 41
397 779
397 56
397 882
397 678
397 602
397 583
242 937
242 280
242 626
242 710
242 237
242 239
229 817
229 53
229 971
229 608
229 398
229 855
708 148
708 154
708 814
708 215
708 988
708 36
268 483
268 589
268 603
268 977
268 396
268 537
699 2
699 605
699 575
699 666
699 249
699 706
327 230
327 78
327 792
327 646
785 134
785 615
785 445
785 864
785 75
785 441
196 770
196 862
196 756
196 149
196 51
196 442
302 849
302 654
302 726
302 846
302 248
302 85
279 640
279 511
279 93
279 109
279 757
974 17
974 16
974 617
974 36
974 988
974 953
9 56
9 348
9 607
9 570
9 503
9 26
67 927
67 55
67 692
67 12
67 614
67 197
108 718
108 712
108 835
108 630
108 982
108 354
189 438
189 750
189 830
189 683
189 695
189 533
315 453
315 341
315 27
315 766
315 263
315 257
402 551
402 907
402 833
402 531
402 313
907 97
907 0
907 705
907 89
907 65
951 474
951 753
951 458
951 412
951 960
951 740
525 131
525 905
525 727
525 363
525 924
94 886
94 890
94 344
94 273
94 187
928 301
928 206
928 698
928 594
928 152
928 333
666 2
666 575
666 884
666 605
666 249
745 588
745 921
745 681
745 130
745 380
745 372
25 559
25 126
25 851
25 904
25 701
685 81
685 842
685 627
685 413
685 220
685 932
81 818
81 480
81 35
81 761
81 292
320 350
320 933
320 591
320 139
320 317
320 848
185 796
185 964
185 392
185 207
185 674
247 354
247 630
247 463
247 844
247 398
247 3
389 847
389 647
389 957
389 901
389 325
287 773
287 331
287 821
287 283
287 977
287 669
425 653
425 702
425 461
425 906
425 671
425 78
332 74
332 6
332 512
332 485
332 867
332 667
576 374
576 294
576 686
576 31
576 632
576 882
313 497
313 151
313 986
313 147
313 20
334 828
334 925
334 233
334 274
180 537
180 56
180 932
180 882
180 240
973 629
973 64
973 175
973 758
973 636
973 733
39 675
39 719
39 288
39 209
39 245
39 569
997 806
997 826
997 993
997 835
997 994
997 876
517 109
517 45
517 583
517 643
517 668
517 771
658 587
658 157
658 855
658 521
658 406
658 780
539 593
539 105
539 996
539 421
539 885
762 277
762 736
762 239
762 689
762 46
762 295
63 10
63 691
63 419
63 649
63 281
63 545
424 986
424 904
424 4
424 265
424 418
424 102
549 842
549 846
549 30
549 252
549 893
549 70
955 29
955 314
955 839
955 648
955 59
955 724
472 479
472 103
472 999
472 620
472 965
472 141
592 163
592 13
592 166
592 364
592 107
592 832
28 19
28 836
28 917
28 474
28 177
28 209
220 413
220 23
220 627
220 319
220 932
636 931
636 175
636 64
636 758
636 78
195 625
195 775
195 198
195 280
195 998
195 584
393 912
393 452
393 182
393 818
393 789
393 565
564 732
564 911
564 852
564 504
564 655
564 291
179 269
179 449
179 903
179 706
179 391
179 448
226 289
226 787
226 612
226 663
226 659
58 394
58 693
58 494
58 496
58 508
494 937
494 838
494 793
494 260
85 253
85 362
85 849
85 163
85 726
182 497
182 789
182 565
182 452
379 1
379 351
379 950
379 237
113 83
113 80
113 782
113 918
113 558
113 802
775 280
775 995
775 198
775 857
86 707
86 949
86 312
86 946
86 880
86 912
821 331
821 977
821 773
821 835
821 283
172 290
172 0
172 961
172 529
172 568
172 541
595 723
595 888
595 428
595 650
595 722
595 542
331 773
331 283
331 977
331 548
438 683
438 533
438 830
438 695
980 161
980 947
980 216
980 149
980 944
980 306
450 419
450 398
450 509
450 626
450 982
450 643
954 621
954 230
954 79
954 410
954 705
954 728
104 467
104 865
104 780
104 872
104 343
104 673
991 619
991 913
991 671
991 989
991 741
271 443
271 990
271 895
271 486
271 49
271 607
314 819
314 648
314 829
314 839
314 29
170 573
170 212
170 754
170 78
170 392
170 231
936 933
936 153
936 720
936 598
936 959
936 777
29 648
29 296
29 839
29 829
198 625
198 917
198 584
198 280
360 766
360 938
360 145
360 507
360 540
360 87
378 270
378 483
378 324
378 984
378 72
378 147
556 618
556 230
556 963
556 899
556 482
556 45
202 606
202 555
202 641
202 377
202 18
888 542
888 650
888 722
888 723
888 573
284 544
284 532
284 781
284 979
284 44
284 403
623 405
623 868
623 754
623 168
623 340
623 487
881 96
881 430
881 894
881 32
881 1
881 910
749 235
749 348
749 6
749 626
749 543
749 518
877 738
877 703
877 205
877 837
877 647
877 651
144 369
144 850
144 370
144 206
144 786
144 439
883 630
883 542
883 548
883 304
883 718
883 420
856 753
856 221
856 375
856 742
856 297
856 227
860 447
860 965
860 669
860 502
860 814
250 270
250 996
250 163
250 969
250 815
250 303
901 102
901 30
901 743
901 218
901 694
82 816
82 545
82 243
82 920
82 8
82 204
908 931
908 523
908 99
908 660
908 715
908 471
358 750
358 688
358 846
358 529
358 364
358 37
583 743
583 771
583 916
583 137
824 988
824 89
824 234
824 416
824 710
824 979
408 57
408 767
408 760
408 831
408 12
433 396
433 142
433 203
433 347
433 409
558 615
558 116
558 75
558 326
558 864
873 382
873 809
873 919
873 213
873 422
339 970
339 510
339 812
339 599
339 266
339 233
569 245
569 675
569 288
569 719
569 875
350 848
350 591
350 317
350 139
350 774
844 174
844 354
844 672
844 902
312 160
312 277
312 489
312 688
323 626
323 275
323 665
323 700
323 581
323 444
476 278
476 803
476 160
476 880
476 942
476 686
840 311
840 941
840 561
840 61
840 976
840 432
190 208
190 441
190 869
190 655
190 911
190 742
217 35
217 555
217 698
217 93
217 110
326 201
326 116
326 257
326 41
326 548
752 426
752 909
752 561
752 899
752 89
426 282
426 740
426 216
426 944
426 947
839 296
839 648
839 829
346 106
346 99
346 125
346 414
346 488
346 65
730 609
730 429
730 342
730 698
730 939
205 651
205 647
205 738
205 837
205 703
233 828
233 925
233 274
477 162
477 214
477 133
477 930
477 690
477 361
169 266
169 709
169 49
169 293
169 365
688 619
688 286
688 105
688 757
166 986
166 13
166 364
166 832
166 107
390 838
390 793
390 260
390 577
578 566
578 330
578 278
578 585
578 123
578 624
972 445
972 879
972 834
972 956
972 72
972 20
430 1
430 705
430 96
430 894
430 910
845 652
845 676
845 645
845 385
845 468
845 982
38 176
38 761
38 224
38 573
38 945
38 154
241 807
241 156
241 50
241 571
241 387
107 832
107 364
107 316
107 176
978 536
978 457
978 415
978 664
978 909
963 618
963 411
963 446
963 482
963 45
507 87
507 540
507 13
507 766
507 774
948 833
948 812
948 5
948 173
948 464
5 618
5 173
5 464
5 833
701 322
701 559
701 395
701 489
701 126
289 916
289 847
289 210
289 395
546 294
546 500
546 934
546 632
546 628
546 746
128 469
128 732
128 184
128 236
128 427
128 253
134 615
134 674
134 942
134 864
134 75
739 440
739 808
739 875
739 798
739 506
739 574
962 916
962 807
962 409
962 812
962 755
779 993
779 798
779 300
779 506
779 574
998 593
998 710
998 577
998 906
998 399
412 711
412 740
412 474
412 960
412 458
567 861
567 499
567 59
567 778
567 790
456 24
456 501
456 194
456 969
456 832
902 174
902 101
902 764
902 672
697 417
697 923
697 606
697 694
697 626
965 405
965 447
965 502
442 51
442 756
442 770
442 754
442 149
675 458
675 245
675 719
675 288
710 210
710 970
710 30
755 757
755 437
755 54
755 640
342 939
342 628
342 429
342 609
508 842
508 496
508 846
508 50
728 79
728 621
728 942
728 410
952 252
952 813
952 580
952 200
952 30
723 428
723 650
723 722
723 542
485 867
485 667
485 74
485 512
747 772
747 768
747 966
747 554
747 21
822 362
822 538
822 580
822 600
822 896
822 371
269 448
269 903
269 594
269 391
269 449
374 403
374 750
374 407
374 167
135 570
135 340
135 487
135 451
135 168
135 868
294 632
294 628
294 934
294 500
161 947
161 944
161 599
161 306
161 216
432 311
432 561
432 61
432 941
432 976
32 218
32 208
32 60
32 504
32 958
515 254
515 751
515 781
515 303
515 544
515 797
664 201
664 415
664 909
664 536
152 301
152 208
152 333
152 871
152 913
612 659
612 234
612 787
612 663
423 803
423 318
423 435
423 601
423 401
423 359
926 858
926 724
926 97
926 518
926 791
926 889
920 8
920 204
920 510
920 243
920 545
565 452
565 497
565 306
565 789
629 661
629 712
629 805
629 662
629 366
802 582
802 918
802 80
802 782
802 83
103 34
103 368
103 769
103 987
103 513
347 409
347 203
347 142
347 375
14 43
14 298
14 52
14 478
14 484
14 521
118 653
118 689
118 336
118 109
118 568
118 637
895 443
895 486
895 990
895 222
895 335
921 372
921 588
921 380
921 681
921 130
931 523
931 660
931 99
534 981
534 255
534 555
534 31
534 345
534 111
799 551
799 171
799 754
799 714
799 151
221 619
221 319
221 341
221 475
221 715
910 1
910 248
910 96
910 894
644 66
644 431
644 394
644 133
644 677
644 853
930 214
930 361
930 162
930 690
930 533
243 40
243 8
243 204
243 545
586 958
586 138
586 635
586 33
601 435
601 594
601 359
601 803
601 318
825 286
825 715
825 541
825 376
825 255
328 235
328 716
328 553
328 915
328 602
328 459
550 121
550 741
550 120
550 783
695 275
695 830
695 137
695 683
767 57
767 807
767 464
767 831
857 319
857 77
857 638
857 264
857 159
616 110
616 704
616 386
616 531
616 562
616 88
110 354
110 581
110 460
110 984
92 325
92 613
92 863
92 808
92 707
92 136
984 270
984 324
984 72
984 719
316 988
316 41
316 137
316 245
316 938
261 751
261 820
261 660
261 307
261 979
261 654
267 900
267 639
267 146
267 321
267 957
267 367
385 652
385 645
385 670
385 468
385 676
562 704
562 531
562 125
562 386
562 88
119 394
119 159
119 77
119 519
119 264
119 638
784 509
784 899
784 538
784 661
784 69
784 805
852 911
852 655
852 504
852 959
852 291
937 192
937 35
937 305
937 691
19 820
19 753
19 301
19 355
19 734
999 620
999 927
999 479
999 141
999 101
732 427
732 184
732 469
732 253
275 626
275 290
275 305
275 101
925 828
925 274
925 363
689 46
689 277
689 295
689 736
830 533
830 683
830 481
184 469
184 427
184 995
184 253
923 694
923 417
923 606
487 340
487 405
487 868
487 168
854 69
854 809
854 579
854 235
854 388
897 15
897 514
897 117
897 606
897 823
897 744
50 16
50 388
50 321
50 599
843 192
843 771
843 940
843 100
843 560
214 361
214 690
214 329
214 162
420 173
420 55
420 599
420 519
420 24
653 906
653 702
653 671
653 461
239 829
239 295
239 736
239 46
858 889
858 97
858 518
858 791
858 724
116 447
116 496
116 301
116 288
150 893
150 870
150 191
150 434
455 43
455 905
455 416
455 298
455 322
455 848
519 60
519 772
519 394
519 265
187 886
187 580
187 273
187 890
439 886
439 369
439 850
439 370
439 786
927 620
927 479
927 141
927 303
976 311
976 61
976 453
976 263
102 418
102 218
102 904
102 265
889 791
889 497
889 518
889 97
359 803
359 435
359 874
359 318
631 56
631 307
631 36
631 457
826 319
826 876
826 993
826 994
826 806
645 398
645 652
645 468
645 676
577 321
577 943
577 678
577 751
853 800
853 677
853 42
853 431
853 66
111 3
111 981
111 760
111 240
300 440
300 798
300 506
300 574
806 835
806 994
806 993
806 876
862 510
862 149
862 51
862 876
862 756
53 142
53 417
53 625
949 880
949 682
949 946
949 707
990 335
990 486
990 443
990 726
532 44
532 125
532 781
532 403
532 544
437 206
437 230
437 391
437 947
437 981
480 35
480 761
480 292
480 660
480 818
548 254
548 718
548 630
786 369
786 8
786 370
786 850
582 238
582 262
582 983
582 491
891 417
891 694
891 468
891 230
891 764
891 23
905 363
905 727
905 924
905 131
132 622
132 783
132 933
132 935
132 680
132 684
624 278
624 123
624 585
624 444
386 704
386 531
386 106
386 88
769 687
769 513
769 368
769 987
155 84
155 527
155 985
155 282
155 748
155 816
348 751
348 570
348 607
348 503
130 834
130 372
130 681
130 380
929 382
929 811
929 70
929 254
929 814
929 831
325 405
325 136
325 613
325 863
945 526
945 381
945 475
945 761
945 322
861 778
861 790
861 59
861 499
590 718
590 591
590 731
590 489
590 807
590 540
684 811
684 475
684 935
684 680
684 622
37 186
37 528
37 776
37 874
37 763
737 177
737 303
737 248
737 366
737 27
737 596
823 744
823 15
823 593
823 117
823 514
892 499
892 522
892 717
892 256
892 505
892 670
687 460
687 183
687 436
181 373
181 552
181 236
181 668
181 596
256 522
256 717
256 670
256 465
256 505
512 867
512 405
512 667
512 74
621 410
621 748
621 79
621 942
15 514
15 593
15 744
15 117
718 254
718 630
139 848
139 262
139 317
139 591
634 148
634 124
634 992
634 154
634 262
541 286
541 255
541 376
95 228
95 272
95 276
95 953
598 720
598 777
598 933
598 153
598 959
297 622
297 742
297 811
297 731
297 935
553 716
553 459
553 336
553 602
553 915
377 641
377 700
377 498
377 4
30 252
30 813
91 754
91 608
91 971
91 817
91 642
713 560
713 100
713 192
713 652
713 983
491 238
491 483
491 983
491 262
148 992
148 154
148 330
148 124
609 939
609 301
609 429
197 55
197 692
197 614
197 12
101 620
101 479
101 141
109 715
109 970
109 453
209 212
209 206
209 587
209 215
153 720
153 959
153 933
153 777
395 751
395 797
395 322
655 504
655 291
655 911
791 97
791 518
791 724
45 482
45 618
45 411
453 257
453 263
453 341
953 988
953 617
953 16
953 17
661 662
661 805
661 712
661 366
540 766
540 87
540 84
112 352
112 706
112 234
112 62
112 493
628 500
628 746
628 934
551 714
551 317
551 171
935 680
935 811
935 622
591 317
591 848
42 800
42 66
42 431
42 720
42 677
295 736
295 46
295 277
600 371
600 896
600 538
600 372
600 399
922 156
922 384
922 349
922 589
922 563
922 801
361 690
361 162
361 351
465 717
465 98
465 522
465 505
465 392
579 388
579 809
773 285
773 283
773 977
88 531
88 321
88 704
801 589
801 384
801 349
801 563
801 138
470 669
470 585
470 410
470 304
470 743
231 392
231 290
231 304
231 303
231 691
355 33
355 820
355 285
355 819
355 734
513 678
513 987
513 368
513 34
944 947
944 306
944 216
124 668
124 218
124 992
124 154
903 407
903 448
903 449
903 391
18 142
18 338
18 357
18 246
560 100
560 940
560 192
796 207
796 964
796 528
796 674
722 495
722 542
722 428
26 329
26 729
26 759
26 97
26 345
596 552
596 373
596 61
343 467
343 673
343 865
343 642
343 872
422 490
422 382
422 213
422 919
682 880
682 707
682 946
682 414
650 588
650 305
650 428
555 98
555 943
555 693
717 670
717 522
717 505
264 394
264 77
264 638
264 159
882 537
882 669
882 946
96 1
96 875
96 894
34 368
34 774
34 787
34 987
54 640
54 757
54 157
865 467
865 673
865 283
865 872
879 676
879 956
879 445
879 20
879 834
403 625
403 781
403 44
588 681
588 380
588 831
979 743
979 440
979 813
340 120
340 168
340 868
499 778
499 59
371 399
371 538
371 896
371 416
291 911
291 987
291 504
872 673
872 467
872 146
123 78
123 278
123 585
203 375
203 409
203 213
759 329
759 977
759 729
759 345
814 678
814 142
814 669
162 690
162 561
498 700
498 137
498 4
498 641
363 131
363 924
915 716
915 602
915 459
915 145
207 674
207 964
207 392
240 760
240 771
992 154
992 24
992 580
212 219
212 581
212 711
212 419
584 200
584 280
584 812
584 625
406 157
406 969
406 780
406 855
406 521
449 391
449 69
449 448
940 842
940 100
940 290
940 771
90 228
90 272
90 309
90 276
90 594
329 345
329 729
537 167
537 330
537 502
640 757
640 871
817 971
817 642
817 608
946 880
946 707
83 918
83 782
83 80
52 484
52 298
52 478
52 43
482 411
482 461
482 618
427 995
427 253
427 469
543 815
543 6
543 27
543 554
543 760
224 587
224 703
224 649
224 176
674 964
511 875
511 800
511 680
503 223
503 607
503 322
503 570
62 352
62 234
62 493
62 706
20 445
20 956
20 815
381 475
381 970
381 526
381 788
886 273
886 890
864 441
864 75
864 615
486 726
486 335
486 443
451 917
451 496
451 177
451 770
451 774
493 352
493 234
493 706
293 526
293 367
293 160
293 788
293 7
416 399
416 842
416 322
571 387
571 594
571 473
571 79
571 679
69 70
69 899
703 738
703 651
703 837
870 191
870 792
870 434
870 396
970 788
970 526
36 457
36 307
461 906
461 671
461 702
125 99
125 523
125 471
673 467
673 643
199 319
199 251
199 635
199 633
199 376
622 811
622 680
319 251
538 399
538 896
473 137
473 251
473 679
473 122
820 33
820 819
820 734
373 670
373 552
373 236
429 679
429 939
276 228
276 309
276 272
396 191
678 742
215 731
215 467
215 206
215 357
475 788
475 526
642 421
642 971
399 896
832 13
832 364
174 672
174 849
174 764
305 223
305 871
305 633
834 445
834 21
834 956
702 671
702 994
702 906
649 281
649 10
649 691
943 77
943 98
943 693
943 159
70 238
70 488
70 668
602 716
602 459
639 957
639 367
639 900
639 146
746 502
746 715
746 587
746 934
704 13
704 531
227 566
227 222
227 223
227 635
227 772
841 51
841 167
841 471
841 249
841 958
253 469
837 647
837 738
837 651
574 440
574 798
574 506
805 712
805 662
805 366
960 458
960 740
960 474
66 800
66 431
66 677
335 443
335 726
296 200
296 321
296 648
296 382
797 251
797 210
797 80
43 298
43 484
351 950
351 237
133 394
133 436
133 183
133 496
919 213
919 490
223 607
223 705
223 570
318 435
318 444
318 803
80 782
80 918
121 741
121 120
121 783
307 457
307 733
808 863
808 246
808 613
808 136
828 274
56 236
56 647
924 727
924 131
924 201
484 298
484 478
149 756
149 51
611 418
611 836
611 401
611 635
611 665
652 468
652 676
160 939
160 635
160 206
522 505
522 98
772 21
772 768
772 554
260 838
260 793
575 249
575 2
575 884
575 605
421 885
421 105
421 996
934 500
934 632
914 721
914 495
914 693
914 353
914 219
443 726
367 146
367 900
367 957
407 362
407 64
407 887
641 4
641 700
619 913
619 989
789 660
789 497
789 452
698 790
698 333
605 2
605 89
605 884
662 366
662 712
89 884
89 705
938 40
938 813
938 201
65 414
65 488
65 106
753 301
753 44
145 175
145 869
145 87
145 766
906 671
554 768
554 966
554 21
382 330
382 200
559 126
559 167
559 851
249 2
249 850
405 714
298 478
855 780
855 521
855 157
159 638
159 77
790 778
734 384
734 285
734 33
748 816
748 282
748 84
748 985
27 6
27 815
27 177
800 677
800 431
570 607
262 238
40 836
40 336
40 585
468 676
736 277
736 46
100 192
876 993
876 994
17 552
17 988
17 617
17 16
204 545
204 8
204 330
971 608
352 234
352 869
352 887
273 344
273 890
527 84
527 816
527 282
527 248
527 985
683 481
683 533
176 398
176 573
871 208
871 995
871 333
146 957
146 900
333 60
333 208
783 120
783 741
61 941
61 311
246 637
246 338
246 711
246 357
210 982
210 916
863 136
863 613
278 566
278 585
349 384
349 589
349 563
798 440
798 506
23 194
23 413
23 932
23 627
893 191
893 434
648 829
10 281
10 899
10 958
959 777
959 720
60 764
60 208
60 816
643 387
643 490
643 599
490 444
490 213
270 483
270 72
270 324
481 533
481 362
481 887
544 781
544 679
544 44
721 419
721 495
721 353
721 219
168 370
168 868
987 368
613 136
613 87
700 4
446 608
446 966
446 768
446 738
72 483
72 324
510 812
510 912
510 617
663 3
663 787
663 659
966 21
966 768
966 7
651 738
651 647
580 200
580 252
667 74
667 867
740 474
740 458
981 989
981 138
981 851
677 431
986 265
986 418
986 904
321 815
912 603
912 57
912 230
435 447
435 803
660 523
933 777
957 900
78 410
593 117
593 514
763 186
763 776
763 254
763 528
763 874
51 756
87 766
411 459
411 618
411 163
606 694
263 341
263 257
263 812
479 141
479 620
995 156
995 686
84 985
84 282
742 956
742 875
16 617
16 603
458 474
57 228
57 831
281 419
281 691
33 285
33 819
594 222
707 880
869 434
869 413
286 255
286 376
136 561
788 2
788 526
151 509
177 917
177 829
336 222
336 633
913 989
913 847
459 716
633 171
633 603
956 445
760 3
760 756
506 440
460 183
460 436
679 122
816 985
376 255
693 98
693 7
764 672
254 222
581 509
581 142
887 362
887 743
941 311
941 561
776 668
776 528
776 874
776 186
833 173
833 464
24 501
24 194
969 309
969 780
969 521
46 277
201 670
201 257
141 620
471 523
471 99
380 681
380 372
372 681
292 35
292 283
292 761
292 818
836 665
836 401
709 49
709 266
709 729
709 365
654 646
654 792
848 317
387 156
589 563
251 122
251 819
106 488
106 414
106 958
947 216
711 126
711 248
711 686
961 529
961 0
961 568
896 669
712 366
391 706
157 521
157 780
265 418
265 904
156 344
156 489
993 994
365 463
365 266
365 49
818 35
818 761
781 44
497 452
716 235
758 64
758 917
758 175
958 218
777 720
909 415
909 536
147 41
147 733
282 985
357 637
357 105
357 338
344 890
344 918
875 338
733 637
733 175
733 64
117 514
117 744
942 849
942 79
867 74
304 415
304 744
79 410
345 729
469 982
194 501
638 77
638 6
235 290
637 989
637 338
191 434
370 369
370 850
418 904
950 237
694 419
536 415
536 463
222 635
219 495
219 353
846 842
846 849
236 552
690 501
809 388
809 731
173 463
529 568
529 0
31 171
31 849
31 714
31 311
514 744
441 665
441 75
441 615
448 727
448 751
563 138
563 384
646 792
774 770
528 186
528 874
171 714
131 727
353 495
715 93
815 6
55 388
55 12
55 614
324 770
324 483
257 341
705 885
21 768
523 99
617 252
0 568
545 8
659 501
659 787
724 518
724 489
782 918
782 375
436 183
630 354
680 811
414 488
428 542
384 138
137 41
793 838
719 288
719 245
447 502
787 368
49 266
163 692
819 285
375 409
807 813
851 126
851 341
625 280
228 272
338 754
105 996
894 587
894 1
369 850
369 672
632 500
964 835
750 587
885 996
885 93
364 13
75 615
911 504
200 252
290 218
413 932
413 627
496 599
566 847
665 401
731 248
731 500
452 306
686 285
686 41
186 874
272 309
627 309
627 932
917 884
778 59
12 692
12 614
692 614
216 306
505 98
983 238
983 509
245 288
175 64
303 691
741 868
