269 966
269 166
269 513
269 286
269 233
269 872
682 961
682 960
682 86
682 4
682 556
682 199
663 85
663 951
663 427
663 435
663 377
663 803
987 360
987 171
987 706
987 410
987 153
987 493
891 903
891 444
891 612
891 884
891 538
891 531
994 894
994 641
994 22
994 379
994 339
994 273
25 319
25 864
25 243
25 574
25 669
25 281
816 989
816 351
816 653
816 633
816 157
816 479
597 295
597 23
597 180
597 379
597 565
597 913
633 366
633 576
633 610
633 763
633 989
38 656
38 748
38 391
38 452
38 613
38 701
935 585
935 729
935 372
935 869
935 744
935 883
507 428
507 938
507 664
507 783
507 674
507 577
968 327
968 563
968 466
968 130
968 184
968 141
795 353
795 675
795 932
795 603
795 713
795 806
877 443
877 806
877 484
877 396
877 36
877 544
80 471
80 993
80 587
80 944
80 115
80 731
257 804
257 908
257 771
257 830
257 526
257 47
528 809
528 122
528 801
528 705
528 51
528 436
533 380
533 554
533 804
533 232
533 357
533 305
419 898
419 850
419 194
419 185
419 541
419 467
855 177
855 872
855 647
855 425
855 517
855 508
525 168
525 0
525 849
525 232
525 496
525 980
873 395
873 934
873 715
873 679
873 530
873 803
51 809
51 801
51 436
51 705
51 722
608 425
608 762
608 625
608 40
608 673
608 245
313 941
313 962
313 205
313 875
313 779
313 395
465 902
465 283
465 703
465 919
465 842
465 786
98 889
98 481
98 776
98 457
98 22
98 895
540 280
540 719
540 253
540 975
540 211
540 825
860 818
860 704
860 415
860 242
860 681
860 107
863 426
863 290
863 260
863 624
863 817
863 452
451 737
451 688
451 258
451 130
451 769
451 856
844 765
844 22
844 96
844 899
844 848
844 833
5 985
5 834
5 693
5 17
5 315
5 854
986 626
986 638
986 63
986 386
986 701
986 933
136 122
136 642
136 280
136 30
136 645
136 662
423 299
423 298
423 478
423 515
423 32
423 661
68 671
68 641
68 288
68 745
68 264
68 901
139 240
139 646
139 757
139 610
139 383
139 10
388 777
388 515
388 256
388 336
388 150
388 945
495 348
495 700
495 511
495 510
495 967
495 761
230 730
230 41
230 379
230 449
230 489
230 705
961 754
961 639
961 646
961 64
961 10
572 387
572 294
572 566
572 363
572 559
572 8
990 712
990 250
990 188
990 149
990 216
990 822
398 16
398 559
398 202
398 958
398 571
398 356
688 978
688 887
688 546
688 425
688 262
380 208
380 82
380 342
380 203
380 357
640 500
640 520
640 289
640 247
640 542
640 698
264 641
264 745
264 288
264 901
264 840
146 639
146 470
146 486
146 880
146 861
146 47
998 335
998 942
998 254
998 316
998 694
998 756
50 440
50 88
50 259
50 470
50 509
50 464
356 202
356 555
356 323
356 571
356 124
433 692
433 478
433 892
433 680
433 364
433 194
911 744
911 594
911 586
911 759
911 899
911 658
654 304
654 913
654 959
654 892
654 546
654 411
607 742
607 152
607 337
607 811
607 851
607 569
947 375
947 626
947 893
947 534
947 437
947 420
227 214
227 501
227 622
227 862
227 345
227 357
397 442
397 595
397 328
397 869
397 505
397 123
2 383
2 852
2 213
2 340
2 270
2 977
724 729
724 585
724 201
724 446
724 629
724 76
238 977
238 904
238 225
238 699
238 954
238 753
643 438
643 4
643 489
643 922
643 444
643 232
906 340
906 355
906 429
906 367
906 294
906 170
741 105
741 101
741 390
741 249
741 710
741 621
883 585
883 729
883 463
883 372
883 517
216 188
216 852
216 920
216 71
216 843
918 888
918 900
918 919
918 948
918 267
918 204
78 283
78 786
78 842
78 902
78 670
78 311
310 884
310 598
310 605
310 353
310 750
310 876
739 292
739 592
739 111
739 235
739 402
739 983
959 955
959 922
959 226
959 798
959 237
209 772
209 490
209 581
209 456
209 603
209 145
650 378
650 637
650 246
650 161
650 186
650 85
461 939
461 958
461 504
461 60
461 236
461 915
865 201
865 683
865 69
865 0
865 685
865 744
690 52
690 442
690 611
690 992
690 666
690 858
837 573
837 445
837 373
837 821
837 159
837 21
696 870
696 868
696 909
696 183
696 997
696 150
997 870
997 319
997 265
997 79
997 924
710 395
710 384
710 372
710 350
710 412
91 354
91 882
91 406
91 8
91 399
91 523
923 596
923 538
923 886
923 249
923 516
923 386
48 499
48 931
48 65
48 46
48 371
48 278
58 762
58 615
58 65
58 374
58 435
58 684
317 854
317 814
317 728
317 727
317 910
317 964
857 439
857 592
857 718
857 70
857 191
857 644
766 881
766 636
766 936
766 46
766 787
766 619
832 840
832 401
832 119
832 594
832 948
832 248
7 580
7 55
7 949
7 635
7 794
7 446
780 519
780 532
780 201
780 513
780 394
780 649
683 687
683 899
683 0
683 358
683 744
834 315
834 628
834 634
834 127
834 567
173 190
173 777
173 868
173 725
173 872
173 502
583 463
583 138
583 489
583 472
583 95
583 937
475 524
475 163
475 108
475 831
475 548
475 896
476 418
476 312
476 343
476 905
476 927
476 93
279 719
279 87
279 799
279 363
279 156
279 715
601 972
601 321
601 850
601 359
601 154
601 29
225 954
225 977
225 904
225 699
225 753
630 156
630 354
630 69
630 120
630 963
630 565
400 309
400 580
400 62
400 720
400 115
400 982
482 180
482 207
482 233
482 81
482 416
482 524
371 382
371 890
371 931
371 104
371 67
684 307
684 514
684 825
684 912
684 615
138 586
138 598
138 685
138 472
138 354
817 554
817 135
817 260
817 624
817 426
791 320
791 925
791 953
791 23
791 676
791 467
861 612
861 531
861 903
861 538
861 655
268 609
268 155
268 442
268 519
268 422
268 907
591 730
591 416
591 466
591 694
591 545
591 142
408 760
408 594
408 916
408 4
408 3
408 203
943 289
943 14
943 627
943 931
943 382
943 218
995 210
995 670
995 768
995 517
995 452
995 244
307 978
307 623
307 887
307 392
307 467
519 907
519 609
519 422
519 155
789 702
789 266
789 835
789 588
789 841
789 332
937 448
937 105
937 324
937 565
937 344
281 28
281 169
281 886
281 229
281 103
381 272
381 185
381 244
381 879
381 132
381 331
580 117
580 285
580 278
580 706
83 4
83 725
83 823
83 404
83 878
83 215
811 851
811 82
811 742
811 944
811 108
277 625
277 118
277 521
277 189
277 933
277 247
905 418
905 945
905 927
905 343
905 772
747 581
747 367
747 490
747 145
747 456
747 908
169 229
169 28
169 315
169 103
169 886
963 156
963 701
963 386
963 385
963 100
758 172
758 239
758 61
758 746
758 616
758 593
949 435
949 305
949 446
949 55
949 422
370 473
370 827
370 595
370 334
370 261
370 31
64 634
64 217
64 925
64 352
64 754
123 513
123 600
123 273
123 576
123 224
368 838
368 565
368 718
368 635
368 567
368 677
800 63
800 570
800 95
800 61
800 469
800 297
176 226
176 733
176 812
176 150
176 864
176 798
221 255
221 141
221 563
221 184
221 743
221 564
742 851
742 636
742 338
742 869
121 971
121 520
121 771
121 698
121 500
121 542
285 774
285 424
285 888
285 129
285 648
454 341
454 409
454 407
454 815
454 951
454 4
574 669
574 319
574 701
574 243
574 485
253 214
253 670
253 715
253 463
253 350
404 395
404 215
404 878
404 725
404 823
411 349
411 354
411 488
411 523
411 617
252 759
252 326
252 839
252 589
252 732
252 300
588 835
588 702
588 841
588 278
588 266
255 564
255 141
255 563
255 184
255 673
20 689
20 271
20 912
20 57
20 236
20 514
876 89
876 72
876 318
876 6
876 668
716 187
716 847
716 867
716 275
716 263
716 109
988 536
988 820
988 84
988 969
988 558
988 338
62 115
62 309
62 982
62 363
62 720
464 116
464 440
464 509
464 470
464 259
18 164
18 497
18 810
18 441
18 582
18 459
537 804
537 460
537 333
537 43
537 726
537 295
174 619
174 807
174 760
174 211
174 399
174 45
296 265
296 526
296 547
296 555
296 928
296 830
116 205
116 259
116 440
116 509
116 470
929 660
929 291
929 148
929 665
929 343
929 917
896 548
896 163
896 524
896 447
896 831
258 737
258 685
258 856
258 769
258 130
375 626
375 824
375 893
375 437
375 403
27 887
27 695
27 67
27 592
27 242
27 618
771 542
771 500
771 698
771 520
53 649
53 406
53 134
53 421
53 808
53 895
909 856
909 108
909 737
909 143
909 769
752 190
752 137
752 434
752 486
752 90
752 950
767 659
767 354
767 41
767 881
767 144
767 980
378 478
378 246
378 128
378 637
378 186
965 546
965 347
965 218
965 658
965 200
965 420
274 677
274 314
274 204
274 717
274 502
274 289
938 664
938 428
938 346
938 783
938 674
606 788
606 551
606 579
606 920
606 405
606 162
656 192
656 613
656 748
656 697
656 391
686 785
686 692
686 289
686 733
686 282
686 77
160 462
160 866
160 503
160 430
160 276
160 782
333 460
333 43
333 726
333 804
333 295
847 187
847 109
847 263
847 328
847 275
712 71
712 188
712 250
712 616
712 843
846 894
846 784
846 700
846 163
846 76
846 384
13 940
13 932
13 322
13 939
13 178
13 498
320 458
320 925
320 838
320 290
320 401
529 543
529 900
529 44
529 93
529 182
529 231
773 195
773 49
773 721
773 417
773 235
773 790
862 892
862 819
862 501
862 112
862 396
491 510
491 346
491 339
491 973
491 416
491 120
618 673
618 132
618 394
618 9
618 620
946 889
946 828
946 0
946 673
946 462
946 312
19 122
19 642
19 237
19 181
19 403
19 762
888 39
888 648
888 774
888 424
106 976
106 377
106 584
106 802
106 996
106 999
627 362
627 560
627 34
627 803
627 140
297 628
297 638
297 570
297 469
297 829
344 324
344 506
344 453
344 448
344 105
721 417
721 193
721 33
721 667
721 790
900 44
900 113
900 182
900 231
853 672
853 657
853 897
853 306
853 196
853 113
970 241
970 632
970 527
970 376
970 213
970 568
826 293
826 755
826 24
826 477
826 874
826 691
21 821
21 573
21 828
21 373
21 445
934 530
934 668
934 362
934 586
934 777
459 164
459 825
459 582
459 810
459 158
522 1
522 415
522 9
522 743
522 412
522 233
544 806
544 484
544 396
544 36
544 561
709 208
709 223
709 512
709 379
709 490
709 342
73 699
73 256
73 3
73 815
73 336
73 600
715 87
715 492
715 434
54 390
54 132
54 47
54 870
54 272
54 104
473 261
473 334
473 623
473 31
473 969
502 717
502 677
502 127
502 314
668 825
668 151
668 11
668 402
325 851
325 981
325 680
325 806
325 193
325 467
707 220
707 485
707 339
707 152
707 347
707 125
198 708
198 797
198 35
198 207
198 930
198 208
337 921
337 561
337 619
337 754
337 312
34 966
34 42
34 803
34 781
34 499
748 391
748 192
748 613
748 697
102 262
102 916
102 550
102 74
102 240
102 699
369 37
369 501
369 680
369 357
369 107
369 687
193 981
193 119
193 738
193 851
407 815
407 377
407 409
407 11
407 951
560 910
560 16
560 611
560 140
560 327
695 681
695 818
695 647
695 242
695 559
323 228
323 840
323 124
323 615
323 202
327 140
327 16
327 579
327 228
40 241
40 42
40 223
40 759
40 920
430 276
430 462
430 866
430 168
430 782
539 973
539 94
539 734
539 535
539 881
539 991
144 204
144 41
144 469
144 135
144 676
487 875
487 390
487 22
487 922
487 97
487 920
142 898
142 82
142 131
142 168
142 466
563 184
563 564
563 141
610 882
610 89
610 212
610 532
261 631
261 541
261 31
261 334
892 478
892 880
892 210
431 614
431 239
431 799
431 251
431 85
431 647
135 155
135 979
135 624
135 788
460 295
460 726
460 497
460 43
75 781
75 294
75 466
75 94
75 455
75 314
552 132
552 28
552 850
552 813
552 728
552 303
955 738
955 798
955 922
955 237
955 226
131 113
131 196
131 945
131 898
131 604
282 692
282 621
282 785
282 201
282 77
722 290
722 979
722 575
722 315
722 492
443 484
443 396
443 36
443 977
443 118
676 353
676 738
676 925
676 996
432 147
432 822
432 980
432 555
432 365
432 962
42 680
42 341
42 512
42 284
332 910
332 266
332 835
332 702
332 125
309 720
309 270
309 982
309 774
596 249
596 843
596 516
596 801
596 147
303 129
303 790
303 736
303 850
303 880
126 350
126 393
126 402
126 859
126 749
126 577
474 14
474 128
474 30
474 566
474 94
474 764
983 576
983 869
983 714
983 292
983 592
604 957
604 781
604 590
604 921
604 466
858 52
858 992
858 875
858 838
858 666
145 581
145 480
145 490
145 456
838 719
838 104
838 89
33 435
33 845
33 214
33 86
33 790
12 569
12 39
12 894
12 518
12 413
12 645
345 249
345 93
345 756
345 214
345 622
213 882
213 852
213 974
213 555
335 254
335 756
335 942
335 316
335 315
444 385
444 120
444 814
444 87
605 166
605 595
605 170
605 775
605 678
859 390
859 74
859 128
859 750
859 175
458 920
458 620
458 66
458 945
458 506
660 291
660 148
660 917
660 517
660 239
244 517
244 359
244 300
244 671
322 365
322 940
322 287
322 178
322 498
165 472
165 336
165 49
165 794
165 921
165 92
932 208
932 223
932 871
932 498
88 427
88 494
88 655
88 503
88 759
569 493
569 295
569 421
569 280
689 392
689 566
689 872
689 387
689 894
287 503
287 655
287 494
287 427
287 725
549 219
549 914
549 286
549 16
549 99
549 806
512 358
512 899
512 714
512 418
410 360
410 354
410 171
410 493
410 706
848 96
848 366
848 833
848 984
848 765
798 237
798 685
798 226
881 936
881 787
881 734
109 275
109 187
109 263
109 15
628 602
628 645
628 385
628 829
358 449
358 711
358 23
358 518
429 355
429 670
429 170
429 840
429 367
526 547
526 830
526 928
526 796
453 86
453 273
453 324
453 448
453 105
799 251
799 85
799 204
799 614
845 414
845 302
845 587
845 59
845 480
745 284
745 288
745 901
745 210
874 691
874 293
874 405
874 477
874 755
764 349
764 793
764 30
764 496
764 14
824 940
824 217
824 926
824 224
824 403
15 39
15 550
15 256
15 579
15 634
211 619
211 760
211 807
211 45
318 717
318 284
318 819
318 72
318 112
915 636
915 958
915 60
915 504
915 939
805 708
805 167
805 293
805 477
805 691
805 797
35 930
35 124
35 708
35 449
35 768
534 76
534 177
534 143
534 149
534 629
751 361
751 457
751 981
751 885
751 776
751 481
890 206
890 382
890 104
890 931
890 67
272 889
272 501
272 615
272 132
302 587
302 89
302 993
302 480
302 944
389 567
389 349
389 329
389 134
389 112
389 993
442 52
442 452
442 666
386 100
386 978
386 701
648 56
648 424
648 774
648 730
632 241
632 568
632 376
632 527
632 92
703 964
703 70
703 191
703 120
703 439
849 493
849 595
849 0
849 675
849 645
561 806
561 194
561 701
561 329
765 366
765 6
765 833
765 96
672 306
672 657
672 196
672 897
672 99
527 376
527 241
527 523
527 568
772 916
772 581
772 65
772 456
405 162
405 920
405 551
405 788
783 428
783 674
783 577
783 664
243 496
243 319
243 669
243 864
455 629
455 140
455 991
455 511
455 94
348 700
348 510
348 967
348 761
348 511
886 229
886 103
886 28
468 70
468 638
468 913
468 779
468 304
468 506
839 589
839 300
839 732
839 866
839 326
629 729
629 585
629 235
756 942
756 316
756 254
647 85
647 927
647 229
148 917
148 291
148 665
148 359
223 342
223 208
223 504
392 566
392 387
392 305
392 167
1 113
1 743
1 415
1 412
1 9
24 242
24 755
24 293
24 234
24 329
299 210
299 515
299 556
299 32
299 298
621 180
621 635
621 133
621 401
558 836
558 740
558 330
558 197
558 599
732 589
732 326
732 878
732 300
306 486
306 897
306 657
306 196
403 224
403 644
403 202
245 203
245 508
245 762
245 26
245 72
421 134
421 406
421 649
421 808
568 241
568 92
568 376
570 953
570 438
570 149
570 469
706 360
706 117
706 171
157 69
157 479
157 351
157 653
157 975
308 312
308 571
308 659
308 694
308 199
308 617
247 592
247 634
247 505
247 352
152 347
152 125
152 220
152 485
867 731
867 393
867 200
867 770
867 652
352 478
352 239
352 505
352 265
587 480
587 993
587 944
95 750
95 665
95 63
95 304
67 382
67 104
67 931
500 520
500 542
500 698
212 60
212 940
212 87
212 532
212 195
738 49
738 463
738 675
43 804
43 295
43 726
551 579
551 231
551 788
551 162
736 37
736 651
736 850
736 518
736 880
819 154
819 164
819 149
819 642
260 554
260 624
260 426
260 168
665 291
665 917
665 340
649 406
649 808
649 134
29 557
29 972
29 321
29 214
29 154
280 3
280 224
280 975
480 944
480 993
979 394
979 620
979 977
979 778
469 250
469 41
924 677
924 675
924 717
924 774
924 314
170 355
170 115
170 367
219 447
219 930
219 59
219 166
219 99
159 365
159 55
159 809
159 778
159 445
884 919
884 41
884 360
884 908
301 600
301 578
301 711
301 634
301 822
301 797
559 787
559 47
559 346
573 821
573 373
573 65
573 445
981 897
981 851
981 137
679 488
679 735
679 254
679 971
679 792
999 584
999 996
999 976
999 511
999 802
79 575
79 498
79 178
79 346
79 488
366 833
366 984
366 96
948 775
948 840
948 841
948 792
770 393
770 652
770 200
770 731
770 214
658 887
658 546
658 55
658 6
796 830
796 547
796 928
796 950
796 248
973 535
973 991
973 339
973 734
376 394
376 92
564 184
564 390
564 141
477 691
477 755
477 293
784 548
784 516
784 590
784 163
784 831
69 351
69 653
69 479
172 61
172 746
172 593
172 616
172 161
631 147
631 637
631 492
631 541
631 602
750 175
750 71
750 128
733 77
733 785
733 692
733 120
578 708
578 372
578 516
578 425
578 971
952 350
952 100
952 661
952 222
952 232
952 749
190 47
190 90
190 137
190 950
727 814
727 910
727 728
727 964
727 545
97 59
97 111
97 639
97 671
97 550
499 278
499 46
499 488
499 248
637 161
637 246
637 186
842 311
842 902
842 283
842 786
147 980
147 753
147 962
86 472
86 199
86 960
346 199
346 757
786 30
786 902
786 283
593 37
593 616
593 746
593 61
708 768
708 207
114 110
114 523
114 450
114 645
114 74
114 93
65 516
65 964
137 90
137 452
137 950
284 210
284 112
284 926
866 462
866 782
866 276
353 956
353 603
353 713
991 535
991 734
991 94
577 546
577 664
577 428
182 44
182 543
182 231
182 93
435 714
435 377
543 357
543 926
543 231
543 44
735 161
735 792
735 509
735 971
735 532
913 414
913 304
913 390
314 677
314 717
794 957
794 222
794 667
794 179
439 70
439 191
439 718
439 644
151 248
151 530
151 181
151 402
151 11
447 99
447 290
447 11
447 363
802 976
802 996
802 584
802 523
175 895
175 471
175 128
175 26
661 56
661 478
661 726
661 975
614 8
614 342
614 251
614 926
220 125
220 485
220 868
220 347
812 30
812 903
812 246
812 864
812 438
298 101
298 515
298 960
298 32
711 127
711 492
711 505
711 222
820 338
820 536
820 118
820 969
820 84
598 267
598 361
598 680
598 670
763 23
763 919
763 374
763 685
763 651
263 275
263 187
263 235
401 113
401 594
401 434
293 691
652 200
652 731
652 59
652 393
17 183
17 793
17 985
17 693
17 854
659 571
659 825
659 364
659 365
895 26
895 871
895 471
678 957
678 205
678 127
678 108
678 117
908 409
908 360
908 189
958 939
958 60
958 504
962 205
962 622
962 755
150 829
150 10
150 868
450 899
450 957
450 265
450 667
450 110
492 505
492 290
195 532
195 87
195 235
195 926
531 304
531 612
531 903
531 538
111 292
111 576
111 813
111 101
797 723
797 822
797 66
129 778
129 424
129 201
129 77
177 517
177 81
177 341
177 575
993 944
602 868
602 265
602 149
602 603
200 731
200 393
311 590
311 112
311 183
311 283
827 670
827 575
827 595
827 31
827 334
107 704
107 681
107 818
107 914
179 623
179 852
179 584
179 276
179 667
644 718
644 70
644 191
782 276
782 462
782 153
305 72
305 49
305 446
740 836
740 197
740 330
740 599
740 413
856 130
856 769
856 737
167 66
167 36
167 669
167 234
181 590
181 11
181 662
181 402
84 969
84 590
84 338
84 536
412 415
412 743
412 9
133 714
133 960
133 541
133 45
133 954
942 694
942 316
942 941
384 76
384 377
384 256
384 425
524 831
524 927
524 548
56 267
56 479
56 203
56 726
164 810
164 158
164 582
233 81
233 207
233 180
47 486
535 273
535 483
535 734
693 985
693 854
693 793
693 556
270 694
270 639
270 730
270 980
271 514
271 236
271 730
271 912
271 57
912 236
912 57
912 514
626 437
626 420
626 893
731 393
197 413
197 330
197 836
197 599
324 105
324 992
324 448
917 291
917 813
128 374
463 472
463 488
100 749
100 687
100 350
300 589
300 326
246 186
246 161
976 850
976 584
976 996
387 426
387 566
387 294
617 651
617 416
617 612
617 523
623 636
623 343
623 807
514 236
514 57
206 634
206 119
206 916
206 349
206 329
265 319
77 692
77 785
571 379
571 615
6 224
6 55
6 941
60 939
60 504
503 427
503 655
503 494
266 835
266 702
266 841
810 582
810 497
810 158
361 481
361 885
361 776
361 457
553 153
553 971
553 852
553 879
553 864
553 882
94 555
424 774
424 39
576 840
576 714
972 321
972 557
972 974
972 154
249 101
249 516
85 251
734 273
218 609
218 778
218 868
218 234
589 326
589 759
319 669
74 110
74 530
74 567
581 490
581 456
651 985
651 882
651 685
831 548
831 163
761 511
761 510
761 967
761 700
321 154
321 713
321 262
557 59
557 154
557 497
557 978
916 349
916 329
343 927
343 418
155 907
155 422
155 609
691 755
620 394
620 590
620 66
409 951
409 815
409 341
532 680
757 383
757 240
757 875
757 646
792 775
792 971
792 956
982 434
982 720
982 115
718 662
718 191
191 70
417 215
417 635
417 143
417 790
547 44
547 928
547 830
675 828
675 885
875 82
875 980
104 382
374 385
374 37
374 762
585 729
585 372
239 228
239 505
687 813
687 985
687 278
814 910
814 964
814 728
26 719
26 513
26 364
166 434
166 762
166 966
127 30
127 315
889 66
889 828
889 362
275 119
275 187
562 14
562 671
562 385
562 357
562 90
562 331
821 373
821 445
821 746
788 162
788 579
921 288
921 472
921 49
723 829
723 545
723 822
723 446
723 251
775 567
775 956
775 251
728 910
728 964
304 63
31 420
31 334
367 294
367 355
328 941
328 989
328 441
328 869
286 894
286 872
286 966
286 586
956 140
956 567
956 513
697 391
697 132
697 613
697 192
885 481
885 776
885 457
600 256
600 984
600 336
871 273
871 545
871 704
871 471
312 914
312 566
467 953
467 914
790 441
185 194
185 205
185 898
185 331
546 347
456 490
641 483
641 288
641 901
37 518
37 880
418 945
418 927
240 10
240 646
240 383
518 292
518 108
922 226
922 237
945 506
288 901
940 178
940 498
582 713
582 158
556 804
556 615
556 365
32 101
32 813
32 515
749 350
749 117
749 545
930 879
930 974
930 124
399 351
399 8
399 340
399 234
776 457
776 481
575 953
575 99
521 118
521 933
521 625
521 359
521 189
730 449
428 664
428 674
156 989
156 3
156 178
231 44
635 228
635 565
760 45
760 619
760 807
228 140
228 215
256 336
292 813
292 592
383 10
383 646
483 291
483 870
483 414
483 550
869 928
440 470
440 509
440 259
99 781
118 625
118 933
878 823
878 215
878 725
329 349
901 210
414 778
414 363
414 645
278 46
434 720
441 23
441 941
441 377
449 879
449 489
267 833
267 919
267 204
341 951
341 815
471 4
471 110
894 89
103 229
103 28
103 46
974 638
974 555
974 545
55 778
835 841
835 702
178 498
497 413
497 59
339 657
339 673
823 725
823 215
823 120
829 57
829 530
704 110
704 818
704 681
183 870
183 793
183 854
203 870
203 594
611 22
611 52
611 992
611 666
957 16
957 117
985 192
841 702
342 208
342 82
493 187
493 171
149 438
326 63
744 594
744 0
362 622
362 586
362 777
699 753
699 954
667 113
667 653
926 49
360 153
509 259
330 413
330 599
330 836
237 226
954 753
954 904
41 898
336 92
508 484
508 290
508 72
508 87
119 899
119 248
92 241
162 579
162 425
81 82
81 180
81 207
950 90
950 437
436 801
436 809
436 887
436 705
769 130
769 737
485 359
485 125
960 199
960 39
364 825
364 759
364 3
779 941
779 506
779 638
779 395
879 254
879 787
931 382
180 207
96 833
96 984
101 515
406 134
406 808
692 785
903 612
903 538
413 39
907 45
907 422
907 609
836 599
836 984
975 719
975 902
192 613
192 391
486 639
486 880
928 830
893 420
893 437
893 222
919 23
793 854
793 235
713 262
713 603
642 122
642 925
642 662
202 662
202 124
700 967
700 510
28 229
904 977
904 781
904 753
72 446
646 10
122 541
122 662
242 681
242 818
163 548
46 93
494 655
494 117
494 427
638 506
966 803
966 872
538 612
294 355
331 882
331 222
331 671
338 969
338 536
234 8
234 340
681 818
479 653
479 351
438 355
438 153
843 188
843 250
843 71
36 396
36 484
171 8
171 153
448 105
448 16
125 347
199 978
536 639
536 969
372 729
158 622
158 205
22 550
496 232
496 168
496 603
694 316
743 9
743 415
224 217
565 379
674 340
674 664
624 426
624 554
809 705
809 801
768 124
768 452
768 217
914 989
914 953
897 196
897 657
489 488
489 363
613 391
217 754
217 714
9 415
967 510
967 511
186 161
186 248
189 953
189 625
189 933
110 530
984 828
936 787
936 262
936 501
936 395
554 673
554 426
61 616
61 746
677 717
184 141
222 671
365 822
698 542
698 520
939 636
63 803
586 777
373 445
373 828
625 933
781 466
420 437
11 402
864 669
719 513
194 898
194 550
236 57
262 143
422 609
108 541
777 622
996 584
115 720
112 501
196 657
989 3
902 283
504 416
201 76
52 666
52 992
737 130
616 746
394 66
852 787
653 351
785 143
168 232
992 666
316 254
542 520
143 76
359 599
204 289
808 134
808 89
481 457
484 396
427 655
951 815
416 754
259 470
807 45
807 619
289 14
14 385
250 188
250 71
462 276
595 334
887 978
188 71
754 925
705 801
636 90
