21 531
21 365
21 107
21 261
21 278
21 751
846 543
846 810
846 776
846 884
846 782
846 468
926 27
926 346
926 591
926 275
926 968
926 2
952 753
952 58
952 833
952 130
952 503
952 262
296 641
296 778
296 100
296 383
296 3
296 969
785 724
785 991
785 263
785 198
785 322
785 231
213 639
213 249
213 253
213 931
213 42
213 74
787 351
787 857
787 862
787 418
787 827
787 966
597 937
597 225
597 960
597 930
597 366
597 277
633 685
633 972
633 476
633 169
633 984
633 963
248 616
248 429
248 746
248 747
248 769
248 655
479 267
479 390
479 181
479 535
479 93
479 719
235 622
235 61
235 176
235 307
235 460
235 290
280 432
280 572
280 115
280 663
280 458
280 299
211 735
211 245
211 824
211 544
211 795
211 152
826 94
826 221
826 360
826 334
826 610
826 772
384 977
384 219
384 420
384 443
384 581
384 564
934 692
934 434
934 910
934 725
934 19
934 684
967 575
967 711
967 274
967 294
967 513
967 519
989 5
989 394
989 282
989 752
989 178
989 647
182 820
182 312
182 314
182 78
182 200
182 371
799 202
799 111
799 750
799 400
799 867
799 730
779 769
779 640
779 564
779 653
779 909
779 590
789 292
789 925
789 809
789 646
789 303
789 464
606 720
606 615
606 950
606 459
606 902
606 119
718 498
718 338
718 936
718 86
718 163
718 357
306 875
306 62
306 430
306 143
306 912
306 889
340 684
340 848
340 744
340 141
340 348
340 11
170 980
170 487
170 135
170 901
170 645
170 236
416 997
416 214
416 335
416 908
416 422
416 319
457 579
457 931
457 74
457 983
457 249
457 639
738 441
738 993
738 608
738 429
738 13
738 712
220 172
220 447
220 904
220 166
220 859
220 755
911 397
911 623
911 126
911 650
911 625
911 939
141 744
141 982
141 848
141 348
141 684
767 196
767 816
767 493
767 740
767 624
767 909
30 438
30 367
30 356
30 518
30 195
30 433
930 571
930 869
930 225
930 865
930 960
623 149
623 607
623 650
623 119
623 466
770 849
770 232
770 841
770 11
770 34
770 766
388 195
388 637
388 386
388 715
388 305
388 923
495 135
495 328
495 487
495 877
495 24
495 595
944 460
944 723
944 886
944 927
944 7
944 957
978 817
978 865
978 847
978 167
978 112
978 929
48 937
48 214
48 601
48 892
48 632
48 669
575 655
575 409
575 711
575 274
575 513
556 272
556 116
556 330
556 311
556 129
556 872
753 669
753 869
753 242
753 550
753 399
381 666
381 210
381 996
381 24
381 713
381 970
864 387
864 224
864 736
864 153
864 786
864 965
400 867
400 202
400 730
400 615
400 111
734 675
734 462
734 909
734 596
734 702
734 63
44 553
44 914
44 335
44 696
44 793
44 587
541 751
541 845
541 586
541 329
541 266
541 123
403 612
403 258
403 616
403 661
403 838
403 566
888 489
888 20
888 662
888 571
888 631
888 907
358 190
358 781
358 986
358 122
358 440
358 645
508 705
508 398
508 905
508 802
508 640
508 49
604 743
604 383
604 149
604 714
604 689
604 691
649 648
649 405
649 162
649 728
649 54
649 264
12 609
12 344
12 453
12 13
12 599
12 233
774 22
774 748
774 40
774 975
774 517
774 545
569 894
569 271
569 469
569 835
569 777
569 498
691 318
691 689
691 714
691 743
691 149
283 250
283 136
283 466
283 566
283 900
283 325
334 428
334 772
334 94
334 360
334 221
69 269
69 325
69 580
69 156
69 463
69 298
899 39
899 971
899 395
899 470
899 509
899 570
419 700
419 629
419 505
419 870
419 887
419 347
603 140
603 203
603 942
603 627
603 678
603 237
696 553
696 747
696 793
696 259
696 914
768 140
768 733
768 181
768 270
768 566
768 717
522 906
522 175
522 207
522 709
522 10
522 240
881 523
881 118
881 858
881 421
881 164
881 496
68 592
68 526
68 300
68 928
68 668
68 38
116 272
116 129
116 311
116 330
116 1
385 374
385 322
385 990
385 991
385 664
385 456
726 624
726 2
726 396
726 13
726 293
726 707
67 532
67 241
67 160
67 177
67 217
67 573
831 351
831 966
831 827
831 216
831 418
831 581
108 919
108 563
108 854
108 883
108 185
108 632
454 511
454 987
454 722
454 369
454 940
454 514
14 367
14 685
14 254
14 224
14 112
14 790
410 847
410 59
410 672
410 752
410 724
410 658
309 173
309 824
309 361
309 667
309 485
309 954
364 784
364 106
364 34
364 916
364 524
364 526
662 8
662 907
662 246
662 489
662 20
860 895
860 840
860 57
860 912
860 776
860 204
143 62
143 430
143 960
143 912
143 889
969 73
969 620
969 100
969 683
969 370
740 493
740 196
740 624
740 806
740 816
959 761
959 775
959 792
959 981
959 703
959 230
868 412
868 521
868 208
868 537
868 600
868 4
965 763
965 153
965 387
965 224
965 786
177 217
177 532
177 439
177 573
177 241
553 259
553 272
553 914
553 793
53 483
53 25
53 663
53 972
53 727
53 769
932 528
932 527
932 81
932 829
932 415
932 246
470 971
470 423
470 570
470 509
470 567
546 362
546 585
546 504
546 616
546 148
546 431
862 943
862 533
862 966
862 418
862 628
921 209
921 807
921 393
921 32
921 131
921 933
719 390
719 93
719 267
719 535
719 181
901 529
901 620
901 145
901 538
901 716
998 510
998 380
998 445
998 814
998 561
998 353
265 88
265 173
265 443
265 813
265 924
265 798
293 707
293 759
293 842
293 936
293 98
77 692
77 904
77 363
77 471
77 985
77 755
471 904
471 755
471 985
471 363
471 915
264 630
264 405
264 648
264 728
264 54
297 970
297 251
297 18
297 392
297 555
297 326
543 810
543 468
543 884
543 582
543 782
652 684
652 848
652 46
652 841
652 348
652 744
66 47
66 201
66 188
66 304
66 811
66 496
578 104
578 701
578 668
578 332
578 947
578 166
482 407
482 544
482 193
482 626
482 548
482 168
250 8
250 333
250 900
250 613
250 982
924 173
924 399
924 917
924 88
924 813
171 987
171 940
171 511
171 746
171 647
171 1
780 757
780 276
780 238
780 103
780 534
780 710
565 668
565 793
565 375
565 433
565 552
565 545
670 698
670 425
670 286
670 554
670 314
670 737
491 906
491 175
491 414
491 999
491 240
491 709
870 505
870 347
870 700
870 676
870 383
435 207
435 706
435 65
435 446
435 139
435 124
189 115
189 890
189 363
189 985
189 869
189 812
648 54
648 162
648 405
648 728
215 88
215 142
215 73
215 763
215 245
215 986
557 291
557 444
557 992
557 618
557 165
557 337
216 56
216 601
216 326
216 270
216 412
562 708
562 331
562 995
562 486
562 152
562 913
316 586
316 878
316 521
316 516
316 483
316 205
609 599
609 344
609 233
609 139
609 453
837 79
837 964
837 455
837 745
837 564
837 551
869 105
869 761
869 812
186 99
186 800
186 956
186 84
186 22
186 621
908 319
908 997
908 335
908 31
908 422
98 587
98 245
98 499
98 412
98 255
795 693
795 194
795 803
795 746
795 610
695 736
695 27
695 850
695 327
695 681
695 533
507 946
507 915
507 892
507 239
507 500
507 310
585 317
585 148
585 362
585 504
585 762
981 703
981 687
981 230
981 792
981 775
999 468
999 430
999 709
999 697
999 722
82 33
82 540
82 504
82 465
82 271
82 317
558 820
558 918
558 800
558 389
558 973
558 431
725 247
725 692
725 434
725 47
725 19
893 118
893 421
893 523
893 192
893 451
893 164
267 535
267 181
267 390
267 712
637 715
637 261
637 579
637 923
637 386
488 584
488 172
488 717
488 821
488 339
488 165
160 439
160 217
160 573
160 241
160 532
477 103
477 155
477 114
477 404
477 75
477 262
290 176
290 307
290 622
290 61
290 490
327 533
327 681
327 850
327 679
327 736
426 152
426 550
426 676
426 132
426 414
426 331
187 275
187 619
187 875
187 166
187 729
187 244
351 827
351 966
351 106
351 418
197 301
197 520
197 55
197 683
197 941
197 6
773 501
773 897
773 686
773 716
773 636
773 408
169 963
169 843
169 972
169 984
169 685
711 274
711 519
711 13
711 513
355 797
355 370
355 642
355 401
355 576
355 162
838 536
838 577
838 607
838 879
838 617
310 286
310 500
310 946
310 915
310 239
421 164
421 192
421 523
421 118
446 124
446 65
446 207
446 139
446 706
382 63
382 596
382 7
382 462
382 702
382 756
675 625
675 741
675 411
675 102
675 939
167 196
167 817
167 112
167 929
167 865
378 612
378 161
378 866
378 60
378 440
378 515
739 89
739 13
739 771
739 64
739 697
739 29
949 635
949 758
949 882
949 413
949 979
949 54
133 134
133 530
133 953
133 417
133 735
133 404
910 194
910 692
910 19
910 434
910 760
389 973
389 571
389 918
389 447
389 431
836 104
836 544
836 113
836 655
836 839
836 16
315 580
315 720
315 412
315 950
315 56
315 97
621 84
621 99
621 956
621 800
621 22
101 243
101 935
101 473
101 467
101 87
101 830
51 190
51 465
51 781
51 586
51 85
51 122
840 204
840 514
840 57
840 712
840 895
239 946
239 690
239 500
239 915
10 822
10 452
10 373
10 127
10 855
659 961
659 746
659 481
659 525
659 796
659 688
113 882
113 655
113 900
113 677
113 891
114 75
114 404
114 192
114 262
114 155
854 883
854 414
854 563
854 919
854 632
31 547
31 127
31 776
31 608
31 373
224 423
224 786
224 387
117 6
117 46
117 564
117 941
117 55
117 301
413 179
413 635
413 758
413 882
413 979
451 512
451 857
451 232
451 766
451 138
667 231
667 92
667 198
667 222
667 788
199 138
199 420
199 369
199 469
199 185
199 97
940 987
940 722
940 511
940 514
70 568
70 379
70 804
70 256
70 282
70 729
778 28
778 121
778 100
778 3
778 641
158 227
158 656
158 80
158 253
158 252
158 577
530 417
530 839
530 697
530 258
530 0
467 935
467 830
467 243
467 87
467 254
611 134
611 639
611 222
611 60
611 579
611 871
303 464
303 646
303 588
303 925
303 809
539 994
539 750
539 287
539 701
539 34
539 710
91 38
91 903
91 928
91 592
91 909
91 605
360 94
360 75
360 772
360 221
157 872
157 151
157 361
157 683
157 579
157 986
305 923
305 715
305 386
305 120
305 195
168 249
168 407
168 548
168 626
168 193
314 698
314 554
314 286
314 737
194 588
194 147
194 803
194 476
452 855
452 127
452 408
452 373
452 822
368 372
368 548
368 359
368 552
368 313
368 375
318 689
318 743
318 714
318 640
318 666
933 32
933 807
933 128
933 131
933 393
123 820
123 329
123 109
123 266
123 707
218 825
218 229
218 15
218 863
218 441
218 36
580 689
580 721
580 325
580 524
474 226
474 618
474 721
474 823
474 406
474 443
506 273
506 258
506 184
506 988
506 475
506 420
577 132
577 536
577 617
577 879
598 896
598 268
598 448
598 144
598 877
598 690
839 754
839 645
839 41
839 630
36 441
36 825
36 229
36 653
36 863
96 567
96 938
96 844
96 502
96 219
96 52
331 152
331 913
331 995
331 708
568 629
568 379
568 256
568 804
568 282
5 394
5 178
5 647
5 803
5 300
701 166
701 994
701 873
701 516
128 131
128 153
128 947
128 184
128 807
134 735
134 146
134 953
134 600
204 824
204 776
204 895
204 57
538 873
538 145
538 820
538 716
538 620
329 586
329 707
329 266
329 845
798 560
798 627
798 847
798 716
798 537
502 754
502 844
502 917
502 529
502 608
898 343
898 442
898 227
898 136
898 812
898 540
955 976
955 76
955 564
955 228
955 154
955 876
455 745
455 79
455 964
455 324
455 450
794 801
794 324
794 159
794 137
794 42
794 444
823 226
823 721
823 109
823 443
823 406
961 525
961 688
961 542
961 481
961 796
0 878
0 777
0 815
0 712
0 835
829 415
829 246
829 527
829 472
829 528
855 373
855 127
855 605
855 178
429 746
429 747
429 769
429 890
476 765
476 492
476 9
476 285
357 338
357 163
357 86
357 936
357 861
716 620
716 23
377 643
377 856
377 342
377 226
377 891
377 353
694 673
694 423
694 188
694 95
694 16
694 304
90 345
90 50
90 994
90 33
90 260
90 333
490 307
490 402
490 61
490 622
490 587
392 323
392 555
392 228
392 18
392 326
681 850
681 736
681 207
681 284
733 270
733 717
733 984
733 140
733 243
472 528
472 26
472 34
472 415
472 931
758 979
758 635
758 986
758 882
916 784
916 526
916 754
916 106
916 524
646 464
646 588
646 925
646 809
906 709
906 240
906 175
906 323
312 254
312 371
312 453
312 78
312 615
866 60
866 515
866 440
866 109
866 161
346 591
346 275
346 968
346 399
346 27
599 453
599 233
599 342
599 344
190 85
190 781
190 122
190 465
760 834
760 822
760 229
760 367
760 475
572 299
572 432
572 115
572 806
572 225
682 126
682 26
682 162
682 687
682 109
682 328
180 461
180 589
180 654
180 832
180 783
180 191
832 461
832 191
832 483
832 654
832 589
81 120
81 179
81 449
81 105
81 922
444 291
444 618
444 337
444 992
92 788
92 198
92 231
92 222
92 754
436 295
436 17
436 945
436 72
436 259
436 276
492 110
492 765
492 9
492 277
492 285
43 281
43 257
43 749
43 321
43 853
43 880
650 320
650 336
650 149
650 680
786 387
786 763
786 153
494 391
494 302
494 852
494 263
494 790
494 559
698 286
698 554
698 737
698 656
349 672
349 484
349 671
349 602
349 480
349 341
380 814
380 561
380 951
380 936
380 510
574 516
574 977
574 741
574 299
574 622
574 683
727 620
727 516
727 731
727 845
727 483
57 895
57 776
57 350
617 536
617 132
617 879
617 258
313 359
313 372
313 852
313 552
313 375
591 968
591 275
591 777
591 737
17 72
17 295
17 943
17 945
17 276
401 756
401 576
401 642
401 370
401 797
212 818
212 209
212 592
212 871
212 254
212 288
231 198
231 788
231 222
657 762
657 115
657 947
657 236
657 292
657 126
761 775
761 518
761 230
761 703
828 619
828 93
828 644
828 148
828 835
828 983
988 184
988 284
988 273
988 300
988 475
515 60
515 161
515 762
515 440
677 13
677 323
677 393
677 427
677 350
801 615
801 42
801 324
801 137
801 159
891 342
891 643
891 856
891 353
551 964
551 473
551 79
551 581
551 745
323 73
323 23
323 200
592 38
592 300
592 928
41 903
41 707
41 459
41 922
41 350
614 83
614 634
614 279
614 732
614 456
614 519
528 415
528 246
528 527
732 842
732 634
732 83
732 752
732 456
155 404
155 320
155 262
155 75
227 256
227 308
227 973
227 540
362 148
362 504
362 23
362 317
772 94
772 221
772 610
121 100
121 28
121 518
121 641
121 3
759 376
759 564
759 645
759 630
759 993
137 595
137 324
137 159
137 42
209 818
209 458
209 871
209 288
549 287
549 693
549 819
549 634
549 203
549 183
791 424
791 680
791 336
791 808
791 902
791 873
229 654
229 825
229 863
292 238
292 527
292 741
292 236
661 136
661 616
661 612
661 56
661 566
379 237
379 256
379 804
379 282
874 294
874 71
874 39
874 699
874 627
874 2
206 26
206 372
206 807
206 925
206 359
206 540
537 237
537 417
537 953
537 367
480 341
480 671
480 674
480 484
480 602
548 626
548 193
548 407
366 37
366 244
366 234
366 885
366 858
84 956
84 800
84 99
84 22
468 810
468 582
468 884
222 198
222 788
469 653
469 369
469 97
469 742
46 817
46 954
46 301
46 55
441 15
441 356
441 825
878 843
878 427
878 835
878 815
151 819
151 203
151 579
151 951
151 872
984 693
984 473
984 963
289 676
289 460
289 343
289 672
289 693
289 863
191 461
191 238
191 654
191 589
301 6
301 55
301 941
257 281
257 853
257 653
257 202
257 749
624 493
624 806
624 816
234 244
234 37
234 136
234 858
234 885
757 679
757 238
757 534
757 103
757 710
582 132
582 879
582 782
582 884
680 808
680 336
680 424
680 320
427 466
427 843
427 417
427 815
806 493
806 432
806 299
214 892
214 937
214 361
214 741
433 518
433 367
433 356
433 438
161 440
161 563
161 60
278 751
278 261
278 531
278 365
278 308
391 559
391 790
391 302
391 409
391 852
510 814
510 561
510 951
510 445
697 15
697 849
697 458
708 678
708 486
708 995
708 913
941 6
941 268
941 55
18 555
18 326
18 251
18 804
240 769
240 175
240 709
512 937
512 498
512 343
512 887
512 138
886 957
886 607
886 7
886 485
886 723
406 721
406 927
406 443
406 226
459 119
459 720
459 902
459 950
638 47
638 605
638 674
638 393
638 509
638 712
27 968
27 275
27 449
957 405
957 485
957 7
957 723
230 792
230 775
230 703
690 144
690 896
690 448
690 877
892 986
892 425
892 640
330 272
330 129
330 1
330 311
586 845
586 266
304 188
304 201
304 496
304 811
448 268
448 144
448 896
448 877
903 808
903 875
903 813
903 118
422 319
422 717
422 997
422 335
849 11
849 232
849 428
849 841
447 918
447 973
447 431
447 715
613 982
613 8
613 438
613 593
613 356
99 800
99 880
99 956
424 808
424 473
424 320
424 336
560 176
560 634
560 534
560 913
560 859
819 653
819 203
819 183
819 287
210 713
210 843
210 666
210 271
210 996
520 497
520 95
520 396
520 644
520 673
445 951
445 735
445 561
445 814
50 33
50 150
50 260
50 333
50 345
159 42
159 324
159 178
94 610
94 221
345 33
345 150
345 333
345 260
110 9
110 992
110 765
110 428
110 285
173 88
173 827
173 813
339 584
339 172
339 619
339 165
339 821
64 29
64 665
64 89
64 142
64 771
731 497
731 818
731 414
731 402
731 845
71 294
71 605
71 39
71 699
71 2
627 942
627 237
627 352
704 729
704 660
704 478
704 383
704 442
704 263
948 643
948 856
948 550
948 963
948 138
948 500
931 639
931 74
931 249
449 922
449 120
449 105
449 179
658 752
658 672
658 724
658 59
658 875
594 920
594 298
594 398
594 269
594 156
594 414
896 425
896 268
896 144
393 131
393 32
763 153
763 387
763 593
308 909
308 531
308 365
308 751
812 754
812 415
812 319
519 456
519 513
519 274
493 816
493 196
185 610
185 78
185 242
185 35
847 631
847 49
847 747
61 622
61 176
61 307
337 618
337 291
337 687
337 992
373 822
373 127
79 745
79 964
79 350
282 256
282 647
83 634
83 951
83 456
83 974
722 987
722 511
722 514
193 626
193 909
193 407
328 595
328 24
328 487
328 135
49 905
49 705
49 802
49 146
102 625
102 939
102 205
102 411
102 805
735 417
735 953
919 809
919 563
919 883
919 632
994 333
994 830
994 442
526 106
526 524
526 784
583 354
583 174
583 851
583 125
583 107
583 962
1 129
1 668
1 748
423 225
423 150
423 619
590 645
590 140
590 610
590 974
590 889
188 201
188 496
188 811
261 751
261 365
261 531
499 245
499 587
499 607
499 683
499 255
233 453
233 23
233 344
666 713
666 996
666 970
145 674
145 109
145 983
145 822
252 656
252 80
252 253
252 894
252 588
679 628
679 534
679 251
679 859
383 486
383 607
156 398
156 298
156 269
156 920
208 73
208 651
208 4
208 521
208 600
348 744
348 848
348 684
561 279
561 814
876 824
876 154
876 76
876 976
876 228
223 816
223 859
223 766
223 688
223 547
223 97
65 124
65 139
65 678
65 706
938 52
938 567
938 844
938 219
938 200
461 783
461 589
461 654
417 953
174 125
174 354
174 851
174 741
174 325
207 25
207 124
784 8
784 56
784 106
844 567
844 219
844 52
294 699
294 39
294 2
251 804
251 326
251 555
375 372
375 359
375 552
462 596
462 756
462 63
462 702
298 920
298 398
298 269
29 142
29 665
29 771
29 89
631 489
631 20
631 571
631 742
833 958
833 890
833 130
833 503
833 58
523 192
523 118
523 164
705 802
705 905
705 146
705 857
853 321
853 281
853 880
853 749
990 664
990 325
990 322
990 374
990 991
347 505
347 629
347 887
347 700
374 322
374 15
374 664
374 991
762 584
762 200
762 369
38 52
38 928
38 300
813 458
813 88
15 825
15 863
420 138
420 890
420 820
342 993
342 643
342 856
365 531
365 751
85 76
85 465
85 781
85 122
237 942
237 678
352 663
352 942
352 93
352 678
352 247
450 601
450 964
450 6
450 35
450 745
668 332
668 279
202 730
202 111
202 867
920 398
920 269
920 28
630 645
630 954
630 376
295 917
295 72
295 945
295 463
671 408
671 341
671 484
671 602
927 460
927 928
927 640
927 980
782 810
782 907
782 884
958 247
958 503
958 130
958 58
958 525
256 804
478 442
478 263
478 660
478 279
478 729
567 52
567 980
152 350
152 764
676 25
676 693
676 974
817 112
817 865
817 929
628 434
628 245
628 34
628 943
487 24
487 369
487 135
259 54
259 793
259 914
686 897
686 636
686 501
686 408
686 859
861 86
861 857
861 917
861 601
861 338
32 807
32 736
32 131
960 430
960 889
960 62
879 536
879 132
437 268
437 914
437 166
437 371
437 608
437 26
800 956
834 764
834 147
834 45
834 750
834 397
183 287
183 873
183 203
183 669
246 527
246 343
555 442
555 326
792 775
792 703
792 361
25 885
25 895
25 663
563 883
563 632
654 589
232 841
232 766
232 11
547 354
547 125
547 713
547 962
619 983
619 995
956 165
89 771
89 665
89 142
37 858
37 936
37 244
37 885
270 601
270 717
270 140
689 714
689 743
34 947
797 370
797 576
797 642
797 943
179 922
179 105
179 120
602 484
602 341
602 674
409 302
409 595
409 402
409 559
781 122
781 465
991 322
991 664
643 353
643 856
184 475
184 273
184 284
946 274
946 500
946 915
411 939
411 626
411 805
411 625
783 47
783 394
783 414
783 277
144 268
144 877
299 432
299 115
542 481
542 525
542 241
542 802
542 796
974 741
974 951
974 486
63 756
63 702
63 596
302 790
302 559
302 852
626 407
897 636
897 501
897 842
897 818
279 332
279 615
600 521
600 4
600 242
709 175
710 534
710 238
710 103
625 939
625 805
545 40
545 517
545 311
545 975
858 885
858 244
992 618
992 291
987 514
987 511
146 802
146 857
146 905
601 937
321 880
321 281
321 80
321 35
107 821
107 109
107 841
107 531
673 644
673 396
673 95
673 497
904 363
904 985
904 755
922 120
922 105
9 277
9 285
9 765
632 883
39 742
39 699
129 272
129 311
752 59
752 724
825 863
504 148
504 317
136 566
136 706
198 788
593 877
593 271
593 993
593 982
917 687
917 399
402 40
402 399
402 607
790 559
790 852
936 338
253 656
253 80
253 894
105 120
460 258
460 642
509 971
509 395
509 570
750 529
750 397
750 147
439 217
439 532
439 241
439 573
486 995
486 913
664 322
664 242
438 356
438 367
438 518
353 544
353 856
640 154
884 810
925 464
925 809
359 372
359 552
651 929
651 875
651 192
651 26
651 872
979 882
979 635
979 730
443 743
950 119
950 720
950 902
95 497
95 396
95 644
532 217
532 573
764 397
764 982
764 45
764 147
463 945
463 72
463 728
463 276
699 517
699 2
35 723
35 428
35 485
72 945
72 276
338 163
338 86
894 80
894 498
894 656
540 19
540 175
6 55
589 954
8 533
8 371
45 397
45 147
45 976
45 536
387 153
665 771
665 142
665 873
769 788
993 803
993 395
746 747
964 745
164 118
164 192
258 88
60 440
350 28
581 219
581 22
581 900
76 976
76 228
76 154
11 766
11 841
54 405
742 149
742 653
742 608
765 277
765 285
796 525
796 688
796 481
16 332
16 890
16 104
16 544
481 688
481 525
333 260
176 307
176 56
848 982
848 744
793 914
713 996
713 970
236 947
236 126
236 980
749 880
749 319
749 281
514 511
354 851
354 962
354 125
890 747
343 635
343 612
997 319
997 335
997 273
78 242
78 254
78 943
260 150
260 33
962 851
962 125
962 728
608 26
226 407
226 721
629 700
629 887
629 505
201 496
201 811
201 851
266 845
266 810
588 464
588 550
100 3
100 641
59 672
59 875
59 724
276 945
42 324
62 912
62 889
62 430
162 576
162 23
431 918
431 973
369 97
241 573
977 428
977 501
977 655
977 529
995 913
714 743
714 149
56 412
972 820
972 685
972 963
660 442
660 729
660 263
660 150
74 821
74 249
74 639
571 489
571 20
430 912
529 900
529 754
163 86
163 687
163 498
634 456
255 693
255 587
255 245
255 425
717 140
172 883
172 584
172 942
395 971
395 918
395 570
803 394
803 225
678 247
576 642
576 370
808 336
808 320
503 58
503 983
503 130
86 777
535 390
535 93
535 181
386 715
386 923
386 195
418 966
418 827
130 205
130 58
150 225
755 363
755 985
895 776
243 935
243 87
243 830
707 842
165 584
165 821
656 80
205 483
205 466
205 516
464 809
24 595
24 135
748 40
748 850
748 517
748 975
622 307
857 905
550 615
550 570
647 394
647 178
103 534
103 238
336 320
75 404
75 262
125 851
935 612
935 87
935 830
983 986
821 584
131 807
663 942
663 721
570 971
371 166
371 200
579 872
975 22
975 517
975 40
284 475
284 273
284 432
425 777
425 335
815 843
815 466
815 835
489 20
489 907
533 195
533 850
756 702
756 596
404 262
827 966
521 73
521 4
432 115
73 4
887 700
887 505
217 87
811 496
811 47
458 288
458 871
126 980
126 947
341 58
341 484
97 688
390 181
390 93
7 723
7 485
939 805
971 376
408 501
408 636
221 996
138 376
287 203
287 473
672 724
805 428
805 247
195 923
674 47
674 484
178 394
850 736
685 963
685 254
4 200
285 277
730 867
730 111
954 376
954 824
376 824
274 513
405 728
595 135
517 40
669 937
669 399
669 242
363 985
720 902
720 119
272 311
644 396
644 497
771 142
641 3
641 28
434 19
434 692
147 397
518 356
475 273
247 814
325 524
683 361
466 900
119 902
723 485
106 524
361 842
552 372
929 865
929 112
636 317
636 501
802 905
148 317
816 196
396 497
415 527
554 616
554 286
554 737
587 412
3 28
505 700
777 968
536 132
976 228
976 154
104 544
104 655
104 332
500 915
737 286
852 559
702 596
867 513
867 111
20 907
288 907
288 871
288 818
885 244
843 605
19 692
249 639
830 87
566 980
122 465
516 483
712 835
865 112
139 706
139 124
473 953
889 912
842 271
612 616
291 687
291 618
818 871
996 970
228 154
332 620
196 873
33 271
918 973
729 263
111 970
370 642
127 822
859 766
281 880
275 968
344 23
344 453
219 52
703 775
124 706
398 269
684 744
943 872
300 928
605 498
882 635
715 923
