346 670
346 20
346 559
346 733
346 512
346 814
377 852
377 672
377 755
377 114
377 275
377 462
137 428
137 532
137 915
137 55
137 164
137 498
383 387
383 459
383 677
383 145
383 351
383 431
717 53
717 878
717 995
717 519
717 938
717 882
958 404
958 248
958 785
958 773
958 914
958 679
598 771
598 234
598 289
598 714
598 330
598 440
741 957
741 772
741 644
741 938
741 15
741 93
710 315
710 361
710 617
710 265
710 597
710 699
919 712
919 841
919 791
919 136
919 257
919 830
29 57
29 117
29 421
29 475
29 891
29 243
441 51
441 599
441 117
441 28
441 540
441 724
616 926
616 907
616 414
616 460
616 424
616 568
646 880
646 799
646 369
646 726
646 303
646 686
135 629
135 299
135 805
135 733
135 335
135 690
193 23
193 768
193 642
193 628
193 46
193 644
85 977
85 424
85 332
85 511
85 788
85 951
601 993
601 481
601 413
601 412
601 37
601 337
767 532
767 769
767 460
767 860
767 583
767 750
815 568
815 503
815 903
815 849
815 185
815 470
132 604
132 482
132 325
132 962
132 697
132 787
304 211
304 226
304 121
304 72
304 417
304 197
82 443
82 336
82 190
82 553
82 966
82 16
712 825
712 988
712 570
712 460
712 402
3 513
3 928
3 245
3 942
3 521
3 982
568 967
568 349
568 503
568 881
636 55
636 532
636 704
636 293
636 764
636 129
889 999
889 803
889 469
889 540
889 152
889 156
608 287
608 894
608 501
608 480
608 28
608 108
907 963
907 488
907 444
907 143
907 342
133 810
133 415
133 757
133 276
133 845
133 897
534 914
534 313
534 400
534 282
534 382
534 68
687 228
687 623
687 802
687 395
687 609
687 335
791 663
791 503
791 963
791 414
791 833
427 37
427 595
427 329
427 653
427 619
427 343
486 934
486 997
486 473
486 266
486 586
486 454
10 467
10 566
10 734
10 695
10 350
10 798
463 378
463 290
463 177
463 326
463 947
463 2
87 801
87 77
87 746
87 648
87 50
87 736
912 425
912 256
912 417
912 658
912 705
912 415
24 375
24 142
24 264
24 713
24 612
24 440
218 385
218 753
218 264
218 235
218 256
218 373
343 124
343 555
343 700
343 446
343 526
609 572
609 860
609 838
609 272
609 882
33 983
33 272
33 249
33 106
33 622
33 505
207 443
207 46
207 993
207 251
207 123
207 421
748 445
748 703
748 141
748 751
748 353
748 769
663 968
663 146
663 726
663 492
663 160
699 328
699 596
699 291
699 484
699 971
434 501
434 575
434 374
434 549
434 518
434 402
876 74
876 366
876 13
876 430
876 892
876 25
394 923
394 68
394 179
394 814
394 734
394 366
803 641
803 943
803 171
803 849
803 176
15 160
15 86
15 557
15 606
15 931
342 659
342 781
342 19
342 465
342 559
384 549
384 728
384 798
384 186
384 789
384 93
600 212
600 345
600 237
600 368
600 300
600 54
908 385
908 475
908 239
908 130
908 747
908 112
371 480
371 578
371 327
371 273
371 396
371 274
707 351
707 6
707 584
707 987
707 272
707 683
139 776
139 679
139 735
139 557
139 549
139 659
284 501
284 899
284 431
284 110
284 835
284 652
358 573
358 837
358 491
358 921
358 32
358 522
737 903
737 632
737 70
737 318
737 202
737 352
119 487
119 497
119 835
119 347
119 364
119 187
226 197
226 583
226 121
226 542
226 417
150 45
150 420
150 423
150 880
150 255
150 340
479 296
479 527
479 541
479 95
479 199
479 224
182 168
182 411
182 672
182 992
182 243
182 701
282 78
282 188
282 338
282 961
282 142
122 789
122 779
122 511
122 985
122 9
122 66
380 775
380 76
380 851
380 487
380 181
380 923
561 236
561 993
561 628
561 652
561 508
561 891
63 870
63 580
63 406
63 556
63 251
63 955
676 944
676 752
676 788
676 504
676 802
676 927
172 892
172 758
172 985
172 160
172 968
172 493
317 333
317 337
317 217
317 416
317 860
317 289
58 153
58 456
58 711
58 877
58 595
58 494
481 512
481 37
481 337
481 413
481 989
517 12
517 80
517 931
517 945
517 705
517 583
766 645
766 611
766 252
766 769
766 475
766 331
930 690
930 116
930 71
930 279
930 418
930 720
935 529
935 892
935 233
935 98
935 114
935 178
259 386
259 345
259 293
259 991
259 92
259 223
916 390
916 419
916 225
916 566
916 402
916 43
31 204
31 388
31 117
31 356
31 718
31 640
872 308
872 972
872 127
872 254
872 668
872 922
181 851
181 736
181 781
181 547
181 429
551 885
551 590
551 130
551 764
551 332
551 320
478 65
478 952
478 586
478 783
478 366
478 965
774 790
774 979
774 569
774 640
774 744
774 857
196 597
196 34
196 72
196 871
196 690
196 951
567 788
567 162
567 760
567 847
567 213
567 398
348 143
348 495
348 550
348 733
348 983
348 952
844 796
844 422
844 558
844 961
844 175
844 652
587 933
587 727
587 425
587 175
587 9
587 941
946 585
946 13
946 855
946 732
946 617
946 902
963 716
963 759
963 493
963 547
913 720
913 118
913 861
913 407
913 215
913 647
192 827
192 761
192 779
192 764
192 17
192 562
682 809
682 594
682 468
682 914
682 77
682 199
154 62
154 637
154 464
154 829
154 981
154 525
161 395
161 180
161 112
161 286
161 560
161 794
838 295
838 272
838 299
838 223
838 92
973 859
973 77
973 644
973 939
973 14
973 65
804 605
804 554
804 452
804 500
804 242
804 858
980 1
980 596
980 721
980 118
980 34
980 225
131 443
131 28
131 512
131 926
131 569
131 501
177 579
177 816
177 203
177 271
177 679
936 997
936 848
936 22
936 35
936 430
936 13
138 731
138 807
138 49
138 252
138 411
138 993
976 570
976 477
976 280
976 866
976 79
976 430
128 89
128 68
128 334
128 144
128 718
128 369
84 391
84 831
84 356
84 198
84 950
84 364
776 733
776 758
776 566
776 679
776 295
962 696
962 458
962 325
962 382
962 700
509 195
509 917
509 88
509 12
509 438
509 249
753 373
753 405
753 402
753 385
753 689
236 628
236 777
236 170
236 638
236 216
495 558
495 722
495 19
495 311
495 641
276 453
276 826
276 757
276 845
276 999
147 404
147 93
147 841
147 502
147 595
147 814
795 938
795 770
795 627
795 39
795 130
795 664
25 780
25 158
25 921
25 74
25 75
806 906
806 14
806 763
806 709
806 628
806 403
756 834
756 671
756 176
756 702
756 941
756 986
796 959
796 305
796 951
796 539
796 952
543 975
543 407
543 292
543 287
543 879
543 298
151 454
151 848
151 745
151 864
151 541
151 124
765 55
765 724
765 145
765 249
765 494
765 630
183 34
183 309
183 489
183 775
183 937
183 897
754 13
754 162
754 744
754 540
754 956
754 451
244 70
244 408
244 350
244 321
244 180
244 429
584 208
584 268
584 114
584 50
584 476
477 694
477 313
477 873
477 602
477 228
706 156
706 565
706 374
706 672
706 143
706 523
490 345
490 590
490 661
490 435
490 531
490 457
496 773
496 661
496 950
496 899
496 557
496 722
730 201
730 446
730 792
730 571
730 902
730 515
743 186
743 665
743 310
743 129
743 42
743 800
300 985
300 255
300 359
300 68
300 488
372 458
372 520
372 944
372 668
372 472
372 153
419 671
419 324
419 368
419 408
419 692
701 411
701 833
701 711
701 234
701 890
269 582
269 719
269 723
269 729
269 456
269 462
793 146
793 959
793 918
793 395
793 739
793 863
169 668
169 869
169 565
169 603
169 296
169 618
855 203
855 828
855 918
855 649
855 982
592 726
592 922
592 450
592 438
592 775
592 179
629 648
629 996
629 335
629 524
629 447
102 832
102 624
102 819
102 36
102 883
102 558
536 280
536 555
536 471
536 337
536 319
536 406
30 955
30 379
30 471
30 802
30 492
30 683
21 625
21 80
21 556
21 894
21 647
21 189
548 883
548 596
548 429
548 285
548 911
548 782
91 867
91 990
91 828
91 572
91 920
91 319
118 689
118 755
118 357
118 1
617 576
617 194
617 18
617 450
722 979
722 950
722 939
722 557
485 416
485 38
485 14
485 452
485 297
485 316
948 893
948 994
948 20
948 639
948 694
948 959
820 397
820 130
820 610
820 649
820 675
820 288
901 246
901 995
901 52
901 943
901 439
901 545
537 320
537 483
537 72
537 874
537 210
537 277
729 127
729 856
729 20
729 211
729 875
56 780
56 360
56 467
56 659
56 36
56 506
112 14
112 691
112 399
112 987
843 26
843 898
843 883
843 554
843 678
843 444
921 461
921 450
921 684
921 992
466 104
466 75
466 988
466 764
466 740
466 606
934 632
934 871
934 660
934 451
934 552
8 903
8 108
8 945
8 582
8 266
8 541
205 334
205 900
205 772
205 633
205 362
205 328
604 125
604 365
604 482
604 325
604 319
904 507
904 910
904 826
904 174
904 533
904 184
678 492
678 230
678 698
678 813
678 155
853 171
853 238
853 175
853 624
853 386
853 126
208 694
208 482
208 997
208 6
208 1
675 736
675 288
675 397
675 887
675 526
910 450
910 462
910 518
910 241
910 881
785 387
785 52
785 340
785 773
785 440
836 44
836 593
836 588
836 23
836 64
836 713
602 425
602 873
602 246
602 942
602 173
0 506
0 525
0 770
0 5
0 296
0 483
270 149
270 898
270 825
270 519
270 53
270 301
470 538
470 575
470 849
470 764
470 824
745 642
745 888
745 688
745 996
745 800
763 996
763 164
763 906
763 227
763 403
670 818
670 842
670 667
670 984
670 353
464 527
464 428
464 198
464 382
464 501
866 497
866 237
866 895
866 702
866 487
327 742
327 367
327 257
327 114
327 542
775 818
775 65
775 309
219 311
219 319
219 44
219 307
219 983
219 136
918 742
918 200
918 146
918 959
929 975
929 74
929 239
929 351
929 330
929 461
965 498
965 389
965 156
965 114
965 180
27 2
27 867
27 949
27 448
27 310
27 184
339 532
339 163
339 862
339 499
339 83
339 887
60 718
60 666
60 857
60 799
60 280
60 124
781 546
781 428
781 423
781 332
49 731
49 43
49 252
49 89
49 152
214 544
214 254
214 757
214 362
214 48
214 972
201 408
201 961
201 574
201 902
201 420
507 446
507 437
507 99
507 818
507 174
683 116
683 597
683 324
683 6
89 260
89 465
89 144
89 749
924 768
924 974
924 635
924 210
924 613
924 576
35 922
35 643
35 484
35 166
35 77
953 647
953 693
953 299
953 398
953 512
953 610
780 288
780 920
780 894
780 36
200 667
200 823
200 363
200 585
200 718
303 40
303 504
303 850
303 117
303 752
354 6
354 227
354 457
354 840
354 859
354 559
361 467
361 987
361 222
361 542
361 295
277 141
277 572
277 672
277 19
277 286
778 871
778 414
778 423
778 36
778 862
778 345
917 887
917 145
917 987
917 865
917 363
267 341
267 313
267 734
267 620
267 764
267 869
967 349
967 433
967 786
967 881
967 940
455 524
455 155
455 897
455 436
455 32
455 202
758 402
758 751
758 493
758 559
301 134
301 71
301 248
301 882
301 100
700 520
700 526
700 429
700 772
613 178
613 360
613 974
613 968
613 857
966 657
966 190
966 877
966 985
966 127
379 605
379 656
379 313
379 620
379 651
799 605
799 824
799 278
799 817
822 833
822 265
822 221
822 74
822 657
822 728
38 539
38 142
38 878
38 580
38 52
506 53
506 661
506 258
506 825
525 981
525 145
525 826
525 562
746 54
746 937
746 153
746 755
746 152
821 286
821 275
821 368
821 972
821 805
821 9
856 607
856 725
856 510
856 136
856 896
389 203
389 120
389 268
389 255
389 794
849 184
849 944
849 48
57 658
57 229
57 579
57 223
57 956
110 545
110 510
110 969
110 23
110 638
206 579
206 623
206 846
206 588
206 885
206 693
956 736
956 926
956 816
956 19
624 686
624 412
624 852
624 351
715 93
715 586
715 271
715 520
715 502
715 388
59 411
59 520
59 515
59 258
59 289
59 615
794 923
794 905
794 381
794 482
641 943
641 847
641 514
641 433
666 972
666 70
666 47
666 812
666 123
560 684
560 279
560 245
560 52
560 982
816 579
816 736
816 451
816 720
581 651
581 927
581 873
581 705
581 185
581 473
610 426
610 278
610 684
610 474
879 727
879 292
879 989
879 576
879 789
941 424
941 972
941 408
941 740
7 895
7 999
7 644
7 611
7 673
7 861
603 880
603 180
603 376
603 345
603 809
497 293
497 487
497 347
497 187
352 472
352 585
352 179
352 632
352 835
307 283
307 566
307 834
307 738
307 104
631 939
631 18
631 582
631 852
631 149
631 261
438 61
438 519
438 995
438 580
618 273
618 970
618 465
618 599
618 824
260 456
260 146
260 714
260 95
260 144
819 621
819 155
819 474
819 202
819 194
410 969
410 41
410 210
410 975
410 281
410 842
498 2
498 240
498 708
498 351
461 494
461 521
461 141
461 365
809 594
809 174
809 186
809 293
166 643
166 136
166 99
166 952
166 77
632 575
632 633
632 472
787 995
787 26
787 356
787 271
787 155
415 637
415 528
415 194
415 845
433 786
433 573
433 148
433 72
111 588
111 392
111 279
111 911
111 909
111 983
696 422
696 51
696 458
696 156
696 104
344 547
344 693
344 591
344 22
344 440
344 268
818 353
818 53
818 157
5 224
5 605
5 306
5 900
5 323
40 152
40 243
40 986
40 117
40 263
254 829
254 544
254 34
254 891
635 719
635 990
635 280
635 576
635 528
47 215
47 123
47 424
47 67
47 43
302 397
302 732
302 306
302 369
302 395
302 769
242 500
242 858
242 606
242 740
242 988
398 693
398 672
398 651
398 360
673 174
673 533
673 475
673 890
673 152
993 807
993 508
522 640
522 884
522 594
522 837
522 491
681 449
681 53
681 978
681 504
681 914
681 4
400 797
400 163
400 170
400 108
400 387
426 582
426 513
426 984
426 757
426 928
243 390
243 48
243 117
442 103
442 978
442 660
442 191
442 998
442 504
738 323
738 759
738 981
738 832
738 900
261 62
261 518
261 318
261 614
261 757
905 951
905 864
905 516
905 184
905 974
309 141
309 874
309 34
309 899
573 472
573 770
573 680
573 44
268 852
268 120
268 350
535 471
535 106
535 863
535 790
535 312
535 416
46 733
46 140
46 777
46 566
453 99
453 999
453 296
453 437
453 530
846 579
846 885
846 637
846 971
846 370
113 784
113 69
113 311
113 235
113 333
113 621
369 217
369 769
369 306
240 708
240 472
240 726
240 848
240 621
473 413
473 808
473 760
473 974
655 436
655 852
655 886
655 723
655 619
655 447
801 20
801 703
801 954
801 50
801 550
73 241
73 116
73 526
73 439
73 480
73 435
970 999
970 789
970 749
970 564
970 238
250 315
250 286
250 83
250 202
250 281
250 61
374 167
374 672
374 283
374 329
538 189
538 264
538 425
538 310
538 287
661 125
661 656
661 531
376 694
376 899
376 971
376 811
376 253
599 824
599 412
599 273
599 179
22 329
22 220
22 643
22 768
831 698
831 294
831 813
831 198
831 762
750 898
750 833
750 955
750 991
750 802
709 238
709 571
709 915
709 923
709 134
808 92
808 975
808 647
808 178
808 841
677 249
677 143
677 287
677 480
677 225
390 295
390 195
390 465
390 989
762 768
762 158
762 500
762 984
762 294
940 191
940 499
940 316
940 881
940 861
159 578
159 884
159 628
159 680
159 413
159 454
341 869
341 459
341 100
341 298
341 620
545 788
545 665
545 755
545 943
556 247
556 760
556 955
556 839
954 439
954 388
954 574
954 667
954 127
886 1
886 471
886 436
886 79
886 311
782 823
782 986
782 911
782 140
782 931
877 353
877 90
877 697
877 492
468 209
468 125
468 285
468 989
468 644
660 978
660 865
660 998
660 870
888 167
888 321
888 996
888 657
888 69
462 275
462 255
462 456
407 71
407 26
407 45
407 925
612 945
612 404
612 173
612 813
612 199
285 514
285 292
285 977
285 708
336 903
336 66
336 16
336 634
336 553
530 947
530 578
530 45
530 411
530 185
528 16
528 32
528 848
528 359
997 378
997 792
997 704
401 134
401 90
401 533
401 651
401 399
401 363
813 841
813 698
813 511
158 619
158 650
158 435
158 75
906 403
906 679
906 527
906 14
667 894
667 331
667 454
783 991
783 105
783 586
783 957
783 659
359 826
359 296
359 640
359 493
306 396
306 772
306 542
639 674
639 711
639 893
639 576
639 18
165 381
165 937
165 645
165 515
165 432
165 194
452 408
452 828
452 357
452 70
858 393
858 811
858 882
858 500
294 489
294 564
294 500
294 351
421 156
421 475
421 880
421 170
547 308
547 925
547 716
312 409
312 288
312 4
312 740
312 823
326 539
326 2
326 378
326 290
326 65
76 695
76 902
76 949
76 728
76 950
198 703
198 319
198 870
281 878
281 852
281 210
281 969
563 607
563 274
563 142
563 825
563 594
563 909
251 920
251 571
251 814
251 440
290 378
290 2
290 832
290 335
572 19
572 688
572 989
516 974
516 949
516 297
516 360
516 329
735 777
735 674
735 895
735 81
735 386
403 272
403 985
403 642
449 829
449 274
449 4
449 148
449 54
859 6
859 140
859 457
859 797
987 469
987 493
784 264
784 761
784 235
784 898
784 718
211 837
211 64
211 72
211 824
364 43
364 834
364 637
364 459
355 589
355 340
355 726
355 702
355 212
355 103
674 868
674 529
674 491
674 812
105 721
105 345
105 391
105 96
105 313
648 293
648 524
648 405
648 614
533 399
533 476
533 80
680 296
680 510
680 413
680 108
107 932
107 943
107 297
107 577
107 70
107 120
163 69
163 387
163 797
163 902
42 78
42 234
42 188
42 503
42 129
708 634
708 529
708 101
195 88
195 863
195 12
195 847
950 209
950 810
505 503
505 511
505 230
505 721
505 964
186 310
186 789
186 665
721 972
721 96
721 960
39 611
39 569
39 333
39 160
39 215
293 174
103 619
103 645
103 597
103 611
723 474
723 734
723 798
723 393
713 152
713 375
713 229
713 440
732 406
732 149
732 727
732 595
812 614
812 64
812 593
812 585
854 278
854 512
854 589
854 575
854 955
854 431
579 423
652 895
652 508
652 891
550 232
550 142
550 50
550 669
157 406
157 933
157 691
157 697
157 591
653 93
653 286
653 638
653 338
653 432
668 759
668 28
668 375
185 867
185 488
185 396
391 857
391 148
391 271
391 54
553 16
553 768
553 634
553 995
363 571
363 491
363 329
884 594
884 62
884 431
884 43
651 365
651 656
942 996
942 513
942 245
942 928
189 472
189 792
189 938
189 694
353 385
353 265
523 224
523 227
523 253
523 164
523 322
607 896
607 510
607 418
607 65
229 278
229 658
229 96
229 647
246 173
246 873
246 247
246 896
392 101
392 911
392 620
392 893
392 531
947 332
947 116
947 266
947 279
823 911
823 951
823 939
564 850
564 460
564 489
564 97
316 125
316 691
316 977
316 263
524 331
524 436
524 451
926 994
926 647
926 414
448 990
448 96
448 331
448 703
448 109
698 322
698 511
698 654
220 412
220 850
220 233
220 188
220 827
860 755
860 262
860 414
671 368
671 623
671 702
671 903
98 174
98 178
98 233
98 203
98 74
356 370
356 62
356 335
520 140
520 68
839 760
839 247
839 239
839 686
839 330
731 492
731 143
731 252
731 893
96 313
96 308
504 32
504 752
751 324
751 627
751 184
751 233
330 409
330 519
330 994
864 539
864 984
864 216
864 992
381 483
381 937
381 871
381 927
909 469
909 274
909 279
909 265
262 437
262 679
262 771
262 425
262 932
360 968
360 974
810 209
810 897
810 878
810 153
88 488
88 115
88 686
88 817
544 299
544 233
544 900
544 627
643 114
643 835
643 234
322 828
322 224
322 654
322 742
716 664
716 656
716 492
716 17
605 614
605 51
659 86
659 36
862 362
862 802
862 253
862 841
989 405
170 334
170 570
170 474
173 204
173 711
173 499
95 308
95 199
95 514
95 144
179 90
179 447
180 931
180 297
992 167
992 512
992 106
457 554
457 840
457 541
650 686
650 79
650 382
650 287
650 975
914 903
914 800
979 591
979 863
979 790
979 12
985 488
744 213
744 640
744 437
744 375
691 654
691 697
691 97
11 81
11 589
11 320
11 16
11 991
11 222
939 422
939 142
79 690
79 204
79 990
585 75
585 937
658 54
658 256
658 499
959 873
959 893
476 232
476 99
476 531
476 124
126 502
126 67
126 17
126 149
126 171
711 411
711 465
797 867
797 283
797 140
36 480
986 555
986 291
986 596
626 402
626 176
626 320
626 247
626 199
626 625
621 614
621 222
621 726
760 475
760 437
365 445
365 171
365 232
654 97
654 915
654 248
140 125
981 832
981 325
981 101
288 397
288 526
266 634
266 311
266 692
149 225
149 395
264 373
264 235
378 373
378 2
221 878
221 657
221 160
221 333
221 48
911 53
593 23
593 619
593 638
593 64
437 439
395 807
212 237
212 445
212 792
212 768
209 565
209 878
209 863
755 115
405 689
405 373
405 319
759 590
759 375
759 28
168 695
168 805
168 315
168 213
168 588
156 190
637 370
637 583
871 964
871 423
615 71
615 515
615 121
615 231
615 887
922 80
922 308
922 714
386 826
386 92
386 695
870 703
870 227
870 305
320 109
320 957
454 328
454 125
887 640
887 467
892 13
892 430
892 299
357 578
357 292
357 688
357 552
977 424
977 685
977 382
570 460
570 474
570 430
807 329
807 742
807 252
483 891
483 9
483 770
45 460
45 338
45 833
217 116
217 984
217 874
217 625
502 694
502 684
502 814
991 222
991 595
749 444
749 75
749 845
749 742
865 155
865 689
865 552
865 978
393 994
393 798
393 459
393 719
622 298
622 875
622 283
622 232
622 869
827 961
827 562
827 412
827 982
811 817
811 275
811 638
811 429
385 256
385 239
338 191
338 305
338 957
771 891
771 239
771 565
771 289
685 230
685 739
685 932
685 67
685 964
915 104
915 420
915 271
143 983
595 222
12 829
12 863
786 664
786 447
786 432
786 311
26 554
26 925
26 444
247 733
247 969
280 451
280 447
445 837
445 684
445 146
9 469
9 944
488 960
724 562
724 633
724 491
724 531
842 171
842 789
842 210
842 429
857 54
857 851
64 44
64 176
578 688
578 292
51 704
51 540
51 162
633 575
633 399
633 334
574 99
574 148
574 933
574 252
995 519
779 669
779 362
779 432
779 106
899 367
899 409
619 734
28 443
213 68
213 714
213 684
727 896
727 1
727 943
204 66
204 890
204 932
704 662
704 77
704 129
614 518
688 489
688 292
190 443
190 594
190 925
769 689
164 253
164 237
164 725
996 318
830 136
830 923
830 875
830 23
830 542
719 417
719 990
719 586
740 988
740 606
314 367
314 80
314 230
314 623
314 399
314 18
920 828
920 480
920 571
41 902
41 975
41 78
41 552
41 894
532 55
532 428
552 237
552 451
199 805
499 388
499 412
271 144
388 93
388 515
883 554
883 44
883 286
848 16
848 868
17 123
17 656
17 850
662 109
662 435
662 725
662 960
662 510
387 471
387 162
188 628
188 100
188 78
549 557
549 957
549 898
571 123
248 465
248 773
248 255
988 923
988 606
590 623
590 228
590 885
837 321
837 747
275 805
275 101
321 162
321 469
321 94
569 257
569 347
569 611
828 216
851 83
851 94
851 847
347 487
347 187
347 420
752 850
752 927
752 933
792 630
792 582
20 14
20 6
757 845
510 265
422 141
422 349
422 841
508 134
508 580
508 861
328 777
328 484
328 697
86 187
86 1
86 874
86 491
542 34
521 513
521 664
521 171
521 527
895 81
895 949
562 48
562 4
896 318
896 773
728 761
728 315
728 868
928 868
928 100
928 513
253 349
253 644
406 443
406 97
184 324
238 693
238 880
238 134
283 291
283 834
130 882
130 489
649 829
649 66
649 305
649 191
900 881
900 323
664 645
664 690
591 665
591 790
591 933
982 961
982 245
527 501
527 825
565 362
565 241
178 742
178 968
61 69
61 420
61 739
61 761
586 176
971 308
971 994
971 489
237 399
964 81
964 447
964 230
834 90
834 840
216 233
216 459
216 291
645 408
645 611
235 898
235 373
656 541
484 258
484 630
484 697
323 832
323 893
323 692
231 705
231 927
231 120
231 66
231 546
773 630
124 555
124 446
418 720
418 493
418 739
418 456
597 642
597 318
409 129
409 577
409 225
932 257
932 67
949 867
949 67
518 833
518 19
998 514
998 978
998 274
998 4
71 515
71 432
770 148
770 546
885 944
885 623
101 78
101 325
175 450
175 227
175 558
850 50
74 75
800 265
800 642
800 108
938 969
938 106
115 702
115 340
115 788
115 589
835 577
835 692
450 630
136 249
487 187
417 121
417 197
625 273
625 669
625 108
245 167
245 513
432 937
258 97
258 289
258 790
367 106
367 18
367 558
215 627
215 145
215 43
634 287
634 145
274 4
720 825
720 160
335 350
78 129
665 310
665 736
197 121
197 583
197 263
994 396
397 695
397 526
482 325
482 444
824 278
952 539
952 627
210 969
444 435
167 69
167 630
620 257
620 459
840 83
840 94
840 90
692 368
692 324
446 315
446 555
81 375
81 94
144 817
83 370
83 94
761 514
761 539
279 146
436 298
436 875
298 869
298 875
116 241
790 933
256 705
256 425
334 100
334 747
577 689
577 340
577 52
413 37
249 627
272 223
239 227
332 37
332 48
546 224
546 511
546 104
984 494
97 297
223 92
223 416
291 228
291 589
230 255
289 714
890 439
890 297
890 234
278 829
155 202
880 693
747 66
747 404
747 957
875 869
777 194
777 458
92 826
531 431
52 439
458 404
458 960
350 566
350 120
414 606
583 945
925 554
925 99
94 725
134 416
541 945
725 305
725 657
529 817
529 897
529 868
232 847
232 423
420 176
638 222
471 67
540 62
540 772
65 366
983 44
295 739
295 467
370 187
370 62
589 340
642 951
802 955
100 882
669 141
669 961
669 273
23 224
695 435
37 257
305 703
18 576
127 580
127 273
203 931
203 120
153 228
153 494
588 202
588 805
225 382
428 55
428 874
582 868
234 990
191 861
191 832
558 32
104 366
881 349
416 718
739 467
814 318
847 349
431 362
945 404
315 456
337 500
337 555
333 331
333 657
121 263
931 424
978 514
596 396
596 241
968 162
241 845
13 430
494 228
861 557
368 559
705 927
263 109
263 148
798 299
798 714
817 70
559 999
944 469
788 702
32 897
873 194
894 366
772 396
109 960
109 331
874 72
690 310
734 474
123 324
867 580
90 686
575 960
50 80
55 519
69 503
