191 318
191 862
191 937
191 514
191 999
191 376
354 437
354 669
354 259
354 328
354 221
354 829
2 626
2 639
2 619
2 521
2 560
2 28
338 368
338 240
338 938
338 613
338 498
338 158
604 431
604 127
604 100
604 499
604 459
604 653
672 246
672 790
672 562
672 575
672 957
672 683
209 446
209 694
209 188
209 213
209 564
209 940
408 553
408 784
408 573
408 660
408 515
408 67
453 852
453 40
453 87
453 592
453 784
453 204
768 245
768 45
768 947
768 195
768 122
768 950
52 767
52 985
52 528
52 945
52 903
52 196
424 588
424 253
424 81
424 205
424 793
424 995
76 180
76 830
76 367
76 181
76 541
76 230
781 238
781 721
781 666
781 420
781 115
781 412
718 323
718 651
718 135
718 523
718 876
718 220
779 798
779 694
779 750
779 877
779 110
779 223
18 87
18 406
18 413
18 766
18 914
18 659
547 294
547 581
547 571
547 577
547 667
547 319
426 726
426 384
426 931
426 969
426 597
426 749
787 108
787 509
787 129
787 849
787 805
787 550
207 474
207 925
207 270
207 544
207 987
207 201
483 356
483 645
483 538
483 168
483 393
483 844
273 114
273 757
273 143
273 211
273 959
273 510
657 880
657 263
657 832
657 272
657 476
657 542
94 325
94 473
94 615
94 783
94 307
94 990
277 867
277 268
277 685
277 73
277 803
277 55
405 505
405 15
405 933
405 334
405 598
405 326
813 665
813 485
813 893
813 551
813 345
813 93
219 537
219 823
219 786
219 701
219 889
219 808
457 709
457 640
457 532
457 48
457 409
457 167
698 217
698 665
698 799
698 862
698 316
698 24
837 261
837 976
837 50
837 32
837 922
837 223
121 662
121 853
121 131
121 900
121 37
121 414
825 759
825 174
825 15
825 905
825 447
825 521
611 571
611 706
611 325
611 182
611 794
611 119
652 373
652 836
652 829
652 708
652 99
652 482
44 797
44 821
44 31
44 827
44 859
44 676
950 122
950 45
950 888
950 245
950 947
715 242
715 924
715 773
715 871
715 480
715 603
889 743
889 786
889 701
889 733
889 537
522 749
522 101
522 284
522 777
522 775
522 776
760 427
760 330
760 638
760 304
760 508
760 690
83 449
83 402
83 839
83 291
83 864
83 632
124 854
124 839
124 912
124 235
124 785
124 595
933 908
933 526
933 326
933 505
933 334
351 295
351 612
351 197
351 626
351 141
351 821
878 382
878 863
878 518
878 358
878 171
878 566
511 50
511 262
511 810
511 503
511 841
511 893
830 929
830 615
830 181
830 188
830 909
418 785
418 217
418 592
418 659
418 325
418 284
788 68
788 649
788 875
788 446
788 758
788 304
96 740
96 634
96 919
96 817
96 569
96 391
737 600
737 953
737 347
737 724
737 910
737 137
129 161
129 108
129 404
129 704
129 509
685 73
685 980
685 867
685 803
685 55
146 223
146 958
146 229
146 798
146 333
146 170
854 412
854 934
854 275
854 835
854 514
529 416
529 682
529 60
529 575
529 677
529 64
884 369
884 279
884 455
884 104
884 557
884 176
664 773
664 563
664 248
664 858
664 54
664 252
700 697
700 667
700 423
700 20
700 814
700 462
267 614
267 548
267 552
267 833
267 628
267 35
735 948
735 135
735 119
735 414
735 10
735 91
128 50
128 313
128 895
128 578
128 95
128 171
311 312
311 380
311 472
311 12
311 722
311 824
481 344
481 21
481 458
481 562
481 802
481 518
807 300
807 725
807 893
807 203
807 169
807 907
105 171
105 663
105 125
105 313
105 378
105 804
822 798
822 930
822 450
822 535
822 130
822 582
199 904
199 918
199 554
199 503
199 97
199 903
600 773
600 137
600 349
600 910
600 347
292 916
292 236
292 765
292 417
292 43
292 148
648 337
648 456
648 63
648 654
648 45
648 111
661 177
661 454
661 116
661 603
661 47
661 477
490 852
490 699
490 535
490 820
490 973
490 671
892 403
892 389
892 75
892 285
892 435
892 816
1 575
1 875
1 326
1 497
1 360
1 449
764 144
764 548
764 183
764 559
764 802
764 930
461 712
461 7
461 58
461 567
461 534
461 584
865 268
865 12
865 546
865 287
865 163
865 47
443 388
443 318
443 952
443 862
443 428
443 162
588 793
588 634
588 995
588 205
588 81
784 201
784 290
784 496
784 160
195 947
195 840
195 834
195 434
195 982
980 145
980 6
980 575
980 299
980 991
382 142
382 435
382 844
382 375
382 544
986 93
986 696
986 42
986 596
986 585
986 691
74 774
74 916
74 303
74 36
74 492
74 397
870 77
870 302
870 139
870 618
870 194
870 695
296 841
296 111
296 314
296 20
296 840
296 995
654 749
654 85
654 102
654 770
654 370
756 888
756 178
756 385
756 629
756 64
756 380
904 827
904 554
904 799
904 97
904 918
717 509
717 875
717 753
717 777
717 896
717 593
237 355
237 23
237 697
237 814
237 75
237 95
833 306
833 628
833 35
833 614
833 552
445 502
445 404
445 597
445 634
445 504
445 473
633 341
633 377
633 946
633 627
633 954
633 175
545 551
545 93
545 564
545 495
545 602
545 629
720 504
720 520
720 716
720 739
720 622
720 442
465 203
465 230
465 33
465 515
465 133
465 713
14 286
14 589
14 189
14 468
14 680
14 572
675 598
675 815
675 159
675 840
675 388
675 228
745 759
745 666
745 235
745 836
745 306
745 5
894 899
894 5
894 479
894 806
894 331
894 300
210 777
210 634
210 61
210 938
210 729
210 222
321 310
321 922
321 937
321 988
321 763
321 402
160 164
160 468
160 222
160 723
160 115
729 521
729 421
729 544
729 476
729 8
16 133
16 345
16 39
16 663
16 310
16 617
227 557
227 38
227 632
227 831
227 359
227 88
256 397
256 363
256 166
256 177
256 608
256 79
437 259
437 847
437 328
437 829
437 221
335 104
335 619
335 706
335 855
335 997
335 668
730 392
730 113
730 233
730 458
730 722
730 390
113 233
113 314
113 390
113 392
113 98
226 258
226 906
226 118
226 64
226 967
226 283
860 372
860 170
860 530
860 524
860 71
860 848
247 231
247 999
247 692
247 77
247 80
247 35
19 487
19 506
19 112
19 623
19 229
19 66
381 182
381 162
381 561
381 422
381 796
381 142
185 642
185 732
185 927
185 846
185 392
185 956
413 766
413 471
413 914
413 475
413 406
482 836
482 517
482 708
482 373
482 99
411 872
411 800
411 470
411 989
411 40
411 315
252 858
252 563
252 248
252 593
252 106
997 462
997 400
997 948
997 957
997 401
239 436
239 517
239 433
239 467
239 927
239 401
649 742
649 670
649 565
649 425
649 493
842 9
842 67
842 811
842 934
842 265
842 857
948 91
948 560
948 135
948 10
899 806
899 156
899 580
899 532
899 536
403 816
403 435
403 285
403 337
403 431
757 959
757 211
757 88
757 114
757 510
148 765
148 236
148 417
148 43
148 262
796 142
796 561
796 422
796 162
796 51
66 289
66 771
66 371
66 513
66 655
843 593
843 820
843 973
843 753
843 578
843 416
241 172
241 810
241 156
241 974
241 555
241 342
695 302
695 618
695 139
695 906
695 194
674 696
674 360
674 993
674 711
674 313
674 419
412 126
412 512
412 835
412 90
826 983
826 115
826 4
826 724
826 714
826 92
278 814
278 642
278 409
278 640
278 853
278 275
991 801
991 145
991 817
991 299
991 6
286 589
286 189
286 680
286 926
286 572
244 564
244 575
244 349
244 975
244 563
244 755
620 204
620 566
620 486
620 927
620 707
620 550
644 673
644 935
644 982
644 891
644 11
644 109
819 147
819 977
819 488
819 981
819 448
819 550
761 869
761 754
761 407
761 385
761 469
761 647
258 283
258 265
258 397
258 967
258 118
375 72
375 322
375 143
375 446
375 229
368 998
368 613
368 158
368 361
368 240
512 971
512 996
512 949
512 243
512 495
145 801
145 312
145 299
145 6
557 831
557 359
557 192
557 632
936 979
936 398
936 601
936 86
936 533
936 898
133 33
133 230
133 515
133 713
645 538
645 393
645 848
645 844
645 168
39 486
39 250
39 835
39 688
39 221
601 637
601 937
601 533
601 86
601 898
613 114
613 587
613 240
613 158
953 594
953 678
953 394
953 419
953 202
346 387
346 400
346 587
346 434
346 279
346 979
609 943
609 567
609 156
609 703
609 629
609 621
710 561
710 378
710 748
710 839
710 630
710 938
922 988
922 310
922 576
922 763
10 91
10 135
10 777
10 597
165 298
165 679
165 558
165 606
165 489
165 102
523 220
523 876
523 651
523 323
523 167
650 380
650 955
650 112
650 155
650 681
650 752
608 54
608 554
608 316
608 821
608 549
874 12
874 941
874 806
874 331
874 282
874 54
320 790
320 339
320 429
320 200
320 583
320 621
736 990
736 404
736 789
736 879
736 913
736 872
98 314
98 21
98 504
98 882
98 979
772 806
772 658
772 909
772 697
772 814
772 812
747 65
747 178
747 460
747 643
747 969
747 740
809 184
809 398
809 497
809 742
809 780
809 910
570 265
570 783
570 8
570 155
570 380
570 366
847 987
847 328
847 972
847 665
847 353
436 444
436 111
436 378
436 713
436 938
767 214
767 343
767 838
767 180
767 186
149 823
149 996
149 77
149 738
149 794
149 968
377 69
377 946
377 961
377 705
377 24
452 969
452 198
452 875
452 54
452 451
452 625
362 216
362 225
362 63
362 951
362 624
362 151
589 90
589 189
589 915
589 680
327 466
327 337
327 519
327 265
327 903
327 468
616 342
616 687
616 591
616 669
616 795
616 357
734 868
734 623
734 495
734 744
734 107
734 491
762 178
762 103
762 455
762 329
762 274
762 26
360 678
360 993
360 808
360 183
399 831
399 574
399 518
399 731
399 962
399 539
136 506
136 25
136 641
136 828
136 56
136 689
920 332
920 49
920 719
920 163
920 141
920 295
249 431
249 154
249 637
249 689
249 251
249 126
797 214
797 430
797 420
797 871
797 765
925 305
925 434
925 474
925 987
925 201
78 123
78 3
78 630
78 312
78 134
78 820
915 355
915 516
915 23
915 972
915 727
507 322
507 280
507 963
507 845
507 751
507 994
683 530
683 364
683 562
683 492
683 87
353 472
353 614
353 599
353 316
353 799
625 726
625 516
625 719
625 969
625 541
140 866
140 13
140 234
140 741
140 218
140 316
527 72
527 543
527 190
527 605
527 525
527 152
410 964
410 896
410 276
410 590
410 358
410 431
750 553
750 216
750 69
750 181
750 232
216 232
216 667
216 181
216 69
656 269
656 776
656 288
656 440
656 688
656 68
29 763
29 325
29 699
29 290
29 824
29 546
421 895
421 269
421 544
421 117
421 275
824 494
824 888
824 193
824 859
771 283
771 856
771 513
771 371
771 289
741 746
741 164
741 324
741 929
741 590
886 396
886 693
886 859
886 725
886 758
886 444
441 254
441 46
441 264
441 40
441 372
441 939
594 202
594 64
594 394
594 291
594 678
324 534
324 456
324 119
324 887
324 746
21 431
21 798
21 397
21 549
911 364
911 580
911 446
911 192
911 805
911 759
150 120
150 319
150 415
150 581
150 571
150 294
567 401
567 451
567 485
567 356
684 248
684 356
684 31
684 563
684 496
684 963
846 556
846 374
846 954
846 968
846 770
117 895
117 269
117 968
117 110
117 115
390 722
390 233
390 392
390 8
187 626
187 707
187 676
187 635
187 301
187 821
714 775
714 494
714 92
714 4
714 724
72 605
72 152
72 543
72 190
876 323
876 816
876 651
876 220
179 979
179 107
179 365
179 317
179 744
179 245
532 409
532 167
532 48
532 640
977 488
977 981
977 972
977 448
977 147
309 697
309 850
309 270
309 305
309 909
309 831
331 669
331 806
331 282
331 471
376 999
376 68
376 350
376 318
376 862
739 442
739 341
739 622
739 520
739 716
818 32
818 919
818 568
818 587
818 882
818 775
430 456
430 668
430 897
430 798
430 593
591 107
591 881
591 486
591 279
591 970
803 867
803 73
803 316
803 55
617 598
617 7
617 584
617 667
617 265
941 686
941 536
941 379
941 955
941 808
120 218
120 866
120 13
120 234
120 531
660 568
660 774
660 978
660 553
660 856
163 268
163 546
163 22
163 12
887 560
887 297
887 993
887 940
887 487
439 553
439 770
439 462
439 40
439 301
439 378
791 688
791 438
791 610
791 704
791 631
791 157
484 279
484 387
484 849
484 200
484 440
484 560
942 109
942 177
942 514
942 297
942 5
942 738
15 598
15 174
15 905
15 447
643 469
643 434
643 460
643 268
643 793
192 41
192 498
192 514
192 632
276 462
276 58
276 896
276 386
276 590
478 970
478 901
478 208
478 521
478 785
478 417
663 235
663 171
663 943
663 4
944 535
944 450
944 651
944 579
944 582
944 966
274 455
274 329
274 103
274 317
274 26
983 92
983 416
983 79
983 4
983 724
202 790
202 394
202 678
202 291
469 385
469 460
469 754
469 647
59 881
59 694
59 84
59 262
59 877
59 93
686 881
686 769
686 851
686 197
686 433
506 828
506 38
506 25
506 641
960 407
960 53
960 905
960 174
960 447
960 266
110 269
110 196
110 872
110 945
206 350
206 780
206 823
206 896
206 473
206 272
966 108
966 785
966 91
966 964
966 612
57 222
57 607
57 893
57 855
57 62
57 17
725 203
725 907
725 169
725 300
232 217
232 69
232 952
232 982
577 75
577 255
577 677
577 706
577 102
357 496
357 740
357 31
357 348
357 627
60 416
60 682
60 575
60 677
60 251
879 811
879 964
879 851
879 404
879 702
51 676
51 667
51 969
51 449
51 100
156 555
156 172
156 612
367 153
367 396
367 212
367 364
367 257
271 36
271 479
271 281
271 863
271 597
271 9
425 422
425 742
425 493
425 670
425 565
491 744
491 495
491 868
491 913
491 623
845 572
845 795
845 994
845 280
845 322
800 748
800 315
800 470
800 872
800 989
805 853
805 108
805 780
805 88
211 114
211 143
211 510
211 959
639 636
639 363
639 383
639 340
639 885
371 655
371 289
371 513
371 598
253 93
253 793
253 205
253 81
253 336
901 923
901 87
901 970
901 428
901 699
173 88
173 208
173 143
173 38
173 774
173 676
792 419
792 287
792 728
792 0
792 890
792 606
218 866
218 13
218 531
218 234
943 349
943 101
943 235
943 703
65 95
65 931
65 607
65 238
65 556
850 178
850 154
850 28
850 422
850 97
101 344
101 420
101 519
101 990
493 565
493 992
493 742
493 670
919 817
919 41
919 569
919 391
521 471
521 705
733 811
733 317
733 909
733 325
733 786
900 573
900 37
900 662
900 131
900 602
144 559
144 183
144 236
144 930
144 802
585 42
585 415
585 691
585 428
585 596
119 680
119 998
119 67
680 189
680 956
383 363
383 856
383 885
383 340
383 636
638 690
638 692
638 304
638 330
638 427
350 912
350 883
350 282
350 531
690 427
690 913
690 398
690 304
396 257
396 153
396 212
396 873
365 317
365 31
365 627
365 932
365 503
998 627
998 908
998 349
998 467
0 287
0 728
0 610
0 890
0 419
348 743
348 112
348 501
348 48
348 384
937 318
937 763
937 999
721 20
721 184
721 923
721 702
721 834
782 314
782 917
782 540
782 795
782 27
782 154
955 839
955 705
955 395
955 40
885 363
885 856
885 340
885 636
913 275
913 732
913 877
91 152
91 135
36 303
36 200
36 27
36 238
270 112
270 831
270 520
270 655
168 393
168 538
168 844
168 34
569 817
569 41
569 391
569 634
302 194
302 618
302 359
302 139
740 624
740 61
740 855
880 993
880 503
880 370
880 554
880 918
299 407
299 6
299 801
500 921
500 839
500 361
500 711
500 902
500 246
502 213
502 235
502 34
502 687
502 607
3 312
3 123
3 134
3 17
3 630
358 225
358 151
358 951
358 238
243 637
243 22
243 949
243 17
243 971
864 32
864 449
864 288
864 510
864 291
251 126
251 637
251 154
251 364
954 7
954 754
954 681
954 770
400 992
400 789
400 84
400 712
9 852
9 917
9 159
9 924
783 155
783 380
783 970
783 8
22 546
22 978
22 949
22 12
636 340
636 363
636 479
169 62
169 907
169 300
169 203
655 56
655 513
655 289
927 303
927 486
927 204
415 64
415 294
415 773
415 319
281 635
281 749
281 804
281 255
281 863
832 263
832 272
832 970
832 542
832 476
451 928
451 198
451 30
451 293
755 498
755 810
755 466
755 666
755 975
153 212
153 703
153 257
153 873
582 450
582 707
582 535
582 130
957 384
957 778
957 260
957 815
423 304
423 667
423 758
423 496
423 789
463 568
463 635
463 17
463 576
463 823
463 912
994 963
994 322
994 751
994 280
42 43
42 596
42 366
42 691
297 556
297 743
297 5
297 738
152 543
152 190
152 605
952 799
952 576
952 54
952 428
677 479
677 416
677 682
976 132
976 260
976 940
976 262
976 387
536 379
536 921
536 985
536 460
328 829
328 221
328 259
540 92
540 795
540 336
540 34
540 827
414 691
414 961
414 364
414 492
580 446
580 759
580 122
580 285
345 433
345 790
345 578
345 855
709 640
709 666
709 525
709 409
709 495
384 815
384 723
384 707
175 746
175 162
175 340
175 642
175 79
972 727
972 23
972 355
812 679
812 464
812 339
812 11
812 558
789 615
789 27
789 341
571 294
571 581
571 319
178 931
178 64
223 798
223 333
223 595
230 33
230 713
230 840
30 553
30 198
30 293
30 671
30 928
962 574
962 352
962 731
962 293
962 539
85 370
85 851
85 102
85 303
85 982
669 88
669 903
669 849
515 723
515 713
515 33
631 704
631 610
631 157
631 778
631 438
420 706
420 33
420 388
659 429
659 882
659 592
659 5
68 288
68 440
68 776
460 475
460 193
248 806
248 858
248 563
131 662
131 573
131 37
131 602
147 981
147 448
147 814
147 488
778 157
778 518
778 438
778 610
861 330
861 260
861 810
861 682
861 201
861 508
288 82
288 776
288 440
476 542
476 263
476 272
228 58
228 627
228 67
228 306
228 336
574 108
574 352
574 539
574 731
908 334
908 505
908 326
908 526
621 464
621 583
621 339
621 429
914 928
914 766
914 475
914 406
769 882
769 472
769 374
769 27
769 492
7 303
7 584
7 79
197 598
197 841
197 743
197 738
102 428
102 370
25 641
25 689
25 828
25 965
189 533
189 572
99 517
99 836
99 708
99 373
456 543
456 395
456 593
662 467
662 356
662 433
84 694
84 857
84 877
84 840
157 438
157 704
157 610
555 974
555 342
555 55
555 172
27 314
27 821
440 82
440 776
342 172
342 974
342 835
838 343
838 186
838 214
838 180
838 71
728 795
728 890
728 419
728 287
896 590
896 932
143 510
143 959
326 505
326 334
444 853
444 855
444 658
444 586
11 935
11 379
11 109
11 891
203 907
203 300
926 646
926 89
926 125
926 984
926 693
485 668
485 401
485 722
485 551
882 605
882 32
212 257
212 961
212 873
607 238
607 62
607 834
921 753
921 857
921 361
921 559
898 979
898 398
898 533
898 86
43 765
43 417
43 236
240 158
240 995
240 498
166 705
166 516
166 752
166 912
166 134
24 647
24 116
24 40
24 306
906 738
906 967
906 283
906 118
552 628
552 614
552 556
552 35
794 509
794 823
794 158
794 973
88 38
242 480
242 459
242 871
242 924
242 167
751 280
751 322
751 497
751 963
201 474
201 987
374 494
374 32
374 834
374 890
641 828
641 965
641 689
402 746
402 369
402 80
402 932
386 946
386 263
386 586
386 599
386 916
615 949
615 106
615 929
89 693
89 646
89 984
89 971
89 125
205 81
205 793
205 466
17 53
17 576
489 679
489 606
489 558
489 344
489 298
58 895
58 213
58 584
261 176
261 246
261 164
261 183
261 231
294 581
294 319
214 343
214 180
214 186
508 711
508 330
508 965
508 427
606 298
606 558
606 679
215 939
215 254
215 264
215 77
215 46
215 996
97 918
97 971
97 554
542 971
542 840
542 263
984 562
984 459
984 646
984 693
116 177
116 47
116 454
116 477
467 401
467 433
467 282
853 855
853 958
315 470
315 929
315 352
315 989
447 905
447 174
447 53
723 909
723 875
723 504
992 670
992 742
992 301
992 565
572 848
572 534
539 317
539 731
539 352
41 817
41 391
41 671
738 595
208 956
208 231
208 487
208 934
586 916
586 946
586 599
586 28
387 279
387 282
387 681
647 869
647 385
647 754
939 186
939 46
939 264
939 254
479 548
479 748
530 170
530 71
530 524
530 372
34 407
34 533
34 687
595 477
595 909
595 95
622 716
622 520
622 442
622 712
82 707
82 776
82 138
82 958
53 32
53 905
53 407
159 308
159 250
159 224
159 70
551 137
551 893
551 93
553 564
123 630
123 134
123 312
123 703
862 999
862 318
993 526
993 560
517 37
517 472
517 708
308 504
308 70
308 224
308 612
308 250
385 869
385 754
359 858
359 449
359 632
90 323
90 126
90 949
90 135
127 307
127 499
127 971
127 100
127 653
176 369
176 549
176 811
176 231
531 234
531 866
531 13
624 225
624 151
624 951
624 63
770 888
770 556
495 525
193 307
193 859
193 266
193 494
583 339
583 429
583 526
583 464
868 744
868 623
868 50
868 107
538 844
538 393
538 474
599 916
599 946
599 472
978 284
978 313
978 883
978 696
204 566
204 486
204 990
727 355
727 23
727 752
727 516
642 668
642 301
642 305
458 562
458 758
458 337
458 229
630 134
630 388
47 454
47 477
47 181
336 627
336 961
336 254
534 956
534 449
534 138
318 999
194 305
194 618
194 139
520 716
520 442
602 37
602 573
602 629
220 323
220 711
220 651
682 428
682 416
347 137
347 213
347 497
347 910
468 222
468 356
468 681
126 154
126 637
881 820
881 923
881 431
213 501
213 366
568 104
568 54
568 587
459 499
459 653
459 100
839 80
973 820
973 61
973 306
958 161
958 69
958 235
300 907
924 480
924 871
924 603
475 406
475 262
475 766
180 186
180 343
928 198
928 658
928 293
4 92
4 724
373 499
373 836
373 708
466 186
466 975
466 857
49 719
49 332
49 395
49 141
49 295
524 671
524 372
524 170
524 71
8 965
8 155
263 272
858 355
858 563
298 996
298 558
298 679
590 462
590 932
691 902
691 596
930 802
930 183
930 559
477 454
477 177
897 593
897 333
897 790
897 182
897 668
112 28
112 487
537 701
537 808
537 786
537 361
125 646
125 693
125 222
63 151
63 951
63 225
26 103
26 712
26 329
26 455
167 671
167 541
902 732
902 596
902 433
902 307
956 815
956 231
141 332
141 719
141 295
339 429
339 464
546 12
546 968
626 711
626 28
626 821
653 981
653 100
653 499
391 817
391 303
945 196
945 528
945 985
945 970
114 780
114 959
716 442
716 712
844 393
260 138
260 79
260 932
455 329
455 103
380 155
174 75
174 905
139 618
139 366
786 701
786 808
687 268
687 917
687 699
793 81
629 229
629 573
968 688
968 895
393 118
852 863
852 188
852 501
231 388
951 151
951 225
257 961
257 873
836 708
369 549
369 341
369 917
77 264
77 46
635 863
635 434
635 628
576 823
576 578
138 480
138 759
138 182
592 217
592 774
592 284
108 671
158 938
454 177
454 940
990 80
990 519
262 841
743 827
743 888
974 172
974 246
974 758
673 109
673 982
673 891
673 432
673 935
871 603
871 480
442 712
975 370
975 525
975 857
48 343
48 409
48 640
867 873
867 73
867 55
245 122
245 947
245 406
61 104
61 246
61 777
815 224
815 250
190 605
190 808
190 543
265 398
510 959
275 473
275 732
289 513
289 758
472 492
255 934
255 634
255 706
255 501
106 497
106 132
106 703
106 612
541 45
541 111
541 525
693 646
370 238
130 450
130 995
130 535
130 681
224 931
224 70
224 250
379 985
379 196
379 287
618 200
188 869
188 290
188 701
462 496
501 863
501 366
313 361
313 696
722 392
722 233
494 70
494 859
86 398
86 533
86 979
301 284
301 775
164 306
164 929
164 266
333 692
333 929
333 668
280 322
280 963
810 841
810 801
38 229
38 688
814 697
678 394
678 291
79 934
820 132
903 619
903 581
985 196
985 528
525 804
122 45
122 947
917 549
917 341
619 340
619 637
619 366
198 875
198 293
856 6
856 283
579 182
579 290
579 752
579 389
579 432
285 816
285 395
285 435
744 107
744 623
987 665
987 474
266 989
266 827
266 5
234 13
234 866
329 746
329 103
694 877
694 726
891 982
891 109
891 935
334 505
334 526
883 432
883 912
883 804
883 349
28 965
566 486
566 550
566 67
319 581
799 918
799 316
498 446
498 389
264 254
264 46
827 859
291 394
732 87
732 330
995 81
753 857
753 305
753 848
752 931
752 516
233 564
233 392
841 702
731 352
731 584
56 513
56 748
56 548
56 848
35 614
35 628
438 704
438 610
549 341
923 702
923 834
923 20
935 877
935 109
504 597
432 804
432 780
432 389
200 62
200 849
282 73
283 118
564 963
516 23
330 427
470 872
470 989
470 111
332 395
332 719
332 295
666 450
666 115
646 688
713 33
665 528
665 835
726 268
726 969
726 464
50 795
50 95
46 254
80 932
80 705
23 355
561 142
561 162
561 422
754 869
196 528
151 225
869 70
388 706
182 75
587 361
587 488
640 409
573 37
518 777
518 171
967 528
967 307
967 118
558 679
509 550
509 988
290 325
290 831
417 236
417 765
435 816
435 389
103 746
419 890
62 407
62 544
221 829
221 259
749 811
749 111
849 560
849 801
910 497
910 137
940 487
940 711
13 866
323 651
344 161
344 907
344 696
632 519
304 427
161 996
161 246
161 404
774 503
774 317
773 676
773 349
596 307
964 785
964 272
964 790
87 155
20 184
20 702
372 71
372 170
404 699
471 780
471 548
471 766
464 429
496 31
312 134
132 115
132 397
132 705
171 851
450 535
378 938
378 748
487 934
55 73
890 287
612 996
488 448
488 981
543 605
946 916
703 759
835 343
556 888
100 499
406 766
658 804
658 279
658 104
949 519
851 811
851 154
603 597
603 480
269 578
269 895
550 474
293 848
284 775
704 310
95 931
6 801
988 763
988 310
988 562
989 872
802 701
802 559
947 45
828 689
828 965
356 696
816 389
719 514
559 183
692 578
692 259
692 689
67 681
401 676
71 170
222 473
448 981
448 184
70 250
707 912
548 748
314 775
69 217
565 670
565 397
873 961
337 519
337 184
394 75
422 142
492 364
181 104
623 107
763 310
834 702
162 142
503 31
628 614
363 697
434 305
785 699
554 918
893 137
514 184
92 724
765 236
295 395
172 217
259 829
473 544
742 670
526 505
584 352
