251 971
251 599
251 549
251 61
251 696
251 163
634 726
634 614
634 238
634 354
634 618
634 477
633 225
633 556
633 117
633 501
633 390
633 752
699 797
699 994
699 758
699 684
699 879
699 318
96 252
96 139
96 23
96 491
96 822
96 772
760 41
760 690
760 767
760 151
760 153
760 603
188 557
188 293
188 476
188 107
188 44
188 609
843 927
843 426
843 519
843 401
843 145
843 896
126 279
126 656
126 488
126 33
126 236
126 260
782 73
782 446
782 620
782 353
782 416
782 291
442 655
442 522
442 378
442 410
442 795
442 368
610 61
610 428
610 254
610 536
610 296
610 358
36 647
36 715
36 751
36 792
36 528
36 597
71 307
71 942
71 659
71 903
71 234
71 747
216 409
216 23
216 234
216 902
216 799
216 731
267 576
267 530
267 756
267 560
267 39
267 950
394 13
394 705
394 499
394 964
394 500
394 564
682 817
682 84
682 154
682 166
682 440
682 592
317 951
317 556
317 76
317 415
317 482
317 930
844 256
844 997
844 186
844 697
844 284
844 940
967 516
967 306
967 369
967 651
967 909
967 258
989 779
989 88
989 10
989 973
989 399
989 592
525 617
525 239
525 412
525 222
525 212
525 601
644 476
644 737
644 514
644 695
644 94
644 577
203 62
203 616
203 820
203 906
203 851
203 992
593 898
593 605
593 360
593 523
593 290
593 571
14 625
14 241
14 635
14 83
14 312
14 687
806 636
806 816
806 384
806 421
806 128
806 714
180 611
180 107
180 637
180 630
180 159
180 734
875 544
875 143
875 681
875 238
875 984
875 467
227 690
227 809
227 688
227 913
227 737
227 864
541 569
541 147
541 598
541 446
541 546
541 504
133 461
133 975
133 801
133 935
133 892
133 184
534 311
534 165
534 219
534 271
534 253
534 713
168 789
168 948
168 503
168 748
168 846
168 680
334 354
334 28
334 787
334 177
334 415
334 864
524 407
524 714
524 509
524 987
524 567
524 328
140 163
140 556
140 186
140 410
140 197
140 177
393 567
393 402
393 648
393 889
393 800
393 810
784 685
784 479
784 565
784 450
784 653
784 752
196 655
196 518
196 923
196 220
196 825
196 353
590 957
590 380
590 562
590 574
590 366
590 683
27 56
27 47
27 406
27 713
27 748
27 463
781 870
781 351
781 482
781 123
781 473
781 909
624 998
624 930
624 165
624 838
624 960
624 135
771 724
771 97
771 341
771 836
771 584
771 91
477 943
477 100
477 604
477 618
477 405
572 993
572 880
572 738
572 224
572 702
572 845
641 969
641 115
641 834
641 73
641 597
641 464
940 260
940 47
940 878
940 206
940 866
580 34
580 128
580 407
580 518
580 864
580 400
701 995
701 320
701 652
701 220
701 507
701 493
754 147
754 640
754 773
754 217
754 52
754 138
966 731
966 638
966 72
966 48
966 410
966 495
365 628
365 368
365 917
365 955
365 417
365 992
776 506
776 908
776 363
776 103
776 783
776 962
208 266
208 194
208 696
208 668
208 615
208 529
829 354
829 8
829 215
829 550
829 660
829 119
17 654
17 689
17 562
17 521
17 896
17 395
215 811
215 386
215 148
215 445
215 448
187 9
187 900
187 86
187 418
187 582
187 619
855 345
855 231
855 810
855 124
855 24
855 270
124 269
124 497
124 441
124 457
124 709
161 485
161 272
161 48
161 565
161 944
161 444
154 508
154 953
154 685
154 3
154 613
449 763
449 959
449 322
449 469
449 937
449 333
98 243
98 902
98 762
98 493
98 862
98 281
926 919
926 263
926 809
926 359
926 881
926 785
413 654
413 839
413 958
413 142
413 660
413 852
938 455
938 366
938 687
938 786
938 474
938 194
796 147
796 379
796 214
796 395
796 628
796 686
819 912
819 991
819 95
819 269
819 162
819 44
42 757
42 87
42 653
42 260
42 502
42 836
882 822
882 232
882 599
882 659
882 171
882 614
29 656
29 586
29 719
29 355
29 4
29 979
454 807
454 497
454 952
454 935
454 378
454 891
745 533
745 914
745 748
745 407
745 985
745 37
773 1
773 930
773 104
773 378
773 390
329 376
329 364
329 450
329 630
329 865
329 856
566 117
566 504
566 324
566 567
566 270
566 102
200 25
200 294
200 488
200 373
200 535
200 893
830 288
830 757
830 765
830 738
830 912
830 803
535 5
535 582
535 667
535 246
535 783
671 928
671 893
671 551
671 684
671 439
671 783
742 512
742 288
742 1
742 545
742 779
742 988
884 883
884 868
884 858
884 725
884 973
884 199
193 19
193 662
193 767
193 995
193 598
193 974
296 149
296 404
296 287
296 283
296 740
230 350
230 888
230 113
230 911
230 162
230 711
709 292
709 341
709 860
709 332
709 956
439 51
439 262
439 893
439 551
439 210
474 591
474 820
474 113
474 759
474 877
343 447
343 283
343 73
343 744
343 422
343 259
357 149
357 587
357 57
357 484
357 710
357 152
437 433
437 448
437 198
437 34
437 210
437 339
513 901
513 81
513 672
513 767
513 955
513 599
302 274
302 38
302 399
302 328
302 75
302 270
468 616
468 488
468 436
468 961
468 774
468 102
54 114
54 746
54 778
54 968
54 881
54 222
74 50
74 207
74 602
74 33
74 432
74 570
425 355
425 961
425 540
425 382
425 370
425 850
804 532
804 983
804 117
804 480
804 79
804 38
182 890
182 3
182 985
182 584
182 320
182 32
897 785
897 859
897 984
897 896
897 246
897 879
134 812
134 616
134 116
134 642
134 831
134 480
857 86
857 4
857 670
857 587
857 356
857 125
436 895
436 462
436 350
436 102
436 716
813 184
813 309
813 354
813 764
813 954
813 823
320 639
320 220
320 942
320 974
867 975
867 791
867 262
867 687
867 929
867 836
788 716
788 883
788 908
788 297
788 710
788 57
972 235
972 674
972 555
972 812
972 592
972 956
183 228
183 662
183 688
183 511
183 798
183 949
224 41
224 522
224 552
224 358
224 876
461 902
461 961
461 446
461 342
461 629
577 741
577 514
577 100
577 274
577 60
325 192
325 790
325 217
325 730
325 978
325 250
982 846
982 311
982 341
982 922
982 933
982 355
10 249
10 70
10 410
10 631
10 264
970 547
970 997
970 952
970 141
970 670
970 460
157 37
157 52
157 459
157 511
157 923
157 145
467 238
467 143
467 486
467 681
467 677
657 55
657 990
657 8
657 609
657 732
657 874
58 41
58 618
58 835
58 998
58 864
58 595
638 53
638 602
638 848
638 295
638 345
443 346
443 483
443 565
443 595
443 698
443 472
974 917
974 639
974 805
974 181
563 219
563 53
563 163
563 832
563 842
563 95
890 153
890 492
890 331
890 891
890 179
177 220
177 787
177 980
177 415
750 142
750 551
750 816
750 725
750 564
750 236
48 106
48 999
48 455
48 139
30 718
30 783
30 316
30 608
30 460
30 870
26 476
26 581
26 318
26 481
26 358
26 309
505 353
505 400
505 167
505 335
505 79
505 722
158 609
158 599
158 398
158 435
158 901
158 101
661 110
661 894
661 68
661 559
661 971
661 978
431 831
431 62
431 598
431 112
431 245
431 738
60 562
60 594
60 739
60 747
60 741
912 88
912 803
912 965
912 765
380 186
380 19
380 953
380 564
380 323
728 426
728 377
728 674
728 851
728 43
728 78
962 103
962 506
962 137
962 908
962 155
308 737
308 426
308 971
308 61
308 604
308 184
376 570
376 595
376 333
376 470
376 156
414 976
414 724
414 894
414 555
414 853
414 543
623 652
623 346
623 833
623 550
623 89
623 185
149 141
149 842
149 765
149 62
877 820
877 277
877 591
877 406
877 918
498 396
498 898
498 466
498 880
498 689
498 571
994 507
994 231
994 668
994 249
994 262
658 825
658 487
658 301
658 469
658 748
658 195
983 333
983 646
983 480
983 666
983 362
69 622
69 924
69 948
69 679
69 808
69 865
588 466
588 516
588 821
588 527
588 151
588 902
282 349
282 678
282 153
282 954
282 379
282 801
732 491
732 863
732 259
732 574
732 322
451 775
451 514
451 871
451 949
451 533
451 258
690 142
690 913
690 589
690 809
7 340
7 471
7 770
7 446
7 52
7 990
384 613
384 727
384 636
384 166
384 749
275 237
275 70
275 31
275 421
275 692
275 171
464 522
464 730
464 265
464 978
464 667
211 264
211 373
211 550
211 663
211 712
211 502
708 446
708 45
708 998
708 89
708 156
708 46
179 598
179 832
179 763
179 652
179 495
347 77
347 721
347 718
347 424
347 309
347 316
120 125
120 266
120 647
120 373
120 808
120 924
261 194
261 217
261 743
261 696
261 207
261 899
560 582
560 720
560 305
560 900
560 519
862 352
862 488
862 144
862 852
862 514
189 386
189 955
189 792
189 166
189 63
189 445
769 495
769 919
769 600
769 408
769 872
769 714
968 39
968 574
968 746
968 714
968 927
176 845
176 573
176 943
176 567
176 654
176 759
836 67
836 403
836 269
348 851
348 845
348 756
348 99
348 447
348 575
942 217
942 712
942 478
942 274
591 113
591 265
591 980
591 820
849 85
849 921
849 581
849 390
849 840
849 299
255 980
255 532
255 956
255 793
255 371
255 359
980 128
980 951
980 117
601 852
601 412
601 617
601 787
601 990
979 371
979 814
979 828
979 392
979 656
650 646
650 903
650 827
650 164
650 354
650 552
755 18
755 184
755 244
755 83
755 629
755 377
192 170
192 66
192 865
192 730
192 298
960 930
960 838
960 492
960 977
960 607
89 448
89 303
89 406
89 705
947 341
947 706
947 213
947 973
947 677
947 167
190 814
190 600
190 106
190 84
190 720
190 466
999 106
999 53
999 854
999 139
999 839
538 783
538 736
538 490
538 452
538 201
538 725
959 823
959 298
959 548
959 218
959 141
24 304
24 284
24 507
24 142
24 515
905 815
905 323
905 758
905 20
905 417
905 403
981 607
981 397
981 869
981 664
981 906
981 700
244 68
244 44
244 632
244 920
244 18
332 975
332 15
332 130
332 735
332 554
146 112
146 597
146 537
146 873
146 747
146 463
929 651
929 460
929 181
929 148
929 869
122 409
122 210
122 484
122 419
122 662
122 388
226 764
226 340
226 927
226 789
226 40
226 522
422 824
422 722
422 629
422 326
422 916
11 607
11 109
11 927
11 887
11 52
11 370
475 46
475 997
475 579
475 823
475 152
475 963
996 127
996 398
996 315
996 886
996 749
996 496
174 529
174 39
174 72
174 811
174 925
174 363
273 558
273 34
273 906
273 564
273 153
273 895
478 791
478 462
478 837
478 712
478 115
181 913
181 917
181 763
181 33
73 744
73 170
73 462
715 22
715 736
715 372
715 901
715 792
934 605
934 711
934 229
934 679
934 911
934 547
169 798
169 916
169 213
169 872
169 616
169 210
423 409
423 274
423 729
423 526
423 815
423 759
663 386
663 543
663 611
663 482
663 936
666 906
666 626
666 733
666 480
666 274
219 579
219 617
219 412
219 802
689 194
689 20
689 401
689 501
300 487
300 761
300 874
300 765
300 448
300 322
879 758
879 984
879 489
879 137
941 917
941 25
941 104
941 779
941 38
941 747
837 943
837 259
837 223
837 495
837 900
45 713
45 456
45 766
45 68
45 874
918 740
918 847
918 537
918 913
918 620
520 917
520 32
520 721
520 114
520 802
520 12
542 553
542 336
542 589
542 920
542 911
542 434
889 362
889 213
889 408
889 831
889 790
313 415
313 649
313 637
313 552
313 734
313 160
589 504
589 712
589 643
589 434
108 649
108 521
108 151
108 170
108 286
108 301
794 51
794 49
794 885
794 435
794 583
794 964
212 915
212 235
212 809
212 540
212 428
506 103
506 908
506 518
506 874
84 706
84 386
84 49
84 440
726 493
726 528
726 163
726 248
726 679
727 971
727 749
727 353
727 440
727 92
536 833
536 167
536 973
536 111
536 358
746 553
746 285
746 114
746 31
314 50
314 573
314 87
314 225
314 706
314 791
276 252
276 272
276 953
276 173
276 937
276 136
298 407
298 139
298 331
298 66
172 386
172 319
172 780
172 838
172 522
172 647
549 303
549 675
549 637
549 845
549 932
202 719
202 221
202 142
202 693
202 795
202 372
312 337
312 775
312 517
312 491
312 350
739 669
739 67
739 333
739 232
739 59
278 46
278 72
278 293
278 337
278 609
278 374
716 613
716 694
716 460
716 92
387 130
387 397
387 450
387 430
387 802
387 586
375 717
375 507
375 452
375 25
375 427
375 83
914 667
914 768
914 129
914 469
914 907
28 809
28 853
28 546
28 162
28 155
887 88
887 607
887 109
887 52
887 481
144 382
144 757
144 626
144 9
144 852
752 489
752 722
752 834
752 286
532 599
532 901
532 117
532 840
791 600
791 493
791 262
828 392
828 909
828 626
828 356
828 946
254 786
254 330
254 603
254 680
254 878
683 391
683 321
683 132
683 931
683 305
40 335
40 521
40 239
40 253
40 35
780 853
780 23
780 37
780 861
780 874
185 359
185 686
185 976
185 286
185 199
789 764
789 936
789 748
789 676
704 162
704 738
704 319
704 39
704 75
704 598
291 841
291 118
291 888
291 47
291 360
807 515
807 723
807 793
807 697
807 109
292 480
292 378
292 793
292 411
292 956
772 516
772 252
772 199
772 790
772 382
289 383
289 121
289 648
289 766
289 847
289 605
846 221
846 6
846 756
846 82
871 612
871 749
871 430
871 518
871 370
35 684
35 680
35 991
35 64
35 965
602 121
602 295
602 766
602 702
105 16
105 971
105 820
105 872
105 421
105 606
802 521
802 335
802 579
459 52
459 272
459 403
459 508
459 818
885 100
885 680
885 430
885 287
885 62
201 793
201 518
201 777
201 969
201 556
361 698
361 0
361 785
361 874
361 429
361 483
2 402
2 800
2 932
2 697
2 613
2 810
310 743
310 540
310 232
310 306
310 822
310 907
399 669
399 656
399 679
399 496
265 268
265 116
265 652
265 218
345 231
345 66
345 281
345 323
110 471
110 65
110 642
110 558
110 786
471 923
471 340
471 860
471 283
173 136
173 299
173 272
173 948
173 838
527 700
527 231
527 737
527 851
527 433
453 559
453 858
453 239
453 672
453 632
453 515
581 950
581 551
581 628
581 476
90 228
90 868
90 484
90 596
90 834
90 758
529 363
529 205
529 238
529 12
886 147
886 544
886 239
886 944
886 951
957 466
957 424
957 388
957 465
957 997
339 540
339 351
339 94
339 237
339 210
559 733
559 853
559 13
559 270
207 432
207 428
207 304
207 848
50 625
50 131
50 753
50 501
987 790
987 939
987 336
987 705
987 516
691 63
691 945
691 881
691 575
691 263
691 245
465 481
465 900
465 159
465 805
465 814
305 733
305 391
305 582
305 132
539 751
539 587
539 429
539 670
539 85
539 917
517 583
517 552
517 337
517 775
517 382
56 463
56 111
56 675
56 937
56 916
243 899
243 606
243 237
243 835
243 678
205 988
205 420
205 285
205 816
205 440
717 164
717 731
717 434
717 632
717 698
586 597
586 351
586 353
586 656
13 367
13 18
13 858
13 537
287 576
287 740
287 899
287 509
364 438
364 293
364 15
364 923
364 670
19 472
19 346
19 995
19 277
570 470
570 595
570 605
570 131
958 568
958 366
958 984
958 924
958 444
383 614
383 799
383 486
383 713
383 175
723 964
723 277
723 16
723 820
723 473
46 145
46 337
46 678
55 835
55 700
55 125
55 458
55 64
668 206
668 507
668 258
668 307
80 907
80 111
80 349
80 374
80 951
80 338
456 873
456 992
456 842
456 304
456 135
808 548
808 622
808 740
808 924
553 405
553 233
553 544
553 114
645 119
645 401
645 489
645 344
645 307
645 72
458 49
458 324
458 483
458 936
458 297
673 249
673 676
673 44
673 194
673 114
673 631
21 166
21 155
21 774
21 858
21 194
21 171
672 613
672 632
672 585
672 797
150 420
150 729
150 162
150 294
150 531
150 530
557 892
557 935
557 775
557 112
557 107
404 583
404 558
404 948
404 118
404 499
435 155
435 191
435 749
435 171
417 815
417 235
417 368
417 175
492 516
492 537
492 724
492 870
993 152
993 405
993 863
993 722
993 946
821 568
821 162
821 186
821 151
821 429
841 68
841 274
841 801
841 359
841 141
164 936
164 684
164 381
164 827
949 103
949 688
949 878
949 933
479 100
479 824
479 816
479 685
479 268
352 279
352 878
352 472
352 70
352 266
362 913
362 643
362 630
362 277
642 883
642 812
642 77
642 824
369 997
369 700
369 555
369 674
369 434
294 531
294 729
294 367
294 694
686 214
686 359
686 398
686 863
510 578
510 904
510 825
510 487
510 301
510 195
576 151
576 530
576 655
576 939
608 500
608 129
608 6
608 485
608 763
223 635
223 271
223 20
223 327
223 700
253 833
253 330
253 165
253 667
371 969
371 793
371 401
371 956
991 865
991 95
991 372
991 496
826 175
826 411
826 662
826 803
826 827
826 861
692 988
692 768
692 512
692 554
692 770
817 965
817 955
817 342
817 145
817 485
547 952
547 933
547 818
547 736
390 901
390 501
390 873
595 156
595 470
366 528
366 68
366 880
832 617
832 562
832 12
832 311
206 355
206 395
206 32
206 778
550 148
550 130
550 119
675 160
675 445
675 303
675 612
511 494
511 306
511 923
511 418
777 548
777 218
777 165
777 23
777 31
523 562
523 432
523 204
523 410
523 462
751 264
751 153
751 245
751 8
531 729
531 611
531 374
531 637
612 385
612 585
612 554
612 502
86 758
86 834
86 582
86 418
490 919
490 138
490 5
490 37
490 22
63 848
63 945
63 736
63 242
78 603
78 131
78 81
78 952
78 31
257 731
257 643
257 509
257 880
257 518
257 616
288 764
288 466
288 853
288 738
620 407
620 398
620 101
620 241
145 795
145 342
167 381
167 400
167 722
420 396
420 433
420 82
420 406
703 242
703 204
703 627
703 147
703 49
703 707
803 12
803 765
803 109
12 353
12 864
82 221
82 16
82 881
82 396
693 221
693 795
693 318
693 578
693 985
370 714
370 753
370 81
779 861
779 561
779 600
77 424
77 721
77 718
77 316
526 87
526 234
526 908
526 491
526 438
839 811
839 286
839 3
839 285
184 18
184 377
396 175
396 444
396 545
209 79
209 342
209 694
209 990
209 876
209 160
718 721
718 424
718 316
486 799
486 640
486 234
486 786
349 379
349 954
349 888
349 801
637 734
637 141
15 141
15 927
15 236
15 584
543 975
543 555
543 135
543 247
499 964
499 600
499 558
499 297
258 318
258 504
258 307
695 509
695 902
695 737
695 94
695 279
611 630
611 903
611 197
51 159
51 218
51 805
51 667
697 402
697 800
697 810
922 565
922 9
922 406
922 382
922 233
104 284
104 653
104 1
104 643
228 131
228 868
228 596
228 516
898 853
898 854
898 53
898 290
440 445
440 667
851 622
851 823
70 669
70 233
70 878
123 221
123 33
123 519
123 605
123 409
915 573
915 768
915 818
915 235
915 860
944 963
944 835
944 640
944 888
408 381
408 919
408 515
408 213
904 628
904 220
904 450
904 585
904 616
41 680
41 441
41 489
473 351
473 481
473 688
473 615
335 604
335 831
335 741
268 130
268 95
268 847
268 218
880 909
880 528
899 700
899 38
899 606
854 53
854 359
854 316
854 57
992 165
992 121
992 374
530 93
530 932
530 910
838 272
838 930
706 698
706 416
706 483
925 411
925 143
925 112
925 247
925 398
840 937
840 222
840 606
840 136
218 792
694 271
694 778
694 237
101 790
101 323
101 619
101 687
868 136
868 250
868 798
592 217
592 121
592 88
237 271
237 741
66 311
66 170
66 946
767 603
767 995
767 629
775 655
775 975
323 552
323 564
178 866
178 281
178 18
178 859
178 733
178 246
419 939
419 662
419 533
419 613
419 328
143 930
143 681
143 238
232 822
232 653
232 493
583 214
583 677
583 469
733 79
733 852
427 43
427 587
427 83
427 712
427 88
894 906
894 664
894 921
894 432
861 561
861 321
861 328
225 117
225 87
225 326
225 640
235 540
235 421
315 702
315 859
315 921
315 67
315 0
138 850
138 5
138 793
138 866
648 969
648 594
648 567
648 115
271 503
271 327
937 136
937 252
299 25
299 964
299 533
299 231
336 4
336 795
336 869
336 928
249 277
249 22
249 32
744 457
744 614
744 241
744 971
635 626
635 112
635 445
635 488
483 698
483 346
6 669
6 514
6 878
6 372
986 43
986 368
986 186
986 311
986 607
986 578
240 65
240 119
240 503
240 625
240 64
240 186
924 931
924 622
494 250
494 545
494 798
494 845
494 678
920 132
920 688
920 953
920 411
356 328
356 587
356 596
356 761
279 741
279 236
279 656
852 326
118 741
118 330
118 797
118 500
669 0
669 59
433 321
433 198
433 197
681 388
681 238
681 856
280 503
280 397
280 482
280 412
280 770
280 883
485 903
485 870
485 100
245 448
245 881
245 191
630 705
630 460
484 502
484 603
484 834
256 787
256 674
256 985
256 676
256 233
639 67
639 696
639 327
639 988
222 988
222 495
222 866
785 598
785 263
785 859
888 430
888 603
822 907
822 322
907 951
907 619
59 895
59 818
59 411
59 761
67 988
67 812
137 797
137 107
137 537
137 790
395 688
395 628
395 214
337 651
337 609
569 441
569 976
569 605
569 507
569 107
835 883
835 262
711 859
711 489
711 762
711 911
266 350
266 125
266 774
545 191
545 1
545 142
847 87
847 210
847 735
933 22
933 496
933 952
229 91
229 743
229 621
229 64
229 774
514 147
20 327
20 403
20 579
85 497
85 263
85 921
85 910
809 811
909 351
909 5
286 163
286 649
388 416
388 497
388 128
916 326
916 463
916 629
594 969
594 115
594 428
594 816
4 833
4 719
4 434
389 873
389 568
389 985
389 221
389 774
389 76
472 346
472 565
472 946
738 873
250 319
250 61
250 75
16 277
16 260
16 155
166 304
166 636
998 863
998 135
998 270
111 269
111 455
111 259
378 655
378 368
578 607
578 309
578 707
896 774
896 246
896 401
928 827
928 199
928 619
928 876
448 597
397 91
397 770
397 869
685 575
685 8
685 127
148 135
148 753
148 367
939 876
939 546
939 457
954 379
954 447
954 801
94 737
94 9
94 618
554 8
554 199
554 585
883 482
740 428
740 324
850 504
850 730
850 976
850 421
351 950
106 340
106 139
106 438
649 160
649 93
649 372
758 834
863 432
863 379
93 895
93 424
93 333
93 621
450 175
450 856
68 636
5 81
5 22
621 565
621 931
621 653
621 91
651 306
651 476
651 355
502 961
502 1
787 233
787 377
606 762
606 421
515 945
515 462
564 400
734 247
734 652
734 331
22 596
53 795
99 568
99 447
99 756
99 575
99 945
730 978
730 92
911 756
911 652
130 571
130 735
62 303
62 799
444 132
444 175
444 892
872 833
872 665
872 0
386 445
845 567
31 973
31 548
262 418
272 537
555 344
555 975
801 379
815 409
815 759
815 488
324 585
324 729
324 83
568 756
568 720
217 88
615 307
615 33
615 482
615 407
599 901
680 508
127 647
127 811
127 870
127 269
721 316
721 424
910 720
910 195
910 587
910 978
330 131
330 116
330 770
412 617
412 405
902 102
705 500
705 687
963 220
963 76
963 152
963 659
665 129
665 8
665 92
665 892
665 626
792 491
792 948
619 415
619 977
827 646
827 381
405 946
405 618
707 627
707 242
707 338
707 204
9 382
9 757
75 39
75 319
75 858
725 702
725 295
725 551
797 501
797 719
37 263
37 533
805 125
805 159
805 342
812 869
812 455
92 49
92 729
322 735
322 403
818 761
818 198
596 614
596 191
768 43
768 860
768 512
631 285
631 544
631 677
631 344
646 469
646 452
646 931
307 457
428 113
546 95
546 241
546 950
338 242
338 204
338 627
338 501
509 743
509 731
873 373
170 965
170 660
743 893
743 496
810 800
810 402
935 995
935 497
935 892
284 866
284 231
284 856
438 977
438 283
438 392
990 609
990 519
831 604
831 112
3 25
3 943
3 953
115 969
115 976
97 548
97 331
97 385
97 476
97 584
640 702
640 260
198 678
198 647
198 765
470 876
470 290
470 91
866 47
946 508
977 65
977 823
977 636
156 480
156 762
156 350
0 119
0 463
491 239
72 489
72 293
659 951
659 76
659 747
528 626
528 248
945 573
945 290
319 39
319 632
269 647
368 655
923 952
426 374
426 519
426 401
720 814
720 573
116 306
116 372
116 985
293 724
293 860
214 893
214 628
119 65
856 799
856 614
762 622
762 248
32 248
32 354
263 881
722 400
165 618
632 869
460 670
91 340
544 318
544 984
571 664
571 466
571 950
508 799
508 710
252 197
252 136
798 367
798 311
893 684
341 766
341 956
984 932
441 283
441 392
441 107
891 247
891 385
891 377
891 331
735 306
735 556
204 242
204 627
913 512
121 766
121 643
241 109
241 283
377 385
103 943
103 719
248 416
248 360
281 759
281 848
281 778
43 360
43 290
747 864
47 842
47 463
965 955
965 931
859 246
584 724
584 677
761 392
761 521
858 18
301 487
301 825
301 195
687 83
961 540
961 446
481 152
481 318
487 195
487 825
197 304
197 410
500 763
500 129
76 358
76 403
848 213
848 736
23 139
23 749
504 724
152 997
385 247
385 512
1 264
455 865
455 786
662 714
213 919
327 87
327 38
953 113
811 391
233 676
100 81
548 674
698 416
575 900
575 447
759 409
503 65
503 948
906 664
710 903
710 552
710 57
297 824
297 786
297 57
457 561
457 660
585 374
860 533
573 943
155 367
363 239
363 908
363 677
932 260
932 402
81 757
679 64
679 643
171 927
171 191
800 402
800 236
344 921
344 285
344 562
195 825
660 561
660 654
326 629
326 346
469 452
664 65
664 521
493 764
736 674
340 625
748 406
109 33
512 604
600 398
496 95
921 814
321 561
321 391
321 132
654 764
654 57
574 429
574 309
574 259
627 242
627 328
159 814
159 712
900 447
264 495
264 373
763 129
153 44
783 452
876 522
678 333
625 462
625 824
360 676
360 290
163 696
561 331
978 870
622 865
135 753
497 129
770 579
653 191
128 636
128 304
430 931
430 824
64 303
919 350
558 34
558 418
247 234
342 160
556 415
903 381
38 199
49 597
892 131
132 391
295 381
295 702
295 551
842 34
842 236
936 355
936 676
731 234
766 617
303 160
684 151
392 416
102 895
102 964
285 816
429 309
429 753
411 604
259 713
367 358
519 823
61 976
61 696
125 452
79 955
79 113
432 400
25 373
434 833
950 995
582 418
895 778
391 719
753 713
44 114
34 778
579 973
757 246
270 670
