364 939
364 481
364 285
364 671
364 976
364 380
654 363
654 891
654 108
654 193
654 672
654 287
148 552
148 693
148 858
148 309
148 94
148 79
950 277
950 522
950 105
950 355
950 676
950 421
435 263
435 831
435 313
435 805
435 532
435 767
714 159
714 614
714 187
714 581
714 336
714 55
884 886
884 209
884 768
884 541
884 117
884 842
955 672
955 193
955 750
955 407
955 633
955 78
333 871
333 480
333 700
333 807
333 544
333 472
932 396
932 719
932 816
932 194
932 661
932 968
356 402
356 687
356 778
356 930
356 718
356 811
570 335
570 582
570 97
570 907
570 181
570 456
218 870
218 946
218 865
218 961
218 57
218 236
865 690
865 367
865 999
865 949
865 537
166 454
166 265
166 792
166 861
166 630
166 131
675 446
675 40
675 421
675 300
675 643
675 914
485 487
485 518
485 775
485 111
485 645
485 641
837 576
837 681
837 127
837 697
837 561
837 800
833 651
833 647
833 578
833 151
833 273
833 123
989 225
989 803
989 843
989 625
989 729
989 728
442 308
442 409
442 946
442 246
442 62
442 926
875 606
875 4
875 867
875 754
875 597
875 332
147 20
147 213
147 123
147 280
147 378
147 956
841 507
841 653
841 527
841 11
841 78
841 993
100 109
100 510
100 221
100 154
100 821
100 9
766 817
766 846
766 948
766 868
766 173
766 219
146 359
146 802
146 527
146 796
146 35
146 987
733 331
733 375
733 223
733 51
733 237
733 202
749 244
749 215
749 264
749 967
749 557
749 892
501 399
501 591
501 786
501 575
501 750
501 737
701 516
701 253
701 256
701 642
701 608
701 80
195 951
195 736
195 350
195 15
195 243
195 983
594 18
594 363
594 14
594 909
594 648
594 416
88 754
88 269
88 522
88 816
88 886
88 534
913 465
913 80
913 963
913 41
913 669
913 900
0 656
0 809
0 44
0 143
0 997
0 354
800 697
800 576
800 924
800 681
800 561
71 921
71 585
71 812
71 344
71 565
71 325
186 848
186 888
186 977
186 767
186 224
186 730
505 74
505 616
505 330
505 377
505 562
505 277
527 91
527 325
527 511
527 804
769 870
769 249
769 273
769 387
769 609
769 644
982 682
982 280
982 81
982 138
982 587
982 105
232 671
232 464
232 486
232 702
232 96
232 946
777 914
777 434
777 725
777 437
777 999
777 996
203 767
203 331
203 909
203 229
203 523
203 248
979 881
979 7
979 985
979 161
979 404
979 811
1 306
1 82
1 30
1 265
1 274
1 357
993 810
993 640
993 316
993 353
993 507
53 258
53 279
53 95
53 119
53 664
53 868
137 861
137 293
137 165
137 514
137 188
137 496
5 690
5 925
5 150
5 399
5 387
5 952
60 748
60 644
60 931
60 509
60 107
60 173
465 338
465 609
465 652
465 387
465 623
490 25
490 885
490 648
490 578
490 857
490 126
828 371
828 395
828 429
828 848
828 863
828 673
887 699
887 693
887 73
887 579
887 956
887 897
375 985
375 664
375 542
375 968
375 119
947 740
947 353
947 743
947 960
947 735
947 373
444 151
444 613
444 540
444 836
444 61
444 770
552 604
552 755
552 994
552 921
552 569
129 289
129 859
129 615
129 30
129 994
129 132
397 152
397 541
397 553
397 269
397 315
397 811
118 863
118 258
118 267
118 194
118 462
118 901
876 793
876 422
876 58
876 713
876 869
876 313
55 653
55 124
55 413
55 549
55 794
182 258
182 165
182 32
182 635
182 626
182 563
299 235
299 965
299 190
299 201
299 813
299 418
808 143
808 54
808 864
808 809
808 656
808 220
684 368
684 975
684 202
684 445
684 844
684 638
915 679
915 31
915 393
915 427
915 250
915 578
47 110
47 551
47 720
47 832
47 348
47 895
852 427
852 263
852 130
852 409
852 668
852 784
170 197
170 412
170 292
170 406
170 385
170 491
514 716
514 496
514 586
514 862
514 550
411 967
411 934
411 330
411 399
411 229
411 771
640 338
640 235
640 492
640 384
640 794
831 276
831 894
831 964
831 826
831 968
215 781
215 264
215 892
215 259
215 826
436 326
436 898
436 463
436 996
436 371
436 699
67 108
67 801
67 99
67 893
67 63
67 425
687 718
687 504
687 402
687 452
687 227
153 519
153 789
153 24
153 902
153 539
153 288
461 4
461 149
461 785
461 820
461 350
461 809
426 398
426 102
426 680
426 783
426 753
426 832
885 587
885 601
885 546
885 417
885 624
615 370
615 859
615 743
615 422
615 840
635 305
635 347
635 287
635 806
635 423
217 787
217 605
217 469
217 242
217 343
217 66
891 798
891 839
891 672
891 453
891 30
592 679
592 319
592 249
592 802
592 905
592 697
917 2
917 941
917 311
917 68
917 460
917 412
738 220
738 327
738 161
738 154
738 164
738 73
971 764
971 856
971 429
971 990
971 716
971 617
451 630
451 288
451 567
451 207
451 526
451 349
798 274
798 705
798 595
798 120
798 948
252 495
252 959
252 873
252 326
252 500
252 840
323 306
323 726
323 746
323 723
323 179
323 272
598 474
598 645
598 540
598 580
598 250
598 57
731 997
731 298
731 904
731 92
731 613
731 145
381 752
381 50
381 660
381 787
381 716
381 782
962 256
962 544
962 83
962 28
962 111
962 359
401 755
401 741
401 315
401 847
401 616
401 840
977 6
977 17
977 739
977 420
977 616
56 670
56 812
56 649
56 33
56 698
56 555
119 839
119 927
119 954
119 248
255 307
255 895
255 229
255 892
255 660
255 647
365 46
365 313
365 180
365 632
365 579
365 536
214 937
214 949
214 340
214 242
214 11
214 536
705 920
705 567
705 578
705 948
705 696
254 4
254 824
254 848
254 748
254 671
254 780
549 189
549 765
549 141
549 188
549 124
89 843
89 710
89 437
89 775
89 541
89 707
970 774
970 372
970 470
970 966
970 209
970 530
467 984
467 424
467 373
467 931
467 173
467 420
922 801
922 432
922 278
922 907
922 27
922 558
184 155
184 133
184 707
184 240
184 953
184 815
176 721
176 967
176 500
176 785
176 24
176 453
221 257
221 587
221 347
221 582
221 822
163 662
163 984
163 479
163 112
163 293
163 706
776 10
776 508
776 830
776 621
776 225
776 572
199 279
199 224
199 583
199 937
199 693
199 386
433 179
433 789
433 829
433 734
433 974
433 130
92 613
92 103
92 145
92 997
92 121
981 417
981 96
981 281
981 368
981 659
981 209
112 662
112 293
112 961
112 188
112 515
730 475
730 377
730 556
730 439
730 394
233 85
233 183
233 671
233 826
233 559
233 200
611 141
611 162
611 725
611 28
611 509
611 547
379 106
379 556
379 745
379 156
379 68
379 879
665 325
665 657
665 936
665 167
665 489
665 581
571 45
571 618
571 318
571 446
571 855
571 493
835 32
835 751
835 863
835 627
835 765
835 284
107 666
107 931
107 139
107 509
107 414
471 608
471 206
471 610
471 928
471 991
471 585
16 498
16 431
16 926
16 122
16 123
16 481
878 125
878 314
878 893
878 487
878 424
878 548
709 87
709 339
709 727
709 40
709 484
709 533
799 693
799 986
799 305
799 222
799 545
799 191
438 382
438 619
438 517
438 459
438 531
438 822
607 246
607 216
607 231
607 74
607 694
607 90
445 844
445 521
445 601
445 585
445 599
466 834
466 157
466 664
466 873
466 495
466 959
545 901
545 45
545 986
545 425
545 548
553 427
553 755
553 717
553 152
553 126
259 346
259 823
259 806
259 740
259 757
169 135
169 160
169 768
169 266
169 18
169 941
302 134
302 663
302 312
302 480
302 577
302 175
178 510
178 151
178 715
178 641
178 762
178 851
796 449
796 987
796 509
796 664
796 85
415 889
415 771
415 659
415 308
415 923
415 428
443 135
443 278
443 464
443 271
443 314
443 780
747 825
747 786
747 308
747 504
747 417
747 483
953 542
953 944
953 938
953 305
953 824
291 960
291 87
291 525
291 918
291 136
291 419
673 395
673 371
673 394
673 429
673 721
966 513
966 753
966 45
966 871
966 209
894 951
894 389
894 363
894 700
894 935
972 674
972 751
972 83
972 297
972 470
972 478
413 869
413 943
413 568
413 82
413 717
519 234
519 723
519 902
519 524
519 906
462 581
462 642
462 492
462 113
462 533
820 952
820 854
820 536
820 929
820 282
564 593
564 171
564 295
564 122
564 722
564 900
688 803
688 349
688 942
688 190
688 98
688 539
737 399
737 223
737 595
737 46
737 162
759 262
759 360
759 862
759 289
759 512
759 562
668 756
668 130
668 842
668 263
668 427
925 239
925 994
925 390
925 244
925 609
256 608
256 253
256 121
256 906
306 605
306 46
306 265
306 340
420 791
420 601
420 703
420 410
823 757
823 740
823 896
823 785
823 346
54 20
54 939
54 976
54 551
54 93
208 758
208 721
208 788
208 343
208 985
208 897
601 378
601 720
601 122
298 349
298 910
298 409
298 120
298 838
568 941
568 494
568 49
568 886
568 957
999 351
999 914
999 949
999 847
42 224
42 164
42 344
42 910
42 775
42 260
499 838
499 37
499 191
499 488
499 150
499 537
149 872
149 121
149 641
149 321
149 483
216 677
216 694
216 562
216 17
216 961
328 423
328 113
328 669
328 319
328 181
328 448
825 978
825 526
825 616
825 713
825 724
502 556
502 325
502 19
502 48
502 392
502 251
712 200
712 144
712 516
712 586
712 64
712 135
855 318
855 446
855 871
855 139
855 493
474 57
474 580
474 645
474 614
474 145
650 322
650 128
650 482
650 742
650 686
650 265
290 46
290 589
290 248
290 669
290 546
290 296
978 520
978 741
978 512
978 303
978 713
468 491
468 889
468 580
468 141
468 105
468 832
692 386
692 676
692 856
692 142
692 382
692 300
226 312
226 663
226 567
226 577
226 175
226 369
850 241
850 48
850 458
850 73
850 162
850 117
139 174
139 414
139 317
139 522
287 921
287 288
287 135
287 305
172 280
172 728
172 315
172 28
172 524
172 924
284 902
284 52
284 848
284 849
284 472
312 577
312 663
312 369
312 175
13 811
13 943
13 672
13 774
13 563
13 883
68 106
68 2
68 460
68 311
115 319
115 245
115 222
115 938
115 239
115 219
424 180
424 734
424 919
424 984
936 376
936 388
936 624
936 87
936 805
39 696
39 813
39 555
39 750
39 191
39 636
843 634
843 500
843 587
843 905
347 261
347 856
347 518
347 531
996 212
996 301
996 371
996 511
667 883
667 12
667 839
667 811
667 258
667 289
937 476
937 660
937 748
937 452
198 77
198 386
198 524
198 447
198 272
198 508
867 264
867 597
867 332
867 606
867 4
292 572
292 453
292 980
292 46
292 190
880 59
880 342
880 707
880 877
880 639
880 626
50 81
50 538
50 647
50 890
50 431
29 708
29 36
29 652
29 361
29 772
29 210
686 482
686 128
686 742
686 931
686 402
478 583
478 470
478 599
478 631
478 912
512 745
512 262
512 303
512 634
547 581
547 569
547 856
547 378
547 590
138 758
138 636
138 574
138 557
138 81
320 409
320 437
320 910
320 520
320 649
320 165
779 844
779 791
779 935
779 273
779 276
779 105
90 41
90 91
90 44
90 202
90 520
781 590
781 892
781 154
781 842
781 702
17 187
17 179
17 535
17 851
726 49
726 965
726 135
726 201
726 816
343 732
343 469
343 944
343 242
589 719
589 550
589 453
589 248
589 990
404 985
404 488
404 111
404 669
404 7
419 75
419 988
419 724
419 367
419 533
253 608
253 213
253 37
253 906
924 239
924 728
924 523
924 117
10 97
10 830
10 408
10 360
10 27
168 497
168 6
168 212
168 960
168 666
168 498
79 285
79 858
79 655
79 104
79 859
628 804
628 192
628 511
628 935
628 335
628 372
822 551
822 132
822 131
822 34
515 238
515 293
515 662
515 770
515 969
929 830
929 520
929 854
929 27
929 231
150 960
150 2
150 31
150 842
279 282
279 228
279 308
279 868
388 624
388 805
388 358
388 412
388 193
596 62
596 126
596 196
596 324
596 245
596 503
678 618
678 108
678 507
678 477
678 187
678 758
59 626
59 877
59 342
59 412
59 659
277 421
277 74
277 368
277 40
517 229
517 531
517 382
517 321
517 459
746 775
746 566
746 905
746 272
746 179
314 669
314 483
314 691
314 898
646 250
646 275
646 249
646 476
646 997
646 991
62 196
62 641
62 142
62 926
431 247
431 918
431 827
431 144
606 332
606 4
606 597
606 370
940 847
940 603
940 52
940 3
940 670
940 923
376 269
376 534
376 893
376 406
376 729
743 844
743 353
743 976
743 101
196 338
196 113
196 171
196 629
367 65
367 974
367 634
367 355
230 23
230 958
230 591
230 127
230 49
230 341
280 728
280 832
280 270
762 104
762 859
762 476
762 110
762 336
778 849
778 359
778 417
778 791
778 827
529 155
529 637
529 480
529 784
529 307
529 653
576 561
576 681
576 430
576 283
698 649
698 33
698 795
698 524
698 294
245 144
245 126
245 456
245 503
980 973
980 933
980 683
980 345
980 190
310 801
310 918
310 624
310 710
310 636
310 69
797 498
797 750
797 231
797 94
797 893
797 191
131 559
131 488
131 861
131 454
157 704
157 405
157 247
157 504
157 481
569 321
569 363
569 590
569 599
877 626
877 639
877 927
877 342
620 391
620 76
620 348
620 398
620 322
620 440
959 873
959 240
959 500
959 495
428 956
428 704
428 771
428 234
428 807
363 935
363 883
354 591
354 464
354 408
354 330
354 582
845 161
845 136
845 334
845 479
845 866
845 659
795 974
795 52
795 522
795 806
795 294
588 919
588 920
588 942
588 390
588 912
588 805
783 8
783 998
783 300
783 763
783 103
324 530
324 370
324 622
324 11
324 187
492 664
492 384
492 235
492 794
666 188
666 86
666 862
666 503
400 32
400 782
400 202
400 586
400 64
400 359
403 106
403 732
403 271
403 66
403 21
403 682
680 460
680 612
680 102
680 918
680 969
627 557
627 920
627 899
627 751
627 995
483 691
483 179
483 844
846 61
846 219
846 574
846 817
846 948
429 395
429 371
429 848
817 948
817 219
817 297
817 720
152 756
152 339
152 546
152 854
975 528
975 497
975 638
975 827
975 235
477 437
477 266
477 108
477 834
477 40
506 70
506 261
506 133
506 489
506 874
506 773
454 612
454 265
454 630
454 861
639 626
639 707
639 342
639 927
167 559
167 410
167 775
167 860
167 270
439 554
439 968
439 930
439 43
439 239
337 872
337 903
337 93
337 881
337 727
337 241
497 498
497 638
497 621
497 578
866 486
866 177
866 335
866 463
866 251
543 724
543 7
543 205
543 690
543 496
543 893
407 489
407 264
407 78
407 193
407 903
220 374
220 268
220 836
220 864
63 524
63 902
63 194
63 472
63 156
116 632
116 209
116 739
116 373
116 453
116 536
991 206
991 540
991 37
991 610
618 318
618 236
618 493
618 260
600 703
600 489
600 741
600 622
600 114
600 695
689 19
689 858
689 888
689 309
689 907
689 308
558 456
558 432
558 246
558 829
558 278
732 655
732 288
732 682
732 66
174 780
174 544
174 849
174 414
174 695
262 614
262 572
262 491
262 562
819 111
819 448
819 389
819 761
819 546
819 392
303 671
303 745
303 192
303 331
362 11
362 745
362 851
362 305
362 450
362 995
355 244
355 274
355 938
355 344
638 539
638 484
638 286
581 856
581 18
294 326
294 282
294 476
294 189
213 751
213 20
213 869
213 3
554 286
554 930
554 243
554 621
554 405
99 469
99 476
99 498
99 584
99 699
406 361
406 197
406 784
406 919
603 696
603 853
603 52
603 3
603 923
725 285
725 97
725 494
725 863
994 398
994 455
994 244
124 830
124 905
124 283
124 719
625 25
625 441
625 803
625 790
625 921
753 352
753 181
753 987
753 814
457 648
457 82
457 888
457 952
457 69
457 134
685 9
685 331
685 530
685 85
685 957
685 573
384 366
384 275
384 296
384 854
765 341
765 475
765 864
765 882
928 211
928 683
928 818
928 610
928 206
944 410
944 205
944 542
944 951
874 72
874 773
874 247
874 185
874 629
973 222
973 683
973 933
973 345
973 768
70 827
70 316
70 920
70 582
70 326
361 772
361 708
361 210
361 458
84 824
84 538
84 842
84 123
84 243
84 890
35 802
35 340
35 629
35 757
35 896
824 911
824 706
824 748
369 663
369 711
369 175
369 577
155 815
155 24
155 784
155 649
96 368
96 389
96 567
96 679
963 854
963 755
963 696
963 41
963 336
774 943
774 73
774 398
774 125
76 348
76 121
76 440
76 85
76 391
440 85
440 348
440 945
440 391
36 452
36 494
36 224
36 784
36 651
487 130
487 479
487 132
487 34
655 901
655 995
655 493
655 572
183 920
183 710
183 815
183 810
183 48
715 38
715 304
715 484
715 526
715 161
957 530
957 565
957 326
957 910
858 285
858 94
858 309
836 268
836 374
836 540
836 8
838 488
838 706
838 956
838 49
327 32
327 532
327 814
327 691
327 237
775 566
26 682
26 317
26 120
26 528
26 114
26 430
969 260
969 97
969 171
969 31
395 371
395 134
395 486
952 69
952 268
952 81
791 653
791 849
791 793
134 566
134 480
134 584
539 960
539 561
539 868
15 159
15 350
15 449
15 595
15 243
322 742
322 402
322 482
322 128
602 879
602 889
602 74
602 282
602 316
602 853
793 350
793 713
793 653
793 423
534 309
534 892
534 269
534 104
658 200
658 860
658 711
658 612
658 942
658 87
358 941
358 334
358 763
358 897
358 65
661 274
661 194
661 595
661 882
661 276
449 392
449 595
449 243
449 377
160 834
160 38
160 266
160 24
160 77
676 276
676 357
676 851
676 58
818 241
818 657
818 899
818 416
818 458
790 143
790 209
790 921
790 338
790 353
992 370
992 987
992 377
992 94
992 856
992 434
579 693
579 528
579 901
579 207
257 707
257 582
257 756
257 599
257 591
349 382
349 44
349 968
91 664
91 23
91 408
91 566
158 246
158 860
158 614
158 34
158 140
158 531
752 716
752 724
752 954
752 939
752 496
98 942
98 807
98 984
98 488
98 247
621 69
621 945
621 720
761 608
761 200
761 12
761 75
761 352
785 30
785 744
785 648
787 782
787 469
787 75
787 605
923 52
923 859
923 3
330 408
330 934
330 423
864 387
864 882
864 251
724 951
724 496
983 189
983 133
983 794
983 503
983 51
902 644
902 524
551 212
551 177
551 735
463 773
463 488
463 205
463 366
719 816
719 300
719 832
810 368
810 441
810 609
810 316
943 283
943 672
943 563
939 93
939 976
939 20
535 455
535 470
535 101
535 674
535 80
595 274
200 612
200 699
345 933
345 683
345 872
345 190
2 106
2 460
2 311
360 43
360 599
360 82
360 385
455 399
455 286
455 398
455 38
261 104
261 489
261 525
261 518
849 905
849 338
335 271
335 907
335 637
605 469
605 211
605 307
659 522
659 870
751 372
751 409
272 447
272 77
272 508
895 968
895 51
895 990
895 736
180 734
180 899
180 542
180 919
632 523
632 916
632 548
632 22
670 812
670 74
670 717
670 629
821 171
821 109
821 510
821 9
821 154
241 557
241 881
241 458
907 718
907 456
329 204
329 383
329 723
329 604
329 674
329 357
448 61
448 722
448 236
448 782
711 903
711 803
711 934
711 745
366 309
366 536
366 140
366 691
393 136
393 961
393 857
393 633
393 105
702 269
702 941
702 770
702 805
713 792
713 788
304 317
304 590
304 228
304 484
304 829
473 504
473 767
473 911
473 532
473 904
473 225
475 644
475 301
475 341
475 380
986 222
986 889
986 886
986 127
537 633
537 480
537 242
537 95
905 786
560 516
560 352
560 12
560 869
560 930
560 273
629 908
629 784
563 830
563 578
563 412
634 33
634 745
634 434
38 25
38 430
38 744
700 556
700 935
700 871
700 544
318 754
318 493
318 446
723 204
723 383
723 604
197 46
197 964
197 317
197 385
128 450
128 482
128 742
456 464
456 240
757 896
757 740
757 346
75 583
75 11
75 681
748 207
748 660
258 65
258 735
275 408
275 21
275 998
275 296
352 869
352 12
352 104
143 809
143 656
143 44
870 491
870 631
870 644
14 23
14 960
14 45
14 909
14 151
985 7
985 161
405 319
405 930
405 890
405 840
727 93
727 637
727 651
727 872
159 120
159 390
159 479
159 187
297 399
297 392
297 80
297 238
556 717
556 789
74 694
22 289
22 916
22 336
22 110
22 903
171 31
171 593
734 231
734 142
734 789
391 815
391 706
391 348
389 316
389 679
389 432
904 225
904 336
904 372
904 532
205 496
205 410
205 794
674 83
674 80
674 679
332 610
332 4
332 597
49 250
49 958
507 886
507 108
507 111
630 612
630 861
630 974
802 987
802 135
802 657
382 531
382 459
721 95
721 938
721 30
270 41
270 555
270 814
270 806
156 228
156 127
156 760
156 441
637 834
637 204
637 526
525 417
525 984
525 94
525 104
851 990
851 995
187 338
890 946
890 860
890 538
847 998
847 741
847 267
179 339
657 416
657 102
657 786
565 494
565 28
565 86
565 697
587 78
587 958
860 8
860 246
662 450
662 293
662 706
708 210
708 458
708 772
708 652
741 622
741 703
57 378
57 580
57 645
780 414
780 374
780 671
574 910
574 842
574 562
574 211
133 288
133 773
133 48
281 410
281 165
281 533
281 37
281 567
93 20
93 976
934 18
934 340
934 191
25 954
25 930
25 102
344 735
344 585
344 164
464 584
464 736
612 550
228 720
228 760
228 857
434 771
434 78
434 695
623 521
623 394
623 619
623 546
623 848
704 392
704 523
704 101
704 319
532 263
532 336
212 597
212 192
212 301
430 520
430 325
430 283
69 888
69 636
40 421
40 643
583 770
583 8
583 142
295 593
295 301
295 722
295 240
295 900
315 28
315 755
315 269
19 308
19 211
19 114
19 789
380 920
380 882
380 341
380 481
853 126
853 916
853 86
853 66
871 283
871 763
677 441
677 51
677 223
677 378
677 577
911 313
911 494
911 296
911 145
758 136
758 898
758 788
530 717
530 248
105 961
834 422
834 372
872 481
872 613
289 788
289 754
914 643
914 722
914 729
276 6
276 619
103 177
103 770
103 300
103 181
313 422
313 582
899 223
899 141
899 669
227 282
227 231
227 604
227 735
227 518
548 893
548 918
548 523
586 597
586 64
586 144
648 321
648 18
8 450
8 998
528 901
528 521
528 881
271 278
271 573
271 562
575 357
575 307
575 459
575 140
575 736
755 863
513 385
513 441
513 66
513 472
513 418
460 311
460 106
117 7
117 142
117 368
72 967
72 690
72 396
72 773
72 951
283 974
789 942
34 132
34 23
34 619
931 173
931 509
37 191
37 533
716 622
716 425
879 286
879 503
879 771
879 394
240 472
240 9
770 912
346 740
346 616
346 896
788 898
788 246
311 106
311 754
830 27
61 672
61 377
61 244
185 651
185 764
185 617
185 908
185 58
425 729
425 108
425 622
81 538
81 647
862 86
862 550
862 188
392 48
649 555
649 33
126 65
7 881
101 353
101 812
101 613
956 202
956 807
204 804
204 604
204 383
768 882
768 933
768 683
66 682
73 693
73 125
234 526
234 247
234 151
234 771
933 683
933 718
87 317
87 906
102 958
102 949
813 201
813 965
813 418
813 696
377 244
772 652
772 210
772 590
873 572
873 500
873 495
951 690
811 883
386 508
386 447
386 77
694 408
694 321
694 909
21 239
21 744
21 301
21 642
452 264
452 412
452 151
82 43
82 351
282 231
484 954
484 181
591 58
591 238
604 383
373 353
373 422
373 739
903 263
903 31
580 645
580 141
857 760
857 32
857 829
908 24
908 559
908 249
908 764
918 827
610 206
610 211
27 432
27 383
760 141
760 863
760 3
763 95
763 739
763 555
945 750
945 458
945 523
945 720
418 201
418 472
418 965
617 33
617 260
617 764
617 990
912 470
912 631
912 236
224 164
224 883
896 83
896 740
735 521
127 889
127 222
764 651
764 990
267 251
267 844
267 541
267 437
242 219
242 481
703 504
703 622
703 826
750 633
926 123
926 868
926 909
459 660
459 531
495 500
495 792
394 86
394 351
550 829
550 248
238 801
238 316
238 378
249 476
249 416
273 78
273 414
450 421
450 921
691 898
691 237
207 573
207 631
207 120
482 742
482 402
643 140
643 840
643 421
201 816
201 965
792 739
792 729
792 614
510 154
510 109
510 9
122 988
122 80
122 566
162 988
162 319
162 28
573 652
573 266
573 114
142 447
814 222
814 11
814 644
65 469
65 334
125 251
125 286
125 398
718 194
718 815
892 826
181 423
278 699
278 432
77 508
77 447
815 710
786 927
786 585
690 229
113 682
113 642
113 516
321 641
109 9
109 154
109 177
827 754
722 593
722 900
541 707
541 437
121 782
121 906
804 511
804 266
804 633
498 123
504 260
652 210
94 309
494 651
699 897
86 188
33 486
374 193
374 268
374 518
52 3
325 995
542 919
542 642
509 756
342 916
342 626
631 470
631 120
64 144
64 359
64 491
995 679
736 51
736 237
6 396
6 728
6 619
645 614
206 988
206 293
416 988
416 829
219 967
45 334
45 370
609 351
609 387
710 192
710 801
223 251
223 927
229 239
806 584
806 41
339 854
339 432
339 351
417 194
577 175
348 385
998 839
998 964
136 964
136 935
503 189
773 538
307 987
307 211
202 237
441 812
83 544
83 110
613 812
536 897
518 489
300 446
32 717
997 145
997 250
43 317
43 266
43 695
396 619
396 984
396 189
48 964
511 286
511 954
340 177
340 23
390 919
390 263
390 805
889 584
359 144
839 110
839 192
946 409
946 296
250 888
572 30
901 624
585 868
744 414
744 41
744 647
422 85
385 958
235 794
235 161
803 190
803 479
410 533
729 593
641 357
130 95
130 427
237 51
801 145
756 334
756 916
486 351
486 132
624 516
480 566
192 164
599 590
12 927
12 225
900 826
900 593
44 809
44 656
58 210
58 883
546 859
555 739
948 567
18 909
114 557
114 695
265 164
965 816
173 350
173 964
97 285
97 31
334 383
938 305
938 274
24 288
557 165
954 236
647 538
193 264
910 326
331 767
331 696
247 656
521 888
521 526
861 559
111 423
447 508
296 660
636 807
636 453
402 742
695 544
656 809
516 642
559 767
608 906
243 974
897 301
886 941
260 236
140 95
140 225
540 177
540 268
132 479
681 697
681 561
23 341
633 961
697 561
285 916
370 840
584 372
807 869
427 491
110 949
898 782
493 446
20 976
387 189
357 728
653 350
341 882
663 175
663 967
988 881
958 949
268 942
165 832
520 616
522 706
