175 301
175 878
175 674
175 611
175 609
175 434
495 116
495 186
495 492
495 399
495 815
495 7
479 871
479 128
479 604
479 879
479 466
479 725
906 664
906 391
906 419
906 526
906 645
906 537
356 351
356 63
356 496
356 390
356 710
356 531
426 37
426 198
426 543
426 189
426 937
426 502
728 634
728 320
728 450
728 967
728 371
728 966
972 952
972 324
972 782
972 893
972 625
972 335
69 453
69 397
69 288
69 820
69 76
69 99
778 509
778 626
778 608
778 359
778 510
778 122
213 516
213 911
213 552
213 207
213 36
213 881
234 545
234 150
234 20
234 353
234 902
234 340
711 836
711 652
711 994
711 734
711 751
711 472
919 223
919 164
919 983
919 254
919 394
919 70
41 270
41 819
41 320
41 405
41 390
41 920
307 520
307 823
307 258
307 255
307 588
307 211
226 70
226 638
226 508
226 515
226 869
226 984
847 856
847 370
847 727
847 387
847 325
847 172
474 111
474 594
474 86
474 456
474 315
474 78
683 28
683 472
683 836
683 751
683 392
683 891
306 708
306 256
306 156
306 440
306 217
306 428
461 824
461 405
461 134
461 270
461 895
461 920
252 927
252 987
252 564
252 341
252 52
252 233
490 787
490 546
490 949
490 477
490 670
490 844
337 420
337 221
337 770
337 227
337 989
337 534
714 154
714 630
714 545
714 738
714 414
714 110
309 8
309 423
309 580
309 605
309 135
309 679
881 207
881 7
881 552
881 404
881 911
267 569
267 140
267 629
267 975
267 188
267 291
735 851
735 287
735 738
735 542
735 716
735 98
480 1
480 112
480 82
480 212
480 632
480 87
879 886
879 992
879 466
879 871
879 128
327 109
327 369
327 945
327 961
327 64
327 14
749 745
749 238
749 146
749 651
749 837
749 268
181 587
181 465
181 525
181 139
181 42
181 624
286 185
286 566
286 359
286 484
286 308
286 182
344 533
344 877
344 968
344 261
344 141
344 577
838 659
838 864
838 471
838 806
838 38
838 882
196 231
196 51
196 407
196 742
196 821
196 205
599 982
599 507
599 516
599 112
599 284
599 991
799 904
799 203
799 499
799 330
799 343
799 216
71 377
71 571
71 246
71 109
71 529
71 502
271 716
271 44
271 931
271 876
271 364
271 316
255 935
255 520
255 211
255 347
255 823
617 8
617 316
617 525
617 455
617 393
617 29
96 800
96 35
96 94
96 538
96 775
96 281
364 316
364 931
364 259
364 44
364 876
36 552
36 911
36 207
36 489
36 318
84 504
84 118
84 250
84 649
84 752
84 835
790 332
790 257
790 694
790 895
790 980
790 324
924 822
924 677
924 101
924 506
924 615
924 668
591 424
591 190
591 314
591 816
591 589
591 178
788 481
788 769
788 702
788 614
788 914
788 692
851 460
851 362
851 586
851 816
851 198
247 189
247 280
247 89
247 860
247 245
247 833
762 91
762 930
762 232
762 375
762 194
762 467
500 54
500 27
500 940
500 547
500 766
500 506
713 931
713 394
713 164
713 691
713 120
713 973
530 747
530 947
530 516
530 107
530 962
530 93
592 256
592 865
592 704
592 98
592 24
592 382
322 542
322 153
322 633
322 285
322 597
322 377
563 374
563 784
563 741
563 505
563 251
563 274
690 319
690 763
690 925
690 193
690 163
690 143
693 32
693 46
693 48
693 719
693 18
693 202
6 845
6 809
6 444
6 585
6 329
6 134
326 31
326 137
326 412
326 954
326 60
326 557
859 292
859 93
859 913
859 572
859 840
859 119
996 784
996 413
996 251
996 88
996 430
996 741
205 821
205 742
205 407
205 236
205 827
243 374
243 400
243 8
243 765
243 978
243 516
470 445
470 1
470 858
470 868
470 67
470 487
955 878
955 639
955 567
955 110
955 663
955 717
9 394
9 457
9 316
9 670
9 169
9 575
188 629
188 291
188 975
188 77
188 140
628 318
628 225
628 756
628 586
628 167
628 123
983 394
983 164
983 174
983 223
983 980
844 546
844 787
844 477
844 949
844 670
873 613
873 514
873 963
873 363
873 560
873 114
566 469
566 182
566 649
566 72
566 484
779 748
779 573
779 981
779 66
779 430
779 425
100 249
100 400
100 3
100 25
100 576
100 136
248 922
248 107
248 288
248 409
248 218
248 722
469 758
469 724
469 786
469 415
469 767
688 850
688 522
688 578
688 660
688 75
688 79
890 447
890 936
890 331
890 892
890 706
890 265
888 421
888 556
888 503
888 366
888 755
888 244
915 573
915 789
915 554
915 379
915 673
915 925
83 420
83 357
83 664
83 483
83 682
83 104
896 640
896 595
896 669
896 754
896 165
896 400
177 926
177 736
177 612
177 854
177 429
177 179
674 611
674 959
674 569
674 301
674 895
77 900
77 662
77 304
77 159
77 59
736 179
736 405
736 926
736 854
736 612
680 236
680 347
680 266
680 883
680 932
680 692
886 128
886 992
886 466
886 404
886 871
305 191
305 712
305 802
305 156
305 142
305 960
451 927
451 52
451 630
451 341
451 502
451 987
228 381
228 832
228 233
228 342
228 583
228 667
905 338
905 869
905 660
905 48
905 671
905 867
355 467
355 999
355 418
355 616
355 843
355 151
946 365
946 35
946 133
946 861
946 229
946 828
294 553
294 652
294 197
294 519
294 393
294 908
850 301
850 522
850 79
850 578
850 75
126 685
126 276
126 904
126 11
126 684
126 169
857 800
857 657
857 581
857 4
857 384
857 610
730 95
730 889
730 94
730 524
730 418
730 148
743 988
743 446
743 826
743 389
743 918
743 993
521 237
521 928
521 666
521 783
521 117
521 707
346 282
346 661
346 408
346 626
346 513
346 509
897 947
897 299
897 360
897 374
897 831
897 937
387 325
387 370
387 172
387 856
387 727
669 165
669 754
669 202
669 595
669 640
116 399
116 7
116 957
116 186
116 492
700 473
700 501
700 257
700 92
700 965
700 65
137 954
137 400
137 31
137 412
137 557
494 753
494 961
494 50
494 783
494 689
494 986
707 382
707 179
707 883
707 237
707 341
759 593
759 365
759 183
759 543
759 163
759 473
784 251
784 505
784 741
784 241
979 965
979 292
979 408
979 282
979 376
979 321
462 642
462 816
462 376
462 959
462 966
462 149
699 646
699 855
699 173
699 554
699 112
699 801
200 516
200 803
200 80
200 818
200 797
200 504
220 280
220 201
220 455
220 131
220 852
220 33
528 488
528 515
528 958
528 944
528 517
528 48
152 564
152 289
152 988
152 723
152 441
152 409
622 923
622 43
622 2
622 829
622 565
622 764
40 810
40 368
40 85
40 19
40 695
40 171
130 468
130 825
130 458
130 436
130 439
130 403
720 589
720 194
720 960
720 435
720 76
720 493
418 550
418 626
418 509
418 661
458 825
458 85
458 843
458 439
458 436
585 444
585 372
585 845
585 329
585 809
56 774
56 417
56 90
56 24
56 180
56 373
276 685
276 684
276 11
276 805
276 169
222 913
222 939
222 978
222 303
222 632
222 921
537 419
537 631
537 602
537 526
537 645
144 244
144 556
144 503
144 366
144 987
144 400
883 656
883 511
883 382
883 367
273 90
273 965
273 417
273 180
273 774
273 953
768 726
768 269
768 162
768 807
768 995
768 757
141 533
141 877
141 968
141 791
141 261
454 627
454 969
454 61
454 74
454 208
454 561
551 586
551 166
551 53
551 569
551 602
551 242
121 775
121 765
121 260
121 608
121 53
121 348
262 544
262 277
262 668
262 333
262 866
262 5
438 910
438 60
438 794
438 557
438 401
438 655
872 106
872 717
872 681
872 943
872 478
872 0
444 809
444 845
444 372
444 329
37 22
37 547
37 543
37 45
37 317
119 409
119 93
119 572
119 840
119 16
21 516
21 127
21 367
21 147
21 510
21 298
440 428
440 708
440 103
440 156
440 217
536 354
536 501
536 284
536 497
536 909
536 887
769 531
769 702
769 914
769 481
769 614
199 795
199 349
199 434
199 841
199 388
199 901
855 173
855 639
855 646
855 801
855 332
240 691
240 122
240 608
240 976
240 227
240 744
856 370
856 727
856 325
856 611
3 136
3 865
3 576
3 25
3 249
648 662
648 59
648 159
648 900
648 973
648 339
681 478
681 708
681 943
681 963
681 0
17 663
17 643
17 317
17 738
17 535
17 189
964 930
964 981
964 584
964 568
964 773
964 281
621 311
621 5
621 776
621 13
621 215
621 39
813 395
813 997
813 733
813 102
813 378
813 65
109 475
109 571
109 246
109 529
818 332
818 877
818 55
818 691
818 679
263 491
263 831
263 484
263 630
263 449
263 522
876 44
876 316
876 931
876 716
49 843
49 616
49 459
49 739
49 999
49 151
358 938
358 81
358 903
358 310
358 635
358 113
476 301
476 976
476 997
476 825
476 29
476 42
840 239
840 572
840 292
840 93
597 542
597 368
597 285
597 377
597 633
721 89
721 185
721 772
721 274
721 944
721 457
290 771
290 917
290 701
290 209
290 970
290 691
304 174
304 335
304 625
304 899
304 539
654 112
654 459
654 835
654 57
654 739
654 543
846 891
846 233
846 59
846 207
846 781
846 361
333 668
333 544
333 869
333 866
333 277
382 858
382 839
382 511
288 395
288 497
288 985
288 515
578 79
578 522
578 567
578 75
637 786
637 686
637 57
637 647
637 971
637 46
793 552
793 712
793 383
793 839
793 623
793 10
295 658
295 535
295 253
295 488
295 974
295 157
764 829
764 565
764 923
764 2
764 43
902 123
902 967
902 145
902 318
902 157
397 497
397 820
397 76
397 99
397 29
403 527
403 8
403 731
403 421
403 436
719 202
719 32
719 140
719 18
719 46
261 577
261 533
261 968
261 877
771 970
771 209
771 47
771 917
771 701
449 105
449 750
449 328
449 798
449 63
593 170
593 302
593 183
593 777
593 155
934 489
934 755
934 574
934 386
934 166
934 863
180 90
180 373
180 774
180 417
554 789
554 379
554 673
554 704
849 703
849 644
849 734
849 747
849 570
849 945
941 538
941 631
941 775
941 184
941 559
941 512
352 101
352 615
352 677
352 558
352 506
352 822
660 867
660 869
660 48
660 338
375 467
375 194
375 18
375 232
375 91
384 610
384 800
384 4
384 994
384 581
632 82
632 87
632 259
632 212
943 106
943 478
943 717
943 0
425 430
425 66
425 748
425 112
425 573
650 598
650 348
650 653
650 187
650 834
650 830
125 575
125 97
125 117
125 827
125 34
125 579
209 917
209 47
209 970
209 701
410 523
410 562
410 885
410 548
410 796
410 431
750 63
750 328
750 798
750 718
750 105
442 865
442 630
442 606
442 725
442 115
442 672
819 257
819 73
819 891
819 808
819 361
318 756
318 123
318 167
524 558
524 148
524 889
524 94
524 567
422 279
422 540
422 485
422 176
422 709
422 582
761 646
761 518
761 5
761 124
761 98
761 360
443 211
443 493
443 380
443 347
443 792
443 182
555 988
555 350
555 323
555 826
555 600
555 219
160 345
160 385
160 192
160 678
160 158
160 103
91 194
91 232
91 486
91 439
398 26
398 420
398 452
398 383
398 746
398 68
664 682
664 483
664 104
664 959
287 805
287 38
287 696
287 738
287 471
452 362
452 68
452 26
452 746
452 641
603 399
603 485
603 991
603 982
603 86
603 562
279 437
279 406
279 709
279 642
279 815
303 978
303 921
303 913
303 939
303 830
538 559
538 631
538 512
538 184
792 388
792 901
792 795
792 380
792 349
424 816
424 314
424 484
424 373
424 190
541 161
541 898
541 482
541 853
541 811
541 812
182 484
182 380
182 776
370 325
370 727
370 172
186 320
186 7
186 492
186 399
898 161
898 811
898 853
898 482
898 812
114 613
114 363
114 514
114 560
114 963
464 607
464 842
464 656
464 491
464 853
464 874
481 531
481 115
481 614
481 702
666 928
666 395
666 117
666 237
666 783
532 766
532 748
532 395
532 839
532 574
532 723
977 297
977 120
977 475
977 853
977 543
977 935
278 893
278 590
278 336
278 414
278 16
278 571
981 773
981 281
981 568
981 441
10 98
10 945
10 610
10 153
10 623
672 376
672 282
672 408
672 723
672 321
973 331
973 138
973 662
973 900
19 810
19 171
19 225
19 383
19 695
283 675
283 825
283 948
283 740
283 433
283 108
687 338
687 667
687 381
687 933
687 727
687 832
463 88
463 582
463 435
463 308
463 264
463 404
53 88
53 229
53 176
53 332
899 625
899 244
899 913
899 539
899 335
340 256
340 150
340 20
340 545
340 353
663 189
663 584
663 535
663 643
602 359
602 553
602 870
602 489
312 887
312 501
312 794
312 354
312 284
312 550
601 16
601 534
601 990
601 893
601 802
601 725
197 652
197 539
197 76
197 519
197 908
763 513
763 553
763 319
763 193
763 143
746 110
746 641
746 362
746 68
948 277
948 413
948 108
948 433
948 740
239 894
239 722
239 785
239 604
239 204
351 315
351 496
351 916
351 781
351 710
698 311
698 776
698 39
698 343
698 215
698 99
30 13
30 300
30 214
30 950
30 912
30 429
357 820
357 682
357 104
357 492
357 483
938 81
938 113
938 903
938 635
938 5
113 296
113 903
113 81
113 635
187 830
187 841
187 598
187 348
187 653
835 649
835 178
835 250
835 118
880 703
880 734
880 570
880 644
880 642
880 115
922 618
922 785
922 604
922 894
922 722
676 514
676 72
676 976
676 106
676 246
676 525
97 747
97 575
97 34
97 827
97 579
223 132
223 423
223 164
223 954
162 269
162 807
162 995
162 208
162 726
253 488
253 974
253 157
253 658
253 600
861 133
861 365
861 310
861 828
861 35
928 237
928 694
928 117
928 783
992 266
992 128
992 466
992 871
324 24
324 839
324 952
324 115
431 523
431 596
431 796
431 885
431 548
716 132
716 44
716 931
232 194
232 467
232 754
842 491
842 104
842 874
842 656
842 607
378 733
378 752
378 102
378 997
378 65
820 99
820 827
820 76
386 574
386 975
386 546
386 166
386 863
671 984
671 272
671 638
671 70
671 508
448 640
448 89
448 383
448 289
448 51
448 511
466 871
466 128
733 65
733 997
733 102
733 651
864 882
864 38
864 471
864 609
864 806
142 712
142 802
142 191
142 960
142 956
805 73
805 808
805 696
805 359
296 81
296 953
296 350
296 731
296 903
634 450
634 966
634 967
634 229
634 371
238 745
238 268
238 146
238 837
238 275
513 548
513 509
513 626
513 661
50 961
50 986
50 518
50 753
50 689
313 446
313 907
313 939
313 389
313 993
313 732
677 506
677 822
677 615
677 101
68 641
68 362
68 26
361 257
361 73
361 808
361 865
987 341
987 52
987 927
345 385
345 678
345 192
345 583
345 158
755 166
755 281
755 574
755 863
848 519
848 694
848 435
848 132
848 420
848 577
967 966
967 371
967 450
198 502
198 586
198 225
198 460
168 95
168 737
168 918
168 154
168 206
168 55
942 275
942 258
942 620
942 241
942 589
942 588
396 567
396 297
396 697
396 58
396 204
396 619
986 689
986 753
986 958
986 961
74 61
74 775
74 561
74 208
74 951
935 167
935 817
935 237
935 756
651 406
651 998
651 636
651 862
947 937
947 299
947 773
947 218
718 98
718 149
718 266
718 7
718 539
620 241
620 275
620 729
620 258
620 588
959 642
959 914
959 146
224 757
224 951
224 590
224 416
224 927
224 134
321 408
321 376
321 821
321 282
824 971
824 715
824 230
824 498
824 293
874 491
874 858
874 656
874 607
350 600
350 219
350 558
350 826
62 437
62 285
62 659
62 315
62 667
62 149
408 376
408 282
389 907
389 732
389 446
389 993
574 166
574 863
385 678
385 192
385 158
385 323
912 218
912 214
912 950
912 429
912 300
347 823
347 211
347 520
806 882
806 991
806 38
806 511
526 391
526 14
526 645
526 419
960 969
960 712
960 191
518 138
518 893
518 970
518 689
391 419
391 170
391 645
391 52
583 381
583 667
583 342
583 832
697 58
697 204
697 395
697 297
697 619
703 644
703 734
703 380
703 570
907 993
907 310
907 732
907 446
596 885
596 618
596 692
596 796
596 548
723 441
723 427
723 47
421 503
421 212
421 225
421 366
639 332
639 80
639 744
639 878
950 870
950 300
950 214
950 429
178 589
178 314
178 808
178 190
475 862
475 529
475 246
475 571
319 163
319 143
319 193
319 925
173 646
173 110
173 828
173 801
625 539
625 402
625 335
43 2
43 829
43 529
43 951
427 609
427 266
427 691
427 990
427 914
302 343
302 777
302 183
302 155
302 170
572 289
572 93
572 292
636 862
636 55
636 406
636 998
636 473
132 230
132 420
132 908
889 148
889 434
889 94
889 343
15 411
15 780
15 804
15 729
15 775
15 517
221 770
221 227
221 259
221 534
221 989
558 822
558 161
558 118
320 542
320 642
320 685
407 250
407 51
407 742
407 821
419 765
419 645
54 882
54 940
54 27
54 817
54 766
826 600
826 219
826 988
954 72
954 557
954 31
607 656
607 958
607 491
858 453
858 590
858 13
511 980
511 51
512 631
512 184
512 559
512 415
338 867
338 692
338 686
414 235
414 608
414 87
414 708
845 809
845 372
845 803
926 179
926 138
926 612
926 854
246 529
246 571
852 201
852 455
852 131
852 33
852 159
171 810
171 695
171 368
171 678
619 952
619 297
619 507
619 204
868 445
868 1
868 260
868 67
868 487
39 776
39 215
39 311
39 72
293 550
293 867
293 268
293 145
293 715
962 210
962 334
962 264
962 884
962 878
618 485
618 576
618 581
618 233
134 467
134 590
134 930
366 244
366 503
366 556
953 507
953 614
953 796
953 731
46 18
46 32
46 202
568 814
568 783
568 773
568 281
34 579
34 117
34 575
34 827
709 47
709 860
709 14
709 659
952 485
952 940
952 473
202 18
202 32
201 131
201 455
201 33
201 280
822 101
822 615
623 153
623 984
623 508
623 772
694 811
694 577
694 369
575 579
575 696
282 376
401 910
401 655
401 60
401 794
401 236
93 292
727 172
791 298
791 147
791 498
791 127
791 837
958 834
958 492
958 115
675 740
675 108
675 433
675 584
675 725
231 336
231 456
231 85
231 16
231 834
997 65
997 102
314 589
314 190
314 816
734 570
734 644
195 544
195 57
195 705
195 920
195 310
195 158
923 829
923 2
923 565
923 493
544 668
544 277
544 866
913 978
913 921
789 379
789 673
789 704
789 892
884 782
884 210
884 334
884 23
884 875
25 136
25 576
25 249
25 865
488 658
488 974
488 157
207 911
207 552
192 678
192 158
192 814
552 911
812 482
812 161
812 801
812 811
867 456
867 183
831 299
831 360
831 937
831 236
605 135
605 627
605 527
605 423
605 580
803 797
803 504
803 80
803 549
453 275
453 696
453 486
453 616
413 88
413 433
413 930
413 740
270 920
270 390
270 115
270 405
684 169
684 685
684 11
684 744
843 999
843 616
843 151
976 608
976 122
976 332
107 374
107 630
107 661
107 624
562 523
562 991
562 982
562 706
388 901
388 795
388 349
388 434
432 136
432 891
432 878
432 606
432 317
432 229
254 402
254 929
254 339
254 272
254 909
581 4
581 800
581 610
653 598
653 348
653 834
653 830
815 540
815 956
815 92
815 176
520 211
520 258
520 823
167 123
167 756
167 349
204 297
204 58
149 525
149 994
149 98
415 758
415 767
415 724
415 786
777 155
777 170
777 183
777 550
887 354
887 284
887 501
887 328
534 989
534 770
534 227
156 428
156 708
156 217
373 417
373 90
373 774
138 665
138 753
138 48
609 611
609 120
609 301
930 659
930 965
487 1
487 67
487 658
487 445
904 330
904 203
904 499
904 216
702 614
702 914
702 531
73 808
73 635
73 257
404 264
404 582
404 308
497 208
497 569
497 260
496 781
496 916
496 235
496 710
729 780
729 550
729 411
729 804
300 214
300 218
300 429
525 782
525 380
817 766
817 27
817 940
817 756
760 957
760 124
760 933
760 590
760 12
760 393
626 509
626 661
875 782
875 23
875 334
875 787
875 210
211 823
336 27
336 567
336 893
336 16
627 272
627 969
627 61
627 561
35 828
35 133
35 365
823 445
193 143
193 163
193 925
956 540
956 92
956 739
956 176
797 64
797 549
797 612
797 80
161 482
161 811
773 450
773 281
931 44
334 210
334 782
334 23
968 877
968 533
968 715
274 772
274 944
274 457
274 185
230 715
230 82
230 929
230 498
920 390
920 405
757 894
757 807
757 492
757 739
330 499
330 203
330 343
330 216
854 94
854 179
854 612
937 360
937 299
163 925
163 143
268 146
268 837
268 745
110 153
110 486
485 647
485 590
584 507
584 752
584 371
503 556
503 244
781 235
781 916
781 710
135 527
135 423
135 679
135 580
866 668
866 277
866 549
949 787
949 546
949 477
949 670
158 310
785 722
785 604
785 744
785 894
486 72
486 910
486 655
280 245
280 33
280 860
974 157
974 658
974 484
903 635
903 81
38 882
38 471
686 57
686 692
686 459
686 133
55 406
55 862
55 998
368 695
368 678
368 810
118 649
118 250
118 504
237 783
111 219
111 86
111 456
111 594
111 78
643 242
643 598
643 535
643 189
265 447
265 892
265 936
265 331
265 706
701 917
701 744
701 970
517 291
517 550
517 139
517 67
392 751
392 472
392 836
392 28
392 120
662 159
662 900
662 59
726 269
726 242
726 995
726 807
916 710
916 299
916 235
210 23
210 630
82 259
82 87
82 212
436 439
436 825
436 468
833 311
833 89
833 215
833 860
833 245
78 86
78 315
78 456
78 594
731 148
731 233
731 752
27 766
27 940
557 31
557 412
28 472
28 245
28 751
28 58
92 473
92 540
92 176
825 439
747 945
747 409
747 47
998 473
998 406
998 862
260 85
260 665
260 745
8 990
8 527
256 353
256 150
256 428
235 129
235 710
570 945
570 644
124 957
124 985
124 933
124 12
214 323
214 429
367 127
367 147
367 298
367 510
811 482
640 754
640 165
640 595
758 549
758 724
758 786
758 767
12 957
12 933
12 393
12 567
102 917
102 65
940 766
328 105
328 798
328 63
510 147
510 127
510 298
478 717
478 0
478 106
380 64
122 608
122 744
122 705
258 241
258 588
657 704
657 540
657 129
657 738
657 673
685 11
685 169
11 951
11 169
900 59
900 159
285 377
285 437
285 633
79 522
79 75
79 647
203 499
203 216
203 317
291 975
291 629
291 140
4 610
4 659
4 800
507 20
507 991
523 885
523 412
523 982
724 786
724 64
724 767
796 885
796 548
104 682
104 483
185 457
185 944
185 772
206 918
206 95
206 737
206 154
206 482
870 547
870 932
870 951
870 22
606 379
606 229
606 865
606 459
745 837
745 146
489 45
489 22
489 547
670 477
670 420
737 29
737 95
737 918
737 154
22 547
22 965
22 45
659 233
668 277
381 342
381 832
381 878
131 455
131 598
131 33
961 753
961 689
665 682
665 99
665 483
665 363
227 989
227 770
24 45
24 989
24 174
63 105
63 798
991 982
165 13
165 595
165 754
810 695
810 58
81 635
136 576
136 249
932 372
932 459
932 569
932 266
371 966
371 450
349 901
349 795
148 647
148 94
430 748
430 573
430 66
75 522
75 428
217 428
217 103
217 708
219 323
219 600
624 465
624 139
624 42
624 587
194 467
369 798
369 969
369 335
369 153
990 47
990 895
990 587
339 909
339 153
339 929
339 402
732 172
732 446
732 993
145 765
145 804
145 411
145 780
477 787
477 546
936 498
936 892
936 895
936 331
994 980
994 103
994 13
315 985
315 86
58 297
725 869
725 465
402 272
402 909
402 929
794 655
794 60
794 910
20 150
20 545
20 353
589 190
5 742
5 225
978 939
978 921
85 29
85 493
705 559
705 57
705 411
705 780
917 970
292 995
519 652
519 908
519 553
172 325
527 580
527 679
450 966
87 212
87 259
600 323
509 661
23 399
23 782
595 754
595 13
32 18
32 66
335 539
604 894
604 722
190 816
363 613
363 738
363 814
652 908
652 553
535 696
535 189
863 166
863 531
218 715
218 289
86 594
434 901
434 586
631 559
631 184
616 151
616 999
446 993
540 176
933 393
933 957
179 612
383 329
383 715
491 656
140 975
140 629
229 696
146 837
944 457
944 772
26 641
26 362
26 409
128 871
61 208
61 561
61 969
311 776
311 215
174 971
174 416
174 289
155 151
155 170
155 641
275 588
275 241
529 571
514 613
514 963
514 560
31 412
31 460
969 561
437 48
437 739
437 642
483 682
66 573
66 748
691 164
59 159
423 985
423 580
767 921
767 786
828 133
828 365
988 564
988 441
323 502
515 289
515 638
515 395
565 982
565 829
565 2
894 722
317 439
317 45
151 999
999 549
129 741
129 505
129 752
129 645
343 216
416 971
416 498
416 679
416 564
147 127
147 298
236 556
236 827
441 184
441 564
468 646
468 103
468 460
468 801
615 506
615 101
353 150
353 545
504 649
504 250
587 374
587 465
587 139
435 308
435 582
435 264
341 52
341 927
447 706
447 892
447 331
447 499
830 348
830 834
184 559
64 980
64 752
329 841
329 809
103 839
921 939
70 638
70 984
70 508
795 901
795 802
577 471
577 533
807 269
807 995
908 553
965 891
457 772
45 547
67 1
67 445
646 801
393 957
546 787
909 929
909 272
598 834
301 611
594 459
594 456
409 394
348 841
910 655
910 60
33 455
117 579
649 250
569 911
869 400
51 821
51 742
985 647
985 249
108 433
108 740
108 939
105 798
105 14
299 360
610 800
679 580
638 508
638 984
545 150
88 191
88 342
695 561
641 362
0 106
0 717
582 308
582 264
862 406
325 611
860 245
860 89
154 95
154 918
365 133
573 748
7 399
971 498
971 266
29 42
739 112
774 417
774 90
882 471
506 101
531 814
776 215
501 354
501 284
533 877
579 765
139 465
139 42
472 751
472 836
751 836
60 655
963 560
963 613
284 354
885 548
841 354
841 945
853 120
853 310
644 543
157 658
892 706
460 72
460 360
505 741
505 242
505 251
829 2
264 308
359 372
359 633
164 394
647 225
765 374
989 770
975 629
89 245
770 804
741 251
298 127
251 891
832 667
832 342
183 170
629 951
804 780
804 411
52 927
712 191
712 802
576 249
508 984
564 493
377 542
377 633
99 76
331 706
814 775
814 208
740 433
914 614
42 465
390 405
390 14
212 259
925 143
667 342
445 1
123 756
123 586
704 379
704 673
742 821
14 269
269 995
613 560
692 57
588 241
90 417
44 316
16 893
120 493
673 379
753 689
717 106
836 242
191 802
549 80
272 929
809 372
411 780
502 412
499 216
80 242
257 808
560 839
633 542
895 980
918 95
556 244
