141 748
141 995
141 814
141 888
141 283
141 211
911 67
911 803
911 633
911 540
911 85
911 497
383 832
383 953
383 902
383 279
383 742
383 40
524 864
524 654
524 907
524 715
524 785
524 655
613 270
613 181
613 484
613 592
613 690
613 189
757 492
757 774
757 174
757 203
757 433
757 529
525 201
525 455
525 462
525 16
525 963
525 989
873 426
873 268
873 881
873 903
873 501
873 622
404 957
404 532
404 22
404 408
404 778
404 250
583 859
583 532
583 84
583 555
583 40
583 980
558 484
558 448
558 322
558 382
558 868
558 620
641 760
641 41
641 384
641 10
641 244
641 699
117 741
117 999
117 861
117 719
117 992
117 674
410 90
410 306
410 881
410 338
410 536
410 714
562 795
562 356
562 520
562 690
562 223
562 516
940 368
940 243
940 282
940 973
940 394
940 184
657 667
657 663
657 15
657 916
657 793
657 568
683 645
683 879
683 647
683 87
683 920
683 400
218 113
218 242
218 257
218 408
218 288
218 310
721 819
721 890
721 856
721 871
721 755
721 285
486 797
486 653
486 443
486 572
486 484
486 945
801 137
801 803
801 1
801 687
801 296
801 540
56 882
56 561
56 847
56 983
56 348
56 731
659 460
659 679
659 635
659 70
659 122
659 650
27 247
27 495
27 732
27 577
27 981
27 565
107 846
107 198
107 945
107 136
107 985
107 594
61 959
61 173
61 826
61 784
61 947
61 887
774 529
774 660
774 225
774 441
774 333
153 454
153 796
153 437
153 893
153 720
153 677
857 262
857 415
857 714
857 946
857 233
857 405
767 376
767 491
767 334
767 679
767 655
767 109
936 733
936 164
936 723
936 6
936 214
936 678
24 323
24 20
24 225
24 312
24 261
24 600
483 241
483 500
483 118
483 128
483 262
483 223
245 295
245 12
245 823
245 36
245 797
245 745
451 203
451 226
451 481
451 270
451 407
451 585
275 453
275 298
275 964
275 806
275 545
275 80
739 628
739 183
739 200
739 924
739 648
739 255
290 697
290 123
290 775
290 95
290 708
290 192
602 548
602 859
602 5
602 16
602 265
602 64
54 432
54 273
54 581
54 445
54 548
54 496
362 233
362 232
362 509
362 972
362 967
362 570
367 894
367 63
367 926
367 828
367 695
367 576
822 66
822 161
822 474
822 832
822 75
822 870
35 439
35 644
35 177
35 574
35 178
35 533
83 825
83 55
83 905
83 502
83 852
83 534
446 461
446 617
446 903
446 19
446 311
446 512
886 979
886 815
886 927
886 210
886 346
886 42
661 274
661 723
661 64
661 116
661 717
661 503
221 952
221 67
221 593
221 497
221 397
221 244
359 317
359 373
359 544
359 470
359 449
359 746
17 164
17 14
17 236
17 395
17 266
17 750
709 978
709 136
709 424
709 812
709 256
709 36
559 642
559 523
559 758
559 790
559 680
559 93
763 134
763 382
763 702
763 629
763 877
763 893
246 409
246 918
246 627
246 726
246 885
246 640
303 353
303 531
303 50
303 938
303 569
303 313
51 685
51 929
51 928
51 900
51 955
51 112
356 1
356 516
356 552
356 520
356 223
163 381
163 726
163 337
163 838
163 552
163 669
534 502
534 825
534 852
534 884
534 905
626 560
626 282
626 564
626 506
626 675
626 866
673 969
673 156
673 348
673 310
673 779
673 966
314 684
314 435
314 662
314 213
314 511
314 863
666 977
666 134
666 919
666 457
666 875
666 788
675 560
675 40
675 564
675 866
675 972
794 100
794 933
794 116
794 202
794 712
794 195
575 302
575 528
575 489
575 375
575 587
575 542
972 620
972 592
972 967
972 232
272 358
272 409
272 506
272 342
272 372
272 345
971 970
971 882
971 280
971 227
971 209
971 241
522 454
522 473
522 490
522 841
522 150
522 737
737 473
737 841
737 490
737 677
737 150
199 278
199 334
199 517
199 553
199 145
199 631
507 756
507 354
507 0
507 809
507 851
507 203
837 119
837 983
837 855
837 205
837 167
837 343
460 887
460 910
460 480
460 635
460 88
237 187
237 588
237 578
237 466
237 160
237 364
604 463
604 596
604 586
604 965
604 778
604 850
30 747
30 926
30 799
30 339
30 390
30 154
125 235
125 248
125 250
125 284
125 841
125 895
196 108
196 698
196 193
196 249
196 638
196 506
423 554
423 541
423 547
423 862
423 716
423 462
368 243
368 973
368 394
368 184
368 500
944 541
944 240
944 716
944 287
944 862
944 547
59 665
59 376
59 898
59 640
59 836
59 865
3 147
3 396
3 7
3 848
3 915
3 458
931 993
931 202
931 860
931 300
931 344
931 574
292 723
292 168
292 93
292 610
292 394
292 398
805 241
805 49
805 62
805 276
805 169
805 96
646 561
646 121
646 339
646 188
646 442
646 152
888 814
888 211
888 995
888 748
888 230
527 160
527 34
527 316
527 337
527 381
527 72
671 914
671 178
671 533
671 991
671 644
671 157
26 919
26 291
26 573
26 177
26 366
26 282
914 962
914 991
914 89
914 835
914 566
696 65
696 579
696 743
696 777
696 385
696 430
745 823
745 12
745 295
745 73
745 190
802 353
802 369
802 459
802 776
802 695
802 382
992 674
992 387
992 719
992 741
992 861
142 55
142 689
142 439
142 848
142 131
142 546
308 563
308 768
308 781
308 144
308 994
308 922
254 427
254 605
254 892
254 810
254 477
254 155
549 79
549 194
549 514
549 485
549 700
549 889
62 660
62 225
62 441
62 419
62 591
782 228
782 380
782 510
782 761
782 401
782 820
897 791
897 913
897 986
897 935
897 630
897 143
842 489
842 340
842 492
842 111
842 124
842 681
948 880
948 670
948 814
948 162
948 379
948 636
4 633
4 122
4 913
4 896
4 800
4 143
374 11
374 771
374 69
374 325
374 113
374 993
551 421
551 530
551 619
551 515
551 471
551 908
772 422
772 71
772 135
772 309
772 240
772 692
425 378
425 158
425 206
425 771
425 351
425 317
516 264
516 520
516 975
516 223
716 554
716 541
716 862
716 547
988 44
988 921
988 329
988 513
988 685
988 615
161 764
161 75
161 66
161 870
161 474
586 463
586 965
586 850
586 823
586 596
476 599
476 23
476 811
476 411
476 765
476 183
598 347
598 136
598 817
598 102
598 110
598 274
468 233
468 946
468 603
468 786
468 983
468 415
594 953
594 662
594 840
594 903
594 136
94 592
94 821
94 414
94 324
94 467
94 253
267 73
267 722
267 498
267 590
267 783
267 180
326 478
326 731
326 882
326 402
326 874
326 236
510 479
510 132
510 2
510 820
510 761
173 826
173 959
173 947
173 784
173 887
828 832
828 279
828 894
828 63
828 926
57 208
57 352
57 762
57 47
57 732
57 101
385 830
385 65
385 377
385 679
385 928
104 81
104 738
104 624
104 76
104 759
104 643
317 378
317 206
317 351
317 158
313 50
313 531
313 938
313 353
313 89
985 849
985 198
985 686
985 846
985 611
195 818
195 529
195 100
195 0
195 700
355 13
355 923
355 377
355 115
355 883
355 494
222 904
222 621
222 925
222 297
222 370
222 749
946 415
946 632
946 233
946 786
165 984
165 252
165 372
165 939
165 840
165 397
412 829
412 685
412 753
412 595
412 651
412 736
384 834
384 903
384 41
384 25
384 274
865 149
865 665
865 836
865 226
865 288
485 889
485 148
485 194
485 700
485 79
539 752
539 197
539 808
539 347
539 645
539 833
2 855
2 682
2 321
2 519
2 620
131 439
131 689
131 848
131 546
131 579
419 477
419 660
419 579
419 349
419 382
281 904
281 629
281 210
281 80
281 565
281 299
623 949
623 322
623 868
623 242
623 304
623 448
134 977
134 875
134 919
134 457
461 311
461 504
461 46
461 692
461 71
526 229
526 305
526 807
526 46
526 109
526 370
74 315
74 146
74 744
74 552
74 418
74 949
597 636
597 333
597 717
597 247
597 277
597 259
600 20
600 312
600 416
600 69
600 283
287 930
287 408
287 333
287 235
287 319
703 37
703 514
703 249
703 257
703 98
703 318
205 343
205 855
205 119
205 167
205 455
750 569
750 453
750 14
750 266
750 236
95 708
95 807
95 192
95 123
95 775
353 531
353 938
353 50
92 573
92 438
92 459
92 738
92 584
92 328
464 331
464 238
464 707
464 968
464 393
464 217
426 501
426 622
426 653
426 268
426 881
718 414
718 0
718 100
718 175
718 203
718 40
557 361
557 440
557 335
557 219
557 693
557 299
792 105
792 216
792 176
792 766
792 456
792 171
582 560
582 66
582 181
582 788
582 570
582 11
736 121
736 651
736 753
736 829
736 595
401 807
401 382
401 217
401 55
401 333
810 605
810 155
810 427
810 892
810 175
19 433
19 819
19 578
19 365
19 471
479 761
479 132
479 820
479 690
479 515
606 933
606 175
606 983
606 841
606 537
606 589
430 32
430 777
430 743
430 790
430 65
724 280
724 251
724 970
724 334
724 209
724 128
138 21
138 783
138 711
138 498
138 180
138 590
436 875
436 128
436 438
436 365
436 804
436 484
262 691
262 589
262 118
262 773
502 825
502 546
502 905
502 852
48 920
48 87
48 647
48 438
48 500
48 400
542 528
542 334
542 587
542 375
542 302
103 812
103 954
103 145
103 712
103 625
103 124
478 504
478 882
478 874
478 402
478 731
120 571
120 260
120 632
120 130
120 980
120 961
418 900
418 983
418 146
418 829
418 315
768 563
768 260
768 144
768 994
768 403
868 322
868 949
868 448
868 304
256 978
256 712
256 812
256 424
256 36
836 376
836 640
836 665
836 898
878 268
878 182
878 553
878 475
878 360
878 922
999 872
999 844
999 813
999 650
999 271
149 619
149 238
149 363
149 60
149 288
710 22
710 18
710 72
710 785
710 556
710 91
258 345
258 758
258 974
258 357
258 789
258 520
388 101
388 139
388 352
388 901
388 208
388 239
211 754
211 494
211 995
211 748
276 681
276 414
276 49
276 96
276 169
915 147
915 7
915 396
915 179
915 458
49 96
49 169
49 480
49 226
214 6
214 961
214 164
214 175
214 678
77 550
77 289
77 933
77 635
77 956
77 976
33 488
33 300
33 581
33 591
33 286
33 261
535 172
535 129
535 548
535 91
535 704
535 943
84 860
84 450
84 576
84 891
84 475
327 634
327 845
327 39
327 491
327 189
327 391
487 179
487 555
487 264
487 47
487 58
487 723
705 241
705 733
705 323
705 432
705 399
705 518
962 424
962 835
962 566
962 89
962 991
998 639
998 330
998 682
998 990
998 175
998 413
306 536
306 628
306 996
306 333
306 277
693 335
693 299
693 329
693 808
693 440
861 719
861 674
861 741
861 387
34 381
34 316
34 958
34 337
34 838
91 556
91 18
91 22
91 785
157 319
157 991
157 332
157 603
157 488
570 556
570 318
570 82
570 60
9 102
9 110
9 347
9 817
9 69
9 711
443 790
443 945
443 572
443 797
443 653
79 889
79 194
79 700
79 148
242 357
242 941
242 127
242 232
550 289
550 956
550 933
550 635
550 414
204 533
204 959
204 226
204 644
204 178
204 177
273 776
273 581
273 445
273 496
273 896
402 504
402 874
402 882
402 731
517 145
517 278
517 631
517 319
517 553
127 465
127 664
127 99
127 658
127 536
398 126
398 106
398 159
398 930
398 909
413 682
413 990
413 330
413 230
413 639
941 392
941 672
941 612
941 239
941 910
708 192
708 697
708 123
708 78
340 124
340 681
340 492
340 358
340 489
45 877
45 501
45 466
45 505
45 482
45 512
365 438
365 433
365 845
365 484
518 241
518 375
518 989
518 587
518 528
814 995
814 748
814 139
567 975
567 854
567 29
567 97
567 614
567 395
170 462
170 78
170 450
170 627
170 726
170 593
396 7
396 932
396 147
396 458
856 285
856 890
856 819
856 755
856 871
329 44
329 509
329 10
329 615
389 843
389 764
389 753
389 459
389 584
389 573
482 754
482 406
482 301
482 717
482 950
631 620
631 553
631 278
631 145
200 924
200 183
200 255
200 139
200 628
653 945
653 572
653 797
636 880
636 162
636 379
636 670
689 848
689 546
689 439
689 391
115 494
115 13
115 923
115 883
115 377
954 336
954 780
954 712
954 78
954 866
608 770
608 472
608 649
608 444
608 775
608 346
707 238
707 217
707 393
707 331
707 968
420 951
420 769
420 31
420 538
420 609
420 114
656 387
656 497
656 720
656 437
656 210
656 796
392 676
392 187
392 364
392 466
392 29
585 937
585 481
585 111
585 407
585 270
760 699
760 41
760 261
760 431
760 244
858 777
858 781
858 521
858 361
858 953
858 743
918 726
918 409
918 377
918 885
918 627
159 106
159 930
159 81
159 126
159 909
799 747
799 339
799 996
799 390
799 154
140 921
140 843
140 129
140 197
140 342
140 752
638 652
638 939
638 193
638 108
638 698
494 883
494 923
494 13
694 711
694 827
694 417
694 725
694 234
694 429
895 284
895 235
895 248
895 250
895 735
723 579
723 325
148 889
148 194
148 617
148 332
907 864
907 734
907 654
907 655
907 715
758 93
758 523
758 680
758 642
916 787
916 15
916 667
916 793
916 663
610 576
610 234
610 725
610 31
610 241
789 357
789 649
789 358
789 345
789 974
684 662
684 435
684 863
684 213
684 511
738 447
738 584
738 349
738 76
664 465
664 8
664 493
664 293
664 658
909 930
909 320
909 106
909 126
393 217
393 968
393 14
393 331
98 37
98 318
98 514
98 185
98 257
906 607
906 202
906 853
906 469
906 85
906 930
152 188
152 854
152 121
152 442
152 952
431 261
431 699
431 244
431 137
431 348
786 315
786 233
786 603
786 415
331 217
331 238
331 968
706 166
706 869
706 730
706 934
706 101
706 70
762 305
762 390
762 352
762 101
762 208
553 277
553 278
627 885
627 726
627 409
963 182
963 269
963 951
963 363
963 60
42 979
42 927
42 815
42 629
42 457
44 615
44 921
44 10
44 513
130 260
130 571
130 961
130 632
130 371
831 372
831 798
831 224
831 958
831 751
831 616
69 325
69 771
69 11
964 806
964 687
964 298
964 545
964 80
336 53
336 899
336 780
336 434
336 691
670 813
670 880
670 162
670 379
297 749
297 925
297 904
297 621
297 319
599 765
599 411
599 23
599 811
599 884
227 280
227 209
227 421
227 445
227 970
910 612
910 239
910 672
910 88
942 475
942 78
942 860
942 618
942 891
942 332
301 366
301 717
301 406
301 950
301 754
569 588
569 453
569 578
569 669
829 753
829 651
829 595
672 88
672 612
672 239
672 158
741 40
741 674
741 387
288 60
288 686
288 833
349 186
349 488
349 867
349 133
645 752
645 342
645 808
645 197
168 81
168 271
168 169
168 78
168 624
619 515
619 421
619 530
619 908
147 7
147 458
147 278
781 743
781 777
781 521
781 890
913 800
913 122
913 633
913 896
727 373
727 449
727 847
727 544
727 470
727 274
185 166
185 408
185 589
185 923
185 505
622 881
622 501
622 88
622 268
207 833
207 452
207 688
207 728
207 499
207 86
55 953
55 210
55 405
921 685
921 513
921 615
344 190
344 50
344 202
344 300
344 366
795 223
795 139
795 52
795 648
795 97
958 798
958 378
958 616
958 751
216 766
216 171
216 105
216 456
216 176
43 543
43 133
43 114
43 224
43 867
43 186
538 462
538 609
538 769
538 31
538 951
665 640
665 898
665 376
701 531
701 734
701 215
701 52
701 960
701 876
29 614
29 332
29 975
29 854
411 23
411 884
411 811
411 765
740 508
740 839
740 735
740 824
740 174
740 917
730 934
730 166
730 70
730 576
730 869
867 543
867 186
867 114
867 133
475 891
475 860
475 618
577 247
577 732
577 565
577 981
577 776
5 859
5 64
5 16
5 643
5 548
691 53
691 899
691 434
691 780
896 633
896 800
896 122
899 780
899 434
899 521
899 53
588 578
588 669
588 226
588 453
783 997
783 590
783 498
783 180
172 212
172 129
172 943
172 403
172 704
947 826
947 959
947 493
947 784
503 291
503 957
503 116
503 500
503 997
824 839
824 917
824 174
824 508
824 643
202 366
202 300
53 780
53 790
53 434
624 81
624 76
624 759
624 643
614 975
614 97
614 854
614 182
592 324
592 821
592 253
279 742
279 902
279 832
279 169
787 952
787 188
787 877
787 338
787 976
844 271
844 872
844 813
844 650
844 815
835 566
835 576
835 89
835 991
945 572
945 797
81 759
81 884
951 609
951 31
951 769
449 544
449 470
449 746
449 373
969 853
969 607
969 469
969 85
969 441
456 176
456 766
456 32
456 105
977 318
977 875
977 457
977 919
407 509
407 270
407 937
407 481
428 68
428 519
428 537
428 982
428 729
428 229
766 171
766 105
766 176
847 334
847 348
847 891
847 274
335 219
335 361
335 440
335 299
458 319
458 7
50 531
50 938
591 652
591 441
591 225
591 830
110 514
110 817
110 347
110 102
605 155
605 427
605 892
605 869
341 901
341 350
341 884
341 804
341 495
341 358
883 13
883 187
883 923
823 295
823 60
823 12
892 427
892 155
892 825
595 572
595 651
595 753
834 67
834 702
834 25
834 989
834 433
901 350
901 495
901 804
901 220
369 668
369 816
369 791
369 625
369 228
434 447
434 780
967 232
967 800
967 976
967 230
286 41
286 711
286 338
286 447
286 733
803 919
803 296
803 137
803 540
925 904
925 333
925 621
925 749
381 316
381 838
381 337
546 848
546 439
37 514
37 257
37 318
37 328
593 952
593 67
593 497
593 1
224 751
224 798
224 616
224 543
565 247
565 776
565 732
108 249
108 698
108 193
108 652
8 334
8 658
8 465
8 293
8 493
715 13
715 864
715 654
715 655
135 309
135 71
135 422
135 472
135 240
490 150
490 473
490 841
490 982
269 307
269 182
269 363
269 231
269 637
450 28
450 601
450 277
450 386
463 965
463 596
463 778
463 850
621 749
621 904
621 506
86 833
86 499
86 688
86 452
86 728
634 845
634 39
634 491
634 679
634 189
88 239
88 612
186 114
186 133
186 543
311 504
311 512
311 877
311 617
981 247
981 732
981 100
981 126
668 816
668 791
668 323
668 228
668 625
725 788
725 429
725 234
725 827
235 248
235 250
235 284
217 968
480 150
480 32
480 0
480 473
943 704
943 403
943 129
943 212
90 714
90 536
90 316
90 338
90 776
869 70
869 934
869 166
493 658
493 465
493 293
765 811
765 23
765 884
749 568
749 904
871 819
871 890
871 285
871 755
912 156
912 966
912 818
912 310
912 574
912 779
143 713
143 630
143 986
143 935
615 513
615 10
15 663
15 793
15 568
15 667
695 926
695 295
695 894
695 63
806 687
806 545
806 298
806 80
816 924
816 791
816 228
816 625
76 264
76 759
76 467
742 832
742 328
742 902
742 773
215 734
215 230
215 960
215 52
215 876
491 845
491 39
491 189
714 536
714 864
714 338
386 151
386 601
386 28
386 259
386 73
452 499
452 679
452 728
452 688
812 424
812 36
812 978
779 156
779 348
779 310
779 966
978 82
978 424
978 36
192 775
192 123
192 697
364 160
364 466
364 995
364 187
788 181
788 753
788 232
620 617
620 827
938 990
938 531
505 579
505 711
505 371
505 993
860 891
860 618
432 581
432 496
432 323
432 445
863 662
863 511
863 232
863 435
722 498
722 180
722 987
722 73
722 590
974 357
974 345
974 268
974 358
328 902
328 488
328 648
409 377
409 885
466 187
466 160
682 990
682 639
682 330
133 543
133 114
38 637
38 980
38 111
38 231
38 852
38 580
198 846
198 686
198 849
198 611
97 265
97 182
97 975
247 732
744 552
744 146
744 315
744 371
744 993
961 632
961 260
961 571
284 399
284 248
284 250
339 119
339 154
339 747
859 16
859 18
859 64
855 99
855 343
855 455
403 704
403 129
403 212
933 956
933 289
190 12
190 366
190 73
190 295
560 564
560 181
560 866
174 508
174 319
174 917
881 268
881 501
132 820
132 761
132 690
132 561
39 845
39 189
39 391
89 566
89 726
773 32
773 589
773 105
773 728
305 229
305 109
305 46
305 370
663 667
663 568
663 793
499 688
499 10
499 833
528 302
528 375
528 587
982 68
982 729
982 537
982 519
85 469
85 607
85 853
843 573
843 459
843 584
843 508
208 352
208 101
208 122
321 6
321 65
321 678
321 302
321 191
25 618
25 41
25 759
25 976
465 658
465 293
922 994
922 477
922 144
922 563
28 259
28 151
28 917
28 601
532 957
532 555
532 676
532 934
589 417
589 728
266 14
266 395
266 776
266 236
676 807
676 21
676 512
676 555
23 893
23 811
540 687
540 137
540 296
370 109
370 46
370 229
504 874
504 731
102 405
102 347
102 817
424 36
179 47
179 58
179 264
179 633
644 178
644 533
644 177
755 819
755 285
755 890
840 984
840 252
840 939
840 397
612 239
612 405
188 442
188 561
188 121
307 20
307 416
307 893
307 312
307 283
251 607
251 580
251 263
251 360
251 320
934 70
934 166
126 106
126 116
637 652
637 231
637 980
637 111
285 890
285 332
771 113
771 11
771 325
937 304
937 270
937 481
937 509
99 630
99 713
99 986
99 935
391 240
391 839
391 189
354 851
354 294
354 756
354 830
354 809
681 489
681 124
681 492
151 139
151 601
151 259
151 65
445 496
445 581
649 346
649 770
649 444
649 472
674 387
674 719
887 826
887 427
887 784
833 688
439 848
990 639
990 330
96 169
96 72
96 932
213 447
213 511
213 435
213 662
363 956
363 680
363 182
437 720
437 454
437 677
437 796
571 260
571 371
571 632
191 950
191 617
191 735
191 112
191 616
775 123
775 240
417 827
417 234
417 429
417 568
324 821
324 467
324 253
324 414
630 986
630 713
630 935
746 429
746 373
746 470
746 544
271 813
271 872
271 650
325 113
325 11
366 300
106 930
106 903
144 994
144 78
144 563
677 720
677 796
677 454
754 950
754 735
754 406
294 160
294 756
294 521
294 851
294 809
607 469
607 853
46 229
46 109
712 136
712 894
891 618
230 357
230 876
22 556
22 18
22 785
193 698
193 652
193 249
378 351
378 158
378 206
41 699
167 12
167 119
167 343
167 455
291 500
291 116
291 874
291 118
574 966
574 469
574 778
902 832
902 845
162 880
162 379
162 976
838 316
838 976
838 337
322 304
322 949
322 448
827 429
827 234
756 809
756 830
756 851
506 360
506 603
717 965
717 231
14 236
14 395
929 928
929 112
929 955
929 900
929 457
444 770
444 472
444 346
444 73
784 959
784 826
808 197
808 752
808 342
849 255
849 611
849 686
849 846
986 935
986 713
950 406
950 735
454 720
454 796
573 459
573 584
785 18
785 556
380 830
380 58
380 679
380 893
380 408
263 360
263 580
263 989
263 145
263 320
633 800
377 885
376 640
376 898
111 980
111 231
764 870
764 68
764 488
764 75
397 939
397 984
397 252
112 928
112 955
112 900
729 537
729 68
729 769
729 519
20 283
20 416
20 312
667 568
667 309
793 248
793 651
798 751
798 119
798 616
323 496
323 399
495 350
495 804
495 220
201 405
201 523
201 435
201 277
201 210
761 820
761 690
770 346
770 472
770 987
320 360
320 580
320 997
879 989
879 87
879 647
879 400
879 920
541 554
541 862
541 547
302 587
302 375
6 678
6 164
6 733
194 700
194 889
298 80
298 545
298 818
139 332
220 702
220 350
220 804
220 984
648 477
648 866
648 997
561 442
561 116
850 778
850 596
850 965
704 379
704 212
299 219
299 440
924 82
924 628
924 183
713 719
713 935
584 459
817 347
817 685
652 698
692 71
692 422
692 462
692 309
181 983
181 611
473 751
473 150
228 791
228 625
629 979
629 815
629 927
576 809
63 894
63 790
63 926
18 556
261 244
261 699
231 980
643 371
643 759
993 371
993 702
908 530
908 421
908 471
908 515
543 114
581 496
697 564
697 513
697 123
212 129
212 953
662 511
733 164
733 678
1 442
1 293
1 687
357 345
124 492
124 489
330 639
330 372
654 655
654 521
654 864
448 304
448 949
554 862
554 65
554 547
807 382
807 748
75 474
75 66
75 870
405 702
520 223
520 40
477 529
477 82
260 632
145 278
650 813
650 872
68 537
68 519
939 252
939 984
253 467
253 821
253 960
406 735
406 882
252 462
252 984
590 180
590 498
399 821
399 416
399 433
994 563
994 601
379 880
809 851
889 700
156 966
156 310
156 348
21 987
21 289
21 957
21 555
67 952
67 497
31 609
31 769
900 928
900 955
617 903
295 12
474 870
474 300
474 66
422 309
422 240
422 71
259 601
259 277
932 564
932 618
932 361
932 7
121 997
121 442
529 660
529 955
699 244
350 804
350 255
846 611
846 686
183 628
183 811
440 219
440 361
580 360
580 438
905 547
905 825
905 852
238 968
238 296
790 32
825 852
926 894
917 839
917 508
171 176
171 352
171 265
203 898
203 155
274 47
647 920
647 87
647 400
447 711
447 265
769 609
996 154
996 372
996 390
996 747
82 455
82 265
658 293
973 243
973 282
973 394
973 184
219 893
219 702
928 955
64 548
64 16
609 408
497 952
521 743
548 16
578 669
578 453
101 352
628 255
415 233
415 853
544 373
544 470
351 175
351 158
351 206
680 642
680 93
680 523
400 87
400 920
989 979
154 390
154 747
660 361
660 0
421 530
421 515
734 876
734 960
734 52
533 178
533 177
229 109
839 830
839 508
433 441
751 616
429 234
864 655
686 611
455 343
970 128
970 280
970 209
960 52
960 876
265 255
315 552
315 146
820 690
687 137
530 471
530 515
488 113
209 280
209 128
471 296
471 563
625 791
93 523
93 642
927 885
927 979
927 815
851 603
318 257
66 870
537 519
862 957
100 818
100 987
270 481
489 492
373 470
346 472
815 979
118 72
118 58
118 500
720 796
343 119
206 566
206 158
552 146
920 87
669 453
669 603
956 289
956 635
122 800
566 991
316 337
874 731
180 498
155 427
919 875
80 545
642 523
642 987
975 854
289 635
777 743
777 225
678 164
778 596
965 596
390 747
197 342
197 752
249 72
249 698
877 512
877 395
105 176
387 719
342 752
10 513
312 416
312 283
72 987
509 872
509 481
160 187
280 128
52 876
469 853
511 435
651 688
579 146
639 372
47 58
47 264
875 457
441 225
60 880
959 826
150 841
394 184
394 243
345 358
236 395
257 514
866 564
416 283
997 226
512 854
243 184
243 282
177 178
545 728
966 310
685 819
640 898
309 71
957 555
995 748
821 467
282 184
338 536
248 250
467 414
0 818
11 113
137 296
818 501
264 58
70 166
813 872
953 136
572 797
375 587
13 923
210 32
304 949
438 484
