112 650
112 32
112 95
112 94
112 244
112 49
210 154
210 947
210 527
210 655
210 871
210 291
663 521
663 332
663 339
663 99
663 709
663 780
987 288
987 344
987 729
987 30
987 760
987 129
498 119
498 719
498 740
498 261
498 939
498 93
654 360
654 892
654 289
654 447
654 331
654 5
97 704
97 390
97 80
97 883
97 248
97 470
310 106
310 67
310 646
310 182
310 80
310 71
561 877
561 952
561 411
561 363
561 213
561 517
710 549
710 91
710 576
710 70
710 834
710 306
822 135
822 860
822 320
822 670
822 983
822 459
980 301
980 178
980 15
980 281
980 96
980 337
101 516
101 51
101 355
101 493
101 153
101 428
954 586
954 776
954 468
954 603
954 270
954 462
44 595
44 850
44 538
44 913
44 782
44 332
420 811
420 890
420 792
420 952
420 255
420 356
699 930
699 297
699 252
699 960
699 234
699 241
909 723
909 130
909 518
909 434
909 472
909 526
367 881
367 805
367 299
367 907
367 158
367 787
436 437
436 140
436 156
436 280
436 303
436 224
250 497
250 845
250 711
250 667
250 118
250 573
525 941
525 14
525 752
525 447
525 48
525 385
645 182
645 492
645 711
645 703
645 777
645 893
709 873
709 161
709 797
709 136
709 502
825 33
825 791
825 403
825 276
825 253
825 593
905 612
905 550
905 198
905 4
905 202
905 899
610 508
610 858
610 930
610 747
610 812
610 585
688 327
688 124
688 584
688 266
688 376
688 548
375 650
375 56
375 303
375 732
375 892
375 857
705 550
705 967
705 969
705 784
705 354
705 593
842 322
842 290
842 799
842 476
842 895
842 27
994 655
994 840
994 695
994 650
994 152
994 19
102 841
102 554
102 975
102 333
102 227
102 431
955 368
955 214
955 405
955 667
955 111
955 318
511 739
511 221
511 756
511 481
511 922
511 676
974 675
974 774
974 79
974 706
974 748
974 661
41 465
41 906
41 773
41 337
41 291
41 64
42 900
42 824
42 620
42 904
42 342
42 48
368 214
368 845
368 646
368 405
368 294
437 84
437 234
437 778
437 928
437 578
438 527
438 468
438 197
438 718
438 483
438 15
990 467
990 881
990 871
990 680
990 988
990 67
707 811
707 359
707 776
707 798
707 630
707 767
769 950
769 138
769 471
769 123
769 235
769 216
251 887
251 790
251 903
251 801
251 720
251 286
526 903
526 586
526 365
526 801
526 127
321 494
321 831
321 268
321 746
321 611
321 649
325 415
325 390
325 666
325 237
325 51
325 519
456 541
456 426
456 803
456 383
456 285
456 681
549 339
549 829
549 306
549 569
549 601
7 205
7 515
7 626
7 581
7 87
7 815
394 537
394 440
394 836
394 254
394 809
394 36
16 66
16 563
16 434
16 567
16 346
16 67
888 536
888 440
888 560
888 267
888 728
888 674
206 764
206 596
206 802
206 721
206 98
206 991
603 76
603 247
603 583
603 365
603 462
534 296
534 294
534 356
534 968
534 292
534 504
963 370
963 798
963 109
963 357
963 872
963 932
48 457
48 265
48 519
48 929
166 589
166 303
166 547
166 46
166 305
166 636
512 43
512 95
512 287
512 429
512 192
512 681
795 923
795 230
795 452
795 340
795 351
795 873
444 939
444 711
444 644
444 119
444 93
444 740
660 89
660 46
660 778
660 477
660 446
660 912
1 83
1 173
1 56
1 233
1 724
1 298
499 134
499 748
499 961
499 426
499 25
499 627
832 302
832 830
832 494
832 657
832 327
832 372
730 772
730 837
730 870
730 296
730 32
730 938
874 712
874 793
874 933
874 229
874 851
874 662
144 800
144 915
144 98
144 258
144 999
144 788
893 219
893 997
893 426
893 988
893 320
407 762
407 657
407 178
407 521
407 516
407 746
629 867
629 496
629 839
629 52
629 658
629 103
607 976
607 600
607 606
607 680
607 865
607 307
803 998
803 541
803 547
803 735
803 565
179 306
179 470
179 386
179 846
179 357
179 829
213 228
213 777
213 170
213 167
213 401
349 52
349 749
349 675
349 122
349 564
349 796
953 332
953 424
953 214
953 195
953 54
953 732
571 371
571 920
571 333
571 736
571 959
571 854
737 484
737 886
737 671
737 606
737 943
737 224
169 966
169 358
169 219
169 298
169 231
169 58
577 912
577 605
577 410
577 682
577 156
577 827
57 74
57 891
57 656
57 718
57 156
57 62
107 972
107 642
107 653
107 220
107 423
107 65
482 401
482 523
482 109
482 170
482 875
482 557
808 65
808 326
808 8
808 149
808 731
808 778
557 392
557 114
557 111
557 479
557 397
573 908
573 934
573 646
573 486
573 771
172 397
172 864
172 137
172 31
172 838
172 131
582 820
582 80
582 983
582 921
582 528
582 859
23 339
23 83
23 212
23 260
23 159
23 881
868 361
868 315
868 311
868 996
868 906
868 715
926 833
926 627
926 807
926 539
926 448
926 423
149 62
149 552
149 588
149 40
149 731
864 636
864 88
864 927
864 51
864 552
738 133
738 189
738 377
738 26
738 982
738 440
698 971
698 973
698 390
698 365
698 217
698 673
814 9
814 344
814 517
814 228
814 863
814 415
992 820
992 440
992 64
992 911
992 767
992 692
995 520
995 134
995 690
995 265
995 428
995 91
215 64
215 539
215 63
215 225
215 806
215 217
580 91
580 412
580 775
580 578
580 282
580 887
34 491
34 778
34 168
34 934
34 978
34 275
804 635
804 523
804 273
804 237
804 489
804 678
944 713
944 208
944 475
944 752
944 412
944 735
230 821
230 351
230 752
230 731
230 33
300 976
300 876
300 964
300 788
300 21
300 911
145 608
145 323
145 460
145 928
145 279
145 402
750 625
750 472
750 414
750 110
750 529
750 770
284 562
284 876
284 763
284 432
284 182
284 226
945 553
945 372
945 191
945 823
945 421
945 630
81 439
81 122
81 548
81 165
81 404
81 584
278 564
278 853
278 675
278 908
278 655
278 128
605 248
605 11
605 157
605 928
605 464
223 693
223 39
223 780
223 791
223 920
223 866
669 391
669 400
669 728
669 935
669 913
669 648
336 252
336 140
336 8
336 326
336 231
336 755
726 993
726 502
726 843
726 301
726 785
726 896
53 653
53 940
53 856
53 328
53 54
53 185
932 887
932 464
932 872
932 109
932 695
392 973
392 299
392 471
392 180
392 733
627 819
627 17
627 866
627 624
6 985
6 43
6 387
6 117
6 128
6 509
591 622
591 500
591 848
591 810
591 455
591 497
855 240
855 403
855 972
855 806
855 329
855 379
882 371
882 302
882 415
882 364
882 327
882 78
338 121
338 22
338 917
338 956
338 104
338 256
772 402
772 485
772 324
772 997
772 608
312 69
312 566
312 617
312 597
312 556
312 641
634 806
634 353
634 231
634 857
634 585
634 889
229 662
229 177
229 712
229 176
229 793
865 125
865 794
865 931
865 693
865 489
395 12
395 151
395 950
395 470
395 220
395 330
897 272
897 927
897 317
897 142
897 39
897 852
108 191
108 553
108 533
108 421
108 66
108 823
575 461
575 25
575 887
575 460
575 835
575 820
115 205
115 696
115 642
115 568
115 428
115 164
434 563
434 427
434 346
434 82
60 38
60 222
60 480
60 501
60 374
60 264
647 192
647 798
647 227
647 595
647 567
647 853
99 957
99 622
99 332
99 413
99 827
346 428
346 787
346 82
346 875
199 502
199 970
199 403
199 539
199 453
199 425
433 125
433 19
433 293
433 924
433 714
433 347
384 125
384 116
384 894
384 157
384 675
384 208
515 782
515 744
515 445
515 177
515 522
33 399
33 92
33 293
33 797
666 0
666 55
666 873
666 759
666 728
18 977
18 174
18 139
18 940
18 232
18 694
766 480
766 696
766 857
766 371
766 983
766 767
83 446
83 389
83 236
83 522
96 370
96 919
96 813
96 126
96 20
197 528
197 117
197 401
197 221
197 739
37 423
37 390
37 604
37 907
37 448
37 94
3 725
3 248
3 996
3 993
3 467
3 299
414 529
414 472
414 503
414 770
414 625
243 318
243 555
243 774
243 189
243 258
243 140
475 153
475 274
475 362
475 65
475 163
72 383
72 519
72 638
72 480
72 592
72 25
922 467
922 260
922 147
922 957
922 379
5 717
5 319
5 289
5 315
5 331
120 779
120 152
120 810
120 118
120 792
120 614
261 719
261 400
261 378
261 939
261 119
545 915
545 999
545 125
545 35
545 799
545 286
962 826
962 789
962 137
962 4
962 415
962 639
263 725
263 430
263 363
263 262
263 599
263 951
984 476
984 579
984 594
984 889
984 935
984 879
265 708
265 929
265 519
265 281
270 185
270 21
270 590
270 757
270 889
55 946
55 237
55 604
55 531
55 481
689 308
689 154
689 798
689 17
689 344
689 249
486 600
486 924
486 934
486 388
486 67
912 333
912 76
912 369
912 305
191 421
191 296
191 553
191 823
586 398
586 127
586 839
586 776
364 78
364 927
364 809
364 341
364 528
657 30
657 516
657 378
657 762
171 763
171 648
171 701
171 90
171 861
171 986
348 910
348 10
348 863
348 432
348 382
348 948
524 513
524 729
524 75
524 898
524 218
524 391
615 68
615 774
615 788
615 596
615 845
615 821
742 755
742 93
742 847
742 817
742 118
742 400
132 757
132 160
132 203
132 260
132 997
132 765
536 728
536 560
536 382
536 767
536 871
238 408
238 935
238 416
238 0
238 538
238 466
703 971
703 495
703 661
703 924
703 706
423 225
423 773
423 448
828 815
828 340
828 581
828 765
828 965
828 13
186 195
186 997
186 611
186 266
186 427
186 198
247 583
247 468
247 981
247 751
247 76
659 988
659 782
659 528
659 565
659 735
659 652
696 817
696 568
696 164
696 642
366 450
366 986
366 176
366 918
366 697
366 418
443 254
443 734
443 809
443 36
443 801
443 19
471 733
471 180
471 973
471 28
496 329
496 686
496 972
496 821
496 706
751 136
751 468
751 518
751 141
751 465
779 799
779 970
779 563
779 797
779 40
274 153
274 163
274 65
274 113
274 362
476 290
476 879
476 322
476 155
124 702
124 616
124 396
124 148
124 559
946 190
946 255
946 418
946 64
946 68
12 351
12 220
12 950
12 959
12 330
126 535
126 35
126 718
126 176
126 959
461 460
461 29
461 527
461 835
461 546
361 718
361 715
361 311
361 668
361 996
242 638
242 113
242 493
242 966
242 442
242 70
938 298
938 287
938 470
938 296
938 58
417 378
417 316
417 246
417 785
417 245
417 631
790 160
790 720
790 714
790 592
790 606
85 358
85 810
85 410
85 785
85 559
85 93
280 914
280 862
280 885
280 978
280 141
537 21
537 285
537 136
537 391
537 643
369 794
369 2
369 184
369 91
369 441
484 943
484 671
484 886
484 304
484 224
542 314
542 693
542 493
542 959
542 440
542 117
641 617
641 507
641 566
641 69
641 556
644 143
644 98
644 334
644 777
644 989
513 75
513 218
513 412
513 729
513 898
158 390
158 309
158 805
158 979
158 412
386 966
386 658
386 71
386 520
386 388
316 245
316 246
316 631
316 785
316 2
334 314
334 282
334 337
334 878
334 354
308 764
308 760
308 154
308 43
308 531
330 950
330 288
330 162
330 220
579 847
579 594
579 137
579 678
579 745
973 971
973 541
973 180
487 89
487 249
487 691
487 253
487 389
487 786
295 927
295 319
295 276
295 188
295 714
295 535
656 422
656 981
656 716
656 563
656 222
640 761
640 66
640 906
640 602
640 890
640 190
839 776
839 127
839 867
839 504
399 10
399 949
399 485
399 878
399 92
862 318
862 555
862 523
862 667
862 258
167 319
167 704
167 514
167 337
167 387
748 79
748 426
748 248
748 473
2 940
2 782
2 185
2 245
668 283
668 307
668 915
668 453
668 630
343 293
343 281
343 219
343 267
343 819
343 13
818 880
818 285
818 883
818 985
818 143
818 805
451 413
451 105
451 977
451 676
451 175
451 720
680 976
680 965
680 960
680 736
320 670
320 100
320 459
320 135
834 306
834 852
834 840
834 61
834 317
187 676
187 58
187 716
187 195
187 881
187 287
570 14
570 150
570 714
570 759
570 613
570 389
722 234
722 877
722 643
722 911
722 383
722 747
501 799
501 38
501 222
501 264
501 646
958 620
958 651
958 665
958 161
958 915
958 530
360 22
360 965
360 917
360 125
360 121
257 92
257 816
257 200
257 972
257 359
257 418
255 993
255 952
255 190
255 45
970 902
970 341
970 393
970 89
151 24
151 380
151 780
151 470
151 275
445 177
445 410
445 522
445 313
445 495
84 234
84 89
84 877
84 643
84 837
77 505
77 884
77 342
77 900
77 671
77 753
209 800
209 901
209 831
209 122
209 214
209 159
947 845
947 609
947 734
947 651
947 10
781 741
781 679
781 589
781 442
781 333
781 87
936 130
936 192
936 934
936 388
936 854
936 733
574 541
574 324
574 618
574 736
574 380
574 204
354 969
354 784
354 357
354 967
211 240
211 759
211 985
211 771
211 376
211 623
554 841
554 67
554 207
554 271
554 239
377 189
377 26
377 24
377 296
377 133
317 880
317 901
317 82
317 854
480 490
480 15
480 623
227 975
227 604
227 853
227 49
359 585
359 765
359 967
359 228
259 105
259 356
259 600
259 88
259 485
259 544
716 848
716 768
716 964
716 565
587 104
587 500
587 622
587 563
587 497
587 455
661 79
661 706
661 292
661 675
224 943
224 671
224 886
609 674
609 507
609 628
609 283
609 907
539 784
539 747
539 64
621 465
621 801
621 903
621 297
621 74
621 989
86 853
86 632
86 15
86 723
86 829
86 852
150 127
150 454
150 225
150 411
150 226
477 509
477 692
477 326
477 844
477 878
529 625
529 770
529 110
529 472
553 421
553 823
553 66
173 106
173 933
173 56
173 143
173 685
383 504
383 25
383 638
232 904
232 174
232 775
232 139
232 977
469 993
469 291
469 489
469 106
469 718
469 616
838 872
838 131
838 31
838 854
838 397
691 891
691 212
691 786
691 540
691 770
754 581
754 67
754 899
754 747
754 532
754 788
304 741
304 943
304 886
304 700
304 275
494 114
494 268
494 649
494 611
632 15
632 200
632 413
632 829
632 266
47 543
47 687
47 937
47 281
47 533
47 306
652 241
652 965
652 875
652 252
652 746
100 830
100 670
100 87
100 604
100 857
844 509
844 71
844 741
844 276
844 878
406 931
406 544
406 507
406 492
406 598
406 473
999 50
999 915
999 876
999 74
347 530
347 283
347 614
347 637
347 416
721 762
721 991
721 201
721 802
721 596
205 758
205 27
205 653
205 815
717 319
717 249
717 294
717 159
717 665
79 675
79 118
79 422
665 502
665 313
665 651
665 558
701 387
701 763
701 648
701 861
701 244
687 969
687 937
687 306
687 286
687 843
181 188
181 231
181 535
181 734
181 160
181 559
917 22
917 121
917 956
917 256
290 322
290 155
290 879
290 856
415 859
415 776
870 212
870 798
870 873
870 404
870 89
405 165
405 239
405 961
405 371
927 14
927 54
558 921
558 937
558 651
558 313
558 600
840 408
840 850
840 768
840 805
165 628
165 584
165 439
165 548
271 863
271 341
271 228
271 393
271 976
329 806
329 378
329 972
329 821
678 978
678 988
678 968
678 273
357 589
357 153
357 829
441 249
441 989
441 184
441 792
441 794
763 861
763 59
763 648
900 505
900 934
900 342
900 753
29 908
29 314
29 835
29 546
29 964
267 281
267 979
267 440
267 46
837 948
837 483
837 207
837 890
253 916
253 796
253 424
253 532
878 117
878 719
500 622
500 497
500 455
500 692
131 31
131 481
131 362
131 397
543 843
543 585
543 355
543 637
543 533
532 919
532 786
532 435
532 816
576 952
576 560
576 8
576 178
576 103
930 508
930 812
930 747
930 773
789 175
789 848
789 140
789 276
789 416
26 189
26 24
26 58
26 133
14 620
14 876
14 983
757 160
757 202
757 601
757 188
941 846
941 447
941 569
941 799
941 919
106 88
106 988
106 148
619 159
619 483
619 891
619 741
619 425
619 285
711 492
711 935
711 93
684 664
684 778
684 723
684 430
684 595
684 755
728 468
728 560
810 358
810 976
810 614
931 677
931 413
931 419
931 916
135 562
135 670
135 459
135 479
140 408
140 768
968 988
968 157
968 76
968 292
981 806
981 128
981 426
981 50
593 885
593 141
593 841
593 784
695 831
695 830
695 856
695 655
458 777
458 827
458 639
458 792
458 237
458 937
650 244
650 32
650 95
20 372
20 294
20 775
20 783
20 948
833 745
833 28
833 630
833 219
833 380
216 123
216 835
216 235
216 681
216 138
479 183
479 114
479 111
479 117
455 497
455 622
455 13
761 998
761 819
761 594
761 636
761 886
208 867
208 859
208 713
208 123
616 396
616 727
616 328
616 702
147 544
147 427
147 514
147 753
147 690
379 50
379 957
379 222
379 344
768 895
768 408
768 402
812 508
812 432
812 858
812 613
111 114
111 69
111 403
133 592
133 24
133 189
602 906
602 68
602 45
602 190
602 847
636 910
636 956
636 182
673 162
673 890
673 971
673 960
673 531
424 110
424 670
424 425
424 796
700 82
700 457
700 282
700 452
700 849
942 9
942 454
942 11
942 109
942 676
942 397
672 597
672 22
672 527
672 921
672 638
672 918
731 21
731 491
731 50
852 503
852 961
852 830
324 860
324 952
324 796
324 464
49 94
49 95
49 195
49 982
194 398
194 598
194 612
194 749
194 807
194 335
506 677
506 373
506 993
506 248
506 82
506 200
218 75
218 898
218 729
218 929
489 635
489 344
489 807
594 847
594 28
594 979
631 246
631 245
631 811
631 105
286 246
286 937
286 720
141 914
141 885
141 802
843 520
843 273
843 637
222 38
222 264
759 985
759 771
759 623
129 983
129 404
129 530
129 894
129 116
765 466
765 620
765 935
93 485
794 327
794 184
794 478
556 617
556 597
556 69
556 566
638 25
638 70
625 472
625 110
625 770
740 719
740 119
740 939
740 277
756 739
756 676
756 566
756 221
756 481
851 662
851 319
851 712
851 793
851 612
611 268
611 649
611 195
928 971
928 857
928 464
59 350
59 923
59 626
59 649
59 61
365 760
365 460
365 435
4 137
4 826
4 639
4 807
429 183
429 70
429 630
429 899
429 402
0 352
0 547
0 613
0 457
50 911
50 17
887 820
887 658
925 463
925 741
925 683
925 73
925 758
925 428
410 509
410 381
410 683
581 8
581 899
581 454
204 275
204 328
204 442
204 565
204 490
504 296
504 193
504 297
715 311
715 282
715 315
715 996
39 989
39 979
39 914
39 462
583 76
583 403
583 178
583 677
162 920
162 749
162 960
162 31
606 307
606 492
606 913
400 949
400 305
400 824
923 385
923 682
923 74
923 727
749 564
749 398
749 598
811 817
811 866
811 307
130 118
130 854
130 92
130 192
919 816
919 335
919 447
677 69
677 373
677 518
679 491
679 116
679 63
679 690
679 991
589 264
589 896
589 303
344 70
353 522
353 43
353 889
353 528
353 446
71 966
71 422
71 80
460 387
460 527
161 136
161 601
161 254
161 530
533 585
533 294
533 682
809 836
809 254
809 36
667 869
667 318
667 555
841 821
841 418
841 27
446 164
446 389
446 442
297 276
297 544
297 193
431 11
431 333
431 608
431 546
431 835
493 442
493 845
493 572
702 559
702 396
702 649
702 727
289 463
289 315
289 331
289 892
538 416
538 236
538 28
538 547
488 801
488 73
488 708
488 724
488 345
488 269
784 966
784 848
279 373
279 217
279 564
279 986
279 770
381 509
381 372
381 356
381 313
381 783
113 884
113 798
113 225
113 743
21 983
21 911
760 311
760 600
760 389
302 624
302 327
302 514
302 78
478 385
478 518
478 921
478 373
478 66
590 148
590 351
590 340
590 685
590 175
196 764
196 913
196 30
196 35
196 51
196 966
612 624
612 174
612 883
901 340
901 895
901 314
901 345
597 617
597 409
597 566
491 142
491 850
491 745
875 75
875 848
875 898
226 152
226 467
226 63
226 182
372 783
372 114
694 269
694 116
694 773
694 692
694 782
298 860
298 904
298 252
170 380
170 777
170 109
170 401
559 396
559 256
697 986
697 176
697 918
697 522
697 277
819 293
819 217
819 998
119 939
119 719
934 826
28 193
28 236
246 245
246 785
104 58
104 490
104 459
104 283
879 17
879 322
879 155
943 671
943 886
635 572
635 523
635 51
635 473
272 521
272 142
272 156
272 350
272 682
463 683
463 110
463 450
463 142
450 546
450 681
450 483
450 142
193 374
193 965
193 967
421 823
421 339
442 490
413 105
413 860
651 502
651 313
904 269
904 824
904 620
146 419
146 225
146 323
146 551
146 869
146 168
997 219
997 859
628 305
628 873
628 283
628 54
920 693
920 948
920 780
203 449
203 233
203 664
203 309
203 157
220 950
220 65
233 449
233 382
233 664
233 309
787 907
787 565
787 387
787 805
913 850
913 548
24 275
24 189
277 266
277 585
277 217
277 743
662 793
662 924
662 712
744 467
744 681
744 391
744 10
744 949
951 430
951 725
951 262
951 599
951 948
724 73
724 345
724 164
724 68
404 849
404 163
404 977
474 967
474 618
474 9
474 975
474 791
474 924
143 466
143 880
143 883
409 268
409 775
409 915
409 159
409 200
725 599
725 430
725 262
712 793
712 964
788 911
788 899
598 578
598 398
598 516
9 975
9 618
9 891
884 846
884 753
884 425
884 743
236 309
236 521
236 105
517 457
517 762
517 800
517 546
355 128
355 846
355 599
355 569
883 880
883 285
540 734
540 686
540 510
540 786
540 492
301 134
301 568
301 658
301 505
503 755
503 674
503 824
503 509
340 910
340 957
345 708
345 269
345 73
264 623
264 38
764 858
764 531
764 595
248 64
331 90
331 892
331 13
262 363
262 599
262 430
282 783
282 457
352 816
352 978
352 335
352 858
352 718
584 439
584 231
584 548
294 948
729 75
729 898
555 258
555 318
555 774
949 929
949 743
949 10
40 552
40 62
40 588
40 109
637 639
637 27
637 614
240 376
240 758
240 771
240 908
528 565
244 95
244 32
244 861
66 823
323 869
323 419
323 168
323 551
791 967
791 892
791 401
309 664
309 449
121 956
121 22
121 256
693 780
693 288
523 473
523 237
510 152
510 686
510 200
510 786
510 495
313 745
863 393
863 341
863 198
902 530
902 370
902 799
902 341
902 588
449 664
449 786
449 382
903 801
903 588
903 465
733 388
733 180
733 260
376 530
376 836
376 288
670 459
871 422
871 408
871 562
74 156
74 682
846 569
846 425
17 624
17 866
160 188
160 592
620 713
342 505
342 601
342 753
94 674
94 514
94 747
266 90
266 683
80 276
80 252
68 418
68 550
802 596
802 201
802 991
859 713
859 921
378 78
378 892
850 604
850 745
971 435
292 965
292 30
292 452
961 396
961 139
961 54
268 649
268 103
550 734
550 418
550 350
75 898
505 753
505 485
311 315
311 996
61 762
61 880
61 773
61 473
27 783
27 128
626 260
626 950
626 960
626 256
291 154
291 692
291 212
817 998
817 642
817 755
256 910
714 535
714 797
142 273
824 46
824 805
73 708
73 269
894 157
894 63
894 370
894 116
425 54
235 427
235 326
235 123
235 138
535 800
535 797
95 32
11 148
11 685
11 56
658 519
658 993
13 90
13 411
885 495
885 562
885 827
483 618
483 287
633 416
633 758
633 933
633 708
633 207
633 239
45 190
45 453
45 940
45 154
508 398
508 858
508 613
623 771
623 985
201 991
201 596
201 608
201 933
792 452
792 957
30 35
30 452
435 249
435 531
435 723
572 335
572 207
572 723
572 8
704 690
704 337
704 562
704 241
174 35
174 139
174 977
137 826
137 639
139 713
139 977
178 25
178 560
185 328
185 241
185 940
547 303
547 88
800 122
800 350
183 683
183 155
183 916
183 929
370 63
370 393
287 198
287 58
836 254
836 36
836 982
562 422
273 933
273 427
873 351
514 78
514 624
745 380
752 87
752 385
752 813
736 959
736 608
736 976
783 472
19 214
19 473
19 293
648 861
648 82
305 578
305 283
454 91
454 890
454 896
168 869
168 551
168 419
350 62
350 793
604 857
315 996
569 447
569 735
739 35
739 481
739 221
520 388
520 775
520 464
428 614
639 826
419 551
419 869
519 929
497 622
856 827
856 830
856 655
608 402
127 502
127 964
531 595
188 202
188 686
318 258
578 975
578 806
184 815
184 969
184 989
307 896
307 175
785 245
495 228
495 439
46 388
46 281
152 391
152 192
430 599
899 70
918 986
918 88
918 176
681 507
866 363
866 507
36 254
36 982
163 362
163 153
163 105
746 646
746 867
746 241
341 393
741 891
782 592
452 43
98 374
98 521
98 180
895 600
895 322
895 314
877 234
877 643
877 998
872 385
872 202
872 31
335 732
335 858
138 123
138 876
138 177
595 807
891 796
356 411
356 956
869 551
190 906
890 816
775 653
986 176
546 835
541 813
541 467
90 979
90 466
374 521
374 89
374 727
617 566
617 69
92 674
92 385
829 15
231 564
228 195
326 8
326 518
358 849
358 38
358 219
299 180
299 847
299 907
957 332
38 849
713 148
767 807
767 551
198 339
198 427
363 411
363 462
62 552
62 588
339 212
481 221
847 175
453 87
453 777
453 906
237 880
396 727
723 416
402 910
831 391
831 159
831 601
774 690
774 706
221 676
462 56
462 468
708 269
618 975
618 177
674 492
234 643
914 217
914 813
914 706
956 22
466 732
466 935
924 982
252 241
655 827
403 916
614 683
727 155
314 426
867 52
867 103
10 560
31 397
664 382
303 732
732 448
155 322
212 382
861 285
813 214
813 778
821 686
114 848
889 567
889 969
719 939
156 682
134 685
134 849
134 568
780 845
548 439
592 239
601 136
192 854
896 408
896 544
288 881
288 690
910 820
389 613
207 459
207 239
815 87
815 820
653 136
653 527
401 758
989 465
122 613
122 52
762 516
125 293
743 225
743 91
596 991
78 327
258 239
390 412
103 52
103 972
563 465
985 692
464 860
249 978
275 470
849 933
979 982
373 202
373 200
447 735
952 735
720 734
720 393
154 643
432 123
432 182
432 32
853 371
853 921
490 685
490 328
328 940
797 960
457 333
153 362
771 908
588 552
52 567
43 387
422 118
568 164
568 642
128 319
567 371
567 969
412 485
630 380
177 522
507 758
332 916
76 978
830 816
63 116
518 157
937 776
448 907
448 998
148 685
881 260
671 755
398 439
110 796
117 959
552 88
646 411
860 544
964 51
686 916
908 564
362 65
642 164
624 56
876 826
337 773
175 351
202 516
