0 1
0 999
0 2
0 998
0 3
0 997
0 4
0 5
0 995
0 994
0 993
0 8
0 991
0 11
0 989
0 82
0 423
0 441
0 29
0 295
0 26
1 999
1 4
1 5
1 996
1 9
1 10
1 11
1 991
1 897
1 260
1 387
1 910
1 681
1 294
1 50
1 392
1 495
1 396
1 72
1 802
2 3
2 5
2 999
2 6
2 998
2 997
2 8
2 996
2 11
2 993
2 12
2 992
2 991
2 173
2 47
2 977
2 394
2 627
2 549
2 738
2 192
2 200
2 830
2 323
3 4
3 5
3 6
3 998
3 9
3 997
3 11
3 995
3 992
3 298
3 720
3 554
3 508
3 359
3 512
3 529
3 703
3 146
3 922
3 20
4 7
4 9
4 999
4 998
4 11
4 997
4 12
4 14
4 994
4 993
4 258
4 52
4 698
4 955
4 520
4 487
4 983
4 454
4 439
4 986
5 9
5 998
5 996
5 15
5 995
5 16
5 158
5 936
5 956
5 426
5 947
5 933
5 110
5 180
5 864
5 163
5 882
5 808
5 740
5 911
5 860
6 7
6 8
6 10
6 11
6 999
6 998
6 996
6 995
6 549
6 744
6 789
6 487
6 976
6 103
6 535
6 160
6 357
6 621
6 348
6 241
6 509
6 172
7 8
7 9
7 10
7 11
7 12
7 16
7 998
7 997
7 18
7 181
7 271
7 832
7 402
7 163
7 583
8 10
8 11
8 12
8 13
8 14
8 17
8 999
8 998
8 997
8 838
8 148
8 908
8 970
8 232
8 209
8 385
8 467
8 659
9 10
9 11
9 13
9 14
9 15
9 16
9 19
9 551
9 755
9 478
9 888
9 996
9 34
9 295
9 218
9 686
10 14
10 16
10 19
10 21
10 366
10 24
10 374
10 323
10 934
10 399
10 127
10 439
10 444
10 411
10 668
11 12
11 13
11 14
11 16
11 18
11 19
11 20
11 22
11 912
11 476
11 292
11 296
12 13
12 23
12 192
12 382
12 259
12 530
12 993
12 356
12 288
12 152
12 981
12 67
12 765
13 14
13 19
13 20
13 21
13 23
13 95
13 256
13 536
13 249
13 733
13 295
13 424
13 649
13 290
13 734
13 750
13 942
13 941
14 15
14 16
14 18
14 20
14 21
14 22
14 24
14 279
14 305
14 637
14 955
14 944
14 276
14 898
14 790
14 417
14 327
15 16
15 18
15 19
15 21
15 23
15 24
15 25
15 26
15 42
15 868
15 139
15 358
15 645
15 911
15 569
15 278
15 793
15 888
16 17
16 20
16 21
16 23
16 27
16 805
16 513
16 91
16 575
16 702
16 134
16 844
16 916
16 871
16 938
16 704
16 960
16 240
16 403
16 361
17 18
17 22
17 23
17 28
17 336
17 489
17 96
17 169
17 899
17 230
17 40
17 829
17 773
17 154
17 561
17 979
18 20
18 25
18 26
18 27
18 28
18 436
18 390
18 589
18 897
18 838
18 690
18 104
18 113
18 653
18 398
18 40
18 808
19 20
19 21
19 22
19 25
19 909
19 714
19 392
19 526
19 665
19 673
19 282
19 860
19 771
19 816
19 564
19 694
20 21
20 24
20 26
20 27
20 28
20 29
20 930
20 222
20 943
20 338
20 116
20 791
20 935
21 22
21 23
21 24
21 27
21 29
21 268
21 310
21 67
21 142
21 96
21 531
22 23
22 24
22 26
22 27
22 29
22 263
22 718
22 475
22 275
22 394
22 526
22 143
22 783
22 810
22 140
22 899
22 224
22 912
23 34
23 62
23 405
23 776
23 203
23 412
23 382
23 380
23 834
23 838
23 893
23 635
23 374
23 502
23 212
23 833
24 27
24 33
24 778
24 636
24 879
24 979
24 991
24 456
24 940
24 838
24 142
24 80
24 938
24 623
24 453
24 384
24 286
24 988
25 27
25 32
25 33
25 34
25 36
25 871
25 381
25 271
25 552
25 547
25 827
25 748
25 206
25 397
25 600
26 27
26 28
26 29
26 30
26 31
26 33
26 34
26 320
26 694
26 953
26 916
26 855
26 634
26 837
27 28
27 29
27 31
27 37
27 38
27 307
27 354
27 482
27 32
27 699
27 536
27 788
27 888
27 658
27 919
27 79
28 29
28 32
28 33
28 34
28 35
28 36
28 37
28 38
28 39
28 625
28 255
28 317
28 525
28 246
28 957
28 334
28 565
28 509
28 30
28 463
28 489
28 176
29 36
29 38
29 535
29 301
29 716
29 766
29 961
29 681
29 970
29 688
29 98
29 698
29 33
29 193
29 537
29 200
30 31
30 33
30 34
30 35
30 36
30 38
30 39
30 996
30 941
30 208
30 548
30 332
30 130
30 576
30 487
31 32
31 34
31 36
31 38
31 39
31 40
31 41
31 284
31 137
31 986
31 466
31 839
31 350
31 477
31 760
31 999
31 759
31 287
32 34
32 38
32 39
32 41
32 42
32 43
32 387
32 496
32 261
32 529
32 438
32 528
32 858
32 164
33 35
33 37
33 39
33 41
33 42
33 43
33 814
33 397
33 948
33 482
33 967
33 322
33 464
34 38
34 39
34 40
34 41
34 44
34 45
34 236
34 947
34 974
34 643
34 631
34 885
34 412
34 724
35 37
35 38
35 42
35 928
35 815
35 956
35 968
35 160
35 531
35 378
35 276
35 949
35 159
35 184
35 680
36 37
36 39
36 41
36 44
36 45
36 46
36 121
36 229
36 346
36 884
36 637
36 384
36 329
36 561
36 840
36 687
36 620
36 919
37 39
37 40
37 41
37 43
37 406
37 154
37 702
37 634
37 218
37 675
37 204
37 483
37 887
37 47
37 779
38 43
38 45
38 46
38 49
38 788
38 275
38 322
38 116
38 880
38 84
38 822
38 428
38 784
38 960
38 458
38 994
38 56
39 42
39 43
39 44
39 46
39 746
39 863
39 221
39 945
39 364
39 137
39 216
39 799
39 788
39 406
39 355
39 698
40 41
40 42
40 43
40 44
40 45
40 48
40 49
40 51
40 768
40 361
40 681
41 42
41 43
41 45
41 47
41 783
41 439
41 724
41 622
41 913
41 303
41 909
41 569
41 834
41 154
42 45
42 47
42 49
42 50
42 51
42 52
42 53
42 321
42 821
42 423
42 767
42 579
42 983
42 73
43 46
43 47
43 48
43 49
43 50
43 51
43 52
43 54
43 933
43 117
43 880
43 391
43 385
43 231
43 598
43 166
43 658
43 807
44 47
44 48
44 50
44 51
44 53
44 54
44 55
44 653
44 452
44 586
44 326
44 898
44 59
44 256
44 100
44 474
44 880
44 899
45 46
45 47
45 50
45 51
45 53
45 54
45 55
45 427
45 102
45 896
45 177
45 381
45 200
45 909
45 722
45 278
46 49
46 50
46 51
46 52
46 53
46 57
46 140
46 431
46 720
46 686
46 418
46 180
46 244
46 493
47 48
47 49
47 51
47 54
47 55
47 56
47 944
47 222
47 326
47 583
47 553
47 200
47 976
47 116
48 49
48 50
48 53
48 55
48 697
48 997
48 575
48 275
48 375
48 915
48 88
48 124
48 544
48 920
49 51
49 53
49 54
49 55
49 60
49 240
49 867
49 323
49 552
49 689
49 80
49 386
49 628
49 720
49 844
49 807
49 205
49 216
49 835
50 55
50 57
50 58
50 60
50 61
50 293
50 905
50 458
50 140
50 846
50 598
50 621
50 124
50 210
50 449
50 382
50 869
50 70
51 53
51 56
51 59
51 60
51 61
51 62
51 769
51 217
51 800
51 878
51 249
51 435
51 934
51 143
52 54
52 55
52 56
52 61
52 63
52 265
52 640
52 207
52 731
52 772
52 240
52 544
52 382
52 844
52 924
52 67
52 719
53 55
53 56
53 57
53 58
53 59
53 60
53 61
53 318
53 243
53 982
53 367
53 496
53 313
53 194
53 443
53 181
53 919
53 675
53 403
54 55
54 56
54 58
54 60
54 62
54 63
54 214
54 90
54 969
54 292
54 636
54 857
54 794
54 929
55 57
55 63
55 65
55 66
55 279
55 492
55 758
55 247
55 992
55 869
55 305
55 433
55 763
55 895
55 640
55 181
55 753
55 170
56 58
56 59
56 64
56 66
56 67
56 894
56 927
56 979
56 395
56 540
56 466
56 974
56 519
56 827
56 339
56 399
56 281
56 94
57 58
57 59
57 62
57 64
57 65
57 66
57 974
57 348
57 729
57 694
57 701
57 855
57 976
57 868
57 491
57 77
57 354
57 968
57 385
58 59
58 60
58 61
58 63
58 64
58 66
58 68
58 69
58 790
58 313
58 550
58 460
58 663
59 60
59 62
59 63
59 64
59 65
59 66
59 69
59 702
59 649
59 731
59 953
59 257
59 100
59 78
59 213
59 108
60 61
60 62
60 63
60 64
60 68
60 70
60 870
60 191
60 199
60 310
60 349
60 551
60 643
60 553
60 436
60 869
60 641
60 429
61 63
61 64
61 67
61 68
61 70
61 71
61 520
61 632
61 495
61 805
61 219
61 764
61 314
61 381
61 121
62 63
62 67
62 70
62 72
62 73
62 171
62 298
62 333
62 479
62 758
62 453
62 592
62 987
62 878
62 975
62 336
62 474
63 65
63 67
63 69
63 71
63 73
63 74
63 880
63 227
63 856
63 425
63 618
63 305
63 474
63 785
63 367
63 991
63 259
63 492
63 168
63 233
63 394
64 66
64 68
64 70
64 72
64 75
64 110
64 275
64 970
64 313
64 931
64 961
64 477
64 85
64 652
64 903
64 877
64 371
64 515
65 66
65 67
65 68
65 69
65 72
65 73
65 238
65 590
65 895
65 302
65 306
65 965
65 316
66 67
66 69
66 70
66 72
66 74
66 76
66 77
66 908
66 336
66 410
66 967
66 815
66 297
66 800
66 966
66 207
66 562
66 408
66 918
67 68
67 69
67 71
67 73
67 75
67 77
67 147
67 494
67 668
67 677
67 106
67 909
67 627
67 186
68 70
68 74
68 78
68 79
68 850
68 508
68 972
68 931
68 246
68 643
68 890
68 910
68 798
68 88
68 720
68 683
68 964
68 773
68 232
69 71
69 72
69 75
69 76
69 77
69 80
69 596
69 195
69 530
69 696
69 223
69 533
69 925
69 978
69 506
69 929
69 727
70 71
70 72
70 73
70 74
70 75
70 81
70 221
70 361
70 401
70 104
70 384
70 844
70 487
70 294
70 362
70 950
71 74
71 75
71 76
71 77
71 82
71 345
71 804
71 479
71 833
71 767
71 979
71 441
71 391
71 644
71 813
71 286
72 74
72 75
72 76
72 77
72 78
72 80
72 81
72 372
72 626
72 779
72 759
72 732
72 423
72 844
72 440
73 76
73 77
73 368
73 869
73 713
73 953
73 132
73 530
73 362
73 175
73 393
73 443
73 618
73 980
73 228
73 588
73 721
74 76
74 77
74 81
74 83
74 85
74 497
74 746
74 124
74 621
74 986
74 942
74 174
74 248
74 666
74 581
74 714
74 457
75 76
75 81
75 82
75 85
75 701
75 243
75 835
75 635
75 831
75 892
75 608
75 700
75 705
75 317
75 713
75 368
76 78
76 79
76 85
76 530
76 476
76 177
76 777
76 343
76 150
76 319
76 158
76 302
76 715
76 195
77 79
77 80
77 82
77 83
77 84
77 408
77 282
77 586
77 721
77 994
77 687
77 863
77 837
77 216
77 987
77 432
77 322
77 902
77 81
77 352
78 79
78 82
78 84
78 85
78 88
78 270
78 711
78 997
78 566
78 453
78 931
78 214
78 880
78 718
78 920
78 550
78 161
78 213
79 81
79 82
79 84
79 85
79 87
79 88
79 327
79 111
79 799
79 290
79 445
79 391
80 81
80 82
80 84
80 87
80 89
80 828
80 726
80 494
80 544
80 952
80 717
80 262
80 673
81 82
81 83
81 86
81 90
81 211
81 320
81 841
81 114
81 940
81 277
81 203
81 935
81 970
81 901
81 401
81 552
81 404
82 84
82 85
82 86
82 88
82 93
82 110
82 546
82 717
82 729
82 850
82 122
82 350
82 320
82 710
82 721
82 615
82 688
82 609
82 840
82 675
83 84
83 85
83 87
83 88
83 89
83 90
83 92
83 93
83 299
83 548
83 846
83 569
83 954
83 641
83 576
83 320
83 182
83 307
83 229
84 85
84 86
84 90
84 92
84 93
84 94
84 332
84 722
84 784
84 511
84 654
84 279
84 242
84 484
84 436
84 681
85 86
85 90
85 93
85 94
85 95
85 904
85 194
85 767
85 935
85 247
85 911
85 156
85 547
85 652
86 87
86 90
86 91
86 92
86 94
86 667
86 772
86 110
86 964
86 201
86 705
86 460
86 152
86 102
86 411
86 437
86 384
86 733
86 899
86 513
86 392
87 89
87 90
87 91
87 92
87 93
87 94
87 95
87 97
87 98
87 874
87 738
87 137
87 816
87 671
87 145
87 227
88 90
88 91
88 96
88 98
88 754
88 838
88 506
88 366
88 744
88 955
88 684
88 641
88 226
89 92
89 95
89 98
89 99
89 627
89 517
89 419
89 347
89 486
89 789
89 303
89 146
89 373
89 916
90 91
90 95
90 98
90 100
90 299
90 897
90 903
90 505
90 916
90 791
90 882
90 333
90 657
90 371
90 994
90 141
90 115
91 92
91 94
91 96
91 97
91 98
91 99
91 100
91 215
91 543
91 549
91 818
91 898
91 366
92 98
92 99
92 100
92 101
92 103
92 676
92 146
92 139
92 587
92 961
92 457
92 823
92 345
92 425
93 94
93 96
93 97
93 98
93 102
93 104
93 241
93 216
93 935
93 459
93 934
93 656
93 796
93 289
93 729
94 96
94 98
94 100
94 101
94 102
94 185
94 197
94 254
94 141
94 589
94 473
94 927
95 101
95 104
95 106
95 825
95 556
95 729
95 781
95 136
95 749
95 272
95 655
95 620
95 792
96 98
96 100
96 101
96 102
96 103
96 104
96 105
96 106
96 107
96 542
96 722
96 200
96 175
96 991
96 970
96 260
96 574
97 98
97 99
97 100
97 101
97 102
97 104
97 105
97 108
97 829
97 190
97 923
97 453
97 528
97 989
97 563
97 942
97 789
98 100
98 103
98 104
98 108
98 109
98 202
98 409
98 575
98 508
98 125
98 334
98 725
98 239
98 358
98 730
98 190
98 455
98 588
98 860
98 439
98 747
99 102
99 103
99 105
99 107
99 109
99 314
99 501
99 259
99 810
99 686
99 757
99 928
99 513
100 102
100 103
100 105
100 107
100 108
100 125
100 631
100 598
100 636
100 722
100 533
100 667
100 173
100 449
100 320
100 901
100 915
101 105
101 106
101 109
101 110
101 111
101 112
101 756
101 182
101 455
101 419
101 117
101 544
101 643
101 350
101 116
101 642
102 103
102 104
102 106
102 108
102 109
102 112
102 113
102 222
102 460
102 304
102 486
102 797
102 183
102 251
102 717
102 261
103 106
103 107
103 108
103 110
103 112
103 113
103 114
103 269
103 672
103 460
103 492
103 358
103 801
103 270
103 585
104 105
104 107
104 111
104 114
104 115
104 558
104 172
104 324
104 181
104 379
104 974
105 108
105 110
105 111
105 114
105 115
105 116
105 490
105 657
105 717
105 285
105 279
105 489
105 948
105 731
105 393
105 182
105 310
105 850
106 108
106 109
106 113
106 114
106 115
106 116
106 117
106 399
106 849
106 955
106 890
106 370
106 514
106 647
106 433
106 918
107 108
107 109
107 110
107 112
107 115
107 116
107 117
107 596
107 741
107 719
107 579
107 575
107 709
107 845
107 545
107 552
107 586
108 109
108 110
108 112
108 114
108 115
108 116
108 117
108 118
108 202
108 877
108 646
108 350
108 868
108 963
109 112
109 113
109 114
109 116
109 117
109 120
109 684
109 200
109 801
109 923
109 453
109 247
109 257
109 623
109 216
110 116
110 119
110 469
110 832
110 994
110 485
110 246
110 531
110 283
110 899
110 324
110 166
110 281
110 714
110 212
110 381
110 782
110 860
110 790
111 112
111 113
111 115
111 117
111 118
111 121
111 122
111 210
111 841
111 691
111 924
111 632
111 724
112 114
112 116
112 117
112 118
112 122
112 123
112 387
112 672
112 203
112 648
112 779
112 696
112 800
112 208
112 720
112 307
112 443
113 115
113 116
113 117
113 119
113 120
113 123
113 278
113 767
113 314
113 877
113 954
113 984
113 678
113 151
113 487
114 120
114 124
114 125
114 693
114 501
114 310
114 529
114 963
114 472
114 223
114 886
114 450
114 422
114 626
114 985
114 542
115 121
115 122
115 125
115 981
115 732
115 192
115 972
115 470
115 488
115 806
115 572
115 165
115 644
116 117
116 118
116 120
116 123
116 124
116 127
116 530
116 781
116 314
116 673
116 228
116 660
116 744
117 120
117 122
117 170
117 372
117 703
117 592
117 249
117 861
117 435
117 240
117 144
117 549
117 652
117 347
118 120
118 121
118 123
118 124
118 125
118 129
118 293
118 781
118 612
118 873
118 610
118 435
118 526
118 222
119 120
119 121
119 122
119 123
119 124
119 127
119 128
119 130
119 258
119 711
119 813
119 903
119 850
120 122
120 123
120 124
120 128
120 129
120 131
120 646
120 767
120 408
120 367
120 240
120 629
120 663
120 682
120 843
120 512
120 557
120 314
121 123
121 124
121 125
121 126
121 128
121 129
121 130
121 381
121 208
121 682
121 954
122 123
122 125
122 126
122 130
122 132
122 133
122 359
122 521
122 755
122 213
122 409
122 136
122 807
122 219
122 726
123 127
123 128
123 130
123 133
123 616
123 762
123 372
123 767
123 282
123 251
123 735
123 391
123 427
123 790
123 175
123 466
124 126
124 129
124 131
124 133
124 134
124 135
124 925
124 160
124 756
124 828
124 937
124 347
124 784
124 813
124 228
124 521
124 806
125 129
125 131
125 135
125 980
125 786
125 749
125 660
125 189
125 419
125 283
125 466
125 529
125 739
125 629
125 662
125 584
126 128
126 129
126 130
126 131
126 133
126 134
126 135
126 137
126 331
126 662
126 640
126 455
126 654
126 940
127 129
127 130
127 135
127 138
127 461
127 875
127 913
127 394
127 239
127 421
127 600
127 321
127 788
128 129
128 131
128 133
128 137
128 138
128 373
128 853
128 649
128 433
128 708
128 168
128 724
128 725
128 361
128 897
128 848
128 596
128 689
128 623
128 917
129 130
129 132
129 134
129 135
129 137
129 331
129 201
129 187
129 942
129 229
129 513
129 784
129 576
129 831
129 890
130 132
130 133
130 134
130 135
130 137
130 141
130 295
130 281
130 845
130 771
130 969
130 261
130 810
130 799
130 792
131 132
131 136
131 139
131 141
131 142
131 859
131 154
131 678
131 731
131 510
131 543
131 957
131 899
131 849
131 291
132 136
132 139
132 141
132 142
132 385
132 521
132 543
132 678
132 515
132 359
132 659
132 370
132 137
132 162
133 135
133 137
133 139
133 140
133 142
133 143
133 144
133 326
133 819
133 737
133 272
133 226
133 447
133 501
133 651
133 746
133 828
133 238
133 228
133 471
134 136
134 137
134 138
134 139
134 142
134 145
134 724
134 653
134 571
134 977
134 775
135 136
135 137
135 139
135 140
135 141
135 143
135 763
135 715
135 281
135 772
135 800
135 624
135 476
135 720
135 525
135 478
135 617
136 138
136 142
136 144
136 145
136 146
136 147
136 565
136 409
136 242
136 472
136 940
136 963
136 749
137 138
137 142
137 143
137 144
137 145
137 147
137 463
137 793
137 699
137 818
137 250
137 710
138 140
138 142
138 146
138 147
138 148
138 851
138 213
138 583
138 504
138 829
138 750
138 815
138 348
138 684
138 440
138 531
138 818
138 314
138 763
139 140
139 143
139 144
139 146
139 150
139 733
139 467
139 394
139 410
139 473
139 517
139 666
139 552
139 522
139 161
139 152
139 530
139 564
140 142
140 146
140 147
140 148
140 996
140 245
140 766
140 166
140 551
140 931
140 789
140 932
140 171
141 144
141 147
141 148
141 150
141 917
141 297
141 215
141 666
141 630
141 293
141 633
141 898
141 851
141 809
141 488
142 143
142 146
142 147
142 149
142 150
142 152
142 436
142 316
142 191
142 885
142 323
143 149
143 605
143 996
143 502
143 860
143 956
143 400
143 964
143 768
143 606
143 833
143 439
143 474
143 982
143 906
143 628
144 147
144 148
144 149
144 151
144 153
144 154
144 155
144 684
144 341
144 759
144 567
144 671
144 264
144 745
144 964
144 441
144 536
144 940
144 953
145 146
145 148
145 151
145 152
145 156
145 417
145 717
145 763
145 272
145 324
145 337
145 187
145 661
145 411
146 149
146 150
146 154
146 155
146 157
146 888
146 276
146 168
146 679
146 730
146 158
146 410
146 400
146 793
147 150
147 155
147 156
147 157
147 158
147 440
147 411
147 341
147 514
147 681
147 349
147 171
147 552
148 151
148 153
148 158
148 774
148 453
148 645
148 810
148 735
148 884
148 668
148 324
149 150
149 155
149 156
149 157
149 158
149 159
149 911
149 308
149 881
149 789
149 592
149 446
149 465
149 814
149 200
149 629
149 970
150 151
150 152
150 153
150 161
150 657
150 374
150 671
150 673
150 457
150 278
150 941
150 631
150 269
151 153
151 154
151 157
151 158
151 159
151 308
151 769
151 357
151 444
151 179
151 576
152 155
152 161
152 410
152 493
152 334
152 390
152 816
152 774
152 673
152 370
153 154
153 155
153 156
153 157
153 159
153 161
153 162
153 163
153 164
153 435
153 653
153 658
153 957
153 938
153 272
153 733
153 695
153 939
153 906
153 840
154 159
154 163
154 165
154 969
154 467
154 665
154 606
154 170
154 328
154 848
154 283
154 926
155 157
155 158
155 159
155 160
155 163
155 164
155 165
155 701
155 428
155 805
155 830
155 232
155 755
155 736
155 520
155 681
155 374
155 404
156 158
156 161
156 162
156 166
156 167
156 295
156 337
156 676
156 191
156 407
156 978
156 701
156 794
156 718
156 378
157 158
157 161
157 162
157 163
157 164
157 165
157 167
157 168
157 997
157 475
157 174
157 758
157 666
158 159
158 161
158 162
158 164
158 166
158 169
158 558
158 776
158 767
158 389
158 932
158 209
158 597
159 162
159 164
159 165
159 166
159 167
159 168
159 169
159 170
159 307
159 417
159 253
159 267
159 579
159 819
159 302
159 532
159 940
159 753
160 163
160 164
160 167
160 169
160 171
160 762
160 925
160 305
160 237
160 815
160 328
160 440
160 242
161 162
161 163
161 165
161 166
161 167
161 168
161 169
161 170
161 171
161 172
161 363
161 810
161 380
161 797
162 163
162 165
162 169
162 583
162 537
162 260
162 824
162 227
162 269
162 419
162 261
162 200
162 516
162 620
162 910
163 166
163 168
163 169
163 171
163 212
163 242
163 507
163 301
163 836
163 452
163 626
163 216
163 186
164 165
164 166
164 167
164 170
164 171
164 174
164 175
164 177
164 239
164 225
164 754
164 366
164 185
164 452
164 252
164 202
164 369
165 167
165 169
165 171
165 172
165 173
165 175
165 176
165 584
165 612
165 266
165 568
165 609
165 463
165 709
165 665
165 859
166 170
166 171
166 172
166 175
166 177
166 310
166 399
166 675
166 220
166 940
166 939
166 962
166 481
167 168
167 169
167 170
167 171
167 173
167 174
167 177
167 178
167 662
167 902
167 226
167 277
167 658
167 915
167 639
167 816
167 607
167 680
168 169
168 170
168 176
168 177
168 178
168 278
168 494
168 259
168 288
168 361
168 510
168 501
168 689
168 412
168 199
169 170
169 174
169 175
169 178
169 179
169 180
169 491
169 743
169 565
169 551
169 804
169 883
169 733
169 788
169 994
169 597
169 695
169 555
170 172
170 177
170 179
170 807
170 618
170 582
170 422
170 402
170 443
170 652
170 932
170 487
170 885
170 464
170 982
171 176
171 179
171 180
171 353
171 440
171 778
171 642
171 788
171 225
171 432
171 913
171 850
171 576
171 381
171 218
171 261
172 173
172 175
172 179
172 180
172 183
172 590
172 500
172 629
172 992
172 959
172 421
172 935
172 522
172 636
172 232
172 528
172 753
173 179
173 180
173 183
173 184
173 610
173 579
173 233
173 815
173 661
173 479
173 993
173 357
173 370
173 738
173 494
173 924
174 175
174 178
174 181
174 183
174 184
174 185
174 921
174 684
174 432
174 422
174 516
174 758
174 819
174 953
175 176
175 177
175 179
175 181
175 185
175 791
175 712
175 483
175 343
175 528
175 698
175 262
175 285
175 985
175 409
176 177
176 178
176 179
176 180
176 182
176 185
176 963
176 881
176 619
176 528
176 440
176 869
176 378
176 794
176 803
177 180
177 182
177 184
177 186
177 419
177 536
177 294
177 291
177 658
177 551
177 245
178 179
178 180
178 181
178 182
178 185
178 186
178 187
178 270
178 544
178 904
178 947
178 971
178 288
178 340
179 181
179 182
179 185
179 186
179 187
179 188
179 189
179 190
179 920
179 531
179 710
179 386
179 892
179 959
179 663
179 340
179 285
180 182
180 183
180 184
180 186
180 188
180 190
180 191
180 815
180 436
180 773
180 401
180 908
180 199
180 402
180 548
181 182
181 183
181 186
181 188
181 189
181 191
181 192
181 832
181 236
181 462
181 785
181 996
181 379
181 523
181 701
181 225
181 320
181 617
182 186
182 187
182 188
182 189
182 646
182 715
182 299
182 949
182 914
182 662
182 817
182 868
182 382
183 184
183 186
183 190
183 192
183 244
183 649
183 902
183 513
183 216
183 520
183 317
183 613
183 380
183 418
184 185
184 187
184 189
184 193
184 194
184 694
184 844
184 917
184 769
184 950
184 218
184 448
184 245
184 902
184 399
184 581
184 815
184 930
184 709
184 756
184 376
184 402
185 186
185 188
185 190
185 191
185 193
185 194
185 195
185 196
185 440
185 959
185 999
185 992
185 395
186 187
186 188
186 192
186 193
186 195
186 197
186 257
186 747
186 374
186 666
186 728
186 480
186 242
186 248
186 293
186 880
187 188
187 190
187 191
187 192
187 194
187 198
187 231
187 957
187 691
187 370
187 774
187 226
187 241
187 896
187 189
188 189
188 192
188 193
188 194
188 195
188 196
188 944
188 763
188 642
188 214
188 546
188 652
188 799
188 904
188 940
188 486
188 848
188 306
189 190
189 192
189 194
189 197
189 198
189 199
189 280
189 229
189 794
189 383
189 235
189 266
189 335
190 191
190 192
190 193
190 195
190 199
190 786
190 690
190 237
190 353
190 864
190 366
190 227
190 737
190 362
190 927
190 621
191 197
191 199
191 202
191 612
191 543
191 718
191 519
191 862
191 217
191 480
191 482
191 790
192 195
192 196
192 198
192 199
192 202
192 203
192 336
192 803
192 837
192 804
192 292
192 435
192 334
193 194
193 195
193 198
193 199
193 200
193 201
193 203
193 901
193 431
193 461
193 620
194 195
194 197
194 198
194 203
194 204
194 205
194 833
194 250
194 566
194 324
194 357
194 808
194 788
194 325
194 954
195 198
195 200
195 201
195 202
195 204
195 640
195 395
195 624
195 526
195 495
195 725
195 378
195 655
195 296
195 685
195 593
195 336
195 525
196 198
196 199
196 204
196 205
196 206
196 424
196 513
196 821
196 991
196 706
196 469
196 848
196 802
196 289
196 987
196 955
197 200
197 201
197 203
197 204
197 206
197 207
197 208
197 774
197 723
197 848
197 663
197 717
197 874
197 281
197 923
197 266
198 199
198 201
198 202
198 203
198 204
198 205
198 217
198 704
198 998
198 567
198 486
198 493
198 309
198 759
198 858
198 721
198 625
198 947
198 848
199 204
199 208
199 909
199 591
199 989
199 361
199 816
199 382
199 637
199 906
199 977
199 267
199 508
199 356
200 201
200 203
200 205
200 206
200 207
200 208
200 210
200 211
200 527
200 742
200 363
200 644
200 888
200 224
200 844
200 864
201 204
201 206
201 208
201 209
201 210
201 211
201 212
201 370
201 908
201 685
201 934
201 424
201 302
201 363
201 396
202 205
202 209
202 211
202 213
202 959
202 652
202 828
202 523
202 242
202 874
202 857
202 954
203 204
203 208
203 212
203 400
203 708
203 679
203 340
203 782
203 395
203 622
203 268
203 628
203 544
203 738
203 961
203 408
203 910
203 247
204 207
204 209
204 215
204 746
204 402
204 664
204 455
204 632
204 892
204 796
204 501
204 283
204 914
204 362
205 207
205 208
205 209
205 210
205 211
205 212
205 214
205 215
205 216
205 592
205 265
205 572
205 994
205 441
205 857
206 208
206 211
206 212
206 624
206 643
206 634
206 798
206 483
206 872
206 537
206 361
206 585
206 698
206 549
206 587
206 387
206 854
207 209
207 210
207 211
207 215
207 216
207 217
207 643
207 283
207 874
207 971
207 592
207 659
207 338
207 461
208 209
208 210
208 212
208 213
208 214
208 217
208 219
208 564
208 286
208 746
208 794
208 660
208 745
208 894
208 723
209 210
209 212
209 214
209 215
209 216
209 219
209 220
209 491
209 682
209 431
209 801
209 817
209 848
209 746
209 257
209 594
209 703
210 211
210 212
210 214
210 215
210 218
210 219
210 220
210 221
210 524
210 295
210 850
210 672
210 529
210 683
210 499
210 688
210 372
211 213
211 215
211 217
211 218
211 219
211 221
211 222
211 902
211 843
211 852
211 411
211 645
211 804
211 683
212 214
212 216
212 217
212 218
212 220
212 223
212 685
212 419
212 631
212 354
212 266
212 250
212 527
213 215
213 217
213 220
213 221
213 318
213 409
213 243
213 784
213 977
213 503
214 218
214 220
214 222
214 224
214 225
214 608
214 676
214 553
214 851
214 920
214 334
214 281
214 496
215 217
215 218
215 220
215 221
215 223
215 224
215 568
215 733
215 939
215 521
215 623
215 642
215 546
215 864
215 260
215 279
216 217
216 219
216 220
216 225
216 227
216 473
216 341
216 424
216 803
216 260
216 548
216 320
216 291
217 220
217 222
217 227
217 635
217 685
217 319
217 831
217 999
217 686
217 575
217 367
217 888
217 668
218 222
218 223
218 224
218 226
218 228
218 229
218 555
218 724
218 352
218 968
218 822
218 420
219 220
219 221
219 222
219 223
219 224
219 227
219 229
219 879
219 323
219 982
219 429
219 664
219 541
219 369
219 513
220 221
220 224
220 227
220 228
220 229
220 784
220 821
220 591
220 249
220 274
220 335
220 482
220 401
220 273
220 396
221 225
221 228
221 921
221 417
221 441
221 312
221 815
221 273
221 290
221 880
221 692
221 750
221 353
222 225
222 228
222 229
222 232
222 233
222 812
222 563
222 497
222 849
222 437
222 969
222 672
222 483
222 822
222 913
223 224
223 227
223 228
223 229
223 233
223 234
223 851
223 286
223 468
223 661
223 930
223 588
223 917
223 708
223 951
224 226
224 228
224 230
224 233
224 234
224 235
224 751
224 469
224 271
224 264
224 350
224 705
224 649
225 226
225 227
225 231
225 233
225 234
225 236
225 496
225 945
225 286
225 297
225 544
225 247
225 261
226 228
226 232
226 233
226 237
226 715
226 486
226 267
226 780
226 293
226 815
226 914
226 377
226 864
226 322
226 310
227 232
227 233
227 235
227 236
227 238
227 343
227 457
227 907
227 890
227 966
227 992
228 229
228 230
228 231
228 232
228 233
228 239
228 258
228 652
228 775
228 722
228 379
228 544
229 230
229 232
229 234
229 235
229 236
229 238
229 239
229 784
229 613
229 437
229 562
229 989
229 895
229 652
230 234
230 235
230 236
230 241
230 599
230 343
230 477
230 916
230 268
230 962
230 612
230 995
230 342
230 552
230 932
230 927
230 631
231 233
231 235
231 239
231 240
231 241
231 513
231 314
231 423
231 364
231 864
231 748
231 511
231 574
232 233
232 234
232 235
232 236
232 238
232 288
232 489
232 609
232 899
232 747
232 750
232 470
232 667
233 234
233 235
233 237
233 238
233 241
233 244
233 263
233 302
233 701
233 783
233 579
233 632
234 236
234 238
234 243
234 245
234 705
234 345
234 672
234 287
234 647
234 453
234 337
234 943
234 476
234 897
234 707
235 236
235 240
235 241
235 242
235 243
235 582
235 745
235 927
235 603
235 735
235 349
235 393
236 237
236 239
236 241
236 242
236 243
236 673
236 956
236 815
236 255
236 985
236 320
236 531
236 617
236 573
236 415
237 239
237 240
237 242
237 245
237 246
237 248
237 462
237 718
237 993
237 638
237 673
237 898
237 337
237 433
237 511
238 239
238 241
238 243
238 244
238 245
238 246
238 247
238 248
238 249
238 923
238 240
238 434
238 945
238 815
238 947
239 241
239 244
239 245
239 247
239 249
239 250
239 668
239 886
239 315
239 496
239 990
239 512
239 638
239 302
240 242
240 244
240 247
240 248
240 249
240 250
240 909
240 279
240 382
240 603
241 246
241 249
241 613
241 904
241 276
241 727
241 956
241 432
241 668
241 557
241 872
241 511
241 520
241 531
241 795
241 628
241 871
241 986
242 243
242 245
242 246
242 247
242 249
242 251
242 252
242 904
242 425
242 621
243 246
243 248
243 251
243 252
243 254
243 530
243 662
243 371
243 899
243 271
243 462
243 519
243 939
243 428
243 666
243 717
244 246
244 247
244 248
244 250
244 252
244 253
244 255
244 909
244 910
244 275
244 641
244 648
244 335
245 247
245 248
245 249
245 251
245 252
245 253
245 255
245 256
245 538
245 691
245 907
245 783
245 754
246 247
246 248
246 251
246 253
246 255
246 256
246 257
246 573
246 842
246 589
246 926
246 772
246 965
247 248
247 249
247 250
247 251
247 253
247 255
247 256
247 257
247 272
247 469
247 857
247 442
248 249
248 258
248 685
248 965
248 437
248 627
248 906
248 297
248 538
248 764
248 664
248 624
248 322
249 250
249 252
249 253
249 254
249 255
249 257
249 258
249 259
249 565
249 534
249 948
249 980
249 813
249 811
249 900
249 268
250 252
250 254
250 258
250 259
250 261
250 617
250 426
250 371
250 310
251 255
251 259
251 261
251 262
251 350
251 602
251 463
251 574
251 958
251 337
251 802
251 446
251 328
252 253
252 256
252 259
252 263
252 973
252 570
252 783
252 708
252 707
252 565
252 450
252 644
253 254
253 256
253 258
253 259
253 263
253 883
253 631
253 913
253 699
253 877
253 700
253 597
253 505
253 706
254 255
254 258
254 260
254 262
254 263
254 264
254 265
254 688
254 602
254 280
254 943
254 987
255 258
255 259
255 260
255 263
255 264
255 265
255 475
255 391
255 905
255 527
255 846
255 985
256 258
256 260
256 261
256 264
256 266
256 340
256 749
256 742
256 635
256 373
256 710
256 521
256 278
256 918
256 339
256 882
257 258
257 260
257 261
257 263
257 265
257 266
257 268
257 651
257 775
257 776
257 699
257 854
257 787
258 259
258 260
258 262
258 264
258 265
258 266
258 268
258 506
258 535
258 593
258 731
258 781
258 988
258 741
258 680
259 260
259 263
259 264
259 265
259 628
259 600
259 309
259 791
259 471
259 769
259 275
260 261
260 263
260 267
260 268
260 269
260 270
260 966
260 759
260 626
260 398
260 854
260 264
260 993
260 775
261 263
261 264
261 266
261 267
261 268
261 269
261 484
261 993
261 569
261 456
261 935
262 266
262 268
262 272
262 481
262 285
262 869
262 334
262 737
262 743
262 422
262 467
262 939
262 855
263 265
263 266
263 267
263 268
263 269
263 271
263 272
263 273
263 897
263 649
263 843
263 515
263 430
263 796
263 943
264 266
264 267
264 269
264 271
264 273
264 650
264 347
264 950
264 512
264 992
264 775
264 906
265 269
265 272
265 275
265 276
265 810
265 515
265 699
265 316
265 482
265 828
265 716
265 569
265 590
265 989
265 878
266 267
266 272
266 273
266 274
266 963
266 310
266 609
266 876
266 926
266 429
267 268
267 271
267 272
267 273
267 274
267 276
267 277
267 975
267 907
267 475
267 696
267 958
267 923
268 269
268 272
268 273
268 340
268 826
268 965
268 810
268 274
268 441
269 270
269 271
269 273
269 274
269 276
269 277
269 278
269 369
269 286
269 941
269 971
269 477
269 845
269 442
269 956
269 422
269 627
270 272
270 274
270 275
270 277
270 279
270 281
270 828
270 772
270 671
270 887
270 780
270 915
271 272
271 275
271 276
271 277
271 281
271 663
271 743
271 404
271 395
271 459
271 653
271 471
271 385
271 808
272 274
272 279
272 282
272 283
272 597
272 438
272 951
272 739
273 274
273 277
273 278
273 281
273 282
273 284
273 677
273 526
273 892
273 666
273 346
273 371
273 643
274 276
274 278
274 281
274 282
274 951
274 900
274 817
274 528
274 906
274 787
274 739
274 864
274 513
274 637
275 276
275 280
275 282
275 284
275 285
275 286
275 935
275 482
275 415
275 506
275 633
276 278
276 281
276 282
276 283
276 284
276 286
276 345
276 909
276 659
276 482
276 477
276 501
277 278
277 279
277 281
277 282
277 284
277 286
277 287
277 288
277 427
277 522
277 630
277 569
277 786
277 721
277 557
277 608
278 280
278 281
278 283
278 284
278 286
278 287
278 792
278 510
278 319
278 486
278 367
278 429
278 528
279 281
279 282
279 286
279 287
279 288
279 289
279 627
279 961
279 329
279 363
279 876
279 877
279 752
280 283
280 285
280 287
280 289
280 291
280 579
280 566
280 752
280 612
280 767
280 577
280 894
280 417
280 539
280 687
281 284
281 286
281 287
281 289
281 290
281 291
281 489
281 802
281 613
281 569
282 287
282 288
282 289
282 291
282 292
282 678
282 837
282 830
282 708
282 308
282 416
282 503
282 808
282 415
283 284
283 285
283 287
283 289
283 291
283 292
283 294
283 752
283 661
283 435
283 485
283 578
283 330
284 286
284 290
284 291
284 292
284 293
284 294
284 295
284 648
284 959
284 630
284 977
284 321
284 889
284 755
284 456
284 593
285 290
285 292
285 293
285 295
285 720
285 815
285 751
285 962
285 513
285 735
285 777
285 435
285 350
286 289
286 290
286 291
286 292
286 294
286 295
286 297
286 690
286 361
286 310
286 556
286 901
286 847
286 498
287 288
287 289
287 290
287 292
287 293
287 295
287 296
287 713
287 732
287 410
287 420
287 309
287 829
287 769
287 495
287 882
288 293
288 294
288 295
288 296
288 297
288 506
288 994
288 882
288 789
288 778
288 444
288 880
288 784
288 431
289 290
289 291
289 294
289 298
289 363
289 514
289 684
289 641
289 652
289 896
289 366
289 496
289 434
290 296
290 299
290 748
290 877
290 466
290 931
290 874
290 537
290 315
290 377
290 670
290 338
291 292
291 293
291 294
291 295
291 296
291 297
291 301
291 302
291 489
291 900
291 673
292 293
292 297
292 299
292 301
292 303
292 461
292 895
292 752
292 505
292 394
292 498
292 718
292 676
292 615
293 297
293 298
293 300
293 301
293 302
293 304
293 614
293 455
293 386
293 650
293 421
293 885
294 295
294 297
294 298
294 300
294 301
294 302
294 303
294 304
294 600
294 824
294 316
295 298
295 299
295 300
295 301
295 303
295 304
295 530
295 899
295 463
295 967
295 647
295 368
295 837
296 298
296 302
296 303
296 305
296 306
296 307
296 756
296 586
296 927
296 576
296 319
296 530
297 300
297 304
297 307
297 344
297 504
297 768
297 443
297 743
297 800
297 510
297 890
297 584
298 299
298 301
298 302
298 303
298 305
298 306
298 308
298 309
298 796
298 538
298 516
298 543
298 753
298 491
298 604
298 664
298 532
298 969
299 302
299 303
299 304
299 305
299 306
299 307
299 309
299 310
299 855
299 941
299 842
300 302
300 306
300 309
300 902
300 840
300 680
300 916
300 613
300 762
300 888
300 555
300 642
300 377
300 583
300 656
301 303
301 306
301 307
301 311
301 312
301 524
301 432
301 484
301 821
301 490
301 913
301 984
301 891
301 890
301 624
302 303
302 304
302 306
302 307
302 751
302 663
302 800
302 889
302 943
302 551
302 837
302 790
303 305
303 308
303 309
303 842
303 554
303 977
303 838
303 948
303 773
303 949
303 375
303 622
304 306
304 308
304 310
304 313
304 314
304 542
304 514
304 598
304 944
304 413
304 727
304 837
304 861
304 453
305 309
305 311
305 314
305 316
305 929
305 862
305 935
305 833
305 578
305 567
305 725
305 903
305 529
305 647
305 797
306 307
306 309
306 314
306 316
306 455
306 345
306 700
306 456
306 617
306 369
306 804
306 394
306 860
307 309
307 312
307 313
307 315
307 903
307 573
307 623
307 419
307 545
307 927
308 309
308 312
308 313
308 314
308 318
308 799
308 896
308 983
308 897
308 701
308 585
308 956
308 638
308 599
308 751
308 925
308 626
308 345
308 489
308 758
309 311
309 315
309 316
309 317
309 318
309 319
309 320
309 744
309 461
309 643
309 674
309 924
309 996
310 311
310 314
310 316
310 317
310 318
310 319
310 321
310 686
310 798
310 413
310 759
310 337
311 312
311 313
311 314
311 315
311 318
311 321
311 322
311 532
311 721
311 503
311 495
311 995
311 649
311 812
311 713
311 582
311 738
312 317
312 319
312 320
312 321
312 322
312 336
312 387
312 514
312 343
312 619
312 443
312 632
312 741
312 947
313 314
313 315
313 316
313 320
313 321
313 322
313 323
313 904
313 698
313 824
313 862
314 320
314 321
314 323
314 324
314 404
314 771
314 487
314 711
314 610
314 656
314 388
314 567
315 318
315 320
315 321
315 322
315 324
315 325
315 326
315 811
315 497
315 994
315 398
315 351
315 654
315 472
315 820
316 318
316 320
316 321
316 325
316 326
316 673
316 835
316 891
316 632
316 589
316 329
316 709
316 778
316 949
316 932
316 331
316 342
316 577
317 318
317 319
317 321
317 323
317 324
317 907
317 618
317 468
317 370
317 730
318 322
318 323
318 324
318 325
318 326
318 327
318 329
318 794
318 505
318 588
318 831
318 705
318 803
318 720
318 947
318 398
319 322
319 323
319 324
319 327
319 328
319 984
319 848
319 889
319 686
319 531
319 335
319 356
319 349
319 378
320 321
320 322
320 325
320 326
320 328
320 424
320 712
320 911
320 772
320 835
320 554
320 376
320 499
321 323
321 324
321 326
321 327
321 330
321 331
321 398
321 370
321 642
321 376
321 596
321 736
321 456
321 415
321 447
321 462
321 485
322 324
322 325
322 326
322 328
322 330
322 815
322 587
322 722
322 425
322 361
322 987
323 324
323 327
323 330
323 331
323 333
323 445
323 400
323 840
323 751
323 698
324 325
324 326
324 328
324 330
324 331
324 333
324 335
324 389
324 799
324 454
324 874
325 326
325 328
325 331
325 335
325 734
325 647
325 664
325 489
325 443
325 550
325 703
325 891
326 327
326 328
326 331
326 332
326 333
326 334
326 335
326 702
326 965
326 727
327 329
327 331
327 338
327 615
327 571
327 343
327 726
327 481
327 977
327 738
327 878
327 592
327 942
327 912
327 715
327 573
327 537
328 329
328 331
328 332
328 335
328 338
328 526
328 768
328 408
328 500
328 950
328 578
328 972
328 679
328 820
329 331
329 332
329 337
329 338
329 339
329 340
329 665
329 789
329 552
329 367
329 949
329 946
329 709
329 671
329 382
329 563
330 331
330 333
330 334
330 337
330 339
330 341
330 677
330 388
330 452
330 529
330 736
330 618
330 573
331 333
331 334
331 335
331 336
331 337
331 338
331 339
331 342
331 672
331 946
331 828
331 528
331 374
331 980
331 500
331 910
331 438
331 892
332 333
332 338
332 339
332 340
332 341
332 342
332 343
332 382
332 603
332 368
332 719
332 694
332 789
333 334
333 337
333 338
333 340
333 341
333 342
333 598
333 617
333 673
333 724
333 785
333 678
333 356
333 694
333 687
333 474
334 340
334 344
334 923
334 661
334 947
334 814
334 737
334 991
334 497
334 489
334 867
334 933
334 887
335 336
335 339
335 340
335 345
335 468
335 836
335 896
335 461
335 423
335 613
335 535
336 338
336 340
336 341
336 342
336 343
336 344
336 346
336 609
336 569
337 338
337 341
337 928
337 796
337 927
337 351
337 378
337 662
337 568
337 383
337 446
337 795
337 817
337 421
337 399
338 339
338 341
338 342
338 346
338 347
338 348
338 716
338 753
338 846
338 656
338 671
338 850
338 441
339 340
339 341
339 343
339 344
339 345
339 349
339 820
339 881
339 633
339 596
339 487
339 388
339 699
339 763
340 342
340 344
340 345
340 346
340 349
340 350
340 351
340 703
340 422
340 891
340 871
340 782
341 345
341 347
341 348
341 349
341 350
341 351
341 715
341 362
341 802
341 918
341 816
341 828
341 797
341 500
342 343
342 344
342 345
342 348
342 349
342 350
342 351
342 380
342 823
342 578
342 507
342 651
342 467
342 870
342 582
343 345
343 348
343 349
343 354
343 859
343 369
343 500
343 633
343 718
343 762
343 730
343 631
343 769
343 667
343 849
344 346
344 347
344 348
344 349
344 351
344 353
344 354
344 355
344 463
344 544
344 867
344 516
344 556
344 612
344 669
345 346
345 352
345 353
345 355
345 724
345 868
345 685
345 837
345 913
345 683
345 605
345 852
345 419
346 347
346 350
346 353
346 356
346 424
346 509
346 510
346 570
346 716
346 854
346 989
346 789
346 571
346 504
347 348
347 354
347 403
347 349
347 871
347 980
347 973
347 753
347 424
347 444
347 638
347 712
347 779
347 801
347 815
348 352
348 355
348 356
348 357
348 685
348 731
348 410
348 667
348 482
348 366
348 395
348 651
348 393
349 350
349 351
349 352
349 353
349 354
349 358
349 360
349 532
349 645
349 796
349 483
350 353
350 354
350 355
350 356
350 360
350 968
350 885
350 754
350 797
351 360
351 920
351 865
351 501
351 572
351 398
351 556
351 846
351 586
351 480
351 838
351 825
351 754
351 937
352 353
352 354
352 356
352 357
352 358
352 361
352 418
352 532
352 463
352 530
352 914
353 354
353 355
353 360
353 361
353 362
353 558
353 538
353 931
353 432
353 610
353 669
353 425
353 903
353 803
354 355
354 356
354 357
354 360
354 361
354 363
354 364
354 365
354 539
354 887
354 867
355 356
355 357
355 358
355 360
355 361
355 362
355 364
355 554
355 978
355 790
355 897
355 952
355 382
355 653
356 358
356 359
356 364
356 660
356 383
356 958
356 466
356 409
356 913
356 943
356 809
356 761
356 894
357 359
357 362
357 365
357 366
357 367
357 960
357 564
357 569
357 964
357 634
357 877
357 685
358 360
358 361
358 363
358 365
358 366
358 368
358 369
358 760
358 533
358 728
358 825
358 441
359 360
359 362
359 365
359 367
359 369
359 686
359 596
359 480
359 756
359 691
359 381
359 962
359 386
360 362
360 363
360 364
360 366
360 367
360 934
360 474
360 969
360 456
360 472
360 668
360 640
360 486
360 750
361 363
361 366
361 367
361 371
361 786
361 421
361 809
361 785
362 363
362 364
362 366
362 372
362 373
362 474
362 860
362 744
362 449
362 732
363 366
363 368
363 369
363 373
363 755
363 856
363 387
363 415
363 708
363 489
364 365
364 366
364 370
364 371
364 372
364 373
364 375
364 615
364 641
364 662
364 562
364 492
364 770
364 494
364 379
364 491
364 661
365 366
365 367
365 369
365 370
365 372
365 373
365 374
365 375
365 629
365 634
365 463
365 708
365 649
365 481
366 367
366 369
366 370
366 371
366 372
366 375
366 376
366 655
366 989
366 499
366 919
366 921
366 928
366 510
366 902
366 967
367 368
367 370
367 375
367 377
367 378
367 845
367 541
367 918
367 481
368 370
368 371
368 373
368 374
368 375
368 377
368 652
368 485
368 697
368 669
368 676
368 898
369 371
369 372
369 373
369 376
369 378
369 607
369 689
369 600
369 931
369 550
369 629
369 664
370 372
370 374
370 376
370 377
370 379
370 380
370 665
370 912
371 372
371 374
371 375
371 376
371 377
371 380
371 846
371 397
371 712
371 799
371 432
371 932
372 376
372 377
372 379
372 381
372 924
372 674
372 410
372 703
372 670
372 534
372 409
372 895
372 452
372 576
373 375
373 379
373 380
373 381
373 382
373 994
373 784
373 442
373 786
373 489
373 445
373 444
374 375
374 376
374 378
374 381
374 477
374 773
374 988
374 423
374 603
374 550
374 923
375 377
375 382
375 383
375 384
375 385
375 386
375 562
375 634
375 692
375 728
375 764
375 846
375 554
375 636
376 377
376 378
376 381
376 971
376 668
376 608
376 791
376 756
376 389
376 639
376 444
376 485
376 641
377 378
377 379
377 380
377 381
377 382
377 383
377 384
377 388
377 734
377 843
377 561
377 953
378 379
378 380
378 381
378 648
378 491
378 410
378 814
378 897
379 381
379 384
379 385
379 386
379 390
379 675
379 773
379 425
379 664
379 621
379 729
379 423
379 858
380 383
380 385
380 386
380 388
380 389
380 798
380 874
380 965
380 674
380 517
380 637
380 724
380 576
380 941
380 902
381 382
381 383
381 386
381 388
381 390
381 392
381 869
381 418
381 561
381 623
381 872
381 758
382 384
382 385
382 386
382 387
382 388
382 392
382 841
382 494
382 668
382 994
383 385
383 387
383 390
383 392
383 393
383 736
383 446
383 885
383 763
383 615
383 386
384 386
384 387
384 391
384 392
384 393
384 395
384 582
384 847
384 773
384 839
384 795
384 818
384 491
384 909
384 473
385 386
385 389
385 391
385 392
385 393
385 394
385 395
385 396
385 739
385 522
386 387
386 393
386 397
386 477
386 545
386 635
386 638
386 407
386 716
386 440
386 864
386 588
386 760
387 388
387 390
387 391
387 392
387 397
387 398
387 873
387 461
387 588
387 512
387 640
387 841
387 451
387 988
387 549
388 389
388 390
388 393
388 622
388 933
388 684
388 510
388 943
388 413
388 660
388 587
388 632
389 393
389 394
389 395
389 400
389 804
389 721
389 999
389 486
389 856
389 895
390 392
390 394
390 395
390 396
390 397
390 400
390 448
390 719
390 685
390 738
390 713
391 393
391 395
391 396
391 397
391 639
391 826
391 790
391 775
391 571
391 707
391 735
391 717
392 393
392 394
392 396
392 397
392 400
392 401
392 403
392 962
392 506
392 671
392 863
392 736
392 494
392 698
393 395
393 396
393 397
393 401
393 403
393 651
393 582
393 475
393 634
393 789
393 816
393 859
394 395
394 396
394 400
394 402
394 625
394 966
394 924
394 453
394 614
394 585
395 398
395 399
395 403
395 405
395 846
395 430
395 886
395 523
395 588
395 510
395 647
395 485
395 840
395 648
396 398
396 400
396 401
396 402
396 403
396 749
396 674
396 625
396 441
396 513
396 574
397 398
397 400
397 401
397 404
397 408
397 443
397 435
397 744
397 564
397 641
397 566
398 399
398 401
398 405
398 406
398 678
398 612
398 419
399 401
399 403
399 407
399 861
399 525
399 662
399 780
399 805
399 436
399 467
399 559
399 997
399 912
399 836
399 676
400 404
400 406
400 408
400 410
400 843
400 850
400 451
400 959
400 936
400 770
400 934
400 468
401 402
401 403
401 404
401 407
401 850
401 685
401 572
401 575
401 728
401 458
401 886
401 702
402 403
402 404
402 409
402 410
402 413
402 517
402 801
402 436
402 458
402 803
402 570
402 476
402 442
403 404
403 405
403 406
403 407
403 408
403 409
403 410
403 411
403 412
403 700
403 862
403 894
403 952
404 405
404 406
404 408
404 409
404 410
404 411
404 412
404 414
404 710
404 903
404 964
404 812
404 844
405 406
405 407
405 408
405 409
405 411
405 412
405 413
405 414
405 415
405 416
405 906
405 801
405 937
406 411
406 412
406 413
406 414
406 415
406 416
406 417
406 489
406 774
406 931
406 589
406 645
406 787
406 662
406 979
407 408
407 412
407 413
407 414
407 415
407 417
407 418
407 789
407 616
407 831
407 555
407 579
407 952
408 409
408 411
408 412
408 414
408 415
408 417
408 419
408 924
408 928
408 442
408 586
409 410
409 413
409 417
409 419
409 420
409 719
409 884
409 704
409 927
409 708
409 824
410 411
410 415
410 416
410 418
410 419
410 421
410 735
410 606
410 555
410 518
411 412
411 414
411 415
411 417
411 418
411 420
411 421
411 817
412 414
412 418
412 419
412 420
412 422
412 423
412 566
412 930
412 440
412 851
412 869
412 767
412 912
413 416
413 418
413 421
413 424
413 929
413 553
413 739
413 615
413 976
413 696
413 891
413 954
413 646
413 737
414 415
414 416
414 417
414 418
414 419
414 420
414 422
414 423
414 424
414 425
414 800
415 416
415 417
415 419
415 420
415 422
415 424
415 991
415 622
415 801
416 417
416 419
416 420
416 423
416 424
416 426
416 427
416 561
416 602
416 800
416 627
416 554
416 429
416 546
416 661
417 419
417 420
417 422
417 425
417 428
417 927
417 525
417 964
417 491
417 834
417 664
418 420
418 421
418 423
418 424
418 426
418 427
418 428
418 837
418 853
418 422
418 565
418 686
418 532
418 535
419 423
419 424
419 425
419 426
419 427
419 867
419 884
419 590
419 820
419 806
420 421
420 422
420 423
420 427
420 429
420 430
420 620
420 858
420 868
420 777
420 493
420 665
420 905
420 468
420 508
421 422
421 423
421 424
421 426
421 429
421 431
421 432
421 453
421 965
421 560
422 423
422 426
422 427
422 430
422 432
422 812
422 767
422 998
423 424
423 425
423 428
423 429
423 431
423 432
423 433
423 993
423 981
423 517
423 582
424 425
424 428
424 429
424 433
424 434
424 595
424 893
424 653
425 426
425 427
425 429
425 432
425 435
425 436
425 635
425 754
425 827
425 879
426 429
426 431
426 432
426 433
426 434
426 435
426 644
426 745
426 585
426 672
426 743
426 829
426 917
426 564
426 818
427 428
427 429
427 430
427 431
427 432
427 433
427 434
427 435
427 437
427 438
427 656
427 510
427 900
427 547
427 614
427 672
428 429
428 430
428 432
428 435
428 438
428 439
428 567
428 859
428 835
428 600
428 446
428 666
429 430
429 431
429 434
429 816
429 871
429 910
429 705
429 444
429 472
429 849
429 803
429 549
429 582
430 432
430 434
430 435
430 437
430 438
430 439
430 730
430 996
430 581
430 990
430 911
430 483
431 437
431 439
431 441
431 442
431 537
431 489
431 462
431 849
431 837
431 919
431 592
431 825
431 438
431 887
432 434
432 435
432 437
432 438
432 441
432 442
432 443
432 828
432 512
432 518
432 860
432 449
433 434
433 435
433 436
433 437
433 441
433 442
433 443
433 846
433 526
433 629
433 859
433 613
433 931
434 435
434 436
434 437
434 438
434 440
434 441
434 443
434 444
434 817
434 945
435 436
435 437
435 439
435 898
435 502
435 724
435 841
435 944
435 491
436 437
436 438
436 441
436 707
436 727
436 702
436 724
436 548
436 633
437 438
437 439
437 441
437 442
437 444
437 446
437 448
437 698
437 628
438 440
438 444
438 445
438 449
438 597
438 926
438 709
438 667
438 944
439 440
439 441
439 442
439 445
439 446
439 447
439 448
439 976
439 589
439 684
439 683
439 942
440 441
440 442
440 444
440 447
440 449
440 651
440 476
440 478
440 564
440 782
441 444
441 446
441 451
441 485
441 951
441 650
441 810
441 770
441 635
441 847
442 443
442 444
442 445
442 446
442 449
442 450
442 452
442 522
442 842
443 446
443 449
443 451
443 452
443 587
443 645
443 519
443 984
443 722
444 447
444 451
444 452
444 455
444 792
444 588
444 934
444 684
444 885
444 537
444 697
444 636
444 963
444 987
445 448
445 449
445 451
445 452
445 453
445 456
445 544
445 918
445 930
445 652
446 447
446 456
446 886
446 613
446 680
446 658
446 505
446 996
446 515
446 504
446 604
447 448
447 450
447 452
447 453
447 457
447 918
447 690
447 799
447 595
447 730
447 687
447 694
447 725
448 452
448 453
448 455
448 456
448 457
448 458
448 459
448 925
448 889
448 983
448 531
448 573
448 489
449 450
449 451
449 453
449 454
449 456
449 460
449 709
449 832
449 776
450 451
450 452
450 453
450 454
450 456
450 457
450 458
450 459
450 460
450 461
450 719
450 574
450 763
450 688
451 452
451 453
451 454
451 455
451 456
451 457
451 458
451 459
451 461
451 854
451 660
451 591
451 656
451 990
452 454
452 461
452 872
452 670
452 692
452 818
452 785
452 883
452 981
453 455
453 457
453 458
453 460
453 463
453 464
453 663
453 924
453 887
453 967
453 873
453 966
453 761
454 455
454 458
454 459
454 460
454 463
454 465
454 648
454 687
454 738
454 847
454 900
454 915
454 673
454 619
454 914
455 458
455 459
455 462
455 463
455 465
455 466
455 813
455 622
455 962
456 457
456 458
456 459
456 460
456 461
456 462
456 464
456 589
456 781
457 459
457 460
457 462
457 464
457 465
457 466
457 906
457 734
457 898
457 894
458 459
458 465
458 466
458 468
458 490
458 739
458 947
458 618
458 462
458 595
459 460
459 461
459 462
459 464
459 466
459 467
459 469
459 470
459 744
459 837
459 838
459 906
460 461
460 464
460 465
460 467
460 470
460 699
460 688
460 966
460 492
460 778
460 795
460 803
460 887
460 708
460 745
461 462
461 463
461 469
461 471
461 850
461 615
461 557
461 920
461 570
461 814
461 629
462 463
462 465
462 467
462 470
462 472
462 473
462 619
462 764
463 464
463 467
463 468
463 469
463 705
463 899
463 692
463 654
463 797
464 465
464 466
464 467
464 468
464 470
464 471
464 474
464 475
464 539
464 912
464 478
464 954
464 481
464 556
464 794
464 920
464 873
464 573
465 467
465 468
465 471
465 472
465 473
465 474
465 476
465 775
465 887
465 492
465 533
465 787
465 914
465 720
466 467
466 469
466 471
466 472
466 473
466 475
466 477
466 555
466 585
466 510
466 608
466 737
467 468
467 470
467 471
467 475
467 476
467 641
467 909
467 862
468 469
468 470
468 472
468 474
468 830
468 562
468 759
468 892
468 899
468 535
468 784
468 702
469 471
469 472
469 474
469 475
469 476
469 477
469 479
469 480
469 540
469 981
470 471
470 472
470 473
470 474
470 475
470 477
470 478
470 479
470 858
470 661
470 761
471 472
471 473
471 475
471 476
471 477
471 479
471 480
471 514
471 878
471 537
471 659
471 670
472 473
472 474
472 477
472 478
472 479
472 481
472 482
472 991
472 920
472 679
472 933
472 947
472 692
473 476
473 477
473 478
473 481
473 484
473 550
473 904
473 959
473 980
474 475
474 478
474 480
474 481
474 482
474 483
474 485
474 759
474 853
474 862
474 847
475 481
475 483
475 485
475 531
475 515
475 834
475 677
475 577
475 681
475 600
476 477
476 481
476 482
476 485
476 486
476 487
476 666
476 993
476 563
476 754
476 820
477 479
477 480
477 481
477 483
477 487
477 488
477 974
477 607
477 882
477 950
477 685
477 614
478 479
478 481
478 483
478 484
478 486
478 489
478 794
478 654
478 890
478 571
478 971
479 480
479 481
479 484
479 489
479 509
479 841
479 802
479 501
479 875
479 919
479 564
479 631
479 950
480 481
480 482
480 483
480 484
480 486
480 488
480 647
480 770
480 537
480 810
480 576
480 751
481 483
481 484
481 488
481 490
481 825
481 834
481 610
481 642
481 981
481 713
481 822
481 528
481 920
482 484
482 488
482 489
482 491
482 492
482 493
482 920
482 731
483 484
483 485
483 486
483 487
483 488
483 490
483 491
483 548
483 581
483 610
484 485
484 487
484 490
484 491
484 492
484 493
484 495
484 572
484 543
484 784
484 933
484 862
485 486
485 487
485 490
485 491
485 493
485 496
485 884
485 499
486 488
486 490
486 494
486 495
486 497
486 807
486 800
487 495
487 496
487 497
487 498
487 908
487 766
487 625
487 921
487 756
487 673
487 816
488 491
488 492
488 493
488 496
488 497
488 498
488 505
488 659
488 514
488 924
488 862
488 798
489 491
489 492
489 496
489 497
489 498
489 590
489 565
489 844
489 807
490 491
490 492
490 493
490 494
490 496
490 498
490 499
490 501
490 525
490 717
490 673
490 954
490 743
490 656
490 803
490 543
491 495
491 496
491 500
491 502
491 568
491 664
491 506
491 518
491 908
491 605
491 729
492 493
492 495
492 498
492 503
492 757
492 634
492 884
493 494
493 495
493 496
493 497
493 502
493 503
493 504
493 986
493 530
493 980
493 863
493 610
494 497
494 498
494 499
494 500
494 501
494 504
494 505
494 622
494 582
494 790
494 782
494 762
495 496
495 498
495 500
495 501
495 502
495 504
495 505
495 899
495 712
496 500
496 502
496 503
496 504
496 505
496 506
496 960
497 500
497 502
497 503
497 504
497 506
497 508
497 839
497 762
497 933
497 870
497 533
497 820
498 500
498 501
498 503
498 505
498 507
498 508
498 509
498 904
498 871
498 857
498 886
498 533
498 851
498 521
498 729
499 505
499 506
499 507
499 509
499 555
499 532
499 914
499 561
499 820
499 838
499 849
500 501
500 504
500 509
500 905
500 629
500 520
500 819
500 591
501 502
501 506
501 511
501 512
501 908
501 796
501 576
501 599
501 983
501 799
502 505
502 506
502 508
502 510
502 512
502 513
502 795
502 839
502 850
502 973
502 978
502 803
502 539
503 504
503 505
503 506
503 509
503 510
503 511
503 512
503 557
503 988
503 952
504 505
504 508
504 509
504 510
504 511
504 512
504 515
504 549
504 951
504 575
504 990
505 510
505 511
505 512
505 514
505 515
505 885
505 619
505 972
505 740
505 993
505 675
506 507
506 508
506 509
506 510
506 511
506 513
506 516
506 517
506 903
506 961
507 508
507 512
507 513
507 515
507 516
507 517
507 518
507 768
507 542
507 796
507 549
507 772
508 510
508 511
508 513
508 514
508 515
508 517
508 519
508 995
508 823
509 510
509 514
509 516
509 517
509 519
509 520
509 977
509 706
509 873
509 766
509 679
509 524
509 540
510 511
510 513
510 517
510 723
510 829
510 630
511 512
511 513
511 515
511 516
511 517
511 520
511 529
511 998
511 730
512 513
512 514
512 516
512 517
512 522
512 523
512 775
512 798
513 517
513 518
513 592
513 577
513 683
513 664
513 975
513 944
513 982
513 990
513 536
514 515
514 516
514 519
514 521
514 522
514 524
514 981
514 530
514 782
514 852
514 617
514 873
514 948
515 519
515 520
515 522
515 523
515 524
515 598
515 571
515 558
515 820
515 849
515 732
516 517
516 518
516 521
516 522
516 523
516 526
516 971
516 833
516 765
516 808
516 708
516 671
516 929
517 519
517 521
517 522
517 524
517 670
517 973
517 899
517 570
517 677
517 906
517 858
518 522
518 523
518 525
518 527
518 529
518 797
518 687
518 901
518 804
518 558
519 520
519 522
519 524
519 528
519 529
519 584
519 795
519 744
519 833
519 978
519 809
519 848
519 857
519 896
519 811
520 523
520 524
520 525
520 526
520 528
520 529
520 531
520 918
520 770
520 583
520 721
520 727
520 605
520 758
521 523
521 524
521 526
521 532
521 865
521 788
521 736
521 541
521 979
521 959
522 524
522 527
522 528
522 531
522 532
522 533
522 561
522 719
523 524
523 525
523 528
523 529
523 530
523 532
523 533
523 534
523 573
523 876
523 701
523 907
523 997
523 553
524 526
524 527
524 528
524 529
524 532
524 533
524 534
524 535
524 729
524 569
524 680
524 618
524 686
525 526
525 528
525 531
525 532
525 533
525 534
525 535
525 685
526 530
526 535
526 536
526 594
526 932
526 955
526 705
526 775
526 948
526 709
527 532
527 535
527 536
527 683
527 962
527 738
527 777
527 717
527 787
527 974
527 556
527 587
528 529
528 530
528 533
528 537
528 848
528 699
528 879
528 562
529 532
529 533
529 535
529 538
529 539
529 540
529 809
530 535
530 538
530 550
530 861
530 558
530 598
530 617
530 634
530 934
530 790
530 915
531 532
531 535
531 537
531 538
531 539
531 540
531 542
531 612
531 761
532 533
532 537
532 538
532 539
532 543
532 862
532 642
532 812
532 596
532 982
533 535
533 536
533 537
533 538
533 543
533 544
533 793
533 554
533 674
534 535
534 536
534 538
534 540
534 541
534 542
534 543
534 844
534 663
534 555
534 889
534 675
534 691
535 536
535 537
535 540
535 543
535 568
535 703
535 601
535 915
535 630
535 639
535 968
536 542
536 543
536 544
536 545
536 547
536 959
536 922
536 923
536 995
536 608
536 881
536 908
537 539
537 540
537 546
537 547
537 972
537 591
537 958
537 831
537 572
538 539
538 546
538 547
538 548
538 886
538 940
538 910
538 943
538 713
538 840
538 888
538 845
538 890
538 893
539 541
539 542
539 544
539 546
539 548
539 957
539 997
539 890
539 774
539 828
539 735
540 541
540 545
540 546
540 603
540 797
540 707
540 665
540 717
540 981
540 758
540 972
541 542
541 543
541 544
541 545
541 546
541 547
541 548
541 549
541 551
541 552
542 543
542 545
542 547
542 548
542 549
542 550
542 552
542 622
542 940
542 655
542 876
543 546
543 547
543 551
543 554
543 594
543 928
543 746
543 981
543 561
544 546
544 547
544 548
544 553
544 554
544 907
544 587
544 745
545 546
545 547
545 548
545 549
545 550
545 552
545 553
545 555
545 556
545 631
545 820
545 875
545 696
546 551
546 552
546 555
546 556
546 557
546 822
546 636
546 788
546 864
546 856
546 870
546 806
546 684
547 548
547 549
547 550
547 551
547 553
547 554
547 642
547 768
547 730
547 779
547 579
548 550
548 552
548 556
548 557
548 956
548 867
548 913
548 857
549 551
549 554
549 557
549 560
549 796
549 586
549 693
550 551
550 553
550 556
550 558
550 559
550 560
550 624
550 817
550 706
550 938
550 665
551 554
551 556
551 560
551 561
551 562
551 978
551 774
551 796
551 586
551 921
551 734
552 553
552 555
552 556
552 901
552 607
552 993
552 794
552 818
553 556
553 557
553 562
553 564
553 814
553 576
553 587
553 825
553 987
553 837
553 990
553 876
554 556
554 559
554 560
554 561
554 562
554 565
554 569
554 670
554 880
554 726
555 557
555 558
555 561
555 565
555 676
555 928
555 886
555 965
555 612
556 557
556 560
556 564
556 565
556 567
556 692
556 988
557 558
557 564
557 566
557 567
557 772
557 611
557 915
557 697
557 937
557 639
558 560
558 561
558 564
558 565
558 566
558 568
558 569
558 753
558 684
559 560
559 561
559 562
559 564
559 565
559 568
559 569
559 570
559 859
559 686
559 746
560 566
560 567
560 568
560 569
560 631
560 778
560 599
560 967
560 736
560 563
560 963
560 629
561 563
561 564
561 565
561 569
561 570
561 571
561 985
561 891
561 845
561 754
561 933
562 563
562 564
562 566
562 571
562 572
562 573
562 846
562 582
563 564
563 567
563 568
563 570
563 571
563 573
563 623
563 680
563 876
564 566
564 567
564 569
564 572
564 574
564 861
564 586
564 925
564 868
564 645
564 849
565 566
565 567
565 568
565 570
565 572
565 574
565 575
565 576
565 970
565 681
566 568
566 569
566 571
566 572
566 573
566 574
566 576
566 577
566 582
566 761
566 692
567 568
567 572
567 575
567 577
567 581
567 582
567 824
567 976
567 629
568 570
568 573
568 574
568 575
568 577
568 578
568 579
568 806
568 959
568 657
568 800
568 929
568 701
568 718
569 570
569 571
569 578
569 580
569 645
569 592
569 661
569 781
570 571
570 573
570 574
570 577
570 579
570 728
570 766
570 608
570 874
570 625
571 572
571 575
571 576
571 577
571 579
571 582
571 672
571 988
571 963
571 934
572 573
572 576
572 577
572 579
572 581
572 582
572 837
572 836
572 901
572 848
573 574
573 577
573 578
573 581
573 792
573 824
573 719
573 639
574 575
574 576
574 577
574 578
574 580
574 994
574 991
574 952
575 576
575 578
575 580
575 670
575 893
575 746
575 730
575 644
575 785
575 633
576 577
576 578
576 579
576 582
576 584
576 640
577 579
577 580
577 581
577 583
577 584
577 586
577 587
577 588
577 834
577 689
577 613
577 678
577 826
578 579
578 581
578 582
578 584
578 585
578 586
578 587
578 588
578 827
578 651
578 727
579 581
579 582
579 583
579 584
579 586
579 589
579 761
579 775
579 929
580 581
580 582
580 583
580 585
580 586
580 587
580 588
580 589
580 590
580 591
580 843
581 582
581 586
581 587
581 592
581 611
581 726
581 883
581 781
581 848
582 583
582 586
582 587
582 589
582 590
582 915
582 840
583 584
583 587
583 588
583 589
583 590
583 591
583 592
583 593
583 594
583 877
583 604
584 585
584 587
584 588
584 589
584 590
584 591
584 592
584 595
584 674
584 655
584 847
584 961
584 868
585 586
585 587
585 591
585 596
585 812
585 705
585 879
586 589
586 591
586 593
586 596
586 597
586 668
586 656
586 811
586 722
586 880
586 886
586 767
587 588
587 590
587 595
587 596
587 859
587 906
588 594
588 595
588 596
588 598
588 599
588 654
588 873
588 763
588 777
588 782
589 599
589 600
589 682
589 657
589 852
589 914
590 592
590 593
590 594
590 596
590 597
590 598
590 599
590 600
590 601
590 826
590 944
590 897
591 592
591 593
591 595
591 600
591 601
591 602
591 707
591 719
591 868
591 774
591 825
591 999
591 658
592 593
592 594
592 602
592 775
592 740
593 594
593 595
593 597
593 598
593 599
593 600
593 601
593 635
593 632
593 973
594 596
594 599
594 601
594 602
594 603
594 605
594 706
594 608
594 990
595 596
595 598
595 599
595 600
595 604
595 605
595 714
595 859
595 880
595 660
596 597
596 598
596 600
596 604
596 605
596 607
596 985
596 798
596 821
597 598
597 600
597 601
597 602
597 603
597 607
597 681
597 977
598 600
598 604
598 605
598 606
598 608
598 609
598 683
598 632
598 912
598 973
599 600
599 602
599 603
599 604
599 606
599 607
599 609
599 883
600 601
600 602
600 603
600 606
600 607
600 608
600 610
600 611
600 763
600 616
600 946
600 969
600 706
601 602
601 605
601 606
601 607
601 608
601 609
601 611
601 612
601 789
601 621
601 733
601 821
602 603
602 605
602 607
602 609
602 611
602 613
602 628
602 753
602 984
602 781
602 764
602 972
602 696
603 604
603 605
603 606
603 608
603 609
603 610
603 612
603 613
603 614
603 665
603 982
603 716
603 923
604 605
604 608
604 610
604 611
604 613
604 614
604 615
604 838
604 634
604 981
604 623
605 606
605 607
605 608
605 610
605 611
605 614
605 616
605 822
605 621
605 871
606 608
606 609
606 614
606 615
606 616
606 617
606 780
606 658
606 723
606 870
607 611
607 612
607 613
607 615
607 616
607 618
607 942
607 620
607 650
607 875
607 901
607 742
608 610
608 611
608 613
608 614
608 615
608 618
608 619
608 752
608 845
608 710
609 610
609 611
609 612
609 613
609 614
609 615
609 617
609 620
609 883
609 940
609 762
609 853
609 701
610 612
610 614
610 621
610 752
610 641
610 750
611 612
611 613
611 616
611 617
611 618
611 620
611 622
611 917
611 946
611 848
611 825
611 819
612 614
612 617
612 618
612 620
612 621
612 623
612 936
612 646
612 820
612 997
613 614
613 616
613 621
613 623
613 624
613 741
613 638
614 615
614 616
614 617
614 618
614 619
614 620
614 621
614 622
614 623
614 635
615 617
615 618
615 620
615 621
615 622
615 624
615 626
615 924
616 617
616 618
616 619
616 622
616 625
616 627
616 934
616 923
616 748
616 738
616 665
617 618
617 619
617 620
617 621
617 622
617 624
617 625
617 626
617 635
617 933
617 820
617 853
618 620
618 621
618 623
618 626
618 627
618 629
618 663
618 850
618 957
618 659
618 794
619 620
619 621
619 623
619 626
619 627
619 630
619 683
619 679
619 979
620 622
620 623
620 624
620 625
620 626
620 627
620 628
620 629
620 631
620 893
620 838
621 622
621 623
621 624
621 625
621 628
621 630
621 631
621 632
621 968
622 624
622 626
622 628
622 629
622 630
622 631
622 632
622 633
622 845
622 807
622 861
623 624
623 626
623 629
623 630
623 633
623 634
623 907
623 760
623 950
624 627
624 628
624 630
624 631
624 632
624 633
624 811
624 646
624 837
624 891
625 627
625 629
625 632
625 635
625 666
625 920
625 934
625 715
625 932
626 630
626 637
626 701
626 961
626 647
626 953
626 874
626 829
627 628
627 629
627 630
627 633
627 636
627 822
627 645
627 777
627 632
627 968
627 814
628 630
628 631
628 632
628 633
628 636
628 637
628 638
628 748
628 818
628 691
628 796
628 845
628 938
628 968
628 721
629 631
629 632
629 633
629 635
629 636
629 637
629 735
629 791
629 790
629 753
629 996
630 636
630 637
630 639
630 815
630 650
630 813
630 822
630 714
630 676
630 981
630 957
630 769
631 635
631 638
631 764
631 916
631 802
631 919
631 833
632 634
632 637
632 638
632 639
632 642
632 643
632 935
632 787
632 926
632 854
633 634
633 635
633 638
633 640
633 641
633 642
633 643
633 998
633 752
633 687
633 771
634 636
634 638
634 640
634 641
634 642
634 643
634 677
634 684
634 813
634 868
635 637
635 642
635 645
635 646
635 764
635 826
635 752
635 654
636 639
636 640
636 642
636 646
636 647
636 961
636 894
636 871
636 881
637 640
637 642
637 643
637 647
637 648
637 705
637 769
638 640
638 641
638 642
638 643
638 644
638 649
638 913
638 851
639 640
639 641
639 643
639 644
639 645
639 649
639 650
639 939
640 642
640 650
640 651
640 725
640 786
640 682
640 678
640 722
641 643
641 644
641 647
641 648
641 652
641 831
641 857
641 898
641 789
641 748
642 643
642 645
642 646
642 647
642 649
642 644
642 776
642 836
642 845
643 646
643 647
643 652
643 653
643 768
643 992
643 728
644 645
644 647
644 650
644 651
644 652
644 654
644 722
644 962
644 927
644 835
644 923
645 649
645 652
645 653
645 654
645 656
645 812
645 745
645 867
645 849
645 694
645 693
645 721
645 839
646 647
646 648
646 649
646 650
646 651
646 652
646 653
646 655
646 657
646 987
646 687
647 648
647 649
647 650
647 654
647 981
647 885
647 895
647 998
648 649
648 650
648 652
648 654
648 656
648 658
648 659
648 881
648 799
648 923
648 953
649 650
649 653
649 657
649 660
649 858
649 748
649 930
649 976
650 651
650 653
650 656
650 657
650 658
650 659
650 660
650 661
650 773
650 941
650 973
651 654
651 656
651 658
651 659
651 660
651 661
651 662
651 941
651 787
651 840
651 837
651 848
652 653
652 654
652 659
652 661
652 709
652 888
652 896
652 870
653 654
653 657
653 659
653 661
653 662
653 663
653 951
653 816
653 732
653 785
654 655
654 656
654 660
654 661
654 664
654 738
654 759
654 879
654 979
655 659
655 660
655 663
655 664
655 665
655 666
655 932
655 975
655 722
656 662
656 663
656 664
656 666
656 958
656 924
656 985
656 707
657 660
657 662
657 663
657 665
657 666
657 667
657 980
657 947
657 707
658 659
658 661
658 664
658 666
658 667
658 994
658 761
659 661
659 664
659 666
659 669
659 670
659 975
659 689
659 686
660 663
660 666
660 670
660 671
660 785
660 713
660 989
660 702
660 753
660 869
660 827
661 665
661 668
661 743
661 759
661 832
661 878
661 765
661 885
662 663
662 666
662 668
662 669
662 671
662 673
662 737
663 665
663 667
663 671
663 672
663 673
663 772
663 994
663 892
663 708
663 797
664 665
664 667
664 670
664 673
664 674
664 983
665 666
665 668
665 673
665 674
665 676
665 825
665 982
665 826
665 922
666 667
666 668
666 671
666 672
666 674
666 675
666 753
666 747
666 844
667 669
667 818
667 881
667 804
667 897
667 952
667 714
668 670
668 671
668 673
668 676
668 679
668 986
668 916
668 833
669 670
669 671
669 672
669 673
669 674
669 675
669 677
669 679
669 696
670 674
670 677
670 678
670 679
670 865
670 904
670 899
670 843
671 673
671 675
671 677
671 682
671 852
671 876
671 882
671 768
671 831
671 745
672 673
672 675
672 677
672 678
672 679
672 682
672 789
672 950
673 676
673 707
673 924
673 992
673 835
674 675
674 676
674 677
674 678
674 679
674 680
674 682
674 683
674 685
674 928
674 865
675 676
675 678
675 679
675 680
675 681
675 682
675 683
675 684
675 686
675 706
675 968
675 715
675 952
675 958
676 677
676 678
676 681
676 682
676 684
676 685
676 687
676 929
676 776
677 678
677 681
677 682
677 683
677 685
677 686
677 687
677 688
677 737
677 766
677 985
677 693
678 680
678 682
678 684
678 687
678 688
678 689
678 774
678 785
678 988
678 894
678 779
679 680
679 683
679 684
679 687
679 688
679 689
679 690
679 895
679 884
680 681
680 682
680 683
680 684
680 687
680 688
680 689
680 955
680 824
680 905
681 685
681 686
681 687
681 691
681 963
681 888
681 942
681 866
681 965
682 685
682 686
682 687
682 688
682 690
682 692
682 693
682 975
682 855
682 946
682 778
683 686
683 687
683 688
683 691
683 692
683 694
683 879
684 685
684 688
684 692
684 693
684 694
684 982
684 822
684 841
684 707
685 686
685 688
685 691
685 693
685 695
685 870
685 918
685 905
686 688
686 689
686 692
686 695
686 965
686 736
686 749
687 688
687 690
687 693
687 698
687 743
687 763
687 850
688 689
688 690
688 691
688 692
688 693
688 694
688 696
688 699
688 716
688 856
688 715
689 691
689 692
689 695
689 697
689 700
689 706
689 883
690 692
690 693
690 694
690 696
690 697
690 699
690 700
690 701
690 740
690 798
690 827
690 873
690 878
690 967
690 714
691 692
691 694
691 697
691 698
691 699
691 700
691 702
692 693
692 694
692 696
692 697
692 699
692 702
692 892
692 962
692 872
692 755
693 694
693 695
693 696
693 697
693 698
693 699
693 701
693 703
693 704
693 968
694 696
694 698
694 699
694 703
694 908
694 715
694 746
695 697
695 699
695 700
695 704
695 763
695 949
695 964
695 771
695 870
695 715
695 801
695 892
695 886
695 996
695 957
696 697
696 698
696 699
696 702
696 704
696 706
696 901
696 855
697 698
697 702
697 703
697 705
697 706
697 707
697 708
697 854
698 700
698 702
698 703
698 708
698 887
698 730
699 702
699 703
699 708
699 700
699 795
699 917
699 862
700 701
700 703
700 704
700 705
700 710
700 711
700 869
700 797
700 925
700 978
701 702
701 703
701 707
701 708
701 712
701 738
701 778
701 907
701 727
701 883
701 734
702 705
702 706
702 708
702 709
702 710
702 711
702 712
702 941
702 990
703 704
703 706
703 708
703 709
703 710
703 711
703 768
703 947
703 924
703 771
704 705
704 707
704 708
704 709
704 710
704 711
704 712
704 715
704 988
704 982
704 976
705 706
705 709
705 711
705 713
705 715
705 896
705 821
705 953
705 985
706 707
706 711
706 713
706 714
706 715
706 716
706 776
706 970
706 733
706 849
707 710
707 712
707 713
707 714
707 902
707 766
707 724
707 964
708 710
708 711
708 714
708 717
708 719
708 724
708 927
708 811
709 710
709 712
709 713
709 714
709 718
709 719
709 720
709 746
709 866
709 853
710 713
710 714
710 715
710 716
710 718
710 719
710 721
710 757
711 714
711 716
711 717
711 718
711 719
711 721
711 722
711 923
711 847
712 713
712 714
712 716
712 717
712 718
712 720
712 723
712 827
712 824
712 801
713 720
713 721
713 724
713 812
713 743
713 737
713 807
713 803
714 715
714 716
714 718
714 719
714 720
714 722
714 725
714 807
714 968
714 737
714 882
714 928
715 716
715 717
715 719
715 721
715 722
715 726
715 938
716 720
716 721
716 724
716 725
716 726
716 727
716 867
716 972
717 718
717 719
717 720
717 722
717 739
717 903
718 719
718 721
718 722
718 723
718 728
718 729
718 914
719 721
719 722
719 727
719 728
719 921
719 874
719 948
720 721
720 723
720 724
720 725
720 731
720 997
720 832
720 943
721 724
721 725
721 727
721 729
721 730
721 731
721 964
722 727
722 729
722 730
722 732
722 733
722 876
722 928
723 725
723 726
723 729
723 730
723 734
723 774
723 909
723 741
723 823
723 922
723 929
724 726
724 729
724 731
724 732
725 727
725 728
725 730
725 732
725 733
725 735
725 894
725 832
725 983
726 727
726 728
726 733
726 735
726 971
726 999
726 862
726 742
726 992
726 815
727 728
727 731
727 733
727 735
727 737
727 802
727 962
727 768
728 729
728 730
728 731
728 737
728 738
728 739
728 802
728 988
728 852
728 798
729 732
729 734
729 736
729 740
729 908
730 731
730 733
730 735
730 738
730 739
730 983
730 919
730 966
731 735
731 737
731 741
731 862
732 734
732 736
732 738
732 739
732 740
732 805
732 842
732 940
732 910
733 734
733 736
733 737
733 738
733 741
733 743
733 744
733 786
733 829
734 735
734 738
734 740
734 741
734 743
734 825
734 921
734 975
735 737
735 738
735 739
735 740
735 741
735 745
735 746
735 919
735 917
736 738
736 739
736 743
736 744
736 746
736 747
736 795
736 930
736 788
736 956
736 804
736 949
737 740
737 743
737 744
737 748
737 882
737 823
737 847
737 863
738 740
738 742
738 745
738 747
738 957
738 902
738 854
738 923
738 832
739 741
739 742
739 744
739 745
739 746
739 747
739 748
739 749
739 750
739 834
739 847
739 763
739 880
740 741
740 742
740 744
740 745
740 746
740 748
740 749
740 751
740 782
740 961
740 951
740 988
741 742
741 743
741 744
741 745
741 746
741 747
741 748
741 752
741 925
742 745
742 747
742 748
742 751
742 753
742 907
742 921
742 946
743 749
743 750
743 751
743 752
743 754
743 923
743 794
743 844
743 843
744 746
744 747
744 750
744 751
744 752
744 753
744 754
744 936
744 977
744 942
744 785
745 746
745 748
745 749
745 750
745 751
745 753
745 754
745 811
746 748
746 749
746 750
746 753
746 756
746 757
746 887
747 748
747 750
747 751
747 752
747 753
747 754
747 755
747 758
747 843
747 894
748 749
748 750
748 751
748 752
748 758
748 759
748 794
748 939
749 753
749 754
749 755
749 757
749 758
749 759
749 760
749 844
750 751
750 752
750 753
750 755
750 757
750 759
750 780
751 753
751 754
751 755
751 756
751 759
751 761
751 853
751 780
751 864
751 772
751 923
752 753
752 754
752 756
752 759
752 760
752 761
752 763
752 899
752 904
753 755
753 756
753 757
753 759
753 761
753 762
753 896
753 768
754 755
754 758
754 760
754 761
754 762
754 764
754 765
754 924
755 756
755 758
755 760
755 761
755 762
755 764
755 766
756 759
756 760
756 763
756 765
756 767
756 888
756 911
756 935
756 969
757 758
757 761
757 762
757 763
757 764
757 766
757 768
757 913
757 897
757 910
758 759
758 762
758 763
758 766
758 839
758 786
759 765
759 768
759 769
759 770
759 881
759 850
760 761
760 762
760 763
760 764
760 765
760 767
760 769
760 770
760 844
761 763
761 764
761 765
761 768
761 770
761 879
761 971
761 947
761 885
762 764
762 765
762 766
762 768
762 772
762 773
763 765
763 770
763 772
763 903
763 972
763 794
763 779
764 765
764 767
764 768
764 769
764 770
764 771
764 773
764 774
764 775
764 978
765 766
765 767
765 773
765 774
765 776
765 905
765 839
765 891
765 908
766 771
766 772
766 773
766 774
766 776
766 777
766 942
767 769
767 770
767 772
767 773
767 777
767 778
767 882
767 976
767 838
768 772
768 774
768 777
768 779
769 770
769 773
769 774
769 776
769 777
769 779
769 780
769 956
769 886
769 812
769 989
769 848
770 772
770 773
770 774
770 776
770 780
770 781
771 773
771 774
771 777
771 778
771 782
771 878
772 774
772 775
772 778
772 779
772 844
772 921
773 774
773 775
773 777
773 778
773 780
773 781
773 783
773 784
774 776
774 777
774 780
774 781
774 784
774 785
774 856
774 888
774 870
775 777
775 778
775 781
775 783
775 900
775 940
775 922
776 777
776 778
776 780
776 781
776 783
776 784
776 787
776 919
776 936
776 924
776 792
777 778
777 779
777 782
777 783
777 784
777 786
777 787
777 788
777 820
778 781
778 783
778 784
778 787
778 788
778 789
778 870
778 858
778 990
779 780
779 782
779 783
779 784
779 786
779 787
779 790
779 910
779 932
780 782
780 784
780 786
780 790
780 791
780 824
780 853
781 782
781 783
781 784
781 785
781 786
781 787
781 791
781 958
781 809
781 877
782 783
782 789
782 791
782 869
782 997
782 958
783 786
783 788
783 789
783 790
783 791
783 792
783 793
783 794
783 906
783 938
783 978
784 785
784 786
784 787
784 789
784 791
784 795
784 851
785 786
785 790
785 791
785 792
785 795
785 796
785 837
785 917
785 814
786 791
786 794
786 795
786 796
786 797
786 844
787 788
787 790
787 794
787 795
787 798
787 920
788 791
788 792
788 793
788 797
788 798
788 986
789 790
789 792
789 794
789 797
789 799
789 851
789 986
790 791
790 793
790 795
790 800
790 835
790 897
790 931
790 841
791 792
791 793
791 797
791 800
791 801
791 802
791 956
791 992
791 828
792 795
792 796
792 797
792 798
792 799
792 800
792 801
792 802
792 824
792 874
793 794
793 796
793 797
793 798
793 799
793 800
793 801
793 802
793 804
793 965
793 959
794 795
794 797
794 798
794 800
794 801
794 802
794 869
794 999
794 836
795 796
795 799
795 800
795 801
795 803
795 804
795 805
795 806
795 910
795 868
795 942
796 798
796 801
796 802
796 803
796 804
796 805
796 807
797 798
797 799
797 800
797 801
797 802
797 803
797 804
797 805
797 807
797 979
798 800
798 802
798 803
798 805
798 807
798 851
798 832
798 930
799 802
799 805
799 806
799 808
799 810
799 906
799 875
799 941
800 802
800 803
800 810
800 811
800 863
801 802
801 803
801 809
801 811
801 812
801 964
801 846
802 803
802 804
802 806
802 808
802 810
802 841
802 972
802 848
803 804
803 805
803 808
803 809
803 811
804 806
804 807
804 808
804 809
804 810
804 812
804 814
804 815
805 810
805 811
805 812
805 813
805 814
805 815
805 816
806 807
806 809
806 810
806 811
806 813
806 814
806 817
806 867
806 999
806 904
807 811
807 812
807 813
807 814
807 816
807 886
807 960
807 871
808 809
808 810
808 811
808 813
808 816
808 817
808 837
808 875
809 810
809 811
809 812
809 813
809 816
809 819
809 820
809 929
809 869
810 812
810 813
810 816
810 817
810 818
810 821
810 852
810 903
811 814
811 817
811 818
811 819
811 822
811 851
811 853
811 982
812 813
812 815
812 817
812 818
812 820
812 821
812 822
812 823
813 814
813 815
813 816
813 817
813 819
813 821
813 823
813 824
813 912
814 816
814 817
814 820
814 821
814 822
814 823
814 824
814 825
814 972
814 860
815 817
815 820
815 823
815 824
815 883
816 818
816 819
816 821
816 822
816 823
816 824
816 827
816 984
816 999
817 819
817 820
817 821
817 822
817 825
817 827
817 842
817 882
817 853
818 820
818 821
818 822
818 823
818 828
818 948
818 880
819 824
819 825
819 828
819 829
819 830
819 906
819 889
819 944
819 845
820 821
820 823
820 830
820 916
820 893
820 935
821 822
821 823
821 824
821 826
821 827
821 828
821 829
821 831
821 832
822 825
822 827
822 828
822 830
822 831
822 833
822 882
823 824
823 825
823 828
823 831
823 832
823 833
823 834
823 852
823 896
823 851
823 869
824 826
824 827
824 830
824 833
824 919
824 850
825 826
825 827
825 828
825 829
825 832
825 833
825 834
825 836
825 946
825 912
826 827
826 828
826 829
826 831
826 832
826 833
826 835
826 836
826 987
827 828
827 829
827 830
827 834
827 835
827 836
827 837
828 829
828 832
828 833
828 834
828 836
828 839
829 830
829 831
829 833
829 835
829 838
830 831
830 834
830 835
830 837
830 838
830 839
830 840
830 841
830 849
830 869
831 832
831 834
831 835
831 836
831 840
831 841
831 842
831 885
832 836
832 840
832 841
832 842
832 868
833 836
833 839
833 841
833 844
833 887
833 918
833 927
834 836
834 838
834 839
834 840
834 841
834 844
834 845
834 911
834 997
835 840
835 841
835 842
835 843
835 844
835 860
836 837
836 838
836 840
836 841
836 842
836 843
836 844
836 845
836 847
837 838
837 840
837 842
837 845
837 847
837 851
838 841
838 844
838 845
838 849
838 940
839 842
839 844
839 847
839 848
839 850
839 893
839 995
840 841
840 843
840 844
840 847
840 855
840 967
840 934
841 842
841 843
841 846
841 847
841 850
841 851
841 980
842 843
842 844
842 846
842 848
842 853
842 996
842 890
842 918
843 846
843 847
843 848
843 852
843 853
843 908
844 846
844 854
844 855
844 918
845 850
845 853
845 854
846 849
846 851
846 853
846 854
846 855
846 857
846 898
846 893
846 947
847 848
847 850
847 852
847 856
847 857
847 878
847 959
848 851
848 852
849 851
849 853
849 857
849 858
849 904
850 854
850 855
850 857
850 858
850 859
850 917
851 852
851 855
851 856
851 857
851 861
851 900
851 956
851 979
852 853
852 854
852 856
852 857
852 860
852 862
852 863
852 886
853 854
853 856
853 857
853 859
853 860
853 862
853 864
853 920
854 855
854 856
854 859
854 861
854 863
854 864
854 988
855 857
855 860
855 861
855 862
855 863
855 864
855 865
856 858
856 861
856 862
856 865
856 866
856 867
856 907
856 977
857 858
857 859
857 860
857 862
857 863
857 866
857 868
857 883
857 932
857 925
857 910
858 861
858 864
858 865
858 869
858 929
858 905
858 922
858 982
859 861
859 863
859 864
859 866
859 867
859 869
859 890
860 861
860 863
860 865
860 867
860 876
861 863
861 864
861 865
861 866
861 868
861 871
861 872
861 909
862 864
862 865
862 866
862 870
862 873
862 903
862 940
863 865
863 866
863 868
863 870
863 871
863 872
863 933
864 874
864 880
864 963
864 887
864 960
865 866
865 867
865 868
865 870
865 871
865 872
865 873
865 874
865 875
865 981
865 976
866 867
866 868
866 869
866 870
866 871
866 873
866 875
866 876
866 877
867 869
867 870
867 872
867 874
867 876
867 878
867 953
867 904
868 872
868 873
868 874
868 875
868 877
868 879
869 870
869 871
869 872
869 875
869 877
869 879
869 939
870 871
870 872
870 873
870 875
870 879
870 880
870 881
870 976
870 943
871 873
871 877
871 881
871 890
871 974
871 918
872 873
872 874
872 875
872 878
872 882
872 886
872 896
872 876
873 874
873 877
873 879
873 884
874 875
874 878
874 879
874 880
874 882
874 883
874 885
874 892
874 907
874 905
875 876
875 878
875 879
875 881
875 882
875 883
875 884
875 886
875 997
875 927
875 961
876 878
876 879
876 887
876 981
876 985
876 902
877 878
877 880
877 881
877 883
877 884
877 885
877 886
877 983
877 898
878 880
878 881
878 886
878 887
878 889
878 932
878 965
879 880
879 883
879 884
879 885
879 887
879 889
879 901
880 882
880 884
880 886
880 888
880 889
880 936
880 980
880 986
881 882
881 885
881 886
881 887
881 889
881 890
881 892
881 930
882 884
882 886
882 890
883 887
883 888
883 889
883 892
883 893
883 934
884 885
884 886
884 890
884 891
884 892
884 893
884 894
884 895
885 886
885 889
885 890
885 896
885 970
885 899
885 952
886 889
886 890
886 893
886 895
886 896
886 897
887 889
887 890
887 892
887 894
887 895
887 897
888 889
888 890
888 893
888 896
888 898
889 890
889 891
889 892
889 893
889 894
889 896
889 899
889 900
890 891
890 893
890 894
890 895
890 899
891 893
891 895
891 897
891 898
891 900
891 901
891 969
892 896
892 897
892 900
892 902
892 916
892 992
892 962
893 894
893 901
893 902
893 973
894 896
894 898
894 899
894 992
894 986
895 896
895 898
895 899
895 901
895 902
895 905
895 906
895 992
896 899
896 901
896 902
896 903
896 905
896 907
897 901
897 903
897 906
897 908
897 990
898 899
898 901
898 902
898 903
898 905
898 909
898 995
898 910
899 901
899 905
899 909
899 923
900 903
900 904
900 907
900 909
900 910
900 911
900 919
901 902
901 903
901 906
901 909
901 911
902 903
902 904
902 907
902 908
902 909
902 910
902 911
902 995
903 907
903 909
903 910
904 905
904 907
904 908
904 910
904 911
904 989
904 963
905 907
905 908
905 909
905 911
905 912
905 913
905 916
905 992
906 908
906 910
906 911
906 912
906 914
906 917
906 993
907 908
907 911
907 912
907 914
907 917
907 918
907 983
907 915
908 909
908 918
908 919
908 994
909 910
909 912
909 914
909 918
909 919
909 920
910 911
910 912
910 916
910 917
910 919
910 921
911 918
911 921
911 922
911 957
911 996
912 917
912 920
912 923
912 983
912 997
913 914
913 916
913 921
913 923
913 931
914 915
914 916
914 918
914 919
914 920
914 921
914 925
915 917
915 919
915 920
915 923
915 924
915 916
915 952
915 932
916 917
916 920
916 923
916 924
916 962
916 988
917 919
917 920
917 924
917 926
917 946
918 920
918 921
918 923
918 926
918 927
918 942
919 921
919 924
919 926
919 928
919 930
920 921
920 923
920 924
920 927
920 977
921 922
921 923
921 924
921 926
921 927
921 928
921 929
921 930
921 932
922 923
922 924
922 925
922 926
922 927
922 928
922 930
922 932
923 924
923 925
923 927
923 932
923 934
923 948
924 925
924 926
924 928
924 934
924 935
925 927
925 931
925 933
925 935
925 936
926 929
926 930
926 931
926 932
926 937
926 979
926 987
926 950
927 932
927 933
927 934
927 936
927 938
927 962
928 934
928 935
928 936
928 938
929 931
929 932
929 934
929 935
929 937
929 938
929 939
930 932
930 935
930 936
930 939
930 941
931 932
931 933
931 935
931 936
931 938
931 939
931 940
931 942
931 977
932 933
932 935
932 936
932 938
932 940
932 941
932 995
933 934
933 936
933 941
933 961
934 935
934 936
934 938
934 939
934 941
934 942
934 943
934 944
934 945
935 937
935 938
935 942
935 945
935 946
935 954
936 941
936 943
936 945
936 946
936 947
937 938
937 939
937 940
937 941
937 942
937 943
937 947
937 974
938 939
938 940
938 943
938 946
938 947
938 949
938 974
939 940
939 941
939 944
939 945
939 950
940 941
940 947
940 949
940 951
941 942
941 943
941 946
941 948
941 951
942 943
942 944
942 945
942 946
942 947
942 953
942 976
942 981
943 944
943 945
943 946
943 953
944 947
944 948
944 950
944 951
944 952
944 954
944 955
945 946
945 947
945 949
945 950
945 951
945 952
945 955
945 956
946 949
946 950
946 952
946 953
946 955
946 956
946 957
947 948
947 951
947 952
947 953
948 949
948 950
948 951
948 953
948 955
948 958
948 959
949 950
949 952
949 954
949 958
949 959
949 981
950 951
950 955
950 956
950 958
950 961
951 953
951 954
951 955
951 956
951 957
951 959
951 960
951 961
952 953
952 954
952 955
952 956
952 957
952 959
953 954
953 956
953 958
953 960
954 955
954 956
954 960
954 961
954 963
954 977
954 983
955 957
955 958
955 959
955 962
955 963
955 964
955 965
955 966
956 960
956 962
956 964
956 965
956 966
956 967
957 958
957 964
957 965
957 966
957 968
957 988
958 959
958 960
958 961
958 964
958 967
959 960
959 961
959 962
959 963
959 965
959 966
959 968
959 970
960 961
960 963
960 964
960 965
960 966
960 968
960 970
961 962
961 968
961 970
961 971
961 989
962 963
962 969
962 973
963 967
963 970
963 973
964 973
964 974
964 975
964 993
965 970
965 971
965 972
965 973
966 967
966 969
966 970
966 974
966 976
966 968
967 968
967 969
967 972
967 973
967 974
967 975
967 977
968 971
968 974
968 979
969 970
969 971
969 972
969 973
969 975
969 976
969 977
969 978
969 979
970 971
970 973
970 974
970 977
970 979
970 980
970 981
971 972
971 975
971 977
971 979
971 980
971 981
971 982
972 973
972 975
972 977
972 978
972 981
972 982
972 991
973 974
973 975
973 976
973 978
973 979
973 980
973 982
973 983
974 977
974 978
974 979
974 981
974 982
974 984
974 985
975 976
975 977
975 978
975 979
975 982
975 984
975 985
975 986
976 977
976 979
976 981
976 982
976 983
976 989
977 978
977 980
977 983
977 988
977 993
978 981
978 983
978 987
978 988
978 989
978 995
979 982
979 983
979 984
979 985
979 987
980 981
980 982
980 983
980 985
980 987
980 989
980 990
981 982
981 983
981 986
981 987
981 991
982 984
982 986
982 988
982 990
983 986
983 987
983 989
983 991
983 993
984 985
984 987
984 988
984 989
984 992
984 993
984 994
984 995
985 987
985 988
985 989
985 990
985 993
985 996
986 989
986 990
986 992
986 993
986 994
986 991
987 988
987 989
987 990
987 994
987 996
987 998
988 989
988 990
988 994
988 995
988 996
988 998
988 999
989 991
989 994
989 995
989 998
989 999
990 991
990 994
990 995
990 996
990 997
990 999
991 997
992 993
992 994
992 996
992 997
993 995
993 996
993 997
993 999
994 999
995 996
996 998
997 999
998 999
