0 18
0 56
0 150
0 269
0 403
0 484
0 487
0 575
0 637
0 657
0 700
0 720
0 798
0 809
0 851
0 912
0 960
1 53
1 59
1 220
1 254
1 263
1 313
1 349
1 395
1 396
1 401
1 436
1 507
1 591
1 772
1 784
1 813
1 869
1 915
1 975
2 225
2 264
2 271
2 328
2 398
2 408
2 485
2 518
2 519
2 525
2 548
2 566
2 748
2 793
2 806
2 807
2 818
2 822
2 840
2 867
2 921
2 954
3 6
3 65
3 126
3 146
3 188
3 214
3 272
3 359
3 430
3 440
3 447
3 512
3 552
3 618
3 654
3 670
3 679
3 692
3 701
3 746
3 779
3 803
3 844
3 944
4 90
4 148
4 181
4 201
4 277
4 291
4 307
4 351
4 358
4 404
4 428
4 478
4 480
4 516
4 666
4 681
4 754
4 855
4 951
5 20
5 61
5 125
5 381
5 451
5 521
5 587
5 723
5 812
5 828
5 864
5 884
5 927
5 930
6 65
6 80
6 188
6 214
6 226
6 262
6 272
6 334
6 359
6 423
6 430
6 447
6 450
6 512
6 598
6 654
6 674
6 679
6 767
6 779
6 799
6 944
7 38
7 137
7 245
7 287
7 306
7 426
7 429
7 464
7 544
7 569
7 628
7 664
7 694
7 839
7 846
8 144
8 190
8 294
8 321
8 337
8 397
8 437
8 562
8 620
8 741
8 810
8 844
8 892
8 913
8 934
8 968
9 47
9 75
9 93
9 108
9 169
9 330
9 391
9 400
9 414
9 434
9 456
9 457
9 550
9 558
9 559
9 693
9 831
9 901
9 945
9 995
10 53
10 60
10 111
10 162
10 187
10 341
10 363
10 371
10 401
10 595
10 622
10 696
10 742
10 760
10 765
10 775
10 902
11 22
11 45
11 58
11 106
11 117
11 198
11 221
11 234
11 239
11 303
11 323
11 360
11 365
11 410
11 479
11 517
11 534
11 547
11 608
11 612
11 630
11 632
11 686
11 702
11 747
11 835
11 870
11 880
11 955
12 62
12 148
12 194
12 201
12 202
12 250
12 307
12 358
12 428
12 438
12 492
12 706
12 774
12 907
13 132
13 253
13 296
13 309
13 342
13 347
13 370
13 416
13 463
13 531
13 574
13 633
13 658
13 718
13 732
13 757
13 909
13 914
14 259
14 311
14 312
14 442
14 523
14 589
14 648
14 665
14 667
14 759
14 789
14 800
14 922
14 946
14 948
15 86
15 131
15 248
15 308
15 310
15 352
15 409
15 458
15 502
15 536
15 539
15 582
15 611
15 646
15 683
15 689
15 707
15 726
15 743
15 862
15 878
15 962
15 993
16 24
16 277
16 351
16 452
16 478
16 488
16 578
16 666
16 691
16 722
16 754
16 827
16 855
16 908
16 951
16 971
17 21
17 89
17 152
17 225
17 280
17 322
17 407
17 524
17 525
17 560
17 653
17 719
17 806
17 882
17 976
18 150
18 180
18 269
18 403
18 484
18 487
18 575
18 601
18 637
18 657
18 688
18 720
18 796
18 798
18 809
18 841
18 851
18 863
18 912
19 31
19 82
19 112
19 128
19 134
19 171
19 217
19 227
19 229
19 282
19 283
19 286
19 329
19 353
19 366
19 412
19 455
19 511
19 590
19 642
19 673
19 769
19 814
19 826
19 842
19 877
19 887
19 890
19 894
19 895
19 936
19 952
19 967
19 972
20 43
20 51
20 61
20 125
20 142
20 260
20 279
20 381
20 394
20 451
20 521
20 587
20 704
20 723
20 760
20 812
20 828
20 864
20 927
20 930
20 981
21 76
21 89
21 100
21 224
21 280
21 407
21 438
21 494
21 524
21 613
21 624
21 653
21 764
21 866
21 889
21 976
22 45
22 70
22 298
22 335
22 364
22 365
22 425
22 432
22 460
22 477
22 501
22 542
22 630
22 686
22 702
22 747
22 835
22 870
22 880
22 886
22 943
22 955
22 988
22 998
23 85
23 99
23 124
23 180
23 235
23 270
23 328
23 385
23 398
23 476
23 485
23 487
23 518
23 548
23 566
23 575
23 601
23 748
23 818
23 840
23 841
23 863
23 888
23 912
23 921
24 277
24 291
24 351
24 452
24 478
24 488
24 592
24 666
24 691
24 722
24 754
24 778
24 827
24 855
24 908
24 951
24 971
25 33
25 175
25 193
25 211
25 267
25 325
25 417
25 499
25 556
25 565
25 605
25 750
25 755
25 816
25 838
25 857
25 940
26 116
26 149
26 165
26 206
26 219
26 255
26 257
26 268
26 273
26 281
26 315
26 327
26 448
26 466
26 527
26 571
26 616
26 659
26 717
26 824
26 830
26 871
26 984
27 101
27 121
27 199
27 203
27 251
27 258
27 320
27 346
27 380
27 540
27 583
27 652
27 655
27 690
27 745
27 758
27 874
27 950
27 997
28 32
28 109
28 157
28 167
28 185
28 207
28 338
28 368
28 378
28 503
28 562
28 577
28 615
28 621
28 647
28 676
28 698
28 721
28 741
28 777
28 868
28 919
28 934
28 937
28 956
28 978
29 47
29 79
29 84
29 108
29 136
29 173
29 241
29 456
29 522
29 559
29 607
29 623
29 640
29 672
29 733
29 736
29 823
29 891
29 898
30 77
30 93
30 102
30 169
30 204
30 214
30 317
30 344
30 406
30 414
30 434
30 454
30 457
30 469
30 506
30 532
30 550
30 554
30 558
30 627
30 639
30 669
30 675
30 799
30 821
30 916
30 945
30 966
30 991
30 995
31 112
31 113
31 128
31 134
31 171
31 217
31 229
31 282
31 283
31 286
31 295
31 318
31 353
31 366
31 412
31 483
31 590
31 619
31 673
31 826
31 853
31 877
31 887
31 890
31 894
31 967
32 109
32 157
32 167
32 185
32 207
32 338
32 354
32 368
32 378
32 383
32 503
32 562
32 577
32 615
32 621
32 647
32 676
32 698
32 721
32 777
32 859
32 868
32 919
32 934
32 937
32 956
32 978
33 37
33 98
33 135
33 140
33 175
33 211
33 267
33 325
33 331
33 417
33 443
33 499
33 556
33 605
33 713
33 750
33 755
33 816
33 838
33 857
33 940
34 145
34 146
34 159
34 218
34 278
34 299
34 301
34 419
34 600
34 610
34 635
34 703
34 845
34 850
34 926
34 970
35 78
35 189
35 332
35 439
35 481
35 515
35 522
35 603
35 668
35 725
35 792
35 898
35 899
35 903
35 938
36 104
36 107
36 127
36 139
36 151
36 179
36 285
36 356
36 372
36 413
36 486
36 502
36 510
36 593
36 709
36 762
36 820
36 852
36 918
37 72
37 98
37 103
37 135
37 140
37 175
37 292
37 304
37 325
37 333
37 424
37 556
37 580
37 713
37 739
37 782
37 783
37 857
37 940
38 69
38 111
38 137
38 209
38 228
38 236
38 245
38 357
38 367
38 429
38 533
38 569
38 595
38 622
38 628
38 649
38 727
38 753
38 775
38 839
38 846
39 60
39 111
39 162
39 187
39 197
39 200
39 228
39 245
39 306
39 363
39 371
39 384
39 595
39 622
39 694
39 727
39 775
39 794
39 920
40 115
40 388
40 421
40 441
40 549
40 626
40 661
40 684
40 744
40 847
40 905
41 46
41 54
41 170
41 310
41 373
41 458
41 461
41 543
41 563
41 596
41 631
41 663
41 699
41 766
41 773
41 808
41 837
41 878
41 963
41 987
42 71
42 249
42 390
42 392
42 819
42 961
43 51
43 61
43 64
43 142
43 260
43 279
43 326
43 357
43 381
43 394
43 451
43 495
43 513
43 704
43 760
43 812
43 828
43 864
43 927
43 981
44 304
44 311
44 312
44 348
44 376
44 379
44 424
44 442
44 489
44 500
44 523
44 535
44 541
44 580
44 588
44 597
44 599
44 629
44 667
44 685
44 716
44 729
44 788
44 800
44 832
44 836
44 959
44 990
45 70
45 298
45 303
45 335
45 364
45 365
45 432
45 460
45 477
45 501
45 542
45 630
45 686
45 702
45 747
45 835
45 880
45 886
45 943
45 955
45 988
45 998
46 54
46 166
46 170
46 308
46 310
46 373
46 458
46 461
46 543
46 563
46 582
46 596
46 611
46 631
46 663
46 699
46 766
46 808
46 837
46 878
46 962
47 79
47 84
47 108
47 136
47 196
47 330
47 400
47 456
47 559
47 623
47 672
47 733
47 736
47 831
47 891
48 92
48 350
48 462
48 504
48 561
48 589
48 603
48 641
48 668
48 872
48 893
48 949
49 73
49 130
49 141
49 195
49 256
49 376
49 379
49 467
49 489
49 500
49 535
49 629
49 685
49 716
49 729
49 738
49 832
49 836
49 959
49 990
50 127
50 166
50 179
50 308
50 352
50 409
50 470
50 486
50 502
50 509
50 543
50 611
50 631
50 638
50 683
50 707
50 709
50 820
50 834
50 862
50 878
50 918
50 993
51 61
51 64
51 142
51 162
51 187
51 260
51 279
51 341
51 357
51 367
51 381
51 394
51 451
51 513
51 521
51 595
51 696
51 704
51 742
51 753
51 760
51 812
51 828
51 927
51 981
52 110
52 143
52 154
52 222
52 252
52 316
52 528
52 579
52 651
52 680
52 848
52 910
52 935
52 989
53 182
53 220
53 349
53 401
53 507
53 591
53 696
53 742
53 765
53 784
53 813
53 869
53 902
53 915
54 170
54 308
54 310
54 335
54 373
54 425
54 432
54 458
54 501
54 563
54 596
54 663
54 699
54 766
54 773
54 808
54 837
54 886
54 962
54 988
55 138
55 210
55 431
55 538
55 553
55 584
55 609
55 705
55 715
55 771
55 795
55 906
55 911
55 925
55 941
56 105
56 269
56 403
56 459
56 570
56 602
56 687
56 700
56 798
56 884
56 929
56 960
57 118
57 152
57 191
57 205
57 322
57 407
57 427
57 494
57 524
57 613
57 645
57 770
57 866
57 969
57 980
58 106
58 117
58 160
58 198
58 221
58 234
58 239
58 297
58 323
58 360
58 374
58 399
58 410
58 517
58 526
58 534
58 547
58 608
58 612
58 617
58 632
58 734
58 802
58 856
58 933
59 87
59 220
59 254
59 263
59 266
59 313
59 319
59 324
59 396
59 436
59 472
59 490
59 604
59 752
59 772
59 869
59 965
59 975
60 111
60 162
60 187
60 197
60 200
60 228
60 306
60 341
60 363
60 371
60 384
60 595
60 622
60 694
60 727
60 765
60 775
60 794
60 920
61 64
61 142
61 260
61 279
61 326
61 357
61 381
61 394
61 451
61 513
61 521
61 704
61 760
61 812
61 828
61 864
61 927
61 981
62 88
62 90
62 181
62 194
62 201
62 225
62 250
62 358
62 428
62 492
62 516
62 706
62 719
62 774
62 882
63 66
63 157
63 468
63 503
63 504
63 586
63 615
63 641
63 668
63 676
63 721
63 725
63 731
63 737
63 843
63 893
63 899
64 142
64 209
64 260
64 279
64 326
64 357
64 367
64 381
64 394
64 474
64 495
64 513
64 533
64 546
64 704
64 753
64 791
64 812
64 828
64 981
65 80
65 188
65 214
65 226
65 262
65 272
65 334
65 359
65 423
65 430
65 447
65 450
65 512
65 598
65 654
65 674
65 679
65 767
65 779
65 799
65 944
66 80
66 114
66 369
66 423
66 450
66 468
66 503
66 586
66 647
66 674
66 678
66 725
66 731
66 737
66 767
66 843
66 953
67 120
67 182
67 192
67 247
67 265
67 274
67 355
67 387
67 405
67 508
67 521
67 730
67 825
67 884
67 915
67 929
67 960
68 254
68 343
68 361
68 375
68 387
68 389
68 422
68 472
68 482
68 505
68 592
68 604
68 614
68 761
68 772
68 833
68 974
69 95
69 137
69 209
69 236
69 426
69 429
69 533
69 569
69 628
69 649
69 664
69 711
69 829
69 839
69 846
70 133
70 198
70 298
70 303
70 364
70 365
70 477
70 630
70 686
70 747
70 835
70 880
70 943
70 998
71 249
71 390
71 819
71 961
72 91
72 103
72 135
72 140
72 175
72 230
72 243
72 292
72 333
72 556
72 713
72 739
72 781
72 782
72 783
72 857
72 858
72 861
72 958
73 130
73 141
73 195
73 256
73 348
73 349
73 376
73 379
73 467
73 489
73 500
73 535
73 541
73 629
73 685
73 716
73 729
73 738
73 832
73 836
73 902
73 959
73 990
74 131
74 156
74 215
74 216
74 340
74 356
74 372
74 420
74 433
74 491
74 539
74 583
74 689
74 690
74 726
74 735
74 801
74 849
74 997
75 93
75 102
75 108
75 114
75 169
75 204
75 330
75 369
75 400
75 414
75 434
75 456
75 457
75 506
75 550
75 558
75 669
75 675
75 678
75 693
75 831
75 901
75 945
75 966
75 995
76 89
76 100
76 224
76 407
76 438
76 524
76 545
76 613
76 624
76 653
76 764
76 785
76 866
76 889
76 947
76 982
77 219
77 281
77 315
77 317
77 344
77 406
77 454
77 469
77 506
77 527
77 532
77 552
77 554
77 627
77 639
77 669
77 671
77 675
77 717
77 916
77 986
77 991
78 189
78 332
78 481
78 515
78 522
78 603
78 623
78 640
78 725
78 792
78 898
78 899
78 938
79 84
79 108
79 136
79 173
79 189
79 241
79 332
79 391
79 456
79 522
79 559
79 607
79 623
79 640
79 672
79 736
79 823
79 898
80 109
80 226
80 262
80 334
80 359
80 378
80 423
80 447
80 450
80 512
80 586
80 598
80 647
80 654
80 674
80 679
80 741
80 767
80 779
80 799
80 810
80 844
80 944
81 174
81 474
81 546
81 791
82 112
82 128
82 134
82 184
82 213
82 244
82 283
82 286
82 353
82 412
82 455
82 511
82 642
82 673
82 708
82 769
82 804
82 814
82 842
82 877
82 887
82 894
82 895
82 952
82 967
82 972
82 977
83 388
83 435
83 441
83 465
83 549
83 564
83 572
83 626
83 636
83 661
83 714
83 744
83 817
83 847
83 876
83 917
83 928
84 107
84 108
84 136
84 153
84 173
84 241
84 456
84 559
84 607
84 640
84 672
84 733
84 736
84 823
84 852
84 891
85 99
85 150
85 235
85 270
85 343
85 375
85 385
85 403
85 422
85 476
85 575
85 578
85 637
85 657
85 720
85 761
85 851
85 888
85 912
85 974
86 238
86 248
86 288
86 290
86 458
86 479
86 501
86 536
86 582
86 646
86 726
86 743
86 797
86 801
86 815
86 870
86 881
86 962
87 263
87 266
87 313
87 319
87 339
87 348
87 396
87 490
87 581
87 752
87 787
87 788
87 811
87 939
87 946
87 965
87 975
88 99
88 161
88 181
88 271
88 516
88 518
88 578
88 748
88 807
89 224
89 280
89 438
89 524
89 545
89 613
89 624
89 653
89 774
89 882
89 907
89 976
89 982
90 148
90 181
90 194
90 201
90 277
90 307
90 358
90 404
90 428
90 478
90 480
90 516
90 666
90 681
90 754
90 855
90 951
91 243
91 252
91 333
91 336
91 376
91 520
91 662
91 738
91 739
91 781
91 783
91 989
92 163
92 350
92 354
92 444
92 462
92 561
92 589
92 641
92 749
92 859
92 872
92 893
92 937
92 939
92 946
92 949
93 102
93 113
93 169
93 318
93 330
93 400
93 414
93 434
93 457
93 483
93 506
93 550
93 554
93 558
93 669
93 675
93 693
93 821
93 831
93 901
93 945
93 966
93 995
94 298
94 364
94 460
94 477
94 542
94 551
94 931
94 943
94 998
95 209
95 236
95 474
95 533
95 649
95 711
95 791
95 839
96 171
96 217
96 227
96 229
96 282
96 300
96 329
96 345
96 473
96 537
96 590
96 673
96 756
96 875
96 890
96 894
96 936
96 973
97 122
97 186
97 284
97 305
97 415
97 449
97 493
97 606
97 625
97 932
98 175
98 246
98 292
98 304
98 325
98 424
98 556
98 580
98 588
98 597
98 599
98 605
98 713
98 782
98 783
98 857
98 940
99 161
99 235
99 270
99 271
99 385
99 398
99 476
99 518
99 548
99 578
99 748
99 818
99 888
99 921
100 118
100 224
100 407
100 427
100 494
100 613
100 624
100 764
100 785
100 866
100 889
101 199
101 203
101 251
101 258
101 320
101 439
101 481
101 540
101 573
101 652
101 792
101 865
101 874
101 950
102 114
102 169
102 204
102 226
102 369
102 400
102 414
102 434
102 457
102 506
102 550
102 554
102 558
102 669
102 675
102 799
102 945
102 966
102 991
102 995
103 135
103 140
103 175
103 230
103 325
103 331
103 377
103 449
103 556
103 713
103 739
103 781
103 816
103 857
103 858
103 861
103 923
103 958
103 983
104 107
104 151
104 196
104 285
104 289
104 382
104 413
104 510
104 514
104 593
104 677
104 733
104 762
104 763
104 780
104 852
104 891
104 964
104 985
104 999
105 459
105 570
105 602
105 687
105 700
105 884
105 929
105 960
106 117
106 221
106 238
106 239
106 288
106 290
106 323
106 479
106 526
106 547
106 612
106 630
106 632
106 743
106 797
106 802
106 815
106 870
106 881
106 933
106 955
106 992
107 127
107 139
107 153
107 285
107 356
107 372
107 413
107 491
107 510
107 735
107 762
107 823
107 849
107 852
107 891
108 136
108 391
108 400
108 456
108 522
108 559
108 607
108 623
108 640
108 672
108 733
108 736
108 898
109 185
109 207
109 262
109 334
109 368
109 378
109 503
109 562
109 577
109 598
109 615
109 620
109 647
109 676
109 721
109 741
109 767
109 777
109 810
109 868
109 919
109 934
109 956
110 143
110 252
110 287
110 306
110 336
110 418
110 464
110 520
110 544
110 662
110 680
110 694
110 910
110 935
110 989
111 162
111 187
111 197
111 200
111 228
111 306
111 341
111 357
111 363
111 367
111 371
111 384
111 569
111 595
111 622
111 628
111 727
111 753
111 775
111 794
111 920
112 134
112 171
112 213
112 217
112 227
112 229
112 244
112 282
112 283
112 286
112 300
112 329
112 412
112 511
112 590
112 642
112 673
112 814
112 842
112 877
112 887
112 890
112 894
112 895
112 936
112 952
112 972
113 128
113 169
113 286
113 295
113 317
113 318
113 330
113 353
113 366
113 400
113 414
113 434
113 457
113 483
113 506
113 554
113 558
113 619
113 693
113 821
113 826
113 831
113 901
113 945
113 966
113 967
114 204
114 226
114 369
114 391
114 414
114 423
114 468
114 550
114 586
114 678
114 731
114 737
114 843
114 953
114 995
115 164
115 257
115 314
115 421
115 684
115 847
115 871
115 885
115 905
116 149
116 164
116 206
116 255
116 257
116 273
116 276
116 327
116 421
116 448
116 466
116 571
116 616
116 659
116 790
116 824
116 830
116 871
116 984
117 221
117 239
117 323
117 360
117 365
117 410
117 479
117 517
117 534
117 547
117 612
117 630
117 632
117 747
117 802
117 870
117 880
117 881
117 933
117 955
117 992
118 205
118 407
118 427
118 494
118 524
118 613
118 624
118 764
118 770
118 866
118 889
118 969
119 528
119 625
119 651
119 751
119 873
119 904
119 932
120 182
120 192
120 247
120 265
120 274
120 355
120 387
120 405
120 482
120 507
120 508
120 591
120 730
120 784
120 813
120 825
120 915
120 929
121 199
121 216
121 231
121 251
121 258
121 320
121 340
121 346
121 380
121 499
121 540
121 583
121 652
121 655
121 660
121 690
121 745
121 758
121 950
121 997
122 186
122 284
122 305
122 449
122 493
122 625
122 858
122 873
122 932
122 983
123 160
123 211
123 275
123 297
123 331
123 374
123 399
123 417
123 443
123 497
123 526
123 565
123 634
123 682
123 712
123 734
123 755
123 768
123 816
123 856
123 923
124 180
124 293
124 328
124 398
124 402
124 485
124 487
124 519
124 548
124 566
124 575
124 601
124 688
124 728
124 796
124 818
124 840
124 841
124 863
124 867
124 912
124 921
125 587
125 602
125 723
125 864
125 884
125 929
125 930
126 146
126 188
126 214
126 268
126 272
126 359
126 430
126 440
126 552
126 618
126 679
126 803
126 944
126 984
127 139
127 151
127 179
127 285
127 352
127 356
127 372
127 409
127 413
127 486
127 502
127 510
127 593
127 709
127 762
127 820
127 852
127 918
128 134
128 217
128 283
128 286
128 295
128 317
128 318
128 353
128 366
128 406
128 412
128 454
128 455
128 469
128 483
128 511
128 590
128 673
128 769
128 804
128 821
128 826
128 877
128 887
128 894
128 895
128 967
129 163
129 167
129 354
129 383
129 444
129 488
129 621
129 691
129 698
129 722
129 749
129 776
129 859
129 879
129 939
129 978
129 979
130 141
130 220
130 256
130 263
130 313
130 339
130 348
130 349
130 395
130 396
130 401
130 467
130 489
130 500
130 541
130 716
130 788
130 869
130 902
130 959
130 990
131 139
131 156
131 248
131 352
131 356
131 372
131 409
131 433
131 502
131 539
131 582
131 646
131 683
131 689
131 707
131 726
131 735
131 801
131 862
131 993
132 342
132 463
132 531
132 567
132 574
132 576
132 718
132 732
132 909
132 980
133 198
133 234
133 303
133 360
133 365
133 410
133 608
133 630
133 835
133 880
133 943
134 171
134 217
134 229
134 283
134 286
134 295
134 353
134 366
134 412
134 455
134 483
134 511
134 590
134 642
134 673
134 769
134 814
134 826
134 877
134 887
134 890
134 894
134 895
134 967
134 972
135 140
135 175
135 230
135 292
135 325
135 331
135 556
135 713
135 739
135 755
135 816
135 857
135 861
135 923
135 940
135 958
136 153
136 173
136 241
136 456
136 522
136 559
136 573
136 607
136 623
136 640
136 672
136 733
136 736
136 823
136 865
136 891
136 898
137 245
137 306
137 426
137 429
137 464
137 544
137 569
137 628
137 664
137 694
137 839
137 846
138 190
138 431
138 471
138 584
138 609
138 705
138 771
138 795
138 896
138 897
138 911
138 925
139 215
139 285
139 352
139 356
139 372
139 409
139 420
139 486
139 491
139 502
139 510
139 539
139 683
139 689
139 707
139 709
139 735
139 762
139 849
140 175
140 230
140 292
140 325
140 331
140 556
140 713
140 739
140 755
140 816
140 857
140 861
140 923
140 940
140 958
141 195
141 197
141 256
141 349
141 376
141 379
141 467
141 489
141 500
141 535
141 629
141 685
141 716
141 729
141 738
141 794
141 832
141 836
141 902
141 920
141 959
141 990
142 162
142 187
142 260
142 279
142 341
142 357
142 367
142 381
142 394
142 451
142 495
142 513
142 521
142 595
142 704
142 742
142 753
142 760
142 812
142 828
142 927
142 981
143 154
143 252
143 287
143 336
143 418
143 464
143 520
143 662
143 680
143 848
143 910
143 924
143 935
143 989
144 178
144 207
144 291
144 294
144 321
144 383
144 393
144 480
144 557
144 562
144 681
144 698
144 776
144 777
144 892
144 913
144 934
144 956
144 968
144 978
145 146
145 183
145 218
145 278
145 419
145 445
145 585
145 600
145 610
145 670
145 705
145 845
145 897
145 906
145 926
146 218
146 272
146 440
146 585
146 600
146 618
146 670
146 692
146 701
146 803
146 830
146 845
146 926
147 168
147 199
147 246
147 259
147 267
147 346
147 380
147 530
147 540
147 605
147 648
147 650
147 652
147 665
147 759
147 789
147 874
147 903
147 922
148 176
148 178
148 194
148 201
148 202
148 250
148 294
148 307
148 358
148 397
148 404
148 428
148 471
148 480
148 492
148 681
148 706
148 754
148 786
149 165
149 206
149 255
149 257
149 273
149 315
149 327
149 421
149 448
149 465
149 466
149 571
149 572
149 616
149 636
149 659
149 714
149 871
149 876
149 905
149 917
150 192
150 235
150 361
150 403
150 422
150 637
150 657
150 720
150 761
150 798
150 851
150 960
151 179
151 232
151 285
151 289
151 382
151 413
151 510
151 514
151 593
151 638
151 762
151 763
151 852
151 900
151 918
151 964
151 985
151 999
152 191
152 264
152 280
152 322
152 407
152 408
152 416
152 524
152 525
152 560
152 574
152 645
152 658
152 757
152 770
152 806
152 954
152 980
153 173
153 203
153 215
153 241
153 251
153 258
153 356
153 420
153 491
153 573
153 607
153 640
153 735
153 823
153 849
153 865
154 222
154 528
154 579
154 651
154 680
154 751
154 848
154 935
154 989
155 177
155 237
155 289
155 345
155 473
155 537
155 643
155 697
155 756
155 875
155 900
155 973
156 203
156 215
156 216
156 258
156 340
156 356
156 372
156 420
156 433
156 491
156 539
156 583
156 655
156 689
156 690
156 735
156 801
156 849
156 865
156 997
157 167
157 185
157 338
157 354
157 368
157 503
157 504
157 615
157 621
157 641
157 676
157 721
157 859
157 868
157 893
157 937
158 172
158 222
158 242
158 316
158 426
158 446
158 453
158 475
158 579
158 664
158 829
158 854
158 994
159 218
159 278
159 299
159 301
159 600
159 635
159 703
159 845
159 850
159 926
159 970
160 239
160 275
160 297
160 374
160 399
160 497
160 517
160 526
160 534
160 547
160 617
160 712
160 734
160 856
160 957
160 996
161 181
161 271
161 516
161 518
161 578
161 748
161 807
161 921
162 187
162 200
162 228
162 341
162 357
162 363
162 367
162 371
162 595
162 622
162 696
162 704
162 727
162 742
162 753
162 760
162 765
162 775
163 167
163 319
163 350
163 354
163 444
163 462
163 561
163 749
163 752
163 811
163 859
163 872
163 879
163 937
163 939
163 946
163 949
163 979
164 257
164 273
164 276
164 314
164 421
164 448
164 568
164 571
164 616
164 635
164 790
164 824
164 850
164 871
164 885
164 905
165 255
165 315
165 327
165 388
165 448
165 465
165 466
165 572
165 636
165 714
165 817
165 871
165 876
165 917
166 170
166 308
166 352
166 409
166 458
166 470
166 486
166 543
166 563
166 582
166 611
166 631
166 683
166 707
166 709
166 805
166 820
166 834
166 862
166 878
166 993
167 185
167 338
167 354
167 383
167 444
167 503
167 615
167 621
167 676
167 698
167 721
167 749
167 859
167 868
167 879
167 937
167 956
167 978
167 979
168 199
168 246
168 259
168 267
168 304
168 346
168 380
168 530
168 605
168 648
168 650
168 652
168 665
168 759
168 789
168 874
168 903
168 922
168 948
169 204
169 318
169 330
169 400
169 414
169 434
169 457
169 483
169 506
169 550
169 554
169 558
169 669
169 675
169 693
169 821
169 831
169 901
169 945
169 966
169 995
170 308
170 310
170 458
170 461
170 543
170 563
170 596
170 611
170 631
170 663
170 808
170 837
170 878
171 217
171 227
171 229
171 282
171 300
171 329
171 412
171 473
171 590
171 673
171 756
171 814
171 875
171 887
171 890
171 894
171 936
172 242
172 390
172 392
172 453
172 475
172 819
172 829
172 854
172 994
173 189
173 203
173 241
173 332
173 515
173 522
173 559
173 573
173 607
173 623
173 640
173 672
173 736
173 823
173 865
173 898
174 791
175 267
175 292
175 304
175 325
175 424
175 556
175 580
175 605
175 713
175 739
175 750
175 755
175 782
175 857
175 940
176 178
176 194
176 294
176 307
176 337
176 358
176 397
176 404
176 428
176 471
176 480
176 557
176 681
176 706
176 786
177 232
177 237
177 345
177 555
177 643
177 697
177 740
177 900
177 964
178 291
178 294
178 307
178 337
178 351
178 393
178 397
178 404
178 478
178 480
178 557
178 681
178 698
178 754
178 776
178 892
178 913
178 968
179 232
179 285
179 382
179 486
179 509
179 514
179 593
179 638
179 709
179 820
179 834
179 900
179 918
179 964
179 999
180 293
180 398
180 402
180 484
180 485
180 487
180 548
180 566
180 575
180 601
180 688
180 728
180 796
180 809
180 818
180 840
180 841
180 863
180 912
180 921
181 271
181 277
181 516
181 578
181 748
181 951
182 247
182 265
182 274
182 355
182 387
182 405
182 507
182 508
182 521
182 591
182 696
182 730
182 742
182 784
182 813
182 825
182 915
183 190
183 218
183 278
183 419
183 445
183 585
183 610
183 670
183 705
183 771
183 897
183 906
183 926
184 213
184 435
184 455
184 511
184 642
184 708
184 714
184 804
184 895
184 917
184 952
184 972
184 977
185 207
185 338
185 368
185 378
185 503
185 562
185 577
185 615
185 621
185 647
185 676
185 721
185 741
185 767
185 777
185 810
185 868
185 919
185 934
185 937
185 956
185 978
186 212
186 230
186 284
186 302
186 305
186 377
186 415
186 449
186 493
186 529
186 606
186 724
186 858
186 932
186 983
187 200
187 228
187 341
187 357
187 363
187 367
187 371
187 595
187 622
187 696
187 704
187 727
187 742
187 753
187 760
187 765
187 775
188 214
188 226
188 268
188 272
188 359
188 430
188 440
188 447
188 450
188 512
188 552
188 627
188 674
188 679
188 779
188 799
188 916
188 944
188 991
189 241
189 332
189 481
189 515
189 522
189 607
189 623
189 640
189 725
189 792
189 898
189 899
189 938
190 321
190 337
190 437
190 445
190 471
190 585
190 670
190 705
190 771
190 795
190 897
191 205
191 322
191 463
191 494
191 574
191 576
191 645
191 732
191 757
191 770
191 909
191 969
191 980
192 247
192 265
192 274
192 361
192 387
192 403
192 405
192 422
192 482
192 505
192 508
192 614
192 637
192 720
192 825
192 851
192 960
193 211
193 231
193 374
193 399
193 417
193 443
193 499
193 526
193 565
193 634
193 660
193 682
193 695
193 750
193 755
193 802
193 816
193 838
194 201
194 202
194 250
194 307
194 358
194 428
194 492
194 706
194 774
194 907
195 197
195 256
195 376
195 467
195 489
195 500
195 520
195 535
195 629
195 685
195 716
195 729
195 738
195 794
195 836
195 920
195 959
196 233
196 330
196 456
196 559
196 672
196 677
196 733
196 763
196 780
196 831
196 853
196 891
196 901
196 985
197 200
197 306
197 363
197 371
197 384
197 467
197 694
197 794
197 920
198 234
198 239
198 303
198 360
198 365
198 410
198 517
198 534
198 608
198 630
198 632
198 835
198 880
199 251
199 259
199 320
199 346
199 380
199 439
199 530
199 540
199 648
199 650
199 652
199 655
199 665
199 745
199 758
199 759
199 789
199 874
199 903
199 922
199 950
200 228
200 245
200 306
200 363
200 371
200 384
200 595
200 622
200 694
200 727
200 775
200 794
200 920
201 202
201 250
201 307
201 358
201 428
201 492
201 516
201 706
201 774
202 250
202 358
202 438
202 492
202 496
202 545
202 609
202 706
202 774
202 786
202 896
202 907
203 215
203 241
203 251
203 258
203 340
203 356
203 420
203 491
203 573
203 690
203 735
203 823
203 849
203 865
203 950
203 997
204 226
204 359
204 369
204 414
204 423
204 450
204 468
204 506
204 512
204 550
204 669
204 674
204 675
204 678
204 679
204 779
204 799
204 843
204 945
204 953
204 995
205 322
205 427
205 494
205 567
205 576
205 770
205 969
205 980
206 219
206 255
206 257
206 268
206 273
206 281
206 315
206 327
206 448
206 466
206 527
206 571
206 616
206 659
206 717
206 824
206 830
206 871
206 984
207 334
207 338
207 368
207 378
207 503
207 562
207 577
207 598
207 615
207 620
207 621
207 647
207 676
207 698
207 721
207 741
207 767
207 777
207 810
207 868
207 919
207 934
207 956
207 978
208 261
208 498
208 551
208 644
208 710
208 773
208 860
208 963
208 987
209 228
209 236
209 357
209 367
209 474
209 495
209 513
209 533
209 569
209 595
209 622
209 628
209 649
209 727
209 753
209 775
209 791
209 839
210 431
210 538
210 553
210 584
210 594
210 715
210 906
210 911
210 925
210 941
211 231
211 275
211 297
211 331
211 374
211 399
211 417
211 443
211 497
211 499
211 526
211 565
211 634
211 682
211 734
211 750
211 755
211 768
211 816
211 838
211 856
211 923
212 302
212 305
212 377
212 415
212 493
212 529
212 606
212 712
212 724
212 957
212 996
213 244
213 455
213 511
213 642
213 708
213 814
213 842
213 887
213 952
213 972
214 226
214 268
214 272
214 359
214 430
214 440
214 447
214 450
214 512
214 552
214 627
214 669
214 674
214 679
214 779
214 799
214 916
214 944
214 991
215 258
215 340
215 356
215 372
215 420
215 433
215 491
215 573
215 690
215 735
215 823
215 849
215 865
215 997
216 231
216 238
216 320
216 340
216 433
216 499
216 583
216 655
216 660
216 690
216 695
216 745
216 758
216 801
216 997
217 229
217 282
217 283
217 286
217 295
217 300
217 329
217 353
217 366
217 412
217 483
217 590
217 619
217 673
217 756
217 826
217 853
217 877
217 887
217 890
217 894
217 936
218 278
218 299
218 419
218 600
218 610
218 635
218 803
218 845
218 926
219 268
219 273
219 281
219 315
219 327
219 344
219 454
219 527
219 532
219 552
219 571
219 627
219 639
219 659
219 671
219 717
219 916
219 984
219 986
220 263
220 313
220 349
220 395
220 396
220 401
220 436
220 507
220 591
220 784
220 813
220 869
220 975
221 238
221 239
221 288
221 323
221 365
221 479
221 517
221 526
221 547
221 612
221 630
221 632
221 797
221 802
221 870
221 881
221 933
221 955
221 992
222 242
222 316
222 426
222 446
222 453
222 464
222 475
222 544
222 579
222 664
222 680
222 829
223 362
223 386
223 431
223 538
223 553
223 656
223 941
223 942
223 947
224 407
224 524
224 545
224 613
224 624
224 653
224 764
224 785
224 866
224 889
224 947
224 982
225 280
225 516
225 525
225 560
225 719
225 806
225 807
225 882
225 976
226 359
226 369
226 414
226 423
226 447
226 450
226 468
226 512
226 550
226 669
226 674
226 675
226 678
226 679
226 779
226 799
226 953
226 991
226 995
227 244
227 282
227 300
227 329
227 590
227 642
227 673
227 814
227 842
227 887
227 890
227 894
227 936
227 972
228 357
228 363
228 367
228 429
228 474
228 495
228 533
228 569
228 595
228 622
228 628
228 727
228 753
228 775
229 282
229 283
229 286
229 295
229 300
229 353
229 366
229 412
229 473
229 483
229 590
229 619
229 673
229 756
229 826
229 853
229 877
229 887
229 890
229 894
229 936
229 973
230 331
230 377
230 449
230 713
230 781
230 858
230 861
230 923
230 958
230 983
231 238
231 399
231 417
231 499
231 526
231 565
231 634
231 660
231 682
231 695
231 745
231 802
231 838
232 289
232 382
232 509
232 514
232 555
232 593
232 638
232 740
232 834
232 900
232 918
232 964
232 999
233 289
233 382
233 473
233 619
233 677
233 763
233 780
233 853
233 973
233 985
234 239
234 303
234 360
234 365
234 410
234 517
234 534
234 608
234 617
234 996
235 270
235 343
235 375
235 385
235 398
235 422
235 476
235 575
235 578
235 637
235 657
235 720
235 761
235 851
235 888
235 912
235 921
235 974
236 474
236 495
236 533
236 569
236 649
236 711
236 791
236 839
237 345
237 473
237 537
237 643
237 697
237 875
237 973
238 288
238 290
238 323
238 479
238 526
238 536
238 695
238 726
238 743
238 797
238 801
238 802
238 815
238 933
238 992
239 297
239 323
239 360
239 374
239 399
239 410
239 497
239 517
239 526
239 534
239 547
239 608
239 612
239 617
239 632
239 734
239 802
239 856
239 933
240 549
240 564
240 626
240 661
240 744
240 928
241 332
241 522
241 559
241 573
241 607
241 623
241 640
241 672
241 736
241 823
241 865
241 898
242 316
242 426
242 446
242 453
242 475
242 664
242 829
242 854
242 994
243 333
243 336
243 411
243 520
243 662
243 739
243 781
243 783
243 848
243 858
243 861
243 873
243 883
243 924
243 958
244 511
244 642
244 708
244 814
244 842
244 952
244 972
245 306
245 363
245 384
245 426
245 429
245 464
245 544
245 569
245 628
245 664
245 694
245 839
245 846
246 259
246 267
246 304
246 311
246 442
246 530
246 580
246 588
246 597
246 605
246 648
246 650
246 665
246 759
246 789
246 800
246 922
246 940
246 948
247 265
247 274
247 355
247 361
247 387
247 405
247 482
247 505
247 507
247 508
247 614
247 730
247 784
247 813
247 825
247 915
248 308
248 310
248 352
248 409
248 458
248 502
248 536
248 539
248 582
248 611
248 646
248 683
248 689
248 707
248 726
248 743
248 862
248 878
248 962
248 993
249 390
249 819
249 961
250 307
250 358
250 428
250 438
250 492
250 496
250 706
250 774
250 907
251 258
251 320
251 346
251 380
251 540
251 573
251 583
251 652
251 655
251 690
251 745
251 758
251 865
251 874
251 950
251 997
252 287
252 336
252 418
252 464
252 520
252 544
252 662
252 680
252 848
252 910
252 935
252 989
253 264
253 296
253 309
253 342
253 347
253 370
253 408
253 416
253 463
253 519
253 531
253 574
253 633
253 658
253 718
253 757
253 914
253 954
254 324
254 361
254 387
254 389
254 436
254 472
254 482
254 505
254 507
254 591
254 604
254 614
254 772
254 784
254 813
254 833
254 915
254 975
255 257
255 315
255 327
255 388
255 421
255 441
255 448
255 465
255 466
255 571
255 572
255 636
255 659
255 714
255 817
255 871
255 876
255 905
255 917
256 348
256 349
256 379
256 395
256 467
256 489
256 500
256 535
256 541
256 629
256 685
256 716
256 729
256 738
256 832
256 836
256 902
256 959
256 990
257 273
257 276
257 314
257 421
257 448
257 466
257 568
257 571
257 616
257 684
257 790
257 824
257 871
257 885
257 905
258 320
258 340
258 346
258 380
258 420
258 491
258 540
258 573
258 583
258 652
258 655
258 690
258 745
258 758
258 849
258 865
258 950
258 997
259 267
259 304
259 311
259 530
259 605
259 648
259 650
259 665
259 759
259 789
259 800
259 874
259 903
259 922
259 948
260 279
260 326
260 341
260 357
260 367
260 381
260 394
260 451
260 495
260 513
260 521
260 704
260 753
260 760
260 812
260 828
260 927
260 981
261 373
261 425
261 498
261 551
261 596
261 644
261 663
261 699
261 710
261 773
261 808
261 837
261 860
261 931
261 963
261 987
261 988
262 334
262 378
262 423
262 447
262 450
262 577
262 598
262 620
262 647
262 654
262 674
262 679
262 741
262 746
262 767
262 779
262 810
262 844
262 944
263 266
263 313
263 339
263 348
263 349
263 395
263 396
263 401
263 436
263 490
263 581
263 716
263 788
263 869
263 965
264 296
264 309
264 328
264 347
264 370
264 408
264 416
264 519
264 525
264 574
264 633
264 645
264 658
264 718
264 757
264 793
264 806
264 807
264 822
264 867
264 914
264 954
265 274
265 355
265 387
265 405
265 507
265 508
265 521
265 730
265 784
265 813
265 825
265 915
265 929
266 313
266 319
266 324
266 339
266 348
266 396
266 490
266 581
266 752
266 787
266 788
266 811
266 939
266 946
266 965
266 975
267 325
267 346
267 380
267 417
267 499
267 530
267 556
267 605
267 750
267 755
267 789
267 838
267 857
267 940
268 273
268 281
268 327
268 430
268 440
268 527
268 552
268 571
268 616
268 627
268 659
268 717
268 830
268 916
268 984
269 403
269 484
269 487
269 575
269 657
269 688
269 700
269 796
269 798
269 809
269 841
269 863
269 912
270 343
270 375
270 385
270 398
270 422
270 476
270 578
270 637
270 657
270 720
270 761
270 851
270 888
270 908
270 921
270 974
271 398
271 516
271 518
271 578
271 748
271 807
271 921
272 359
272 430
272 440
272 447
272 512
272 552
272 618
272 654
272 679
272 692
272 701
272 746
272 779
272 799
272 803
272 944
273 276
273 327
273 448
273 571
273 616
273 659
273 717
273 790
273 824
273 830
273 871
273 984
274 355
274 387
274 405
274 507
274 508
274 521
274 591
274 730
274 784
274 813
274 825
274 915
274 929
275 297
275 331
275 374
275 377
275 399
275 417
275 443
275 497
275 526
275 565
275 634
275 682
275 712
275 734
275 755
275 768
275 816
275 856
275 923
276 299
276 314
276 568
276 571
276 616
276 635
276 790
276 824
276 830
276 850
276 885
276 970
277 351
277 428
277 478
277 666
277 681
277 754
277 827
277 855
277 951
277 971
278 299
278 419
278 445
278 600
278 610
278 703
278 705
278 845
278 906
278 926
279 326
279 357
279 367
279 381
279 394
279 451
279 495
279 513
279 704
279 753
279 760
279 812
279 828
279 927
279 981
280 322
280 407
280 438
280 524
280 525
280 560
280 653
280 719
280 806
280 882
280 976
281 315
281 327
281 344
281 406
281 454
281 469
281 527
281 532
281 552
281 571
281 627
281 639
281 659
281 671
281 717
281 916
281 984
281 986
281 991
282 300
282 329
282 473
282 537
282 590
282 673
282 756
282 875
282 890
282 894
282 936
283 286
283 295
283 353
283 366
283 412
283 455
283 511
283 590
283 642
283 673
283 769
283 804
283 814
283 826
283 877
283 887
283 894
283 895
283 952
283 967
283 972
284 305
284 377
284 415
284 449
284 493
284 606
284 625
284 858
284 873
284 932
284 983
285 382
285 413
285 486
285 510
285 593
285 762
285 763
285 852
285 891
285 985
285 999
286 295
286 317
286 318
286 353
286 366
286 412
286 455
286 483
286 511
286 590
286 619
286 673
286 769
286 814
286 821
286 826
286 877
286 887
286 894
286 895
286 967
287 306
287 418
287 464
287 520
287 544
287 662
287 680
287 694
287 910
287 935
287 989
288 290
288 323
288 479
288 536
288 646
288 695
288 726
288 743
288 797
288 801
288 802
288 815
288 870
288 881
288 933
288 992
289 345
289 382
289 413
289 514
289 593
289 643
289 677
289 763
289 780
289 900
289 964
289 973
289 985
289 999
290 323
290 479
290 536
290 646
290 695
290 726
290 743
290 797
290 801
290 802
290 815
290 870
290 881
290 933
290 992
291 294
291 307
291 351
291 383
291 393
291 404
291 478
291 480
291 557
291 666
291 681
291 691
291 698
291 754
291 776
291 855
291 892
291 913
291 951
291 971
292 304
292 325
292 333
292 376
292 424
292 556
292 580
292 588
292 597
292 599
292 713
292 729
292 739
292 782
292 783
292 857
292 940
293 328
293 402
293 485
293 519
293 548
293 566
293 601
293 728
293 796
293 818
293 840
293 841
293 863
293 867
294 307
294 321
294 337
294 393
294 397
294 404
294 480
294 557
294 681
294 776
294 892
294 913
294 968
295 318
295 330
295 353
295 366
295 412
295 434
295 457
295 483
295 558
295 590
295 619
295 693
295 821
295 826
295 831
295 853
295 877
295 901
295 967
296 309
296 342
296 347
296 370
296 408
296 416
296 463
296 519
296 531
296 574
296 633
296 645
296 658
296 718
296 757
296 914
296 954
296 980
297 374
297 399
297 443
297 497
297 517
297 526
297 547
297 565
297 617
297 634
297 682
297 712
297 734
297 768
297 802
297 856
298 335
298 364
298 460
298 477
298 542
298 551
298 686
298 702
298 747
298 835
298 880
298 931
298 943
298 998
299 301
299 600
299 635
299 703
299 790
299 845
299 850
299 926
299 970
300 329
300 473
300 537
300 590
300 673
300 756
300 875
300 890
300 894
300 936
301 600
301 635
301 703
301 850
301 926
301 970
302 305
302 415
302 493
302 529
302 606
302 724
302 957
302 996
303 360
303 365
303 410
303 534
303 608
303 630
303 747
303 835
303 880
303 943
304 311
304 379
304 424
304 442
304 530
304 580
304 588
304 597
304 599
304 605
304 648
304 782
304 789
304 800
304 832
304 857
304 922
304 940
305 377
305 415
305 449
305 493
305 529
305 606
305 724
306 363
306 371
306 384
306 418
306 464
306 544
306 694
306 794
306 846
306 920
307 358
307 393
307 397
307 404
307 428
307 480
307 492
307 557
307 681
307 706
307 754
307 786
308 310
308 352
308 409
308 458
308 543
308 563
308 582
308 611
308 631
308 663
308 683
308 707
308 862
308 878
308 962
308 993
309 342
309 347
309 370
309 408
309 416
309 519
309 531
309 574
309 633
309 658
309 718
309 757
309 867
309 914
309 954
310 373
310 432
310 458
310 501
310 543
310 563
310 582
310 596
310 611
310 631
310 663
310 699
310 766
310 773
310 808
310 837
310 878
310 886
310 962
310 993
311 312
311 442
311 523
311 530
311 541
311 588
311 597
311 599
311 648
311 667
311 789
311 800
311 922
311 948
312 348
312 379
312 442
312 489
312 500
312 523
312 535
312 541
312 588
312 597
312 599
312 667
312 716
312 729
312 788
312 800
312 832
312 836
312 959
312 990
313 339
313 349
313 395
313 396
313 401
313 436
313 490
313 788
313 869
313 965
313 975
314 421
314 568
314 684
314 790
314 824
314 850
314 871
314 885
314 905
315 327
315 344
315 448
315 454
315 466
315 527
315 532
315 571
315 627
315 639
315 659
315 671
315 717
315 916
315 984
315 986
316 426
316 446
316 453
316 475
316 579
316 664
316 829
316 854
317 344
317 353
317 366
317 406
317 454
317 469
317 506
317 532
317 554
317 558
317 639
317 671
317 675
317 769
317 804
317 821
317 877
317 966
317 967
317 986
318 330
318 353
318 366
318 400
318 412
318 434
318 457
318 483
318 558
318 619
318 693
318 821
318 826
318 831
318 853
318 901
318 945
318 966
318 967
319 324
319 444
319 472
319 490
319 749
319 752
319 772
319 778
319 811
319 939
319 965
319 975
319 979
320 340
320 346
320 380
320 499
320 540
320 583
320 652
320 655
320 660
320 690
320 745
320 758
320 950
320 997
321 337
321 397
321 437
321 620
321 741
321 844
321 892
321 968
322 407
322 494
322 524
322 560
322 574
322 645
322 757
322 770
322 969
322 980
323 399
323 479
323 517
323 526
323 547
323 612
323 632
323 797
323 802
323 815
323 870
323 933
323 992
324 389
324 436
324 472
324 490
324 604
324 752
324 772
324 778
324 811
324 833
324 939
324 965
324 975
325 331
325 417
325 556
325 580
325 605
325 713
325 750
325 755
325 816
325 838
325 857
325 940
326 381
326 394
326 513
326 546
326 812
326 828
326 864
326 927
327 448
327 466
327 527
327 552
327 571
327 616
327 627
327 659
327 671
327 717
327 830
327 916
327 984
328 398
328 485
328 518
328 519
328 525
328 548
328 566
328 748
328 793
328 807
328 818
328 822
328 840
328 867
328 921
329 590
329 673
329 756
329 814
329 842
329 875
329 887
329 890
329 894
329 936
330 366
330 400
330 434
330 457
330 483
330 558
330 619
330 677
330 693
330 780
330 821
330 826
330 831
330 853
330 901
330 945
330 966
331 377
331 417
331 443
331 556
331 565
331 634
331 713
331 755
331 768
331 816
331 838
331 857
331 923
331 958
332 439
332 481
332 515
332 522
332 607
332 623
332 640
332 725
332 792
332 898
332 899
332 938
333 336
333 376
333 520
333 662
333 713
333 738
333 739
333 781
333 782
333 783
333 861
334 368
334 378
334 447
334 577
334 598
334 620
334 647
334 654
334 701
334 741
334 746
334 767
334 777
334 810
334 844
334 919
334 934
334 956
335 373
335 425
335 432
335 460
335 477
335 501
335 542
335 663
335 686
335 699
335 702
335 747
335 766
335 773
335 808
335 837
335 870
335 880
335 881
335 886
335 955
335 988
335 998
336 411
336 418
336 520
336 528
336 662
336 680
336 781
336 848
336 873
336 883
336 910
336 924
336 935
336 989
337 397
337 404
337 437
337 471
337 786
337 892
337 968
338 354
338 368
338 383
338 503
338 504
338 577
338 615
338 621
338 641
338 676
338 698
338 721
338 777
338 859
338 868
338 879
338 893
338 919
338 937
338 956
338 978
339 348
339 395
339 396
339 490
339 523
339 581
339 667
339 787
339 788
339 946
339 965
340 356
340 420
340 433
340 491
340 583
340 655
340 689
340 690
340 735
340 745
340 758
340 801
340 849
340 997
341 357
341 363
341 367
341 371
341 451
341 521
341 595
341 622
341 696
341 704
341 727
341 742
341 753
341 760
341 775
341 981
342 347
342 370
342 416
342 463
342 531
342 574
342 633
342 658
342 718
342 732
342 757
342 909
342 914
342 954
342 980
343 361
343 375
343 385
343 389
343 422
343 452
343 476
343 578
343 592
343 720
343 761
343 833
343 851
343 908
343 974
344 406
344 454
344 469
344 506
344 527
344 532
344 554
344 627
344 639
344 669
344 671
344 675
344 717
344 821
344 916
344 966
344 986
344 991
345 473
345 537
345 643
345 697
345 756
345 875
345 973
346 380
346 499
346 530
346 540
346 583
346 650
346 652
346 655
346 660
346 690
346 745
346 758
346 759
346 874
346 950
346 997
347 370
347 408
347 416
347 519
347 531
347 633
347 658
347 718
347 757
347 867
347 914
347 954
348 349
348 395
348 396
348 489
348 500
348 523
348 541
348 581
348 667
348 716
348 787
348 788
348 959
348 965
348 990
349 395
349 396
349 401
349 436
349 467
349 716
349 765
349 788
349 869
349 902
349 959
350 354
350 462
350 504
350 561
350 589
350 603
350 641
350 668
350 859
350 872
350 893
350 937
350 946
350 949
351 393
351 478
351 480
351 488
351 557
351 666
351 681
351 691
351 722
351 754
351 776
351 827
351 855
351 913
351 951
351 971
352 356
352 372
352 409
352 486
352 502
352 539
352 582
352 611
352 683
352 689
352 707
352 709
352 820
352 862
352 878
352 993
353 366
353 412
353 454
353 483
353 511
353 590
353 673
353 769
353 804
353 821
353 826
353 877
353 887
353 895
353 967
354 444
354 462
354 561
354 621
354 641
354 721
354 749
354 859
354 868
354 872
354 879
354 893
354 937
354 949
354 978
354 979
355 405
355 508
355 521
355 587
355 723
355 730
355 825
355 884
355 929
355 960
356 372
356 420
356 433
356 491
356 502
356 510
356 539
356 689
356 735
356 762
356 849
356 865
357 367
357 394
357 474
357 495
357 513
357 533
357 569
357 595
357 622
357 704
357 727
357 753
357 760
357 775
357 812
357 828
357 981
358 404
358 428
358 492
358 516
358 706
358 754
358 774
359 423
359 430
359 447
359 450
359 512
359 552
359 654
359 669
359 674
359 679
359 779
359 799
359 944
359 991
360 365
360 410
360 517
360 534
360 608
360 630
360 632
360 747
360 835
360 880
361 375
361 387
361 389
361 403
361 422
361 482
361 505
361 614
361 637
361 720
361 761
361 851
361 974
362 386
362 496
362 538
362 545
362 553
362 656
362 785
362 942
362 947
362 982
363 367
363 371
363 384
363 595
363 622
363 694
363 727
363 753
363 765
363 775
363 794
363 920
364 460
364 477
364 542
364 551
364 686
364 702
364 747
364 835
364 880
364 931
364 943
364 998
365 410
365 517
365 534
365 608
365 612
365 630
365 632
365 686
365 702
365 747
365 835
365 880
365 955
366 412
366 457
366 483
366 558
366 590
366 619
366 673
366 693
366 769
366 821
366 826
366 877
366 887
366 894
366 895
366 901
366 966
366 967
367 474
367 495
367 513
367 533
367 569
367 595
367 622
367 628
367 704
367 727
367 753
367 760
367 775
367 981
368 378
368 503
368 562
368 577
368 598
368 615
368 620
368 621
368 647
368 676
368 698
368 721
368 741
368 767
368 777
368 810
368 868
368 919
368 934
368 956
368 978
369 391
369 414
369 423
369 450
369 468
369 550
369 586
369 669
369 674
369 678
369 731
369 737
369 843
369 945
369 953
369 995
370 408
370 416
370 463
370 531
370 574
370 633
370 645
370 658
370 718
370 732
370 757
370 909
370 914
370 954
370 980
371 384
371 401
371 467
371 595
371 622
371 727
371 765
371 775
371 794
371 902
371 920
372 409
372 420
372 433
372 486
372 491
372 502
372 510
372 539
372 683
372 689
372 707
372 709
372 735
372 762
372 849
372 862
372 993
373 425
373 432
373 458
373 498
373 501
373 563
373 596
373 644
373 663
373 699
373 710
373 766
373 773
373 808
373 837
373 886
373 987
373 988
374 399
374 417
374 443
374 497
374 526
374 547
374 565
374 634
374 682
374 712
374 734
374 768
374 802
374 816
374 856
374 933
375 389
375 422
375 452
375 505
375 592
375 614
375 637
375 720
375 761
375 833
375 851
375 908
375 974
376 379
376 424
376 489
376 500
376 520
376 535
376 588
376 597
376 599
376 629
376 685
376 716
376 729
376 738
376 782
376 783
376 832
376 836
376 959
376 990
377 415
377 449
377 493
377 606
377 724
377 768
377 858
377 923
377 958
377 983
378 503
378 562
378 577
378 598
378 615
378 620
378 647
378 676
378 721
378 741
378 767
378 777
378 810
378 868
378 919
378 934
378 956
379 424
379 442
379 489
379 500
379 523
379 535
379 541
379 580
379 588
379 597
379 599
379 629
379 667
379 685
379 716
379 729
379 738
379 832
379 836
379 959
379 990
380 499
380 540
380 583
380 650
380 652
380 655
380 660
380 690
380 745
380 758
380 950
380 997
381 394
381 513
381 546
381 704
381 812
381 828
381 864
381 927
381 981
382 413
382 514
382 593
382 677
382 763
382 780
382 852
382 900
382 964
382 985
382 999
383 393
383 557
383 562
383 621
383 691
383 698
383 749
383 776
383 777
383 868
383 879
383 892
383 913
383 956
383 978
383 979
384 467
384 622
384 694
384 794
384 920
385 398
385 476
385 578
385 720
385 761
385 851
385 888
385 908
385 921
385 974
386 431
386 496
386 538
386 545
386 553
386 609
386 656
386 785
386 896
386 942
386 947
386 982
387 405
387 482
387 505
387 507
387 508
387 591
387 614
387 784
387 813
387 825
387 915
388 435
388 441
388 465
388 466
388 549
388 564
388 572
388 626
388 636
388 661
388 714
388 744
388 817
388 847
388 876
388 905
388 917
388 928
389 422
389 452
389 472
389 482
389 505
389 592
389 604
389 614
389 761
389 772
389 778
389 833
389 974
390 392
390 819
390 961
390 994
391 456
391 468
391 515
391 522
391 550
391 559
391 623
391 678
391 737
391 843
391 898
391 953
392 819
392 854
392 961
392 994
393 397
393 404
393 478
393 480
393 557
393 666
393 681
393 691
393 698
393 754
393 776
393 855
393 892
393 913
393 968
394 451
394 495
394 513
394 546
394 704
394 760
394 812
394 828
394 864
394 927
394 981
395 396
395 401
395 436
395 716
395 788
395 869
395 902
395 959
396 401
396 436
396 490
396 788
396 869
396 902
396 965
396 975
397 404
397 437
397 471
397 480
397 557
397 681
397 786
397 892
397 913
397 968
398 476
398 485
398 518
398 548
398 566
398 575
398 601
398 748
398 793
398 818
398 822
398 840
398 841
398 863
398 888
398 912
398 921
399 443
399 497
399 526
399 547
399 565
399 634
399 682
399 712
399 734
399 768
399 802
399 856
399 933
399 992
400 414
400 434
400 456
400 457
400 550
400 558
400 559
400 693
400 831
400 901
400 945
400 966
400 995
401 436
401 467
401 591
401 765
401 869
401 902
402 485
402 487
402 519
402 566
402 601
402 688
402 728
402 796
402 840
402 841
402 863
402 867
403 422
403 484
403 637
403 657
403 700
403 720
403 761
403 798
403 851
403 960
404 428
404 480
404 557
404 681
404 754
404 786
404 892
404 913
404 968
405 507
405 508
405 521
405 730
405 784
405 813
405 825
405 915
405 929
406 454
406 469
406 506
406 527
406 532
406 554
406 558
406 627
406 639
406 669
406 671
406 675
406 821
406 916
406 966
406 967
406 986
406 991
407 427
407 494
407 524
407 613
407 624
407 653
407 764
407 770
407 866
407 889
408 416
408 519
408 525
408 560
408 574
408 633
408 645
408 658
408 718
408 757
408 793
408 806
408 807
408 822
408 867
408 914
408 954
409 486
409 502
409 539
409 582
409 611
409 683
409 689
409 707
409 709
409 820
409 862
409 878
409 993
410 517
410 534
410 608
410 617
410 630
410 632
410 835
411 449
411 528
411 662
411 781
411 848
411 858
411 873
411 883
411 924
411 983
412 483
412 511
412 590
412 619
412 673
412 769
412 814
412 826
412 877
412 887
412 890
412 894
412 895
412 967
413 510
413 514
413 593
413 733
413 762
413 763
413 852
413 891
413 985
413 999
414 434
414 457
414 506
414 550
414 554
414 558
414 669
414 675
414 693
414 821
414 831
414 901
414 945
414 966
414 995
415 493
415 529
415 606
415 724
415 957
416 519
416 525
416 531
416 574
416 633
416 645
416 658
416 718
416 757
416 867
416 914
416 954
416 980
417 443
417 499
417 565
417 634
417 660
417 682
417 750
417 755
417 768
417 816
417 838
417 923
418 464
418 520
418 544
418 662
418 680
418 694
418 910
418 935
418 989
419 445
419 584
419 594
419 600
419 610
419 705
419 715
419 845
419 906
419 926
420 433
420 491
420 539
420 583
420 689
420 690
420 735
420 849
420 865
420 997
421 448
421 466
421 684
421 824
421 847
421 871
421 885
421 905
422 505
422 614
422 637
422 657
422 720
422 761
422 851
422 974
423 447
423 450
423 468
423 512
423 586
423 674
423 678
423 679
423 731
423 737
423 767
423 779
423 799
423 843
423 953
424 500
424 535
424 580
424 588
424 597
424 599
424 629
424 685
424 729
424 738
424 782
424 783
424 832
424 836
424 990
425 432
425 460
425 477
425 498
425 501
425 542
425 644
425 663
425 699
425 710
425 766
425 773
425 808
425 837
425 886
425 931
425 988
425 998
426 429
426 464
426 475
426 544
426 628
426 664
426 829
426 839
426 846
426 854
427 494
427 524
427 613
427 624
427 764
427 770
427 866
427 889
427 969
428 478
428 480
428 492
428 681
428 706
428 754
428 951
429 464
429 544
429 569
429 628
429 649
429 664
429 694
429 839
429 846
430 440
430 447
430 512
430 552
430 627
430 674
430 679
430 779
430 799
430 803
430 916
430 944
430 991
431 538
431 553
431 584
431 609
431 795
431 911
431 925
431 941
431 942
432 460
432 477
432 501
432 542
432 663
432 686
432 699
432 702
432 747
432 766
432 773
432 837
432 870
432 881
432 886
432 955
432 962
432 988
432 998
433 491
433 539
433 583
433 689
433 690
433 735
433 801
433 849
433 997
434 457
434 483
434 506
434 550
434 554
434 558
434 669
434 675
434 693
434 821
434 831
434 901
434 945
434 966
434 995
435 465
435 549
435 564
435 572
435 636
435 708
435 714
435 817
435 876
435 917
436 490
436 591
436 772
436 813
436 869
436 965
436 975
437 471
437 585
437 771
437 897
437 968
438 492
438 545
438 653
438 774
438 882
438 907
438 976
438 982
439 481
439 603
439 650
439 652
439 665
439 759
439 792
439 874
439 903
439 938
440 552
440 803
440 830
440 944
440 984
441 465
441 466
441 549
441 564
441 626
441 636
441 661
441 714
441 744
441 817
441 847
441 876
441 905
441 917
442 500
442 523
442 541
442 588
442 597
442 599
442 648
442 667
442 789
442 800
442 922
442 948
442 990
443 497
443 565
443 634
443 682
443 712
443 734
443 750
443 755
443 768
443 816
443 838
443 856
443 923
444 561
444 749
444 752
444 811
444 859
444 872
444 879
444 939
444 979
445 584
445 585
445 610
445 670
445 705
445 771
445 795
445 897
445 906
445 925
446 453
446 475
446 579
446 854
447 450
447 512
447 598
447 654
447 674
447 679
447 767
447 779
447 799
447 944
448 465
448 466
448 571
448 572
448 616
448 659
448 871
448 876
448 905
449 493
449 781
449 858
449 861
449 873
449 932
449 958
449 983
450 468
450 512
450 586
450 654
450 674
450 678
450 679
450 731
450 767
450 779
450 799
450 953
451 521
451 696
451 704
451 742
451 760
451 812
451 828
451 927
451 981
452 488
452 578
452 592
452 666
452 722
452 778
452 827
452 833
452 855
452 908
452 971
452 974
453 475
453 579
453 664
453 829
453 854
453 994
454 469
454 506
454 527
454 532
454 554
454 627
454 639
454 671
454 769
454 804
454 821
454 916
454 966
454 967
454 977
454 986
455 511
455 642
455 708
455 769
455 804
455 814
455 877
455 887
455 895
455 952
455 967
455 972
455 977
456 559
456 607
456 623
456 640
456 672
456 733
456 736
456 831
456 891
457 483
457 506
457 550
457 554
457 558
457 669
457 675
457 693
457 821
457 826
457 831
457 901
457 945
457 966
457 995
458 501
458 536
458 543
458 563
458 582
458 611
458 631
458 646
458 663
458 699
458 766
458 808
458 837
458 862
458 878
458 962
458 993
459 570
459 602
459 687
459 700
459 884
459 929
459 960
460 477
460 542
460 551
460 644
460 686
460 702
460 747
460 773
460 880
460 886
460 931
460 943
460 988
460 998
461 543
461 563
461 596
461 631
461 805
462 504
462 561
462 589
462 641
462 668
462 859
462 872
462 893
462 937
462 946
462 949
463 531
463 567
463 574
463 576
463 645
463 718
463 732
463 757
463 909
463 914
463 980
464 544
464 680
464 694
464 846
464 910
464 935
464 989
465 466
465 564
465 572
465 626
465 636
465 661
465 714
465 817
465 847
465 876
465 917
466 571
466 572
466 636
466 659
466 714
466 817
466 871
466 876
466 905
466 917
467 535
467 629
467 685
467 716
467 765
467 794
467 836
467 902
467 920
467 959
468 586
468 678
468 725
468 731
468 737
468 843
468 953
469 506
469 527
469 532
469 554
469 558
469 627
469 639
469 669
469 671
469 675
469 769
469 821
469 916
469 966
469 967
469 986
469 991
470 509
470 543
470 631
470 740
470 805
470 834
471 609
471 771
471 786
471 795
471 896
472 592
472 604
472 752
472 772
472 778
472 811
472 833
472 939
472 975
473 537
473 643
473 756
473 853
473 875
473 973
474 495
474 513
474 533
474 569
474 649
474 753
474 791
475 579
475 664
475 829
475 854
476 518
476 548
476 575
476 578
476 720
476 761
476 818
476 851
476 888
476 912
476 921
476 974
477 542
477 630
477 686
477 702
477 747
477 835
477 880
477 886
477 931
477 943
477 955
477 988
477 998
478 480
478 488
478 557
478 666
478 681
478 691
478 722
478 754
478 776
478 827
478 855
478 951
478 971
479 536
479 547
479 612
479 632
479 646
479 743
479 797
479 802
479 815
479 870
479 881
479 933
479 955
479 992
480 557
480 666
480 681
480 754
480 776
480 855
480 892
480 913
481 515
481 603
481 650
481 652
481 665
481 668
481 792
481 874
481 903
481 938
482 505
482 507
482 591
482 604
482 614
482 772
482 784
482 813
482 825
482 915
483 558
483 619
483 693
483 821
483 826
483 831
483 853
483 877
483 901
483 966
483 967
484 487
484 575
484 601
484 657
484 688
484 796
484 798
484 809
484 841
484 863
484 912
485 518
485 519
485 548
485 566
485 575
485 601
485 728
485 793
485 818
485 822
485 840
485 841
485 863
485 867
485 921
486 502
486 509
486 510
486 611
486 638
486 683
486 707
486 709
486 820
486 834
486 918
487 548
487 575
487 601
487 657
487 688
487 796
487 809
487 818
487 840
487 841
487 863
487 912
488 592
488 666
488 691
488 722
488 776
488 778
488 827
488 855
488 971
488 979
489 500
489 523
489 535
489 541
489 588
489 597
489 599
489 629
489 667
489 685
489 716
489 729
489 738
489 788
489 832
489 836
489 959
489 990
490 581
490 752
490 772
490 787
490 788
490 811
490 939
490 946
490 965
490 975
491 510
491 539
491 735
491 823
491 849
491 865
491 997
492 496
492 706
492 774
492 907
493 529
493 606
493 724
494 524
494 613
494 624
494 764
494 770
494 866
494 889
494 969
495 513
495 533
495 569
495 704
495 753
495 791
495 981
496 545
496 609
496 706
496 896
496 907
496 942
496 982
497 526
497 565
497 634
497 712
497 724
497 734
497 768
497 856
497 923
498 596
498 644
498 710
498 773
498 808
498 837
498 860
498 963
498 987
499 565
499 583
499 634
499 655
499 660
499 682
499 695
499 745
499 750
499 755
499 758
499 838
500 523
500 535
500 541
500 588
500 597
500 599
500 629
500 667
500 685
500 716
500 729
500 738
500 788
500 832
500 836
500 959
500 990
501 536
501 542
501 646
501 663
501 686
501 699
501 702
501 743
501 747
501 766
501 797
501 837
501 870
501 881
501 886
501 955
501 962
501 988
502 510
502 539
502 582
502 683
502 689
502 707
502 709
502 735
502 820
502 862
502 993
503 504
503 577
503 586
503 615
503 621
503 641
503 676
503 721
503 725
503 777
503 859
503 868
503 893
503 919
503 937
504 615
504 641
504 668
504 676
504 721
504 725
504 859
504 893
504 937
505 604
505 614
505 761
505 784
505 833
505 974
506 532
506 550
506 554
506 558
506 627
506 639
506 669
506 675
506 821
506 916
506 945
506 966
506 991
506 995
507 591
507 696
507 784
507 813
507 825
507 915
508 700
508 730
508 825
508 884
508 929
508 960
509 514
509 555
509 638
509 709
509 740
509 820
509 834
509 900
509 918
509 964
509 999
510 735
510 762
510 849
510 852
511 590
511 642
511 673
511 708
511 769
511 804
511 814
511 842
511 877
511 887
511 894
511 895
511 952
511 967
511 972
512 552
512 669
512 674
512 675
512 679
512 779
512 799
512 916
512 944
512 991
513 533
513 546
513 704
513 753
513 791
513 812
513 828
513 927
513 981
514 593
514 638
514 643
514 697
514 763
514 900
514 918
514 964
514 985
514 999
515 522
515 607
515 623
515 640
515 725
515 792
515 898
515 899
515 938
516 719
516 882
517 534
517 547
517 608
517 617
517 632
517 996
518 548
518 566
518 748
518 793
518 807
518 818
518 822
518 840
518 888
518 921
519 566
519 633
519 658
519 728
519 793
519 822
519 840
519 867
519 954
520 629
520 662
520 738
520 783
520 910
520 935
520 989
521 587
521 696
521 704
521 730
521 742
521 760
521 812
521 828
521 927
522 607
522 623
522 640
522 725
522 737
522 898
522 899
522 938
523 541
523 581
523 588
523 597
523 599
523 667
523 716
523 787
523 788
523 800
523 946
523 990
524 560
524 613
524 624
524 653
524 764
524 770
524 866
524 889
524 976
525 560
525 658
525 719
525 793
525 806
525 807
525 822
525 882
525 954
526 547
526 565
526 634
526 682
526 695
526 734
526 802
526 856
526 933
526 992
527 532
527 552
527 571
527 627
527 639
527 659
527 671
527 717
527 916
527 984
527 986
527 991
528 625
528 651
528 751
528 781
528 848
528 873
528 883
528 904
528 924
529 606
529 724
529 957
529 996
530 605
530 648
530 650
530 652
530 665
530 759
530 789
530 800
530 874
530 903
530 922
530 948
531 574
531 633
531 645
531 658
531 718
531 732
531 757
531 909
531 914
531 954
531 980
532 554
532 627
532 639
532 671
532 675
532 717
532 804
532 916
532 967
532 986
532 991
533 569
533 628
533 649
533 711
533 727
533 753
533 791
533 839
534 547
534 608
534 617
534 630
534 632
535 541
535 588
535 597
535 599
535 629
535 685
535 716
535 729
535 738
535 832
535 836
535 959
535 990
536 582
536 646
536 726
536 743
536 797
536 801
536 815
536 862
536 870
536 881
536 962
537 643
537 697
537 756
537 875
537 973
538 553
538 656
538 911
538 941
538 942
539 582
539 683
539 689
539 707
539 726
539 735
539 801
539 862
539 993
540 583
540 650
540 652
540 655
540 690
540 745
540 758
540 874
540 950
540 997
541 588
541 597
541 599
541 629
541 667
541 685
541 716
541 729
541 788
541 800
541 832
541 836
541 959
541 990
542 551
542 686
542 702
542 747
542 835
542 880
542 886
542 931
542 943
542 955
542 988
542 998
543 563
543 611
543 631
543 805
543 878
544 680
544 694
544 846
544 910
544 935
544 989
545 653
545 774
545 785
545 907
545 947
545 982
546 791
547 612
547 632
547 734
547 802
547 856
547 933
547 992
548 566
548 575
548 601
548 748
548 793
548 818
548 822
548 840
548 841
548 863
548 867
548 888
548 912
548 921
549 564
549 626
549 636
549 661
549 744
549 817
549 847
549 876
549 928
550 558
550 669
550 675
550 678
550 945
550 953
550 966
550 995
551 644
551 710
551 860
551 931
552 627
552 659
552 671
552 717
552 799
552 916
552 984
552 991
553 584
553 609
553 911
553 925
553 941
553 942
554 558
554 627
554 639
554 669
554 671
554 675
554 821
554 916
554 945
554 966
554 986
554 991
555 638
555 740
556 580
556 605
556 713
556 750
556 755
556 782
556 816
556 838
556 857
556 940
557 681
557 698
557 754
557 776
557 892
557 913
557 968
558 669
558 675
558 693
558 821
558 831
558 901
558 945
558 966
558 995
559 607
559 623
559 640
559 672
559 733
559 736
559 891
560 719
560 806
560 807
560 882
560 954
560 976
561 589
561 641
561 749
561 859
561 872
561 893
561 937
561 939
561 946
561 949
562 577
562 620
562 621
562 647
562 676
562 698
562 741
562 776
562 777
562 868
562 892
562 913
562 919
562 934
562 956
562 968
562 978
563 596
563 611
563 631
563 663
563 699
563 766
563 773
563 808
563 837
563 878
563 962
564 626
564 636
564 661
564 744
564 817
564 847
564 876
564 917
564 928
565 634
565 660
565 682
565 734
565 750
565 755
565 768
565 802
565 816
565 838
565 856
565 923
566 601
566 728
566 793
566 818
566 822
566 840
566 867
566 921
567 576
567 732
567 909
567 980
568 635
568 790
568 824
568 850
568 885
568 970
569 595
569 622
569 628
569 649
569 727
569 753
569 775
569 839
569 846
570 602
570 687
570 700
570 884
570 960
571 616
571 659
571 717
571 790
571 824
571 830
571 871
571 984
572 636
572 714
572 817
572 876
572 917
572 977
573 607
573 640
573 823
573 849
573 865
573 950
574 633
574 645
574 658
574 718
574 732
574 757
574 909
574 914
574 954
574 980
575 601
575 657
575 688
575 796
575 809
575 818
575 840
575 841
575 863
575 888
575 912
575 921
576 732
576 909
576 969
577 598
577 615
577 620
577 621
577 647
577 676
577 721
577 741
577 767
577 777
577 810
577 868
577 919
577 934
577 956
577 978
578 888
578 908
578 974
579 651
580 588
580 597
580 599
580 605
580 713
580 729
580 782
580 789
580 832
580 857
580 922
580 940
581 752
581 787
581 788
581 811
581 946
581 965
582 611
582 646
582 683
582 689
582 707
582 726
582 743
582 862
582 878
582 962
582 993
583 652
583 655
583 660
583 690
583 745
583 758
583 950
583 997
584 609
584 610
584 705
584 715
584 771
584 795
584 897
584 906
584 911
584 925
584 941
585 610
585 618
585 670
585 692
585 701
585 705
585 746
585 771
585 803
585 844
585 897
586 674
586 678
586 725
586 731
586 737
586 843
586 953
587 723
587 730
587 812
587 864
587 884
587 927
587 929
587 930
588 597
588 599
588 629
588 667
588 729
588 782
588 800
588 832
588 836
588 922
588 990
589 668
589 872
589 893
589 946
589 949
590 619
590 673
590 756
590 814
590 826
590 877
590 887
590 890
590 894
590 936
591 784
591 813
591 825
591 869
591 915
592 604
592 722
592 778
592 827
592 833
592 908
592 974
593 638
593 762
593 763
593 852
593 900
593 918
593 964
593 985
593 999
594 703
594 715
594 906
595 622
595 704
595 727
595 742
595 753
595 760
595 775
595 981
596 663
596 699
596 710
596 766
596 773
596 808
596 837
596 963
596 987
597 599
597 629
597 667
597 729
597 782
597 789
597 800
597 832
597 836
597 922
597 990
598 620
598 647
598 654
598 692
598 701
598 741
598 746
598 767
598 777
598 810
598 844
598 919
598 934
598 944
599 629
599 667
599 685
599 716
599 729
599 738
599 782
599 800
599 832
599 836
599 959
599 990
600 610
600 635
600 703
600 845
600 906
600 926
600 970
601 688
601 728
601 796
601 809
601 818
601 840
601 841
601 863
601 912
602 687
602 700
602 723
602 884
602 929
602 960
603 665
603 668
603 792
603 893
603 899
603 903
603 938
604 614
604 772
604 778
604 833
604 975
605 648
605 650
605 750
605 759
605 789
605 857
605 922
605 940
606 724
606 957
607 623
607 640
607 672
607 736
607 823
607 898
608 617
608 630
609 786
609 795
609 896
609 907
609 911
609 925
610 670
610 705
610 771
610 845
610 897
610 906
610 926
611 631
611 683
611 707
611 709
611 820
611 862
611 878
611 993
612 630
612 632
612 702
612 747
612 797
612 870
612 880
612 881
612 933
612 955
612 992
613 624
613 653
613 764
613 866
613 889
614 784
614 825
614 833
614 915
615 621
615 641
615 647
615 676
615 721
615 777
615 859
615 868
615 919
615 934
615 937
615 956
615 978
616 659
616 790
616 824
616 830
616 850
616 871
616 984
617 712
617 724
617 957
617 996
618 654
618 670
618 692
618 701
618 746
618 803
618 844
618 944
619 677
619 693
619 780
619 826
619 831
619 853
619 901
619 973
620 647
620 654
620 741
620 746
620 767
620 777
620 810
620 844
620 892
620 919
620 934
620 956
620 968
621 676
621 698
621 721
621 749
621 777
621 859
621 868
621 879
621 919
621 937
621 956
621 978
621 979
622 628
622 727
622 742
622 753
622 760
622 775
623 640
623 672
623 736
623 737
623 898
623 899
624 653
624 764
624 785
624 866
624 889
624 982
625 751
625 873
625 904
625 932
626 636
626 661
626 744
626 817
626 847
626 876
626 905
626 928
627 639
627 669
627 671
627 675
627 717
627 799
627 916
627 986
627 991
628 649
628 664
628 694
628 727
628 839
628 846
629 685
629 716
629 729
629 738
629 783
629 832
629 836
629 959
629 990
630 632
630 686
630 702
630 747
630 835
630 880
630 955
630 998
631 663
631 805
631 878
632 702
632 747
632 870
632 880
632 933
632 955
633 658
633 718
633 757
633 867
633 914
633 954
634 660
634 682
634 734
634 750
634 755
634 768
634 802
634 816
634 838
634 856
634 923
635 790
635 824
635 830
635 845
635 850
635 926
635 970
636 661
636 714
636 744
636 817
636 847
636 876
636 917
637 657
637 720
637 761
637 798
637 851
638 709
638 740
638 820
638 834
638 900
638 918
638 964
638 999
639 669
639 671
639 675
639 717
639 821
639 916
639 966
639 986
639 991
640 672
640 736
640 823
640 898
641 668
641 721
641 725
641 859
641 893
641 937
641 949
642 673
642 708
642 814
642 842
642 877
642 887
642 894
642 895
642 952
642 972
643 697
643 756
643 875
643 900
643 964
643 973
643 999
644 699
644 710
644 773
644 860
644 931
644 963
644 987
644 988
645 658
645 718
645 732
645 757
645 770
645 909
645 954
645 980
646 689
646 726
646 743
646 797
646 801
646 815
646 862
646 870
646 881
646 962
646 993
647 654
647 676
647 741
647 767
647 777
647 810
647 844
647 919
647 934
647 956
648 650
648 665
648 759
648 789
648 800
648 874
648 903
648 922
648 948
649 664
649 711
649 791
649 839
650 652
650 665
650 759
650 789
650 874
650 903
650 922
650 948
651 751
651 904
652 655
652 665
652 745
652 758
652 759
652 874
652 903
652 950
653 764
653 866
653 889
653 976
653 982
654 674
654 679
654 692
654 701
654 741
654 746
654 767
654 779
654 810
654 844
654 944
655 660
655 690
655 745
655 758
655 950
655 997
656 785
656 942
656 947
656 982
657 720
657 761
657 798
657 809
657 851
657 912
658 718
658 757
658 914
658 954
658 980
659 671
659 717
659 830
659 871
659 984
660 682
660 690
660 695
660 745
660 758
660 838
661 744
661 817
661 847
661 876
661 928
662 680
662 781
662 848
662 883
662 910
662 924
662 935
662 989
663 699
663 766
663 773
663 808
663 837
663 886
663 962
663 988
664 711
664 829
664 839
664 846
664 854
665 759
665 789
665 792
665 800
665 874
665 903
665 922
665 948
666 681
666 691
666 722
666 754
666 776
666 827
666 855
666 951
666 971
667 787
667 788
667 800
667 946
667 990
668 725
668 792
668 893
668 899
668 938
668 949
669 675
669 679
669 799
669 916
669 945
669 966
669 991
669 995
670 692
670 701
670 746
670 803
670 844
670 897
671 717
671 804
671 916
671 986
671 991
672 733
672 736
672 823
672 852
672 891
673 814
673 826
673 877
673 887
673 890
673 894
673 895
673 936
673 972
674 678
674 679
674 767
674 779
674 799
674 953
675 799
675 821
675 916
675 945
675 966
675 991
675 995
676 721
676 777
676 859
676 868
676 919
676 934
676 937
676 956
676 978
677 733
677 763
677 780
677 853
677 891
677 985
678 731
678 737
678 843
678 953
678 995
679 779
679 799
679 944
679 991
680 848
680 910
680 935
680 989
681 754
681 776
681 855
681 892
681 913
681 951
682 695
682 734
682 755
682 768
682 802
682 838
682 856
682 933
682 992
683 689
683 707
683 709
683 820
683 862
683 878
683 993
684 847
684 871
684 885
684 905
685 716
685 729
685 738
685 783
685 832
685 836
685 959
685 990
686 702
686 747
686 835
686 880
686 886
686 943
686 955
686 988
686 998
687 700
687 884
687 929
687 960
688 796
688 809
688 841
688 863
688 912
689 707
689 726
689 735
689 801
689 862
689 993
690 745
690 758
690 950
690 997
691 722
691 776
691 778
691 827
691 855
691 879
691 951
691 971
691 979
692 701
692 746
692 803
692 844
692 944
693 821
693 826
693 831
693 853
693 901
693 945
693 966
693 995
694 794
694 839
694 846
694 910
694 920
695 801
695 802
695 815
695 933
695 992
696 742
696 760
697 900
697 964
698 776
698 777
698 868
698 879
698 892
698 913
698 919
698 934
698 956
698 978
699 766
699 773
699 808
699 837
699 886
699 962
699 988
700 798
700 884
700 929
700 960
701 746
701 803
701 844
701 944
702 747
702 835
702 870
702 880
702 881
702 886
702 955
702 988
702 998
703 906
703 926
703 970
704 742
704 753
704 760
704 812
704 828
704 927
704 981
705 771
705 795
705 897
705 906
705 911
705 925
706 774
706 786
706 896
706 907
707 709
707 726
707 820
707 862
707 878
707 993
708 814
708 842
708 952
708 972
709 820
709 834
709 918
709 993
710 773
710 808
710 837
710 860
710 931
710 963
710 987
711 791
711 839
712 724
712 734
712 768
712 856
712 923
712 996
713 739
713 782
713 783
713 857
713 861
713 940
713 958
714 817
714 876
714 917
714 977
715 906
715 911
715 941
716 729
716 788
716 832
716 836
716 959
716 990
717 916
717 984
717 986
717 991
718 732
718 757
718 909
718 914
718 954
718 980
719 806
719 807
719 882
719 976
720 761
720 798
720 851
720 888
720 974
721 777
721 859
721 868
721 893
721 919
721 937
721 956
721 978
722 778
722 827
722 833
722 855
722 908
722 951
722 971
723 730
723 864
723 884
723 929
723 930
724 957
724 996
725 731
725 737
725 843
725 898
725 899
725 938
726 743
726 797
726 801
726 815
726 862
726 962
726 993
727 753
727 760
727 775
728 796
728 840
728 867
729 738
729 782
729 783
729 832
729 836
729 959
729 990
730 825
730 884
730 929
730 960
731 737
731 843
731 953
732 757
732 909
732 914
732 980
733 736
733 763
733 780
733 852
733 891
733 985
734 768
734 802
734 856
734 933
735 762
735 849
735 865
736 823
736 891
737 843
737 898
737 899
737 953
738 783
738 832
738 836
738 959
738 990
739 781
739 782
739 783
739 857
739 861
739 958
740 834
741 767
741 777
741 810
741 844
741 919
741 934
741 956
742 760
742 775
743 797
743 801
743 815
743 870
743 881
743 962
743 992
744 817
744 847
744 928
745 758
745 950
745 997
746 803
746 810
746 844
746 944
747 835
747 870
747 880
747 881
747 886
747 955
747 998
748 793
748 807
748 818
748 822
748 921
749 811
749 859
749 872
749 879
749 937
749 939
749 978
749 979
750 755
750 816
750 838
750 857
750 940
751 883
751 904
752 772
752 778
752 811
752 939
752 965
752 975
753 760
753 775
753 981
754 827
754 855
754 951
754 971
755 768
755 816
755 838
755 857
755 923
755 940
756 875
756 890
756 936
756 973
757 909
757 914
757 954
757 980
758 950
758 997
759 789
759 874
759 903
759 922
759 948
760 775
760 812
760 828
760 927
760 981
761 851
761 888
761 908
761 974
762 849
762 852
762 891
763 780
763 852
763 891
763 900
763 964
763 985
763 999
764 866
764 889
765 869
765 902
766 773
766 808
766 837
766 881
766 886
766 962
766 988
767 777
767 779
767 810
767 844
767 919
767 934
768 816
768 838
768 856
768 923
769 804
769 821
769 826
769 877
769 887
769 895
769 967
769 977
769 986
770 969
770 980
771 795
771 897
771 911
771 925
772 778
772 811
772 833
772 965
772 975
773 808
773 837
773 886
773 963
773 987
773 988
774 882
774 907
774 976
776 855
776 879
776 892
776 913
776 978
777 810
777 868
777 892
777 919
777 934
777 956
777 978
778 811
778 827
778 833
778 939
778 971
779 799
779 944
780 853
780 891
780 985
781 848
781 858
781 861
781 873
781 883
781 924
781 958
781 983
782 783
782 857
782 940
783 832
783 836
784 813
784 825
784 915
785 889
785 947
785 982
786 795
786 896
787 788
787 946
787 965
788 959
788 965
788 990
789 800
789 874
789 922
789 948
790 824
790 830
790 850
790 885
790 970
792 874
792 899
792 903
792 938
793 807
793 818
793 822
793 840
793 867
793 921
793 954
794 920
795 896
795 897
795 911
795 925
796 809
796 841
796 863
796 912
797 815
797 870
797 881
797 955
797 962
797 992
798 809
798 851
798 960
799 916
799 944
799 991
800 922
800 948
801 815
802 856
802 933
802 992
803 944
804 877
804 895
804 967
804 977
804 986
805 834
806 807
806 822
806 882
806 954
806 976
807 822
807 882
808 837
808 886
808 963
808 987
808 988
809 841
809 863
809 912
810 844
810 919
810 934
810 956
811 872
811 939
811 965
811 975
811 979
812 828
812 864
812 927
812 981
813 825
813 869
813 915
814 842
814 877
814 887
814 890
814 894
814 895
814 936
814 952
814 972
815 870
815 881
815 933
815 992
816 838
816 923
816 940
817 847
817 876
817 917
817 928
818 822
818 840
818 841
818 863
818 867
818 888
818 912
818 921
819 961
819 994
820 834
820 918
821 826
821 831
821 877
821 901
821 945
821 966
821 967
822 840
822 867
822 921
822 954
823 849
823 865
824 830
824 850
824 871
824 885
825 915
826 853
826 877
826 887
826 894
826 901
826 967
827 855
827 908
827 951
827 971
828 864
828 927
828 981
829 839
829 854
829 994
830 850
830 984
831 853
831 901
831 945
831 966
831 995
832 836
832 959
832 990
833 908
833 974
834 918
835 880
835 943
835 955
835 998
836 959
836 990
837 886
837 962
837 987
837 988
838 940
839 846
840 841
840 863
840 867
840 912
840 921
841 863
841 888
841 912
841 921
842 887
842 894
842 936
842 952
842 972
843 953
844 944
845 926
847 876
847 905
848 873
848 883
848 924
848 935
848 989
849 865
849 997
850 885
850 970
851 974
852 891
852 985
853 901
853 973
854 994
855 951
855 971
856 933
857 940
858 861
858 873
858 883
858 924
858 958
858 983
859 868
859 872
859 879
859 893
859 937
859 978
859 979
860 931
861 958
861 983
862 878
862 962
862 993
863 912
864 927
864 930
866 889
867 954
868 879
868 919
868 934
868 937
868 956
868 978
869 902
870 880
870 881
870 886
870 955
871 876
871 905
872 937
872 939
872 946
872 949
872 979
873 883
873 924
873 932
873 958
873 983
874 903
874 922
874 948
874 950
875 890
875 936
875 973
876 917
877 887
877 894
877 895
877 967
878 962
878 993
879 937
879 939
879 978
879 979
880 943
880 955
880 998
881 886
881 955
881 962
882 976
883 924
883 983
884 929
884 930
884 960
885 905
886 955
886 962
886 988
886 998
887 890
887 894
887 895
887 936
887 952
887 967
887 972
888 912
888 921
889 947
890 894
890 936
891 985
892 913
892 934
892 956
892 968
893 937
893 949
894 895
894 936
894 972
895 952
895 967
895 972
895 977
896 907
898 899
898 938
899 938
900 964
900 985
900 999
901 945
901 966
901 995
903 922
903 948
906 926
907 982
908 971
908 974
909 914
909 980
910 935
910 989
911 925
911 941
911 942
912 921
913 968
913 978
914 954
914 980
916 984
916 986
916 991
917 977
918 964
918 999
919 934
919 956
919 978
922 948
924 989
925 941
927 930
927 981
929 930
929 960
931 988
931 998
932 983
933 992
934 956
934 978
935 989
937 978
939 979
941 942
942 947
943 998
945 966
945 995
946 949
946 965
947 982
950 997
951 971
952 972
955 998
956 978
957 996
958 983
959 990
962 993
963 987
964 985
964 999
965 975
966 995
967 977
967 986
969 980
977 986
978 979
985 999
988 998
