0 12
0 225
0 265
0 298
0 305
0 341
0 362
0 407
0 588
0 601
0 614
0 629
0 642
0 688
0 725
0 773
0 788
0 808
0 847
0 856
0 960
0 979
1 45
1 110
1 134
1 197
1 376
1 506
1 595
1 711
1 752
1 763
1 889
1 992
2 133
2 171
2 213
2 307
2 381
2 391
2 402
2 493
2 540
2 564
2 628
2 675
2 698
2 799
2 817
2 953
2 961
3 6
3 17
3 26
3 27
3 43
3 73
3 88
3 102
3 137
3 232
3 251
3 332
3 384
3 437
3 450
3 456
3 557
3 665
3 674
3 876
3 967
4 31
4 109
4 250
4 286
4 328
4 355
4 416
4 422
4 426
4 449
4 591
4 728
4 729
4 754
4 839
4 843
4 852
4 857
4 880
5 237
5 253
5 364
5 405
5 409
5 441
5 508
5 517
5 523
5 684
5 739
5 873
5 908
5 990
6 23
6 43
6 47
6 73
6 232
6 251
6 332
6 450
6 665
6 674
6 876
6 967
6 974
7 131
7 158
7 194
7 241
7 266
7 322
7 413
7 639
7 746
7 779
7 805
7 862
7 916
7 966
7 989
8 85
8 100
8 187
8 193
8 195
8 275
8 435
8 444
8 479
8 514
8 516
8 548
8 592
8 691
8 704
8 708
8 734
8 760
8 801
8 820
8 834
8 838
8 927
9 50
9 136
9 248
9 334
9 361
9 425
9 454
9 488
9 578
9 632
9 719
9 732
9 750
9 753
10 98
10 183
10 222
10 270
10 313
10 345
10 354
10 379
10 395
10 460
10 525
10 620
10 635
10 731
10 736
10 744
10 837
10 884
10 901
11 90
11 330
11 342
11 415
11 477
11 552
11 700
11 710
11 814
11 877
11 920
11 968
11 977
12 18
12 49
12 164
12 265
12 298
12 341
12 362
12 407
12 601
12 614
12 688
12 784
12 808
12 856
12 919
12 942
12 979
13 62
13 163
13 169
13 333
13 526
13 562
13 573
13 606
13 681
13 854
14 58
14 71
14 188
14 277
14 299
14 303
14 370
14 439
14 533
14 622
14 661
14 676
14 679
14 692
14 813
14 869
14 870
14 894
14 933
14 981
15 186
15 217
15 309
15 383
15 470
15 494
15 645
15 714
15 865
15 939
15 972
16 58
16 215
16 303
16 468
16 476
16 533
16 535
16 536
16 619
16 646
16 706
16 813
16 833
16 836
16 894
16 905
16 934
16 954
17 88
17 184
17 232
17 311
17 456
17 519
17 557
17 609
17 665
17 775
17 967
18 49
18 164
18 280
18 341
18 362
18 375
18 808
18 835
18 856
18 919
18 942
19 42
19 132
19 358
19 487
19 619
19 646
19 706
19 755
19 833
19 904
19 986
20 104
20 143
20 293
20 350
20 361
20 386
20 421
20 495
20 513
20 535
20 584
20 669
20 747
20 941
20 954
20 969
21 29
21 34
21 126
21 130
21 224
21 274
21 424
21 484
21 515
21 542
21 554
21 603
21 712
21 733
21 786
21 895
21 970
22 159
22 211
22 242
22 283
22 301
22 329
22 337
22 365
22 417
22 511
22 549
22 576
22 676
22 896
23 43
23 47
23 53
23 224
23 232
23 267
23 332
23 674
23 712
23 876
23 895
23 967
23 974
24 162
24 177
24 290
24 312
24 378
24 385
24 481
24 544
24 590
24 658
24 804
24 858
24 955
24 958
25 143
25 156
25 350
25 358
25 401
25 509
25 535
25 563
25 584
25 646
25 756
25 781
25 885
25 904
25 905
25 941
25 954
26 27
26 73
26 102
26 137
26 251
26 384
26 437
26 557
26 665
27 88
27 102
27 137
27 251
27 384
27 437
27 557
27 624
27 793
27 846
28 35
28 147
28 185
28 289
28 340
28 346
28 504
28 587
28 630
28 641
28 652
28 812
28 983
29 53
29 178
29 224
29 267
29 465
29 484
29 503
29 542
29 554
29 712
29 895
29 970
30 315
30 405
30 459
30 517
30 560
30 570
30 654
30 716
30 755
30 802
30 849
30 976
31 80
31 210
31 318
31 357
31 480
31 491
31 591
31 650
31 727
31 852
31 857
31 880
31 912
31 959
32 54
32 146
32 155
32 179
32 205
32 234
32 323
32 440
32 458
32 580
32 680
32 690
32 825
32 868
33 123
33 129
33 249
33 276
33 288
33 352
33 685
33 717
33 822
33 842
33 883
33 978
34 127
34 130
34 252
34 423
34 424
34 515
34 538
34 603
34 647
34 786
34 825
35 52
35 147
35 155
35 179
35 289
35 323
35 340
35 587
35 641
35 858
36 399
36 400
36 740
36 888
36 890
36 962
37 47
37 73
37 251
37 332
37 450
37 674
37 761
37 974
38 101
38 111
38 115
38 140
38 244
38 282
38 306
38 367
38 448
38 485
38 910
39 150
39 156
39 253
39 287
39 358
39 509
39 563
39 646
39 659
39 756
39 768
39 903
39 904
39 908
39 951
40 77
40 118
40 138
40 181
40 194
40 204
40 368
40 483
40 569
40 639
40 643
40 687
40 701
40 720
40 805
40 862
41 78
41 108
41 220
41 227
41 246
41 430
41 431
41 534
41 745
41 918
41 937
42 77
42 132
42 138
42 204
42 368
42 373
42 403
42 476
42 483
42 487
42 619
42 701
42 706
42 720
42 833
42 836
42 930
42 934
42 986
43 232
43 251
43 332
43 665
43 674
43 876
43 967
43 974
44 69
44 107
44 145
44 148
44 172
44 506
44 529
44 530
44 577
44 670
44 889
44 902
45 110
45 134
45 136
45 248
45 376
45 466
45 578
45 711
45 719
45 750
45 752
45 763
45 853
46 99
46 388
46 397
46 447
46 510
46 581
46 596
46 730
46 743
46 783
46 792
46 844
47 223
47 332
47 380
47 450
47 583
47 674
47 761
47 974
48 185
48 231
48 285
48 314
48 443
48 504
48 524
48 587
48 771
48 785
48 796
48 812
48 861
48 924
48 983
49 164
49 265
49 280
49 298
49 341
49 362
49 784
49 808
49 856
49 919
49 942
50 111
50 115
50 244
50 282
50 334
50 356
50 367
50 454
50 488
50 578
50 626
50 713
50 753
51 121
51 294
51 479
51 585
51 596
51 634
51 697
51 734
51 760
51 762
51 850
51 872
52 147
52 177
52 179
52 290
52 323
52 641
52 825
52 858
53 112
53 178
53 224
53 267
53 484
53 503
53 554
53 712
53 895
54 146
54 168
54 205
54 234
54 344
54 359
54 423
54 440
54 458
54 580
54 647
54 715
54 845
54 868
54 993
55 83
55 199
55 207
55 216
55 225
55 305
55 430
55 532
55 629
55 642
55 725
55 789
55 847
55 867
55 960
56 71
56 91
56 159
56 166
56 190
56 301
56 316
56 329
56 574
56 707
56 726
56 772
56 790
56 859
56 878
56 886
56 933
57 126
57 170
57 223
57 267
57 274
57 515
57 583
57 733
57 895
57 945
58 215
58 303
58 439
58 468
58 476
58 513
58 533
58 535
58 536
58 679
58 813
58 833
58 869
58 894
58 934
58 981
59 76
59 120
59 192
59 250
59 260
59 291
59 292
59 319
59 335
59 408
59 411
59 426
59 432
59 612
59 656
59 686
59 729
59 754
59 830
59 843
59 913
60 90
60 139
60 184
60 311
60 331
60 351
60 415
60 477
60 547
60 552
60 553
60 672
60 700
60 710
60 814
60 920
60 938
60 947
60 972
61 67
61 87
61 103
61 171
61 307
61 366
61 391
61 402
61 486
61 528
61 540
61 586
61 628
61 655
61 759
61 777
61 860
61 914
62 163
62 169
62 333
62 526
62 562
62 573
62 606
62 681
62 854
63 127
63 130
63 177
63 252
63 261
63 312
63 424
63 538
63 542
63 786
63 970
64 94
64 153
64 166
64 203
64 496
64 558
64 562
64 567
64 574
64 772
64 790
64 854
64 859
64 899
64 952
65 114
65 128
65 131
65 158
65 300
65 366
65 413
65 433
65 593
65 916
65 921
65 989
65 999
66 75
66 165
66 243
66 451
66 497
66 660
66 668
66 722
66 778
66 780
66 887
66 994
66 997
67 87
67 171
67 284
67 307
67 349
67 391
67 396
67 402
67 453
67 486
67 522
67 527
67 528
67 540
67 586
67 628
67 860
67 987
68 157
68 273
68 296
68 429
68 469
68 482
68 521
68 764
68 840
68 907
68 985
69 74
69 107
69 145
69 148
69 442
69 446
69 502
69 546
69 565
69 577
69 582
69 618
70 116
70 273
70 296
70 297
70 469
70 482
70 571
70 747
70 764
70 776
70 840
70 948
70 985
71 91
71 159
71 180
71 188
71 190
71 242
71 277
71 299
71 301
71 329
71 365
71 549
71 622
71 644
71 661
71 692
71 703
71 726
71 933
72 84
72 122
72 154
72 176
72 245
72 258
72 259
72 382
72 419
72 528
72 586
72 598
72 777
72 841
72 964
73 251
73 332
73 384
73 437
73 450
73 665
73 674
73 761
73 974
74 107
74 148
74 320
74 414
74 436
74 442
74 446
74 471
74 502
74 529
74 546
74 565
74 577
74 582
74 864
74 946
74 950
74 980
75 243
75 406
75 410
75 492
75 497
75 518
75 616
75 660
75 668
75 778
75 780
75 815
75 887
75 994
75 997
76 120
76 192
76 250
76 260
76 286
76 291
76 292
76 317
76 408
76 422
76 426
76 432
76 631
76 656
76 728
76 729
76 754
76 830
76 843
76 913
76 991
77 132
77 138
77 204
77 368
77 403
77 483
77 487
77 569
77 687
77 701
77 720
77 755
77 802
77 986
78 228
78 246
78 412
78 420
78 430
78 525
78 534
78 588
78 788
78 851
78 884
78 901
78 937
78 960
79 161
79 165
79 173
79 218
79 243
79 319
79 335
79 406
79 408
79 411
79 492
79 497
79 505
79 660
79 664
79 686
79 780
79 874
79 913
79 935
80 109
80 210
80 229
80 247
80 325
80 348
80 416
80 428
80 480
80 489
80 556
80 615
80 633
80 728
80 803
80 811
80 827
80 880
80 915
80 959
81 99
81 125
81 236
81 256
81 394
81 397
81 447
81 478
81 510
81 581
81 597
81 640
81 783
81 943
82 167
82 257
82 501
82 566
82 667
82 770
83 199
83 207
83 212
83 216
83 305
83 532
83 689
83 725
83 773
83 789
83 847
83 867
83 973
84 122
84 154
84 160
84 176
84 245
84 255
84 258
84 259
84 382
84 419
84 528
84 598
84 841
85 100
85 106
85 170
85 187
85 193
85 275
85 398
85 444
85 514
85 548
85 561
85 691
85 704
85 738
85 834
85 927
85 940
85 945
86 92
86 206
86 250
86 286
86 328
86 355
86 422
86 449
86 631
86 754
86 839
87 103
87 171
87 307
87 391
87 402
87 453
87 486
87 493
87 522
87 528
87 540
87 586
87 628
87 759
87 777
87 860
88 102
88 135
88 137
88 139
88 311
88 437
88 456
88 519
88 547
88 557
88 624
88 671
88 793
88 846
89 228
89 298
89 326
89 588
89 601
89 614
89 629
89 784
89 788
89 828
89 851
89 881
89 942
89 960
89 979
90 342
90 415
90 477
90 552
90 672
90 700
90 710
90 741
90 814
90 866
90 877
90 920
90 968
90 972
90 977
91 159
91 180
91 188
91 190
91 242
91 277
91 301
91 329
91 365
91 549
91 622
91 644
91 692
91 703
91 707
91 726
91 859
91 933
92 192
92 206
92 250
92 286
92 291
92 432
92 449
92 631
92 656
92 729
92 754
93 295
93 377
93 496
93 526
93 558
93 562
93 573
93 832
93 854
93 893
93 899
93 965
94 153
94 203
94 310
94 316
94 567
94 574
94 589
94 648
94 702
94 859
94 929
94 952
94 995
95 140
95 142
95 230
95 282
95 356
95 395
95 475
95 555
95 610
95 626
95 636
95 713
95 765
96 235
96 262
96 336
96 604
96 605
96 748
96 821
96 823
96 879
96 917
96 949
97 170
97 398
97 537
97 561
97 704
97 738
97 927
97 940
97 945
98 141
98 174
98 183
98 222
98 270
98 313
98 354
98 379
98 460
98 525
98 620
98 635
98 670
98 731
98 736
98 744
98 837
98 884
98 901
98 902
99 125
99 236
99 256
99 394
99 397
99 438
99 447
99 457
99 478
99 510
99 581
99 597
99 640
99 730
99 743
99 783
99 943
99 956
100 121
100 187
100 275
100 294
100 444
100 479
100 514
100 592
100 634
100 697
100 704
100 708
100 734
100 760
100 762
100 807
100 820
100 838
100 927
100 996
101 111
101 115
101 157
101 244
101 306
101 448
101 485
101 907
101 910
102 137
102 384
102 437
102 456
102 557
102 624
102 793
102 846
103 171
103 307
103 366
103 391
103 402
103 486
103 528
103 540
103 586
103 628
103 655
103 759
103 777
103 860
103 914
103 999
104 293
104 361
104 421
104 425
104 632
104 732
104 747
104 750
105 195
105 208
105 236
105 268
105 438
105 447
105 457
105 478
105 479
105 516
105 694
105 734
105 751
105 760
105 762
105 838
105 872
105 956
106 126
106 193
106 274
106 275
106 435
106 515
106 548
106 603
106 647
106 691
106 733
106 834
107 145
107 148
107 436
107 442
107 446
107 502
107 529
107 530
107 546
107 565
107 577
107 582
107 618
107 864
107 950
108 220
108 227
108 246
108 278
108 412
108 431
108 534
108 745
108 918
108 937
109 120
109 250
109 317
109 355
109 416
109 422
109 426
109 428
109 556
109 728
109 729
109 754
109 811
109 839
109 843
109 852
109 880
109 915
109 991
110 136
110 248
110 353
110 376
110 386
110 466
110 600
110 679
110 711
110 719
110 724
110 752
110 763
110 853
110 892
110 992
111 115
111 116
111 244
111 282
111 306
111 367
111 454
111 485
111 488
111 753
111 910
112 263
112 360
112 465
112 503
112 609
112 611
112 662
112 678
112 683
112 775
112 906
112 998
113 119
113 124
113 180
113 190
113 204
113 373
113 439
113 472
113 476
113 490
113 644
113 677
113 692
113 703
113 726
113 749
113 836
113 930
113 933
113 984
114 128
114 158
114 300
114 336
114 366
114 433
114 593
114 604
114 605
114 655
114 914
114 917
114 921
114 999
115 140
115 244
115 282
115 306
115 367
115 448
115 454
115 485
115 753
115 910
116 157
116 297
116 367
116 521
116 747
116 840
116 907
116 910
117 148
117 175
117 211
117 283
117 337
117 417
117 506
117 529
117 530
117 595
117 653
117 864
117 889
118 163
118 181
118 490
118 606
118 639
118 643
118 666
118 746
118 805
118 862
118 982
119 124
119 180
119 190
119 204
119 215
119 303
119 373
119 403
119 439
119 472
119 476
119 533
119 644
119 677
119 692
119 701
119 703
119 706
119 813
119 836
119 930
119 933
119 934
119 984
120 226
120 250
120 254
120 260
120 291
120 292
120 317
120 416
120 426
120 432
120 556
120 728
120 729
120 754
120 811
120 830
120 843
120 915
120 991
121 294
121 444
121 592
121 634
121 697
121 708
121 734
121 760
121 762
121 807
121 820
121 996
122 154
122 160
122 176
122 245
122 255
122 258
122 259
122 382
122 419
122 735
123 352
123 717
123 742
123 822
123 842
123 978
123 988
124 180
124 190
124 472
124 490
124 643
124 644
124 677
124 692
124 703
124 726
124 749
124 878
124 886
124 933
124 984
125 200
125 236
125 256
125 347
125 394
125 418
125 438
125 457
125 478
125 640
125 751
125 943
125 956
126 267
126 274
126 515
126 583
126 603
126 733
126 895
126 945
127 130
127 177
127 252
127 290
127 312
127 424
127 538
127 786
128 131
128 158
128 300
128 336
128 366
128 413
128 433
128 593
128 916
128 921
128 989
128 999
129 249
129 276
129 288
129 467
129 685
129 822
129 883
129 978
130 252
130 274
130 424
130 515
130 538
130 542
130 603
130 733
130 786
130 970
131 158
131 194
131 241
131 300
131 413
131 593
131 605
131 651
131 779
131 879
131 897
131 916
131 966
131 989
132 138
132 204
132 368
132 373
132 403
132 476
132 483
132 487
132 619
132 701
132 706
132 720
132 755
132 833
132 836
132 930
132 986
133 171
133 213
133 307
133 322
133 381
133 402
133 493
133 540
133 564
133 675
133 799
133 817
133 953
133 961
134 197
134 376
134 550
134 625
134 626
134 711
134 763
134 889
134 900
135 139
135 189
135 311
135 331
135 351
135 383
135 543
135 547
135 551
135 553
135 624
135 671
135 699
135 793
135 819
135 829
135 923
135 938
135 939
136 248
136 334
136 361
136 376
136 488
136 578
136 632
136 719
136 732
136 750
136 969
137 251
137 384
137 437
137 557
137 624
137 793
137 846
138 204
138 368
138 403
138 483
138 487
138 569
138 687
138 701
138 720
138 755
138 802
138 986
139 186
139 189
139 311
139 331
139 351
139 383
139 543
139 547
139 553
139 671
139 672
139 793
139 814
139 819
139 829
139 923
139 938
139 939
139 947
140 230
140 282
140 306
140 448
140 475
140 485
140 695
140 713
140 932
141 174
141 197
141 222
141 270
141 313
141 395
141 550
141 555
141 610
141 625
141 635
141 670
141 744
141 765
141 837
141 900
141 902
142 230
142 233
142 278
142 345
142 354
142 395
142 475
142 555
142 608
142 610
142 636
142 695
142 696
142 713
142 932
143 156
143 293
143 350
143 401
143 421
143 468
143 495
143 535
143 563
143 584
143 646
143 781
143 885
143 905
143 941
143 954
144 213
144 266
144 322
144 333
144 381
144 564
144 666
144 682
144 799
144 982
145 148
145 172
145 222
145 442
145 502
145 530
145 565
145 577
145 618
145 670
145 837
145 902
146 205
146 234
146 344
146 359
146 423
146 440
146 458
146 538
146 580
146 647
146 715
146 825
146 845
146 993
147 155
147 179
147 289
147 323
147 340
147 641
147 858
148 172
148 442
148 502
148 529
148 530
148 577
148 582
148 864
149 210
149 219
149 280
149 326
149 357
149 480
149 499
149 520
149 531
149 621
149 633
149 650
149 803
149 959
149 963
150 156
150 253
150 287
150 358
150 509
150 563
150 646
150 659
150 756
150 768
150 903
150 904
150 951
151 213
151 333
151 381
151 573
151 799
151 977
152 235
152 304
152 570
152 572
152 575
152 579
152 654
152 663
152 673
152 709
152 748
152 757
152 782
152 821
152 823
152 849
152 897
152 898
152 949
152 976
153 166
153 203
153 316
153 567
153 574
153 589
153 648
153 657
153 772
153 859
153 952
153 995
154 176
154 245
154 258
154 259
154 382
154 419
154 598
154 841
154 964
155 179
155 205
155 218
155 234
155 323
155 340
155 440
155 458
155 641
155 664
155 680
155 690
155 787
155 848
155 868
156 324
156 350
156 401
156 509
156 563
156 584
156 659
156 756
156 768
156 776
156 781
156 797
156 885
156 891
156 903
156 936
156 941
157 273
157 521
157 840
157 907
157 910
157 985
158 241
158 300
158 336
158 413
158 433
158 593
158 605
158 651
158 879
158 916
158 921
158 966
158 989
158 999
159 211
159 242
159 301
159 316
159 329
159 337
159 365
159 511
159 549
159 576
159 702
159 859
159 896
159 929
160 176
160 255
160 258
160 259
160 269
160 281
160 419
160 735
160 758
160 841
161 173
161 218
161 243
161 319
161 335
161 406
161 408
161 411
161 492
161 505
161 660
161 664
161 686
161 780
161 809
161 848
161 874
161 913
161 935
162 209
162 261
162 312
162 374
162 378
162 385
162 474
162 481
162 512
162 544
162 545
162 568
162 590
162 599
162 658
162 737
162 804
162 863
162 871
162 955
162 958
163 169
163 181
163 333
163 490
163 526
163 606
163 639
163 643
163 666
163 681
163 982
164 362
164 375
164 835
164 856
164 919
165 192
165 243
165 319
165 408
165 451
165 492
165 497
165 656
165 660
165 686
165 722
165 780
165 935
165 994
166 169
166 316
166 562
166 567
166 574
166 707
166 726
166 772
166 790
166 859
166 878
166 886
167 201
167 257
167 269
167 389
167 404
167 501
167 566
167 617
167 649
167 667
167 909
167 926
168 200
168 205
168 214
168 234
168 240
168 264
168 347
168 387
168 418
168 458
168 694
168 715
168 806
168 868
168 993
169 526
169 558
169 562
169 681
169 772
169 790
169 854
169 878
170 398
170 537
170 561
170 583
170 704
170 738
170 927
170 940
170 945
171 307
171 391
171 402
171 486
171 493
171 540
171 564
171 586
171 628
171 675
171 698
171 817
171 860
171 953
171 961
172 506
172 530
172 595
172 670
172 889
172 902
173 218
173 319
173 335
173 387
173 406
173 408
173 411
173 492
173 505
173 652
173 660
173 664
173 680
173 690
173 780
173 787
173 806
173 809
173 848
173 874
173 935
174 222
174 270
174 313
174 395
174 550
174 610
174 625
174 635
174 670
174 744
174 765
174 837
174 900
174 902
175 198
175 211
175 283
175 327
175 337
175 343
175 414
175 462
175 511
175 529
175 576
175 627
175 718
175 795
175 864
175 875
175 896
175 946
175 950
176 245
176 255
176 258
176 259
176 284
176 349
176 419
176 598
176 841
177 290
177 312
177 538
177 786
177 825
177 858
178 196
178 209
178 224
178 312
178 424
178 465
178 473
178 484
178 503
178 542
178 545
178 554
178 712
178 855
178 911
178 970
178 998
179 323
179 340
179 440
179 458
179 641
179 680
179 825
180 188
180 190
180 439
180 472
180 622
180 644
180 677
180 692
180 703
180 726
180 749
180 886
180 933
180 984
181 194
181 490
181 569
181 606
181 639
181 643
181 687
181 746
181 805
181 862
181 982
182 302
182 304
182 427
182 570
182 572
182 575
182 579
182 602
182 637
182 663
182 673
182 757
182 782
182 898
183 221
183 222
183 228
183 313
183 460
183 525
183 620
183 635
183 731
183 736
183 767
183 901
184 311
184 369
184 519
184 552
184 609
184 662
184 683
184 710
184 769
184 775
184 947
185 289
185 340
185 346
185 443
185 504
185 587
185 630
185 812
185 818
185 861
185 983
186 189
186 217
186 331
186 383
186 470
186 543
186 553
186 671
186 672
186 699
186 714
186 829
186 831
186 923
186 925
186 938
186 939
187 193
187 275
187 435
187 444
187 514
187 561
187 592
187 691
187 704
187 708
187 734
187 738
187 820
187 834
187 838
187 927
187 940
188 190
188 242
188 277
188 299
188 353
188 365
188 370
188 533
188 622
188 661
188 676
188 692
188 703
188 813
188 869
188 870
188 894
188 933
188 981
189 331
189 383
189 543
189 547
189 551
189 553
189 624
189 671
189 699
189 793
189 819
189 829
189 831
189 923
189 925
189 931
189 938
189 939
190 439
190 472
190 622
190 644
190 677
190 692
190 703
190 726
190 749
190 886
190 933
190 984
191 201
191 257
191 281
191 390
191 404
191 607
191 617
191 623
191 667
191 766
191 794
191 909
191 926
192 250
192 286
192 291
192 292
192 319
192 408
192 411
192 432
192 631
192 656
192 686
192 729
192 754
192 843
192 913
193 195
193 275
193 359
193 435
193 514
193 515
193 516
193 548
193 603
193 691
193 801
193 834
194 241
194 368
194 413
194 569
194 639
194 687
194 746
194 779
194 802
194 805
194 862
194 916
194 966
195 208
195 268
195 275
195 344
195 359
195 435
195 479
195 514
195 516
195 548
195 691
195 734
195 760
195 801
195 834
195 838
195 845
196 209
196 261
196 312
196 360
196 465
196 473
196 474
196 498
196 503
196 539
196 545
196 554
196 611
196 678
196 855
196 863
196 906
196 911
196 975
196 998
197 356
197 376
197 550
197 555
197 625
197 626
197 711
197 713
197 763
197 765
197 900
198 211
198 231
198 285
198 327
198 343
198 414
198 462
198 464
198 471
198 511
198 576
198 627
198 718
198 795
198 875
198 946
198 971
198 980
199 207
199 212
199 216
199 225
199 305
199 532
199 689
199 725
199 773
199 789
199 847
199 867
199 973
200 214
200 234
200 240
200 264
200 347
200 418
200 438
200 694
200 815
201 257
201 269
201 281
201 390
201 404
201 607
201 617
201 623
201 667
201 766
201 770
201 794
201 909
201 926
202 272
202 279
202 338
202 638
202 705
202 740
202 810
202 944
202 962
203 271
203 374
203 567
203 574
203 589
203 648
203 657
203 772
203 952
203 995
204 368
204 373
204 403
204 472
204 476
204 483
204 569
204 687
204 701
204 706
204 720
204 836
204 930
204 986
205 214
205 234
205 264
205 440
205 458
205 580
205 680
205 715
205 806
205 845
205 868
205 993
206 250
206 286
206 328
206 355
206 422
206 449
206 631
206 729
206 754
206 839
207 216
207 225
207 305
207 430
207 532
207 725
207 789
207 847
207 867
208 236
208 268
208 418
208 438
208 447
208 457
208 478
208 479
208 516
208 694
208 751
208 760
208 956
209 261
209 312
209 378
209 385
209 465
209 473
209 474
209 498
209 512
209 539
209 545
209 568
209 590
209 855
209 863
209 911
209 975
210 247
210 357
210 480
210 489
210 499
210 621
210 633
210 650
210 803
210 880
210 959
210 963
211 283
211 327
211 337
211 343
211 511
211 549
211 576
211 627
211 795
211 896
212 216
212 407
212 463
212 532
212 689
212 725
212 773
212 789
212 847
212 973
213 266
213 322
213 381
213 493
213 564
213 666
213 675
213 682
213 799
213 817
214 234
214 240
214 264
214 347
214 387
214 410
214 518
214 806
214 815
214 868
215 303
215 373
215 403
215 439
215 468
215 476
215 533
215 706
215 813
215 833
215 836
215 869
215 894
215 930
215 934
216 225
216 305
216 532
216 725
216 789
216 847
216 867
217 309
217 321
217 470
217 494
217 527
217 645
217 714
217 865
217 987
218 264
218 387
218 406
218 492
218 505
218 518
218 652
218 664
218 680
218 690
218 780
218 787
218 806
218 848
218 868
218 874
219 221
219 239
219 308
219 326
219 499
219 507
219 531
219 621
219 767
219 826
219 881
219 957
219 963
220 227
220 233
220 278
220 345
220 412
220 534
220 608
220 696
220 745
220 918
220 937
221 228
221 239
221 308
221 326
221 460
221 499
221 507
221 767
221 826
221 881
222 313
222 460
222 618
222 620
222 635
222 670
222 731
222 736
222 744
222 837
222 902
223 267
223 332
223 380
223 583
223 761
223 895
223 974
224 267
224 484
224 503
224 542
224 554
224 712
224 733
224 895
224 970
225 305
225 430
225 532
225 588
225 629
225 642
225 725
225 789
225 847
225 867
225 960
226 238
226 254
226 260
226 317
226 348
226 426
226 445
226 461
226 556
226 612
226 728
226 811
226 818
226 830
226 915
226 991
227 246
227 412
227 431
227 745
227 918
227 937
228 420
228 460
228 525
228 534
228 731
228 736
228 788
228 851
228 881
228 884
228 901
229 247
229 254
229 317
229 325
229 348
229 393
229 416
229 428
229 434
229 445
229 489
229 556
229 615
229 728
229 811
229 827
229 915
230 233
230 448
230 475
230 695
230 932
231 285
231 443
231 464
231 718
231 771
231 785
231 796
231 875
231 924
231 971
232 251
232 332
232 456
232 519
232 609
232 665
232 674
232 876
232 967
232 974
233 278
233 345
233 475
233 608
233 636
233 695
233 696
233 745
233 932
234 264
234 387
234 440
234 458
234 580
234 715
234 806
234 845
234 868
234 993
235 304
235 570
235 575
235 579
235 654
235 663
235 673
235 709
235 748
235 782
235 821
235 823
235 879
235 897
235 949
235 976
236 256
236 394
236 397
236 418
236 438
236 447
236 457
236 478
236 510
236 597
236 640
236 730
236 751
236 783
236 943
236 956
237 249
237 253
237 276
237 287
237 288
237 364
237 405
237 409
237 441
237 508
237 684
237 739
237 873
237 883
237 908
238 254
238 314
238 317
238 348
238 445
238 461
238 524
238 818
238 861
238 915
238 991
239 308
239 499
239 507
239 546
239 565
239 618
239 621
239 767
239 826
239 957
239 963
240 264
240 347
240 387
240 410
240 418
240 518
240 806
240 815
240 868
241 300
241 413
241 651
241 746
241 779
241 805
241 862
241 916
241 966
241 989
242 277
242 283
242 299
242 301
242 337
242 353
242 365
242 370
242 417
242 511
242 549
242 600
242 622
242 661
242 676
242 870
242 896
243 319
243 406
243 408
243 411
243 451
243 492
243 497
243 660
243 668
243 686
243 722
243 780
243 887
243 913
243 935
243 994
244 282
244 306
244 334
244 367
244 454
244 485
244 488
244 753
244 910
245 258
245 259
245 382
245 419
245 528
245 598
245 841
245 964
246 412
246 420
246 430
246 431
246 534
246 918
246 937
246 960
247 325
247 348
247 393
247 416
247 428
247 480
247 489
247 615
247 633
247 803
247 827
247 880
247 915
247 959
247 963
248 361
248 376
248 386
248 466
248 578
248 632
248 669
248 719
248 732
248 750
248 853
248 969
249 253
249 276
249 288
249 467
249 685
249 822
249 883
249 951
249 978
250 260
250 286
250 291
250 292
250 355
250 422
250 426
250 432
250 449
250 631
250 729
250 754
250 830
250 839
250 843
251 332
251 384
251 437
251 450
251 665
251 674
251 876
251 974
252 423
252 424
252 515
252 538
252 603
252 647
252 786
252 825
253 287
253 288
253 364
253 405
253 409
253 508
253 739
253 768
253 873
253 883
253 903
253 908
253 951
254 260
254 317
254 348
254 445
254 461
254 556
254 615
254 811
254 818
254 827
254 830
254 915
254 991
255 258
255 259
255 269
255 281
255 419
255 735
255 758
255 841
256 394
256 397
256 438
256 447
256 478
256 510
256 581
256 597
256 640
256 730
256 783
256 943
256 956
257 371
257 390
257 404
257 559
257 607
257 623
257 667
257 766
257 770
257 794
257 800
257 909
257 926
258 259
258 284
258 349
258 382
258 419
258 528
258 598
258 841
259 382
259 419
259 528
259 598
259 841
260 291
260 292
260 317
260 335
260 426
260 432
260 556
260 612
260 728
260 729
260 754
260 811
260 830
260 843
260 913
260 991
261 312
261 378
261 385
261 465
261 473
261 474
261 512
261 545
261 568
261 590
261 658
261 855
261 863
261 911
262 604
262 821
262 917
262 949
263 330
263 339
263 360
263 369
263 498
263 539
263 609
263 611
263 662
263 678
263 683
263 723
263 769
263 775
263 906
263 998
264 347
264 387
264 406
264 410
264 518
264 668
264 806
264 815
264 868
265 298
265 341
265 362
265 407
265 601
265 614
265 629
265 642
265 688
265 784
265 808
265 828
265 856
265 942
265 979
266 322
266 381
266 413
266 564
266 666
266 682
266 746
266 805
266 982
267 274
267 484
267 583
267 712
267 733
267 895
268 344
268 359
268 418
268 435
268 516
268 694
268 715
268 751
268 801
268 845
268 993
269 281
269 389
269 404
269 617
269 649
269 735
269 758
269 909
269 926
270 313
270 345
270 354
270 379
270 395
270 412
270 525
270 610
270 620
270 635
270 636
270 731
270 736
270 744
270 837
270 884
270 901
271 374
271 481
271 496
271 512
271 568
271 590
271 599
271 648
271 657
271 737
271 804
271 871
271 899
271 952
271 958
271 995
272 279
272 338
272 372
272 392
272 571
272 693
272 705
272 721
272 797
272 810
272 891
272 936
272 944
272 962
273 296
273 297
273 429
273 469
273 482
273 521
273 764
273 840
273 907
273 985
274 515
274 583
274 603
274 712
274 733
274 895
274 970
275 435
275 514
275 516
275 548
275 561
275 691
275 704
275 801
275 834
275 838
275 927
275 940
276 288
276 441
276 685
276 822
276 842
276 883
276 978
277 299
277 353
277 365
277 370
277 417
277 533
277 600
277 622
277 661
277 676
277 679
277 692
277 724
277 813
277 869
277 870
277 892
277 894
277 981
278 345
278 354
278 395
278 412
278 475
278 608
278 636
278 696
278 745
278 918
279 338
279 638
279 705
279 740
279 810
279 944
279 962
280 357
280 375
280 520
280 650
280 774
280 835
280 912
281 404
281 617
281 735
281 758
281 909
281 926
282 306
282 356
282 367
282 448
282 454
282 485
282 713
282 753
283 337
283 417
283 506
283 511
283 529
283 549
283 595
283 653
283 676
283 896
284 321
284 349
284 453
284 486
284 522
284 527
284 528
284 586
284 841
284 987
285 310
285 327
285 343
285 462
285 464
285 718
285 771
285 785
285 875
285 924
286 291
286 355
286 422
286 432
286 449
286 631
286 656
286 729
286 754
286 839
286 843
287 288
287 358
287 409
287 659
287 739
287 756
287 768
287 873
287 903
287 908
287 951
288 409
288 441
288 739
288 768
288 883
288 908
288 951
289 340
289 346
289 587
289 641
289 812
289 858
289 983
290 544
290 658
290 858
290 955
291 292
291 319
291 335
291 408
291 411
291 426
291 432
291 631
291 656
291 729
291 754
291 830
291 843
291 913
292 319
292 335
292 408
292 411
292 426
292 432
292 612
292 656
292 729
292 754
292 830
292 843
292 913
292 991
293 350
293 361
293 386
293 421
293 495
293 513
293 535
293 632
293 669
293 719
293 732
293 954
293 969
294 592
294 634
294 697
294 708
294 762
294 807
294 820
294 996
295 363
295 377
295 496
295 526
295 558
295 573
295 613
295 832
295 854
295 893
295 899
295 965
296 297
296 429
296 469
296 482
296 571
296 764
296 840
296 985
297 469
297 482
297 521
297 571
297 747
297 764
297 840
297 985
298 341
298 588
298 601
298 614
298 629
298 642
298 688
298 784
298 788
298 808
298 828
298 851
298 856
298 942
298 979
299 353
299 365
299 370
299 417
299 466
299 600
299 622
299 661
299 676
299 679
299 724
299 813
299 853
299 869
299 870
299 892
299 894
299 981
300 336
300 413
300 433
300 593
300 605
300 651
300 879
300 916
300 921
300 966
300 989
301 316
301 329
301 337
301 365
301 511
301 549
301 576
301 622
301 702
301 859
301 896
301 929
302 304
302 427
302 523
302 570
302 572
302 602
302 637
302 663
302 757
302 898
303 373
303 439
303 468
303 476
303 533
303 536
303 661
303 813
303 836
303 869
303 894
303 930
303 934
303 981
304 315
304 427
304 523
304 570
304 572
304 575
304 579
304 602
304 637
304 654
304 663
304 673
304 757
304 782
304 849
304 898
305 430
305 532
305 629
305 642
305 725
305 789
305 847
305 867
305 960
306 367
306 448
306 485
306 910
307 391
307 402
307 453
307 486
307 493
307 522
307 540
307 586
307 628
307 675
307 817
307 860
307 953
307 961
308 502
308 507
308 546
308 565
308 577
308 618
308 767
308 826
308 957
309 321
309 470
309 494
309 527
309 645
309 714
309 865
309 987
310 589
310 648
310 657
310 737
310 771
310 785
310 924
310 995
311 331
311 351
311 456
311 519
311 547
311 557
311 775
311 938
311 947
312 378
312 385
312 424
312 465
312 473
312 474
312 512
312 545
312 590
312 658
312 855
312 863
312 911
313 354
313 379
313 395
313 460
313 525
313 610
313 620
313 635
313 670
313 731
313 736
313 744
313 837
313 884
313 901
313 902
314 434
314 443
314 445
314 461
314 504
314 524
314 796
314 816
314 818
314 861
314 971
315 459
315 517
315 560
315 570
315 654
315 663
315 709
315 716
315 757
315 849
315 897
315 976
316 329
316 365
316 549
316 567
316 574
316 576
316 589
316 702
316 707
316 859
316 929
317 348
317 416
317 426
317 445
317 556
317 615
317 728
317 811
317 827
317 830
317 843
317 915
317 991
318 328
318 357
318 491
318 591
318 727
318 774
318 852
318 857
318 912
319 335
319 408
319 411
319 432
319 492
319 505
319 656
319 686
319 874
319 913
319 935
320 414
320 436
320 446
320 462
320 471
320 524
320 582
320 627
320 718
320 795
320 796
320 816
320 864
320 875
320 946
320 950
320 971
320 980
321 349
321 390
321 396
321 453
321 470
321 494
321 522
321 527
321 865
321 987
322 381
322 564
322 666
322 682
322 746
322 982
323 440
323 458
323 641
323 680
323 825
324 350
324 372
324 392
324 401
324 509
324 563
324 571
324 659
324 721
324 756
324 776
324 781
324 797
324 891
324 936
324 941
324 948
325 348
325 393
325 428
325 434
325 480
325 489
325 615
325 633
325 803
325 827
325 915
326 499
326 531
326 621
326 784
326 828
326 881
326 942
326 979
327 343
327 414
327 462
327 464
327 511
327 576
327 627
327 702
327 718
327 795
327 875
327 896
327 929
327 946
328 355
328 422
328 449
328 491
328 591
328 839
328 852
328 857
329 365
329 549
329 574
329 576
329 702
329 707
329 859
329 896
329 929
330 339
330 342
330 363
330 369
330 500
330 552
330 611
330 613
330 700
330 710
330 723
330 769
330 877
330 920
330 977
331 351
331 383
331 415
331 543
331 547
331 553
331 671
331 672
331 699
331 814
331 819
331 829
331 923
331 938
331 939
331 947
332 450
332 665
332 674
332 761
332 876
332 974
333 526
333 573
334 367
334 425
334 454
334 488
334 578
334 632
334 732
334 750
334 753
335 408
335 411
335 505
335 612
335 652
335 664
335 809
335 830
335 874
335 913
335 935
336 593
336 604
336 605
336 651
336 823
336 879
336 917
336 921
336 966
336 989
337 365
337 417
337 511
337 549
337 576
337 600
337 653
337 676
337 896
338 638
338 705
338 740
338 810
338 944
338 962
339 360
339 363
339 498
339 500
339 539
339 611
339 613
339 678
339 723
339 832
339 965
339 975
340 346
340 587
340 630
340 641
340 652
340 787
340 809
340 812
340 983
341 362
341 407
341 601
341 614
341 642
341 688
341 808
341 856
341 942
341 979
342 363
342 500
342 552
342 613
342 700
342 710
342 723
342 769
342 877
342 920
342 977
343 462
343 464
343 511
343 576
343 627
343 702
343 795
343 875
343 896
343 929
344 359
344 423
344 435
344 440
344 548
344 580
344 647
344 715
344 801
344 845
344 993
345 354
345 379
345 395
345 412
345 525
345 608
345 620
345 636
345 696
345 745
345 884
345 901
345 918
346 443
346 504
346 587
346 630
346 641
346 812
346 818
346 861
346 983
347 410
347 418
347 518
347 616
347 640
347 778
347 815
347 882
347 943
348 416
348 428
348 434
348 445
348 461
348 556
348 615
348 728
348 811
348 827
348 915
348 991
349 453
349 522
349 527
349 841
349 987
350 401
350 421
350 495
350 509
350 563
350 584
350 776
350 781
350 885
350 941
350 948
350 954
351 383
351 415
351 477
351 547
351 553
351 671
351 672
351 814
351 938
351 947
351 972
352 400
352 685
352 742
352 822
352 888
352 988
353 370
353 417
353 466
353 595
353 600
353 653
353 661
353 676
353 679
353 724
353 752
353 853
353 870
353 892
353 981
353 992
354 379
354 395
354 412
354 525
354 608
354 610
354 620
354 635
354 636
354 744
354 765
354 884
354 901
355 422
355 449
355 631
355 729
355 754
355 839
355 843
355 852
355 857
355 880
356 454
356 550
356 555
356 625
356 626
356 713
356 765
356 900
357 491
357 520
357 591
357 650
357 727
357 774
357 835
357 852
357 857
357 880
357 912
357 959
358 563
358 619
358 646
358 833
358 903
358 904
358 905
359 423
359 435
359 514
359 516
359 548
359 580
359 647
359 691
359 694
359 715
359 801
359 834
359 845
359 993
360 465
360 473
360 498
360 503
360 539
360 611
360 662
360 678
360 683
360 723
360 855
360 906
360 975
360 998
361 386
361 421
361 425
361 495
361 578
361 632
361 669
361 719
361 732
361 747
361 750
361 969
362 407
362 601
362 688
362 808
362 856
362 919
362 942
363 377
363 498
363 500
363 611
363 613
363 723
363 832
363 893
363 965
363 975
364 405
364 409
364 459
364 508
364 517
364 523
364 684
364 716
364 739
364 849
364 873
364 908
365 417
365 511
365 549
365 622
365 676
365 896
366 402
366 433
366 628
366 655
366 759
366 777
366 914
366 921
366 999
367 425
367 454
367 485
367 488
367 753
367 910
368 403
368 483
368 569
368 687
368 701
368 720
368 802
368 862
368 986
369 552
369 609
369 662
369 683
369 700
369 710
369 769
369 775
369 947
370 417
370 466
370 600
370 622
370 661
370 676
370 679
370 724
370 752
370 813
370 853
370 869
370 870
370 892
370 894
370 981
371 390
371 559
371 607
371 623
371 667
371 766
371 770
371 794
371 800
372 392
372 467
372 509
372 659
372 693
372 705
372 721
372 768
372 797
372 810
372 891
372 936
372 944
372 951
373 403
373 439
373 472
373 476
373 483
373 533
373 701
373 703
373 706
373 836
373 930
373 934
374 481
374 568
374 590
374 599
374 648
374 657
374 737
374 804
374 871
374 952
374 958
374 995
375 520
375 774
375 835
375 919
376 578
376 711
376 752
376 763
376 889
376 992
377 496
377 558
377 832
377 854
377 893
377 899
377 965
378 385
378 474
378 481
378 512
378 544
378 545
378 568
378 590
378 599
378 658
378 737
378 804
378 863
378 871
378 955
378 958
379 395
379 412
379 525
379 608
379 610
379 620
379 635
379 636
379 731
379 744
379 884
379 901
380 537
380 583
380 761
381 493
381 564
381 666
381 675
381 682
381 799
381 817
381 953
382 419
382 528
382 598
382 777
382 841
382 964
383 470
383 543
383 553
383 671
383 672
383 699
383 714
383 829
383 831
383 923
383 925
383 938
383 939
383 972
384 437
384 450
384 557
384 665
384 674
385 474
385 481
385 512
385 544
385 545
385 568
385 590
385 599
385 658
385 804
385 863
385 871
385 955
385 958
386 466
386 513
386 535
386 536
386 669
386 679
386 719
386 853
386 969
387 406
387 410
387 492
387 518
387 664
387 680
387 690
387 780
387 806
387 815
387 848
387 868
388 743
388 792
388 844
388 850
389 404
389 501
389 566
389 617
389 649
389 667
389 758
389 926
390 607
390 623
390 766
390 770
390 794
390 800
390 865
390 909
391 402
391 453
391 486
391 493
391 522
391 528
391 540
391 586
391 628
391 675
391 860
391 961
392 571
392 705
392 721
392 776
392 781
392 797
392 810
392 891
392 936
392 941
392 948
393 428
393 434
393 446
393 489
393 546
393 615
393 633
393 803
393 827
394 397
394 438
394 447
394 457
394 478
394 510
394 581
394 597
394 640
394 730
394 743
394 783
394 943
394 956
395 555
395 608
395 610
395 620
395 635
395 636
395 744
395 765
396 452
396 453
396 494
396 527
396 541
396 645
396 698
396 741
396 866
396 922
396 953
396 961
396 968
396 987
397 447
397 478
397 510
397 581
397 597
397 730
397 743
397 783
397 792
397 844
397 943
398 537
398 561
398 704
398 738
398 927
398 940
398 945
399 400
399 888
399 890
400 742
400 888
400 890
400 988
401 421
401 509
401 563
401 584
401 756
401 776
401 781
401 885
401 891
401 941
401 948
402 486
402 493
402 540
402 586
402 628
402 675
402 759
402 817
402 860
402 961
403 439
403 476
403 483
403 619
403 701
403 706
403 720
403 833
403 836
403 930
403 934
403 986
404 617
404 649
404 667
404 735
404 758
404 766
404 794
404 909
404 926
405 409
405 459
405 508
405 517
405 716
405 739
405 873
405 908
406 410
406 492
406 497
406 518
406 660
406 664
406 668
406 778
406 780
406 806
406 815
406 887
406 935
406 994
407 463
407 601
407 642
407 688
407 689
407 725
407 773
407 808
407 856
408 411
408 432
408 492
408 505
408 612
408 656
408 686
408 874
408 913
408 935
409 459
409 508
409 517
409 684
409 739
409 873
409 908
410 518
410 616
410 660
410 668
410 778
410 780
410 815
410 824
410 882
410 887
410 994
410 997
411 432
411 492
411 505
411 612
411 656
411 686
411 874
411 913
411 935
412 420
412 525
412 534
412 608
412 620
412 696
412 745
412 884
412 901
412 918
412 937
413 593
413 651
413 746
413 779
413 805
413 916
413 966
413 989
414 436
414 462
414 464
414 471
414 582
414 627
414 718
414 795
414 796
414 816
414 864
414 875
414 946
414 950
414 971
414 980
415 477
415 552
415 553
415 645
415 672
415 700
415 814
415 920
415 947
415 968
415 972
416 426
416 428
416 556
416 615
416 728
416 811
416 827
416 843
416 880
416 915
416 991
417 506
417 549
417 595
417 600
417 653
417 676
417 724
417 752
417 870
417 892
417 992
418 438
418 457
418 640
418 694
418 751
418 943
418 956
420 525
420 534
420 620
420 731
420 851
420 884
420 901
420 960
421 495
421 584
421 747
421 781
421 941
421 954
422 426
422 449
422 631
422 728
422 729
422 754
422 839
422 843
422 852
422 857
423 440
423 538
423 580
423 647
423 715
423 825
423 845
423 993
424 484
424 542
424 554
424 733
424 786
424 970
425 488
425 632
425 732
425 747
425 750
425 753
426 432
426 556
426 728
426 729
426 754
426 811
426 830
426 843
426 915
426 991
427 523
427 570
427 572
427 602
427 637
427 663
427 684
427 757
427 849
427 898
428 480
428 489
428 556
428 615
428 633
428 728
428 803
428 811
428 827
428 880
428 915
429 469
429 482
429 571
429 638
429 764
429 985
430 431
430 937
430 960
431 918
431 937
432 631
432 656
432 729
432 754
432 830
432 843
432 913
433 593
433 655
433 921
433 989
433 999
434 445
434 461
434 524
434 615
434 816
434 827
434 915
435 479
435 514
435 516
435 548
435 691
435 801
435 834
435 838
435 845
436 442
436 446
436 462
436 471
436 502
436 582
436 795
436 816
436 864
436 946
436 950
436 980
437 450
437 456
437 557
437 665
437 674
438 447
438 457
438 478
438 640
438 694
438 751
438 943
438 956
439 472
439 476
439 533
439 644
439 692
439 703
439 813
439 836
439 869
439 894
439 930
439 933
439 934
440 458
440 580
440 647
440 715
440 825
440 845
440 868
440 993
441 455
441 684
441 842
441 883
441 978
441 990
442 446
442 502
442 529
442 546
442 565
442 577
442 582
442 618
442 864
442 950
443 504
443 524
443 587
443 630
443 796
443 812
443 818
443 861
443 983
444 592
444 697
444 704
444 708
444 734
444 738
444 807
444 820
444 838
444 927
444 940
444 996
445 461
445 524
445 556
445 615
445 811
445 818
445 827
445 861
445 915
445 991
446 471
446 502
446 546
446 565
446 582
446 950
446 980
447 457
447 478
447 510
447 581
447 585
447 596
447 597
447 640
447 730
447 743
447 751
447 783
447 844
447 872
447 943
447 956
448 485
448 695
449 631
449 754
449 839
450 674
450 761
450 974
451 497
451 656
451 686
451 722
452 541
452 675
452 698
452 741
452 817
452 866
452 922
452 953
452 961
452 968
453 486
453 494
453 522
453 527
453 541
453 860
453 922
453 961
453 987
454 488
454 626
454 713
454 753
455 717
455 842
455 978
455 990
456 519
456 557
456 609
456 665
456 876
456 967
457 478
457 510
457 640
457 694
457 730
457 751
457 943
457 956
458 580
458 680
458 690
458 806
458 825
458 868
459 487
459 508
459 517
459 560
459 654
459 716
459 755
459 873
460 525
460 620
460 635
460 731
460 736
460 767
460 901
461 524
461 615
461 796
461 816
461 818
461 827
461 861
461 915
462 464
462 471
462 627
462 718
462 795
462 796
462 864
462 875
462 946
462 950
462 971
462 980
463 689
463 773
463 973
464 471
464 627
464 718
464 795
464 796
464 875
464 946
464 971
464 980
465 473
465 474
465 484
465 498
465 503
465 539
465 542
465 545
465 554
465 678
465 855
465 906
465 911
465 975
465 998
466 513
466 536
466 600
466 679
466 719
466 724
466 752
466 853
466 870
466 892
466 981
466 992
467 659
467 685
467 693
467 797
467 822
467 936
467 944
467 951
468 513
468 533
468 535
468 536
468 584
468 669
468 833
468 905
468 934
468 954
469 482
469 571
469 764
469 948
469 985
470 494
470 645
470 714
470 865
470 939
471 524
471 582
471 627
471 718
471 795
471 796
471 816
471 864
471 875
471 946
471 950
471 971
471 980
472 490
472 643
472 644
472 677
472 692
472 703
472 726
472 749
472 836
472 878
472 886
472 930
472 933
472 984
473 474
473 498
473 512
473 539
473 545
473 611
473 678
473 855
473 863
473 911
473 975
473 998
474 512
474 539
474 545
474 568
474 590
474 855
474 863
474 911
474 975
475 608
475 695
475 696
475 932
476 533
476 619
476 701
476 703
476 706
476 813
476 833
476 836
476 894
476 930
476 934
477 552
477 645
477 672
477 700
477 710
477 741
477 814
477 877
477 920
477 947
477 968
477 972
478 510
478 596
478 597
478 640
478 730
478 743
478 751
478 783
478 943
478 956
479 514
479 516
479 697
479 708
479 734
479 760
479 762
479 820
479 838
480 489
480 499
480 621
480 633
480 650
480 803
480 880
480 959
480 963
481 544
481 590
481 599
481 648
481 657
481 658
481 737
481 804
481 871
481 955
481 958
481 995
482 571
482 764
482 776
482 840
482 948
482 985
483 569
483 687
483 701
483 720
483 930
483 986
484 503
484 542
484 554
484 712
484 733
484 895
484 970
485 753
485 910
486 522
486 528
486 540
486 586
486 628
486 759
486 860
487 619
487 706
487 716
487 720
487 755
487 986
488 578
488 632
488 732
488 750
488 753
489 499
489 615
489 621
489 633
489 803
489 827
489 959
489 963
490 606
490 639
490 643
490 677
490 681
490 726
490 749
490 878
490 886
490 984
491 591
491 727
491 774
491 852
491 857
491 912
492 497
492 518
492 660
492 664
492 668
492 686
492 780
492 815
492 874
492 887
492 935
492 994
493 540
493 564
493 628
493 675
493 698
493 799
493 817
493 953
493 961
494 527
494 645
494 714
494 865
494 987
495 513
495 535
495 584
495 669
495 941
495 954
495 969
496 558
496 562
496 772
496 854
496 893
496 899
496 952
496 965
497 518
497 660
497 668
497 686
497 722
497 778
497 780
497 887
497 935
497 994
498 539
498 545
498 611
498 678
498 723
498 855
498 906
498 911
498 975
498 998
499 531
499 621
499 633
499 803
499 826
499 959
499 963
500 573
500 613
500 723
500 832
500 977
501 566
501 649
501 667
502 507
502 546
502 565
502 577
502 582
502 618
502 957
503 554
503 662
503 678
503 683
503 712
503 855
503 906
503 911
503 998
504 587
504 630
504 812
504 818
504 861
504 983
505 612
505 652
505 664
505 787
505 809
505 848
505 874
505 913
505 935
506 529
506 530
506 595
506 600
506 653
506 752
506 889
506 992
507 546
507 565
507 618
507 767
507 826
507 957
508 517
508 684
508 716
508 739
508 873
508 908
509 563
509 584
509 659
509 756
509 768
509 781
509 797
509 885
509 891
509 903
509 936
509 941
509 951
510 581
510 597
510 640
510 730
510 743
510 783
510 792
510 844
510 943
510 956
511 549
511 576
511 627
511 702
511 795
511 896
511 929
512 544
512 545
512 568
512 590
512 599
512 658
512 804
512 863
512 871
512 911
512 958
513 535
513 536
513 669
513 679
513 719
513 954
513 969
514 516
514 548
514 691
514 734
514 801
514 834
514 838
515 603
515 733
515 970
516 548
516 691
516 694
516 734
516 760
516 801
516 834
516 838
516 845
517 654
517 716
517 739
517 755
517 849
517 873
517 908
518 616
518 660
518 668
518 778
518 780
518 806
518 815
518 887
518 994
519 557
519 609
519 665
519 775
519 947
519 967
520 650
520 727
520 774
520 835
520 912
521 840
521 907
521 910
521 985
522 527
522 528
522 586
522 841
522 860
522 987
523 570
523 602
523 637
523 663
523 684
523 757
523 849
523 898
524 796
524 816
524 861
524 971
525 534
525 620
525 635
525 731
525 736
525 884
525 901
526 558
526 562
526 573
526 681
526 854
527 865
527 987
528 586
528 598
528 628
528 759
528 777
528 841
528 860
528 914
529 530
529 582
529 627
529 653
529 795
529 864
530 582
530 595
530 653
530 864
530 889
531 621
531 784
531 828
531 881
531 942
531 963
532 725
532 789
532 847
532 867
533 536
533 622
533 661
533 679
533 692
533 813
533 836
533 869
533 870
533 894
533 934
533 981
534 745
534 884
534 901
534 918
534 937
535 536
535 584
535 669
535 833
535 905
535 954
535 969
536 669
536 679
536 813
536 869
536 894
536 954
536 969
536 981
537 561
537 738
537 940
537 945
538 580
538 647
538 786
538 825
539 545
539 611
539 678
539 855
539 863
539 906
539 911
539 975
539 998
540 564
540 586
540 628
540 675
540 817
540 860
540 953
540 961
541 645
541 698
541 741
541 866
541 922
541 953
541 961
541 968
541 987
542 554
542 712
542 733
542 786
542 970
543 547
543 551
543 553
543 671
543 699
543 793
543 819
543 829
543 831
543 923
543 925
543 931
543 938
543 939
544 568
544 590
544 599
544 658
544 737
544 804
544 858
544 871
544 955
544 958
545 568
545 590
545 855
545 863
545 911
545 975
546 565
546 577
546 618
546 826
546 957
547 553
547 557
547 624
547 671
547 793
547 819
547 829
547 923
547 938
547 947
548 647
548 691
548 801
548 834
548 838
549 576
549 676
549 702
549 896
549 929
550 555
550 610
550 625
550 626
550 670
550 763
550 765
550 837
550 900
550 902
551 624
551 671
551 699
551 793
551 819
551 829
551 831
551 923
551 925
551 931
552 700
552 710
552 769
552 814
552 877
552 920
552 947
552 977
553 671
553 672
553 699
553 714
553 814
553 819
553 829
553 923
553 925
553 938
553 939
553 972
554 712
554 855
554 911
554 970
555 610
555 625
555 626
555 713
555 765
555 900
556 615
556 728
556 811
556 827
556 830
556 843
556 915
556 991
557 624
557 665
557 793
557 846
558 562
558 681
558 772
558 790
558 854
558 893
559 770
559 800
559 928
560 654
560 716
560 755
560 802
560 897
560 976
561 704
561 738
561 927
561 940
561 945
562 681
562 772
562 790
562 854
562 878
563 584
563 646
563 756
563 768
563 781
563 885
563 903
563 904
563 905
563 941
564 675
564 682
564 799
564 817
564 953
564 961
565 577
565 618
565 767
565 826
565 957
566 649
567 574
567 589
567 648
567 702
567 772
567 859
567 929
567 952
568 590
568 599
568 657
568 658
568 804
568 863
568 871
568 899
568 958
569 639
569 687
569 720
569 779
569 802
569 805
569 862
570 572
570 575
570 579
570 654
570 663
570 709
570 748
570 757
570 782
570 849
570 898
570 976
571 721
571 764
571 776
571 797
571 891
571 936
571 948
571 985
572 575
572 579
572 637
572 663
572 673
572 757
572 782
572 898
572 949
573 613
573 832
573 965
574 589
574 707
574 772
574 790
574 859
575 579
575 663
575 673
575 709
575 748
575 757
575 782
575 821
575 823
575 898
575 949
576 627
576 702
576 896
576 929
577 582
577 618
578 632
578 719
578 732
578 750
579 663
579 673
579 709
579 748
579 757
579 782
579 821
579 823
579 898
579 949
580 647
580 715
580 825
580 845
580 993
581 597
581 730
581 743
581 783
581 792
581 844
582 795
582 864
582 946
582 950
582 980
583 733
583 895
583 945
584 646
584 756
584 781
584 885
584 904
584 905
584 941
584 954
585 596
585 634
585 697
585 730
585 760
585 762
585 844
585 850
585 872
586 598
586 628
586 759
586 777
586 860
587 630
587 641
587 812
587 983
588 601
588 614
588 629
588 642
588 788
588 828
588 851
588 881
588 960
588 979
589 648
589 702
589 929
589 952
589 995
590 599
590 657
590 658
590 737
590 804
590 863
590 871
590 955
590 958
591 650
591 727
591 774
591 852
591 857
591 880
591 912
592 634
592 697
592 708
592 738
592 807
592 820
592 927
592 996
593 604
593 605
593 651
593 879
593 916
593 921
593 966
593 989
593 999
594 791
594 798
594 964
595 600
595 653
595 711
595 752
595 889
595 992
596 730
596 743
596 762
596 844
596 850
596 872
597 640
597 730
597 743
597 783
597 943
598 759
598 777
598 841
598 964
599 648
599 657
599 658
599 737
599 804
599 871
599 952
599 955
599 958
599 995
600 653
600 676
600 724
600 752
600 853
600 870
600 892
600 981
600 992
601 614
601 629
601 642
601 688
601 784
601 788
601 808
601 828
601 856
601 942
601 960
601 979
602 637
602 663
602 684
602 757
602 898
603 647
603 733
603 786
603 970
604 605
604 879
604 917
604 921
605 651
605 748
605 823
605 879
605 897
605 917
605 966
606 639
606 643
606 681
606 749
606 982
607 623
607 667
607 766
607 770
607 794
607 800
607 865
607 909
608 636
608 696
608 745
609 662
609 683
609 769
609 775
609 906
609 967
610 625
610 635
610 636
610 744
610 765
610 837
610 900
610 902
611 662
611 678
611 683
611 723
611 769
611 906
611 975
611 998
612 652
612 809
612 830
612 874
612 913
613 723
613 832
613 965
613 977
614 629
614 642
614 688
614 784
614 788
614 808
614 828
614 851
614 942
614 960
614 979
615 811
615 827
615 915
616 668
616 778
616 815
616 824
616 882
616 887
616 994
616 997
617 649
617 667
617 735
617 758
617 909
617 926
618 826
618 957
619 646
619 701
619 706
619 833
619 836
619 904
619 930
619 934
619 986
620 635
620 636
620 731
620 736
620 744
620 837
620 884
620 901
621 633
621 803
621 826
621 959
621 963
622 661
622 676
622 692
622 703
622 813
622 869
622 870
622 894
622 933
622 981
623 667
623 766
623 770
623 794
623 800
623 865
623 909
624 671
624 793
624 819
624 846
624 923
625 626
625 713
625 763
625 765
625 900
626 713
626 763
626 765
626 900
627 718
627 795
627 864
627 875
627 896
627 946
627 950
627 980
628 759
628 777
628 860
629 642
629 688
629 788
629 828
629 851
629 960
629 979
630 641
630 652
630 809
630 812
630 818
630 983
631 656
631 729
631 754
631 839
631 843
632 719
632 732
632 747
632 750
632 753
632 969
633 803
633 959
633 963
634 697
634 708
634 734
634 760
634 762
634 807
634 820
634 872
634 996
635 670
635 731
635 736
635 744
635 837
635 884
635 901
635 902
636 696
636 765
637 757
637 898
638 740
638 962
639 643
639 666
639 687
639 746
639 805
639 862
639 982
640 751
640 943
640 956
641 787
641 812
642 688
642 725
642 788
642 808
642 847
642 960
642 979
643 749
643 805
643 862
643 982
644 677
644 692
644 703
644 726
644 749
644 878
644 886
644 933
644 984
645 714
645 741
645 866
645 968
645 972
645 987
646 756
646 833
646 885
646 904
646 905
647 786
647 825
647 845
647 993
648 657
648 737
648 771
648 785
648 871
648 924
648 952
648 958
648 995
649 667
649 758
649 926
650 727
650 852
650 880
650 912
650 959
651 709
651 748
651 779
651 823
651 879
651 897
651 916
651 966
651 989
652 664
652 680
652 690
652 787
652 809
652 848
652 874
653 676
653 752
653 889
653 992
654 663
654 709
654 716
654 757
654 849
654 976
655 759
655 777
655 791
655 914
655 921
655 999
656 686
656 722
656 754
656 913
656 935
657 737
657 804
657 871
657 952
657 958
657 995
658 737
658 804
658 858
658 863
658 871
658 955
658 958
659 693
659 756
659 768
659 797
659 891
659 903
659 936
659 951
660 668
660 686
660 778
660 780
660 815
660 887
660 935
660 994
661 676
661 679
661 692
661 724
661 813
661 869
661 870
661 892
661 894
661 933
661 981
662 678
662 683
662 769
662 775
662 906
662 967
662 998
663 709
663 757
663 782
663 849
663 898
663 976
664 680
664 690
664 780
664 787
664 806
664 809
664 848
664 868
664 874
665 674
665 876
665 967
665 974
666 682
666 746
666 805
666 982
667 766
667 770
667 794
667 800
667 909
667 926
668 778
668 780
668 815
668 887
668 994
668 997
669 719
669 954
669 969
670 736
670 744
670 765
670 837
670 900
670 902
671 699
671 793
671 819
671 829
671 831
671 923
671 925
671 938
671 939
672 814
672 920
672 938
672 939
672 947
672 972
673 748
673 782
673 821
673 898
673 949
674 761
674 876
674 967
674 974
675 698
675 799
675 817
675 922
675 953
675 961
676 724
676 752
676 853
676 870
676 892
676 981
676 992
677 692
677 703
677 726
677 749
677 878
677 886
677 933
677 984
678 683
678 723
678 855
678 906
678 911
678 975
678 998
679 719
679 724
679 813
679 853
679 869
679 870
679 892
679 894
679 981
680 690
680 787
680 806
680 848
680 868
681 749
681 790
681 854
681 878
681 886
682 746
682 982
683 723
683 769
683 775
683 906
683 998
684 739
684 849
684 990
685 693
685 822
686 722
686 913
686 935
687 720
687 779
687 802
687 805
687 862
688 808
688 828
688 856
688 942
688 979
689 725
689 773
689 847
689 973
690 787
690 806
690 848
690 868
690 874
691 801
691 834
691 838
692 703
692 726
692 813
692 869
692 894
692 933
692 984
693 705
693 721
693 797
693 810
693 822
693 936
693 944
694 715
694 751
694 845
694 956
694 993
695 932
696 745
696 918
696 932
697 708
697 734
697 760
697 762
697 807
697 820
697 872
697 996
698 741
698 799
698 817
698 866
698 922
698 953
698 961
699 819
699 829
699 831
699 923
699 925
699 931
699 938
699 939
700 710
700 769
700 814
700 877
700 920
700 968
700 972
700 977
701 706
701 720
701 836
701 930
701 934
701 986
702 896
702 929
703 726
703 749
703 813
703 836
703 869
703 933
703 984
704 738
704 927
704 940
704 945
705 721
705 797
705 810
705 891
705 936
705 944
705 962
706 833
706 836
706 930
706 934
706 986
707 726
707 749
707 772
707 790
707 859
707 878
707 886
708 734
708 760
708 762
708 807
708 820
708 838
708 927
708 996
709 748
709 821
709 823
709 879
709 897
709 976
710 769
710 775
710 814
710 877
710 920
710 947
711 752
711 763
711 889
711 992
712 733
712 895
712 970
713 765
714 865
714 939
714 972
715 845
715 993
716 755
716 873
717 842
717 978
718 795
718 796
718 816
718 875
718 946
718 950
718 971
718 980
719 732
719 750
719 853
719 969
720 755
720 802
720 862
720 986
721 776
721 781
721 797
721 810
721 891
721 936
721 944
721 948
723 769
723 832
723 906
724 752
724 853
724 870
724 892
724 981
724 992
725 773
725 789
725 847
725 867
725 973
726 749
726 790
726 859
726 878
726 886
726 933
726 984
727 774
727 835
727 852
727 857
727 880
727 912
728 729
728 811
728 827
728 830
728 843
728 915
728 991
729 754
729 830
729 839
729 843
729 991
730 743
730 783
730 792
730 844
730 872
730 956
731 736
731 744
731 884
731 901
732 747
732 750
732 753
732 969
733 895
733 970
734 760
734 762
734 807
734 820
734 838
735 758
735 909
735 926
736 744
736 767
736 837
736 901
736 902
737 785
737 804
737 871
737 955
737 958
737 995
738 927
738 940
738 945
739 873
739 908
740 962
741 866
741 877
741 922
741 953
741 961
741 968
741 972
742 888
742 890
742 988
743 783
743 792
743 844
744 765
744 837
744 902
745 918
745 937
746 805
746 862
746 982
747 941
748 782
748 821
748 823
748 879
748 897
748 949
748 976
749 790
749 878
749 886
749 984
750 753
750 969
751 760
751 943
751 956
752 853
752 889
752 892
752 992
753 910
754 830
754 839
754 843
755 802
755 986
756 768
756 781
756 885
756 903
756 904
756 951
757 849
757 898
757 976
758 909
758 926
759 777
759 860
759 914
759 964
759 999
760 762
760 820
760 838
760 872
761 974
762 820
762 838
762 872
763 889
763 900
764 840
764 985
765 837
765 900
765 902
766 770
766 794
766 800
766 909
766 926
767 826
767 957
768 903
768 951
769 775
769 906
769 947
770 794
770 800
771 785
771 924
772 790
772 854
772 859
772 952
773 847
773 973
774 835
774 912
775 906
775 947
775 967
776 781
776 797
776 891
776 936
776 941
776 948
777 791
777 860
777 914
777 964
778 780
778 815
778 824
778 882
778 887
778 994
778 997
779 802
779 805
779 862
779 916
779 966
780 815
780 887
780 935
780 994
781 797
781 885
781 891
781 936
781 941
781 948
782 821
782 898
782 949
783 792
783 844
784 808
784 828
784 881
784 942
784 979
785 924
786 970
787 809
787 848
787 868
787 874
788 828
788 851
788 881
788 960
788 979
789 847
789 867
790 854
790 859
790 878
790 886
791 798
791 914
791 964
792 844
793 819
793 846
793 923
793 938
794 800
794 865
794 909
794 926
795 864
795 875
795 946
795 950
795 980
796 816
796 861
796 875
796 946
796 971
796 980
797 810
797 891
797 936
797 944
797 948
798 964
799 817
799 953
801 834
801 838
801 845
801 993
803 959
803 963
804 863
804 871
804 955
804 958
804 995
805 862
805 916
805 982
806 815
806 848
806 868
807 820
807 996
808 828
808 856
808 942
808 979
809 848
809 874
810 891
810 936
810 944
810 962
811 827
811 830
811 843
811 915
811 991
812 818
812 983
813 836
813 869
813 870
813 894
813 933
813 934
813 981
814 920
814 947
814 968
814 972
815 887
815 994
816 861
816 946
816 950
816 971
816 980
817 922
817 953
817 961
818 861
818 983
819 829
819 831
819 846
819 923
819 925
819 931
819 938
819 939
820 838
820 996
821 823
821 917
821 949
823 879
823 897
823 976
824 882
824 997
826 957
827 915
828 851
828 881
828 942
828 979
829 831
829 923
829 925
829 938
829 939
830 843
830 913
830 991
831 923
831 925
831 928
831 931
831 939
832 893
832 965
833 836
833 904
833 905
833 930
833 934
833 986
834 838
835 912
836 930
836 934
837 900
837 902
839 843
839 852
839 857
840 907
840 985
842 883
842 978
842 990
843 991
844 850
844 872
845 993
847 867
847 973
848 868
848 874
849 898
849 976
850 872
851 881
851 960
851 979
852 857
852 880
852 912
853 870
853 892
853 981
853 992
855 863
855 911
855 975
855 998
856 919
856 942
857 880
857 912
858 955
859 886
861 971
861 983
862 982
863 911
863 975
864 946
864 950
864 980
865 987
866 877
866 922
866 953
866 961
866 968
869 870
869 894
869 933
869 981
870 892
870 894
870 981
871 952
871 958
871 995
873 908
874 913
874 935
875 946
875 950
875 971
875 980
876 967
876 974
877 920
877 968
877 977
878 886
878 984
879 897
879 916
879 917
879 966
880 912
880 959
881 979
882 997
883 908
883 978
883 990
884 901
885 904
885 905
885 941
885 954
886 933
886 984
887 994
887 997
888 890
889 992
890 988
891 936
891 941
891 948
892 981
892 992
893 899
893 965
894 934
894 981
896 929
897 966
897 976
899 952
899 965
900 902
903 951
904 905
905 954
906 998
907 910
909 926
911 975
911 998
912 959
913 935
914 921
914 964
914 999
915 991
916 966
916 989
918 937
920 947
920 968
920 972
920 977
921 989
921 999
922 953
922 961
922 968
923 925
923 931
923 938
923 939
925 931
925 939
927 940
927 945
928 931
930 934
930 986
933 984
936 944
936 948
938 939
938 947
940 945
941 948
942 979
943 956
944 962
946 950
946 971
946 980
950 971
950 980
952 995
953 961
954 969
955 958
958 995
959 963
966 989
968 972
971 980
975 998
978 990
989 999
994 997
