0 19
0 95
0 99
0 164
0 220
0 289
0 467
0 495
0 499
0 604
0 625
0 686
0 718
0 932
0 952
0 998
1 160
1 176
1 179
1 361
1 375
1 472
1 532
1 564
1 681
1 700
1 772
1 793
1 832
2 97
2 186
2 224
2 272
2 316
2 323
2 497
2 710
2 720
2 746
2 889
2 925
2 960
3 165
3 167
3 195
3 267
3 404
3 550
3 615
3 949
4 158
4 301
4 411
4 541
4 549
4 777
4 799
4 936
5 150
5 185
5 384
5 618
5 633
5 663
5 733
5 872
5 893
5 988
6 114
6 137
6 197
6 325
6 355
6 601
6 626
6 636
6 637
6 647
6 688
6 725
6 738
6 788
6 843
6 981
7 158
7 541
7 549
7 552
7 658
7 885
8 96
8 217
8 420
8 430
8 857
8 897
8 969
9 39
9 89
9 142
9 145
9 321
9 376
9 466
9 559
9 567
9 665
9 666
9 706
9 786
9 802
9 856
9 864
10 80
10 435
10 450
10 533
10 617
10 619
10 663
10 768
10 794
10 876
10 923
11 68
11 94
11 171
11 271
11 293
11 304
11 318
11 573
11 593
11 595
11 639
11 697
11 750
11 785
11 807
11 825
11 835
12 26
12 27
12 31
12 43
12 412
12 537
12 678
12 813
12 884
13 30
13 121
13 205
13 207
13 455
13 478
13 592
13 808
13 906
14 34
14 350
14 389
14 429
14 490
14 538
14 703
14 896
14 919
14 967
15 124
15 324
15 351
15 387
15 530
15 548
15 597
15 721
15 829
15 883
15 931
16 91
16 116
16 137
16 156
16 270
16 338
16 445
16 465
16 536
16 738
16 855
16 882
16 933
16 981
17 128
17 199
17 210
17 240
17 243
17 275
17 278
17 339
17 347
17 357
17 395
17 437
17 508
17 663
17 875
17 894
17 902
18 76
18 85
18 170
18 186
18 401
18 416
18 655
18 955
18 960
19 50
19 71
19 95
19 99
19 333
19 388
19 418
19 458
19 499
19 604
19 718
19 836
19 932
20 147
20 168
20 348
20 402
20 487
20 503
20 521
20 535
20 579
20 613
20 642
20 758
21 59
21 457
21 552
21 555
21 594
21 742
21 945
22 124
22 317
22 371
22 530
22 597
22 721
22 782
22 883
23 72
23 100
23 245
23 272
23 291
23 323
23 390
23 397
23 442
23 586
23 634
23 811
23 814
23 921
23 996
24 58
24 84
24 173
24 668
24 861
24 989
24 997
25 91
25 116
25 203
25 252
25 445
25 465
25 536
25 630
25 694
25 696
25 745
25 800
25 865
25 933
26 43
26 212
26 492
26 509
26 537
26 553
26 784
26 810
26 884
27 412
27 671
27 678
27 813
28 34
28 41
28 63
28 125
28 232
28 234
28 277
28 279
28 286
28 490
28 779
28 904
28 919
28 967
29 78
29 266
29 344
29 486
29 491
29 684
29 812
29 842
29 973
30 126
30 317
30 371
30 455
30 592
30 789
30 808
30 905
30 906
31 94
31 412
31 537
31 674
31 884
31 964
32 70
32 115
32 181
32 189
32 372
32 539
32 556
32 624
32 654
32 687
32 820
32 838
32 982
33 51
33 108
33 184
33 228
33 246
33 251
33 265
33 672
33 743
33 755
33 763
33 837
33 887
33 890
34 235
34 277
34 389
34 429
34 490
34 498
34 538
34 561
34 779
34 967
35 50
35 146
35 418
35 422
35 717
35 747
35 963
36 48
36 87
36 354
36 379
36 673
36 849
36 870
36 899
37 225
37 427
37 462
37 580
37 840
37 880
37 915
37 948
38 90
38 298
38 320
38 335
38 853
39 89
39 142
39 145
39 148
39 162
39 308
39 466
39 483
39 543
39 567
39 665
39 706
39 707
39 752
39 786
39 802
39 803
39 816
39 856
40 70
40 86
40 122
40 144
40 213
40 233
40 237
40 310
40 374
40 515
40 624
40 713
40 819
40 886
41 63
41 125
41 232
41 234
41 277
41 279
41 286
41 336
41 370
41 477
41 490
41 779
41 904
41 967
41 968
42 135
42 175
42 190
42 257
42 299
42 326
42 356
42 480
42 506
42 547
42 554
42 632
42 649
42 683
42 821
42 828
42 863
42 944
43 459
43 492
43 509
43 537
43 553
43 884
44 64
44 92
44 138
44 208
44 373
44 441
44 482
44 529
44 562
44 676
44 695
44 756
44 797
44 818
44 823
44 895
45 90
45 172
45 259
45 298
45 320
45 334
45 335
45 771
45 776
45 833
45 853
46 200
46 268
46 271
46 292
46 453
46 587
46 595
46 605
46 639
46 709
46 807
46 835
47 118
47 248
47 255
47 304
47 474
47 510
47 623
47 674
47 791
47 971
47 985
47 990
48 87
48 344
48 354
48 379
48 404
48 673
48 870
48 899
48 949
49 98
49 128
49 236
49 321
49 558
49 666
49 682
49 685
49 706
49 734
49 774
49 864
49 875
50 117
50 284
50 333
50 418
50 596
50 717
50 722
50 747
51 86
51 122
51 144
51 184
51 228
51 237
51 246
51 251
51 403
51 704
51 713
51 887
51 890
52 109
52 329
52 415
52 578
52 851
52 951
52 952
53 438
53 555
53 594
53 654
53 679
53 680
53 687
53 838
53 957
54 72
54 102
54 210
54 243
54 245
54 275
54 309
54 316
54 357
54 390
54 428
54 437
54 446
54 448
54 586
54 634
54 811
54 894
54 912
55 72
55 102
55 245
55 309
55 390
55 446
55 634
55 693
55 751
55 943
56 206
56 270
56 568
56 590
56 647
56 738
56 855
56 881
56 882
56 970
57 76
57 85
57 254
57 416
57 422
57 427
57 454
57 462
57 475
57 655
57 717
57 747
57 938
58 173
58 197
58 355
58 364
58 637
58 646
58 668
58 907
58 989
58 997
59 61
59 152
59 153
59 457
59 594
59 699
59 726
59 742
59 862
59 909
59 929
59 945
60 154
60 201
60 315
60 392
60 479
60 560
60 602
60 608
60 983
61 153
61 283
61 365
61 457
61 638
61 670
61 680
61 699
61 726
61 862
61 909
61 929
61 945
62 444
62 513
62 621
62 753
62 911
63 69
63 125
63 232
63 234
63 279
63 286
63 336
63 370
63 413
63 477
63 783
63 867
63 904
63 968
64 259
64 334
64 441
64 695
64 776
64 797
64 823
65 108
65 131
65 263
65 288
65 307
65 451
65 473
65 565
65 582
65 607
65 611
65 765
65 930
66 322
66 409
66 827
66 903
67 78
67 273
67 292
67 400
67 605
67 628
67 691
67 709
67 842
68 94
68 118
68 171
68 304
68 318
68 510
68 573
68 750
68 807
68 825
68 835
68 914
68 990
69 125
69 232
69 286
69 336
69 370
69 413
69 783
69 867
69 939
70 181
70 189
70 213
70 310
70 372
70 515
70 539
70 556
70 624
70 820
70 982
71 75
71 95
71 333
71 388
71 458
71 499
71 578
71 604
71 718
71 826
71 836
71 951
71 952
72 102
72 245
72 309
72 390
72 428
72 442
72 446
72 448
72 586
72 634
72 751
72 811
72 912
73 98
73 224
73 321
73 497
73 522
73 559
73 761
73 774
73 900
73 925
74 107
74 166
74 196
74 264
74 327
74 393
74 414
74 421
74 496
74 524
74 877
74 917
74 946
74 953
75 151
75 333
75 388
75 418
75 458
75 596
75 722
75 836
75 860
76 85
76 186
76 224
76 401
76 416
76 454
76 655
76 889
76 955
76 960
77 285
77 362
77 417
77 424
77 757
77 762
77 815
78 82
78 273
78 344
78 400
78 684
78 691
78 812
78 842
78 858
79 142
79 161
79 220
79 289
79 329
79 467
79 495
79 625
79 686
79 828
79 998
80 435
80 533
80 619
80 663
80 768
80 876
81 214
81 330
81 419
81 447
81 504
81 525
81 569
81 572
81 620
81 667
81 798
82 198
82 229
82 684
82 691
82 801
82 812
82 858
82 942
83 258
83 380
83 504
83 525
83 940
83 972
84 173
84 545
84 566
84 668
84 861
84 928
84 989
85 416
85 427
85 462
85 485
85 655
85 701
85 938
85 955
86 122
86 144
86 228
86 237
86 246
86 251
86 280
86 310
86 583
86 713
86 887
86 890
86 975
87 123
87 253
87 354
87 379
87 648
87 690
87 870
88 227
88 269
88 306
88 464
88 560
88 611
88 712
88 715
88 764
88 978
88 983
89 142
89 145
89 148
89 220
89 289
89 376
89 466
89 483
89 495
89 567
89 625
89 665
89 706
89 707
89 786
89 802
89 803
89 856
89 998
90 172
90 298
90 320
90 334
90 335
90 776
90 833
90 853
91 116
91 156
91 252
91 338
91 445
91 465
91 536
91 694
91 696
91 865
91 882
91 933
92 138
92 208
92 244
92 441
92 482
92 529
92 676
92 695
92 760
92 797
92 846
93 132
93 431
93 505
93 540
93 589
93 646
93 728
93 980
94 304
94 318
94 332
94 537
94 750
94 825
94 884
95 388
95 458
95 467
95 499
95 578
95 604
95 686
95 718
95 826
95 836
95 951
95 952
96 406
96 426
96 430
96 517
96 822
96 976
97 100
97 186
97 272
97 323
97 401
97 710
97 720
97 746
97 889
97 960
98 236
98 321
98 559
98 666
98 682
98 685
98 734
98 761
98 774
98 864
98 900
98 925
99 146
99 164
99 220
99 495
99 499
99 604
99 718
99 836
99 932
100 272
100 323
100 358
100 397
100 442
100 710
100 720
100 746
100 814
100 916
100 921
101 177
101 293
101 311
101 332
101 472
101 593
101 595
101 639
101 697
101 700
101 772
101 785
101 832
102 245
102 309
102 390
102 428
102 446
102 586
102 634
102 693
102 751
102 811
102 912
102 943
103 183
103 203
103 238
103 250
103 484
103 520
103 534
103 627
103 644
103 662
103 745
103 796
103 800
103 927
103 992
104 112
104 149
104 200
104 241
104 436
104 453
104 587
104 612
104 621
104 801
104 891
104 937
104 942
105 119
105 140
105 259
105 598
105 771
105 972
106 169
106 481
106 659
106 739
106 766
106 874
106 941
107 166
107 196
107 327
107 393
107 421
107 496
107 524
107 877
107 917
107 946
107 953
108 131
108 265
108 282
108 288
108 297
108 473
108 607
108 672
108 755
108 763
108 765
108 837
108 848
108 950
109 187
109 329
109 340
109 381
109 851
109 947
110 155
110 398
110 456
110 461
110 489
110 544
110 606
110 657
110 859
110 959
111 130
111 155
111 201
111 262
111 306
111 456
111 460
111 464
111 657
111 677
111 715
111 749
111 959
111 978
112 149
112 200
112 229
112 292
112 436
112 453
112 587
112 612
112 621
112 801
112 937
112 942
113 178
113 296
113 302
113 460
113 463
113 591
113 979
114 137
114 197
114 325
114 355
114 601
114 626
114 636
114 637
114 647
114 688
114 725
114 738
114 788
114 843
114 981
115 129
115 181
115 280
115 539
115 556
115 583
115 654
115 687
115 820
115 838
115 898
115 975
115 982
116 156
116 270
116 465
116 536
116 568
116 630
116 696
116 744
116 855
116 882
116 933
117 284
117 333
117 418
117 596
117 717
117 722
117 747
117 854
118 171
118 304
118 510
118 573
118 623
118 750
118 914
118 985
118 990
119 140
119 423
119 568
119 590
119 598
119 650
119 661
119 744
119 771
119 881
120 342
120 386
120 439
120 575
120 711
120 716
121 169
121 205
121 207
121 455
121 478
121 592
121 739
121 906
122 144
122 237
122 246
122 251
122 280
122 310
122 583
122 713
122 743
122 887
122 890
122 975
123 354
123 471
123 648
123 653
123 870
124 317
124 324
124 371
124 387
124 530
124 548
124 597
124 721
124 782
124 883
125 232
125 234
125 279
125 286
125 336
125 370
125 413
125 477
125 779
125 783
125 867
125 904
125 968
126 317
126 478
126 592
126 905
126 906
127 253
127 614
127 690
127 735
127 740
127 834
127 852
128 199
128 236
128 278
128 339
128 347
128 384
128 395
128 558
128 663
128 685
128 734
128 872
128 875
129 313
129 449
129 556
129 654
129 845
129 898
129 908
129 965
129 975
129 984
130 155
130 178
130 262
130 456
130 460
130 544
130 591
130 657
130 677
130 749
130 959
131 288
131 473
131 565
131 607
131 611
131 763
131 765
131 950
132 431
132 432
132 505
132 540
132 589
132 728
132 954
132 980
133 192
133 305
133 367
133 383
133 385
133 403
133 501
133 704
133 892
134 135
134 216
134 281
134 305
134 367
134 378
134 542
134 651
134 683
134 892
135 192
135 281
135 290
135 299
135 305
135 326
135 367
135 385
135 506
135 542
135 547
135 554
135 649
135 683
135 892
136 203
136 222
136 238
136 440
136 534
136 669
136 694
136 745
136 800
137 156
137 325
137 338
137 445
137 601
137 626
137 636
137 688
137 725
137 788
137 981
138 208
138 244
138 382
138 470
138 482
138 529
138 562
138 676
138 695
138 756
138 839
138 895
138 901
139 159
139 551
139 571
139 599
139 675
139 698
139 732
139 993
140 218
140 274
140 423
140 598
140 661
140 767
140 771
141 174
141 211
141 247
141 363
141 369
141 377
141 523
141 557
141 581
141 643
141 724
141 737
141 868
141 910
141 986
141 987
142 145
142 161
142 164
142 220
142 289
142 376
142 483
142 495
142 625
142 665
142 686
142 707
142 786
142 802
142 803
142 856
142 998
143 273
143 400
143 404
143 628
143 842
143 844
143 949
144 237
144 246
144 251
144 280
144 310
144 583
144 713
145 164
145 220
145 289
145 376
145 495
145 625
145 665
145 706
145 786
145 802
145 803
145 856
145 864
145 998
146 422
146 522
146 559
146 963
147 230
147 398
147 461
147 487
147 521
147 535
147 579
147 613
147 656
147 727
147 758
148 162
148 308
148 466
148 483
148 543
148 567
148 610
148 707
148 803
148 816
149 200
149 229
149 436
149 494
149 513
149 587
149 621
149 801
149 937
149 942
150 162
150 185
150 384
150 543
150 618
150 633
150 733
150 752
150 816
150 872
150 893
151 180
151 209
151 500
151 719
151 778
151 860
152 153
152 235
152 498
152 561
152 670
152 726
152 766
152 831
152 862
152 929
152 945
153 235
153 283
153 481
153 498
153 638
153 670
153 699
153 726
153 766
153 831
153 862
153 909
153 929
153 945
154 215
154 307
154 315
154 368
154 392
154 479
154 560
154 770
154 787
155 456
155 489
155 606
155 657
155 677
155 859
155 959
156 270
156 338
156 445
156 465
156 536
156 601
156 688
156 882
156 933
156 981
157 526
157 642
157 817
157 829
158 411
158 541
158 549
158 799
158 830
158 885
158 936
159 163
159 551
159 571
159 599
159 675
159 698
159 732
159 993
160 176
160 179
160 361
160 399
160 532
160 564
160 681
160 793
161 175
161 289
161 329
161 625
161 803
161 821
161 828
161 944
161 998
162 185
162 308
162 466
162 543
162 567
162 610
162 633
162 707
162 733
162 752
162 816
162 893
163 215
163 319
163 349
163 368
163 551
163 599
163 675
163 698
163 806
163 866
163 873
163 958
164 220
164 289
164 467
164 495
164 625
164 665
164 686
164 718
164 786
164 802
164 856
164 932
164 998
165 174
165 195
165 253
165 267
165 369
165 550
165 615
165 640
166 196
166 327
166 393
166 524
166 877
166 917
166 946
167 615
167 623
167 640
167 844
167 971
167 985
168 351
168 402
168 487
168 526
168 579
168 613
168 642
168 829
169 205
169 659
169 874
169 941
170 264
170 359
170 421
170 468
170 516
170 701
170 729
170 953
170 955
171 271
171 304
171 510
171 573
171 623
171 750
171 807
171 825
171 835
171 914
172 259
172 298
172 320
172 334
172 335
172 771
172 776
172 823
172 833
172 853
173 364
173 668
173 730
173 861
173 907
173 989
173 997
174 267
174 363
174 369
174 523
174 557
174 614
174 910
175 190
175 257
175 299
175 326
175 356
175 480
175 506
175 547
175 554
175 649
175 821
175 828
175 863
175 944
176 179
176 361
176 375
176 399
176 532
176 564
176 603
176 681
176 784
176 793
177 293
177 311
177 472
177 593
177 697
177 772
177 832
178 302
178 460
178 463
178 544
178 591
178 657
178 979
179 361
179 375
179 399
179 472
179 532
179 564
179 603
179 681
179 793
180 209
180 635
180 660
180 719
180 778
180 913
181 539
181 555
181 556
181 624
181 654
181 687
181 820
181 838
181 957
181 982
182 183
182 250
182 484
182 662
182 759
182 888
182 992
183 250
183 484
183 520
183 644
183 662
183 759
183 888
183 927
183 992
184 228
184 246
184 251
184 403
184 672
184 704
184 755
184 887
184 890
185 466
185 543
185 567
185 633
185 733
185 752
185 816
185 872
185 893
186 224
186 272
186 401
186 710
186 720
186 746
186 889
186 960
187 202
187 281
187 290
187 326
187 340
187 381
187 506
187 547
187 588
187 804
187 947
188 218
188 239
188 274
188 300
188 373
188 423
188 433
188 476
188 528
188 661
188 723
188 767
188 818
188 895
188 956
188 962
189 372
189 432
189 624
189 954
190 257
190 299
190 308
190 356
190 480
190 506
190 547
190 554
190 610
190 632
190 649
190 821
190 863
190 944
191 668
191 728
191 730
191 850
191 907
191 989
191 997
192 299
192 305
192 367
192 383
192 385
192 501
192 554
192 649
192 683
192 892
193 631
193 790
193 847
194 577
194 961
195 253
195 267
195 550
195 615
195 690
195 870
195 949
196 264
196 294
196 327
196 393
196 414
196 421
196 496
196 524
196 805
196 877
196 917
196 922
196 926
196 946
196 953
197 325
197 355
197 364
197 626
197 636
197 637
197 646
197 647
197 725
197 843
197 907
198 229
198 494
198 708
198 714
198 858
198 995
199 210
199 240
199 243
199 275
199 278
199 339
199 347
199 357
199 395
199 428
199 437
199 508
199 663
199 875
199 894
199 902
200 268
200 292
200 436
200 453
200 587
200 605
200 612
200 801
200 937
200 942
201 306
201 456
201 602
201 608
201 677
201 978
201 983
202 281
202 290
202 340
202 381
202 396
202 588
202 651
202 804
202 934
202 947
203 238
203 252
203 534
203 694
203 696
203 745
203 800
203 865
203 927
204 242
204 394
204 405
204 408
204 410
204 508
204 609
204 631
204 790
204 879
204 920
204 923
204 943
205 207
205 455
205 478
205 592
205 906
206 270
206 568
206 590
206 738
206 744
206 855
206 881
206 882
206 970
207 424
207 455
207 592
207 739
207 757
207 906
208 244
208 441
208 482
208 529
208 676
208 695
208 760
208 797
208 846
209 276
209 452
209 719
209 778
210 240
210 243
210 275
210 278
210 316
210 339
210 347
210 357
210 395
210 428
210 437
210 448
210 508
210 875
210 894
210 902
210 912
211 247
211 263
211 363
211 473
211 523
211 557
211 582
211 614
211 643
211 910
211 930
211 986
212 276
212 399
212 452
212 492
212 509
212 553
212 603
212 784
212 793
212 810
213 233
213 303
213 310
213 372
213 374
213 432
213 515
213 616
213 624
213 713
213 819
213 886
214 447
214 517
214 572
214 576
214 620
214 667
214 748
214 792
214 798
214 822
214 961
214 976
214 999
215 315
215 319
215 349
215 368
215 392
215 479
215 574
215 787
215 806
215 873
216 297
216 378
216 396
216 407
216 542
216 546
216 651
216 736
216 809
216 848
217 420
217 600
217 857
217 897
217 969
218 239
218 274
218 300
218 373
218 423
218 433
218 476
218 590
218 598
218 661
218 767
218 962
219 221
219 295
219 366
219 435
219 450
219 488
219 528
219 531
219 617
219 619
219 664
219 878
220 289
220 467
220 495
220 625
220 665
220 686
220 718
220 786
220 802
220 856
220 932
220 998
221 435
221 450
221 470
221 488
221 531
221 619
221 664
221 756
221 794
221 878
221 901
221 991
222 258
222 330
222 380
222 419
222 440
222 525
222 569
222 669
222 940
223 296
223 302
223 362
223 365
223 424
223 527
223 645
223 757
223 815
223 966
224 401
224 416
224 454
224 497
224 522
224 889
224 960
225 254
225 284
225 427
225 462
225 475
225 485
225 580
225 840
225 880
225 915
225 938
225 948
226 359
226 701
226 729
226 741
226 841
227 249
227 269
227 464
227 570
227 607
227 611
227 712
227 715
227 764
228 246
228 251
228 265
228 672
228 704
228 755
228 763
228 887
228 890
229 436
229 494
229 691
229 801
229 858
229 937
229 942
230 322
230 348
230 398
230 409
230 461
230 521
230 535
230 758
231 545
231 575
231 716
231 730
231 861
231 928
231 989
232 234
232 279
232 286
232 336
232 370
232 413
232 477
232 783
232 867
232 904
232 968
233 260
233 303
233 310
233 374
233 432
233 515
233 616
233 713
233 819
233 886
234 277
234 279
234 286
234 336
234 370
234 490
234 779
234 904
234 967
234 968
235 429
235 481
235 498
235 538
235 561
235 670
235 766
235 831
235 929
235 941
236 321
236 339
236 347
236 558
236 666
236 682
236 685
236 734
236 774
236 875
236 900
237 251
237 280
237 310
237 583
237 713
237 975
238 534
238 694
238 745
238 759
238 800
238 865
238 888
238 927
239 295
239 300
239 345
239 528
239 563
239 584
239 590
239 723
239 767
239 956
239 962
240 243
240 275
240 278
240 339
240 347
240 357
240 395
240 428
240 437
240 508
240 894
240 902
240 923
241 343
241 585
241 612
241 621
241 871
241 891
242 394
242 405
242 408
242 410
242 609
242 631
242 790
242 879
242 920
242 943
243 275
243 278
243 316
243 339
243 347
243 357
243 428
243 437
243 448
243 811
243 875
243 894
243 912
244 482
244 529
244 676
244 760
244 846
245 309
245 390
245 428
245 442
245 446
245 586
245 634
245 751
245 811
245 912
245 996
246 251
246 403
246 704
246 887
246 890
247 363
247 377
247 523
247 557
247 581
247 643
247 724
247 736
247 737
247 868
247 986
247 987
248 255
248 304
248 474
248 510
248 674
248 791
248 964
248 990
249 269
249 313
249 570
249 607
249 611
249 765
249 837
249 845
249 950
249 965
250 484
250 644
250 662
250 759
250 888
250 927
250 992
251 265
251 403
251 583
251 704
251 743
251 887
251 890
252 445
252 465
252 694
252 696
252 745
252 865
253 267
253 550
253 690
253 870
254 284
254 422
254 427
254 475
254 717
254 747
254 938
255 474
255 510
255 514
255 674
255 689
255 791
255 964
255 990
256 294
256 414
256 805
256 922
256 926
257 299
257 356
257 383
257 480
257 506
257 547
257 554
257 632
257 649
257 711
257 821
257 863
257 944
258 380
258 630
258 669
258 744
258 940
259 298
259 334
259 771
259 776
259 797
259 823
259 833
260 303
260 374
260 431
260 519
260 589
260 616
260 728
260 819
260 850
261 425
261 493
261 939
262 306
262 460
262 464
262 677
262 715
262 749
262 845
263 307
263 451
263 557
263 565
263 582
263 614
263 770
263 910
263 930
264 327
264 414
264 421
264 468
264 496
264 516
264 524
264 805
264 922
264 926
264 953
265 288
265 449
265 672
265 743
265 755
265 763
265 765
265 837
265 887
265 950
265 965
265 975
266 344
266 486
266 491
266 673
266 812
266 899
266 973
267 369
267 550
267 615
267 690
267 949
268 271
268 292
268 453
268 587
268 605
268 628
268 709
268 835
269 570
269 607
269 611
269 715
269 764
269 765
269 950
270 568
270 647
270 738
270 855
270 881
270 882
270 970
270 981
271 293
271 573
271 593
271 595
271 639
271 750
271 785
271 807
271 825
271 835
272 323
272 442
272 710
272 720
272 746
272 921
272 960
273 344
273 400
273 404
273 628
273 691
273 842
273 844
274 300
274 373
274 423
274 433
274 476
274 528
274 661
274 767
274 818
274 895
274 962
275 278
275 316
275 339
275 347
275 357
275 428
275 437
275 448
275 811
275 875
275 894
275 912
276 452
276 778
276 784
276 810
276 913
277 429
277 490
277 498
277 561
277 658
277 779
277 967
278 339
278 347
278 357
278 384
278 395
278 437
278 508
278 663
278 875
278 894
278 902
279 286
279 336
279 370
279 413
279 477
279 779
279 904
279 919
279 967
279 968
280 310
280 449
280 556
280 583
280 743
280 898
280 975
280 982
281 290
281 326
281 340
281 381
281 506
281 542
281 588
281 683
282 288
282 297
282 473
282 643
282 672
282 724
282 736
282 755
282 809
282 848
282 986
283 296
283 365
283 438
283 527
283 638
283 645
283 670
283 679
283 680
283 699
283 726
283 909
283 945
283 966
284 475
284 580
284 629
284 717
284 747
285 362
285 417
285 424
285 757
285 762
285 815
286 336
286 370
286 413
286 477
286 779
286 783
286 867
286 904
286 968
287 346
287 469
287 608
287 827
287 859
288 297
288 473
288 607
288 672
288 755
288 763
288 765
288 848
289 329
289 467
289 495
289 625
289 665
289 686
289 786
289 803
289 856
289 932
289 998
290 326
290 340
290 381
290 506
290 547
290 588
290 649
290 683
290 947
291 397
291 507
291 814
291 921
291 996
292 400
292 453
292 587
292 605
292 628
292 691
292 709
292 801
292 942
293 311
293 332
293 593
293 595
293 639
293 697
293 785
293 807
293 825
293 832
293 835
294 327
294 393
294 414
294 496
294 805
294 877
294 922
294 926
294 953
295 300
295 345
295 366
295 476
295 518
295 528
295 563
295 584
295 617
295 723
295 956
295 962
296 302
296 362
296 365
296 527
296 638
296 645
296 815
296 966
297 378
297 546
297 672
297 736
297 755
297 809
297 848
298 320
298 334
298 335
298 776
298 833
298 853
299 356
299 383
299 385
299 386
299 480
299 506
299 547
299 554
299 632
299 649
299 683
299 711
299 821
299 863
300 345
300 423
300 476
300 528
300 563
300 584
300 661
300 723
300 767
300 956
300 962
301 352
301 411
301 434
301 502
301 511
301 549
301 777
301 799
301 830
301 936
302 460
302 463
302 591
302 815
302 966
302 979
303 314
303 342
303 374
303 515
303 519
303 616
303 713
303 819
304 318
304 510
304 573
304 674
304 750
304 825
304 990
305 367
305 383
305 385
305 501
305 683
305 892
306 464
306 677
306 712
306 715
306 749
306 764
306 978
306 983
307 451
307 565
307 611
307 764
307 770
307 787
308 356
308 466
308 483
308 610
308 707
308 803
308 816
308 821
308 863
309 357
309 390
309 428
309 437
309 446
309 448
309 586
309 634
309 751
309 811
309 894
309 912
309 943
310 374
310 515
310 583
310 624
310 713
310 982
311 332
311 593
311 595
311 639
311 697
311 772
311 785
311 832
312 443
312 520
312 627
312 644
312 662
312 773
312 796
313 449
313 570
313 845
313 898
313 908
313 965
313 975
313 984
314 342
314 374
314 403
314 519
314 616
314 704
314 819
315 392
315 479
315 560
315 764
315 787
315 983
316 323
316 357
316 428
316 437
316 448
316 811
316 912
316 925
317 371
317 721
317 782
317 883
317 905
318 537
318 750
318 807
318 825
319 349
319 353
319 368
319 574
319 675
319 698
319 705
319 780
319 806
319 866
319 869
319 873
319 958
320 335
320 833
320 853
321 376
321 559
321 666
321 682
321 685
321 706
321 734
321 761
321 774
321 864
321 900
322 348
322 360
322 409
322 461
322 521
322 535
322 758
323 442
323 448
323 586
323 710
323 720
323 746
323 811
323 921
324 387
324 512
324 548
324 597
324 883
324 931
325 355
325 601
325 626
325 636
325 637
325 647
325 688
325 725
325 788
325 843
325 981
326 340
326 381
326 506
326 547
326 554
326 649
326 683
326 821
326 828
326 863
326 944
326 947
327 393
327 414
327 421
327 496
327 524
327 805
327 877
327 917
327 922
327 926
327 953
328 391
328 471
328 653
328 795
328 849
328 977
329 467
329 686
329 828
329 851
329 998
330 419
330 440
330 525
330 569
330 572
330 600
330 620
330 667
330 798
331 425
331 443
331 783
331 796
331 939
332 459
332 472
332 537
332 697
332 700
332 772
332 832
333 388
333 418
333 458
333 499
333 596
333 604
333 722
333 836
334 771
334 776
334 797
334 823
334 833
334 853
335 776
335 833
335 853
336 370
336 413
336 477
336 783
336 867
336 904
336 968
337 346
337 469
337 692
337 732
337 827
338 445
338 465
338 601
338 688
338 788
338 882
338 981
339 347
339 357
339 384
339 395
339 437
339 558
339 663
339 734
339 875
339 894
340 381
340 588
340 804
340 934
340 947
341 500
341 596
341 629
341 824
341 854
341 860
341 974
342 439
342 519
342 716
343 585
343 612
343 652
343 871
343 891
344 404
344 486
344 491
344 684
344 812
344 842
345 518
345 528
345 563
345 584
345 723
345 956
345 962
346 469
346 602
346 608
346 692
346 827
347 357
347 384
347 395
347 437
347 558
347 663
347 875
347 894
348 360
348 409
348 487
348 503
348 521
348 535
348 758
349 353
349 368
349 574
349 675
349 705
349 740
349 780
349 806
349 834
349 866
349 869
349 873
349 958
350 389
350 703
350 896
350 919
351 526
351 530
351 548
351 597
351 829
352 434
352 502
352 511
352 540
352 601
352 688
352 754
352 769
352 777
352 781
352 788
352 980
353 471
353 648
353 653
353 675
353 705
353 780
353 866
353 869
353 958
354 379
354 849
354 870
354 899
355 364
355 626
355 636
355 637
355 647
355 725
355 738
355 843
355 970
356 480
356 506
356 547
356 554
356 610
356 632
356 649
356 821
356 828
356 863
356 944
357 428
357 437
357 446
357 448
357 811
357 875
357 894
357 912
358 507
358 814
358 916
359 462
359 485
359 701
359 729
359 741
359 841
359 948
360 409
360 503
361 375
361 399
361 459
361 472
361 532
361 564
361 603
361 681
361 700
361 772
361 793
361 832
362 365
362 424
362 527
362 645
362 757
362 815
362 966
363 369
363 377
363 523
363 557
363 581
363 582
363 643
363 724
363 737
363 910
363 930
363 986
364 637
364 646
364 647
364 843
364 907
365 527
365 638
365 645
365 670
365 699
365 815
365 966
366 435
366 450
366 518
366 528
366 617
366 876
366 878
366 956
367 383
367 385
367 501
367 683
367 892
368 479
368 574
368 740
368 787
368 806
368 834
368 852
368 873
368 958
369 523
369 557
369 614
369 737
369 910
370 413
370 477
370 783
370 867
370 904
370 968
371 530
371 548
371 597
371 721
371 782
371 789
371 883
371 905
372 432
372 515
372 539
372 624
372 820
372 886
373 433
373 476
373 528
373 531
373 756
373 767
373 818
373 895
374 432
374 515
374 519
374 616
374 713
374 819
374 886
375 399
375 459
375 472
375 492
375 509
375 532
375 553
375 564
375 603
375 700
375 784
375 793
376 559
376 665
376 706
376 786
376 802
376 856
376 864
377 407
377 581
377 643
377 724
377 737
377 775
377 868
377 986
377 987
378 396
378 407
378 542
378 546
378 651
378 736
378 809
379 404
379 870
379 899
379 949
380 419
380 504
380 525
380 569
380 669
380 940
381 547
381 588
381 804
381 947
382 470
382 482
382 529
382 562
382 676
382 756
382 839
382 847
382 901
382 991
383 385
383 386
383 439
383 480
383 501
383 554
383 632
383 649
383 711
384 395
384 558
384 618
384 663
384 872
384 875
385 501
385 554
385 649
385 683
385 892
386 439
386 501
386 575
386 632
386 711
386 716
387 512
387 530
387 548
387 597
387 721
387 829
387 883
387 931
388 418
388 458
388 499
388 604
388 718
388 826
388 836
388 952
389 429
389 490
389 538
389 703
389 896
389 967
390 442
390 446
390 586
390 634
390 751
390 811
390 912
390 996
391 471
391 653
391 795
391 849
391 977
392 479
392 560
392 764
392 787
392 983
393 414
393 496
393 524
393 877
393 917
393 922
393 926
393 953
394 405
394 408
394 410
394 609
394 631
394 790
394 847
394 879
394 920
395 437
395 508
395 663
395 768
395 875
395 894
395 902
395 923
396 407
396 542
396 546
396 588
396 651
396 775
396 804
396 934
397 442
397 507
397 586
397 814
397 916
397 921
397 996
398 461
398 489
398 521
398 535
398 544
398 606
398 656
398 727
398 859
399 509
399 532
399 553
399 564
399 603
399 784
399 793
400 605
400 628
400 691
400 709
400 842
401 655
401 710
401 720
401 746
401 889
401 960
402 487
402 503
402 526
402 535
402 579
402 613
402 642
402 758
402 817
403 704
403 887
403 890
404 842
404 949
405 408
405 410
405 609
405 631
405 790
405 879
405 920
405 923
405 943
406 426
406 430
406 517
406 748
406 792
406 822
406 976
407 546
407 651
407 724
407 736
407 775
407 987
408 609
408 768
408 790
408 794
408 879
408 920
408 923
408 991
409 521
409 535
410 609
410 631
410 693
410 751
410 790
410 879
410 920
410 943
411 541
411 549
411 769
411 777
411 781
411 799
411 830
411 936
412 678
412 813
412 884
413 477
413 783
413 867
413 904
413 968
414 496
414 524
414 805
414 877
414 922
414 926
414 953
415 851
415 918
415 951
415 994
416 422
416 454
416 475
416 655
416 938
417 424
417 656
417 727
417 762
417 935
417 979
418 499
418 596
418 717
418 722
418 836
419 440
419 525
419 569
419 572
419 600
419 620
419 798
420 857
420 897
420 969
421 496
421 524
421 729
421 741
421 805
421 946
421 953
422 454
422 475
422 522
422 717
422 747
422 963
423 590
423 598
423 661
423 767
424 757
424 815
424 966
425 443
425 627
425 796
425 939
426 430
426 517
426 576
426 748
426 792
426 822
426 976
426 999
427 462
427 475
427 485
427 580
427 701
427 938
427 948
428 437
428 446
428 448
428 508
428 634
428 811
428 894
428 912
428 943
429 490
429 498
429 538
429 561
429 967
430 517
430 748
430 822
430 976
431 505
431 589
431 728
431 850
432 515
432 616
432 819
432 886
433 476
433 528
433 531
433 756
433 767
433 818
433 895
433 962
434 502
434 511
434 540
434 601
434 626
434 688
434 754
434 777
434 788
434 980
435 450
435 488
435 533
435 617
435 619
435 664
435 794
435 876
435 878
436 494
436 513
436 587
436 621
436 801
436 937
436 942
437 446
437 448
437 508
437 811
437 875
437 894
437 912
438 555
438 638
438 679
438 680
438 687
438 957
439 575
439 632
439 711
439 716
440 569
440 572
440 600
440 620
441 529
441 676
441 695
441 760
441 797
441 823
441 846
442 586
442 634
442 811
442 814
442 921
442 996
443 627
443 773
443 796
443 939
444 513
444 753
444 911
445 465
445 493
445 536
445 696
446 448
446 508
446 586
446 634
446 751
446 811
446 894
446 912
446 943
447 517
447 572
447 576
447 620
447 667
447 748
447 792
447 798
447 822
447 961
447 976
447 999
448 811
448 912
448 925
449 570
449 583
449 743
449 837
449 898
449 950
449 965
449 975
449 984
450 488
450 531
450 617
450 619
450 664
450 794
450 876
450 878
451 565
451 582
451 611
451 770
451 787
452 719
452 810
452 918
452 994
453 587
453 605
453 612
453 709
454 522
454 889
454 963
455 592
455 789
455 808
455 906
455 935
456 489
456 606
456 657
456 677
456 859
456 959
457 555
457 594
457 680
457 699
457 726
457 742
457 862
457 909
457 945
458 499
458 578
458 604
458 826
458 836
458 951
458 952
459 472
459 492
459 509
459 537
459 553
459 697
459 700
459 832
459 884
460 463
460 591
460 657
460 749
461 489
461 521
461 535
461 544
461 606
461 656
461 727
461 859
462 475
462 485
462 580
462 701
462 841
462 938
462 948
463 544
463 591
463 656
463 657
463 979
464 677
464 712
464 715
464 749
464 978
465 536
465 630
465 694
465 696
465 865
465 882
465 933
466 483
466 543
466 567
466 707
466 752
466 803
466 816
467 495
467 578
467 625
467 686
467 718
467 932
467 952
467 998
468 516
468 805
469 692
469 827
469 903
470 482
470 529
470 562
470 756
470 839
470 847
470 901
470 991
471 648
471 653
471 795
471 849
471 869
471 977
472 564
472 681
472 697
472 700
472 772
472 832
473 565
473 582
473 930
474 510
474 674
474 791
474 964
474 971
474 990
475 717
475 747
475 938
475 948
476 528
476 531
476 723
476 767
476 818
476 895
476 956
476 962
477 783
477 867
477 904
477 919
477 968
478 592
478 906
479 560
479 574
479 770
479 787
479 873
480 506
480 547
480 554
480 632
480 649
480 711
480 821
480 863
480 944
481 498
481 538
481 645
481 659
481 670
481 739
481 766
481 831
481 874
481 929
481 941
482 529
482 562
482 676
482 756
482 839
482 847
482 901
483 707
483 803
483 821
484 520
484 644
484 662
484 759
484 888
484 927
484 992
485 701
485 729
485 841
485 938
485 948
486 491
486 673
486 973
487 521
487 535
487 579
487 613
487 642
487 758
488 531
488 619
488 664
488 756
488 794
488 878
488 895
488 901
488 991
489 544
489 606
489 656
489 657
489 727
489 859
489 959
490 498
490 538
490 561
490 779
490 967
491 673
491 684
491 812
491 973
492 509
492 537
492 553
492 603
492 784
492 884
493 502
494 513
494 708
494 714
494 858
494 937
494 942
495 625
495 665
495 686
495 718
495 786
495 802
495 856
495 932
495 998
496 524
496 805
496 877
496 922
496 926
496 953
497 522
497 889
497 900
497 925
497 960
498 561
498 670
498 726
498 766
498 831
498 862
498 929
499 604
499 718
499 836
499 932
500 596
500 635
500 660
500 722
500 824
500 854
500 860
500 974
501 711
501 892
502 511
502 777
502 788
502 799
502 936
503 535
503 642
503 758
504 525
504 620
504 798
504 972
505 540
505 589
505 637
505 646
505 728
505 843
505 850
505 907
506 547
506 554
506 649
506 683
506 821
506 828
506 863
506 944
507 814
507 916
507 921
507 996
508 609
508 768
508 894
508 902
508 923
508 943
509 537
509 553
509 603
509 700
509 784
509 884
510 573
510 623
510 674
510 750
510 791
510 914
510 985
510 990
511 754
511 777
511 788
511 799
511 936
512 883
512 931
513 621
513 753
513 911
513 937
514 622
514 674
514 689
514 791
514 964
515 616
515 624
515 713
515 819
515 886
516 805
516 922
516 926
516 953
517 572
517 576
517 667
517 748
517 792
517 822
517 976
517 999
518 563
518 584
518 723
518 956
518 962
519 616
519 819
520 627
520 644
520 662
520 773
520 796
520 927
520 992
521 535
521 606
521 613
521 727
521 758
522 559
522 761
522 900
522 963
523 557
523 581
523 582
523 614
523 643
523 737
523 910
523 930
523 986
524 877
524 917
524 946
524 953
525 569
525 620
525 798
526 642
526 817
526 829
527 638
527 645
527 670
527 739
527 815
527 966
528 584
528 723
528 818
528 956
528 962
529 562
529 676
529 695
529 756
529 760
529 839
529 846
529 901
530 548
530 597
530 721
530 782
530 789
530 829
531 562
531 664
531 756
531 818
531 878
531 895
531 901
531 991
532 564
532 681
532 793
533 617
533 618
533 619
533 663
533 768
533 876
534 694
534 745
534 800
534 865
535 579
535 613
535 758
536 630
536 694
536 696
536 882
536 933
537 884
538 561
538 766
538 831
538 941
538 967
539 555
539 556
539 624
539 654
539 687
539 820
539 838
539 957
539 982
540 626
540 754
540 843
540 980
541 549
541 552
541 769
541 781
541 799
541 830
541 885
541 936
542 546
542 588
542 651
542 683
542 892
543 567
543 733
543 752
543 816
543 872
543 893
544 606
544 656
544 657
544 727
544 979
545 566
545 633
545 731
545 861
545 928
545 988
546 651
546 724
546 736
546 809
547 554
547 649
547 683
547 821
547 828
547 863
547 944
548 597
548 721
548 782
548 829
549 777
549 799
549 830
549 885
549 936
550 615
550 690
550 870
550 949
551 571
551 599
551 675
551 698
551 732
551 806
551 866
551 958
551 993
552 830
552 885
553 603
553 784
553 793
553 810
554 632
554 649
554 683
554 821
554 863
554 944
555 594
555 654
555 679
555 680
555 687
555 742
555 820
555 838
555 957
556 583
556 624
556 654
556 687
556 820
556 838
556 898
556 957
556 982
557 582
557 614
557 643
557 910
557 930
557 986
558 666
558 682
558 685
558 734
558 752
558 774
558 872
558 875
559 682
559 706
559 761
559 802
559 864
559 900
560 712
560 764
560 787
560 978
560 983
561 831
561 862
561 967
562 676
562 756
562 839
562 847
562 895
562 901
562 991
563 584
563 723
563 956
563 962
564 603
564 681
564 784
564 793
565 582
565 611
565 770
565 930
566 731
566 861
566 928
566 988
567 666
567 706
567 707
567 733
567 752
567 816
568 590
568 630
568 650
568 738
568 744
568 855
568 881
568 882
568 933
568 970
569 572
569 600
569 620
569 667
569 798
570 607
570 765
570 837
570 845
570 950
570 965
570 984
571 599
571 698
571 732
571 993
572 600
572 620
572 667
572 748
572 798
572 897
573 623
573 750
573 807
573 825
573 835
573 914
574 735
574 740
574 834
574 852
574 873
575 711
575 716
576 748
576 792
576 822
576 961
576 976
576 999
577 961
578 686
578 826
578 951
578 952
579 613
579 642
579 758
579 817
580 840
580 880
580 915
580 948
581 643
581 724
581 736
581 737
581 868
581 986
581 987
582 614
582 910
582 930
583 743
583 898
583 975
584 723
584 956
584 962
585 612
585 652
585 871
585 891
586 634
586 811
586 912
586 921
586 996
587 605
587 612
587 709
587 801
587 937
587 942
588 651
588 804
588 934
589 728
589 850
590 598
590 650
590 661
590 767
590 881
590 970
591 657
591 979
592 808
592 905
592 906
593 595
593 639
593 652
593 697
593 785
593 807
593 825
593 835
594 680
594 687
594 742
594 909
594 945
594 957
595 639
595 652
595 785
595 807
595 825
595 835
596 629
596 722
596 854
596 860
596 974
597 721
597 782
597 829
597 883
598 650
598 661
598 767
598 771
599 675
599 698
599 732
599 806
599 866
599 993
600 620
600 857
600 897
601 626
601 636
601 688
601 725
601 754
601 788
601 843
601 981
602 608
602 978
602 983
603 784
603 793
604 686
604 718
604 826
604 836
604 932
604 952
605 628
605 691
605 709
605 801
605 942
606 657
606 727
606 859
606 959
607 611
607 763
607 765
607 837
607 950
607 965
608 978
608 983
609 631
609 768
609 790
609 879
609 920
609 923
609 943
610 632
611 764
611 765
611 770
612 621
612 652
612 871
612 891
613 642
613 727
613 758
614 735
614 910
614 930
615 949
616 819
616 886
617 619
617 731
617 876
617 878
618 633
618 663
618 733
618 872
618 876
618 893
618 988
619 664
619 768
619 794
619 876
619 878
620 667
620 798
621 891
621 937
622 689
622 964
623 844
623 914
623 985
623 990
624 820
624 838
624 982
625 665
625 686
625 786
625 802
625 803
625 856
625 932
625 998
626 636
626 637
626 647
626 688
626 725
626 754
626 788
626 843
626 981
627 644
627 662
627 773
627 796
627 927
628 691
628 709
628 842
628 844
628 914
629 854
629 880
629 974
630 669
630 744
630 881
630 882
630 933
630 940
631 693
631 790
631 879
631 920
632 649
632 711
632 863
633 733
633 816
633 872
633 893
633 988
634 693
634 751
634 811
634 912
634 943
634 996
635 660
635 778
635 824
636 637
636 647
636 688
636 725
636 738
636 788
636 843
636 981
637 646
637 647
637 725
637 843
637 907
638 645
638 670
638 679
638 680
638 699
638 726
638 909
638 945
638 966
639 652
639 785
639 807
639 825
639 835
640 737
640 868
640 971
640 985
641 708
641 911
642 758
642 817
643 724
643 736
643 910
643 930
643 986
643 987
644 662
644 773
644 796
644 927
644 992
645 670
645 739
645 815
645 966
646 843
646 907
646 997
647 725
647 738
647 843
647 855
647 970
647 981
648 653
648 740
648 780
648 834
648 869
649 683
649 821
649 863
649 944
650 744
650 881
650 940
651 775
651 804
651 934
652 785
652 871
652 891
653 780
653 795
653 849
653 869
653 977
654 687
654 820
654 838
654 898
654 957
654 982
655 701
655 938
655 955
656 727
656 762
656 979
657 677
657 959
658 779
658 885
659 739
659 766
659 831
659 874
659 941
660 778
660 824
661 767
662 773
662 927
662 992
663 872
663 902
664 756
664 794
664 878
664 895
664 901
664 991
665 706
665 786
665 802
665 803
665 856
665 864
665 998
666 682
666 685
666 706
666 734
666 752
666 774
666 864
667 748
667 792
667 798
667 961
667 999
668 730
668 861
668 907
668 989
668 997
669 744
669 940
670 699
670 726
670 766
670 831
670 909
670 929
671 678
671 813
672 755
672 763
672 809
672 848
672 887
673 849
673 899
674 791
674 964
675 698
675 705
675 780
675 806
675 866
675 869
675 958
675 993
676 695
676 760
676 797
676 846
677 715
677 749
677 959
677 978
678 813
679 680
679 687
679 957
680 687
680 699
680 742
680 909
680 945
680 957
681 772
682 685
682 706
682 734
682 761
682 774
682 864
682 900
683 892
684 812
684 858
684 973
684 995
685 734
685 761
685 774
685 864
685 875
685 900
686 718
686 932
686 952
686 998
687 742
687 820
687 838
687 957
687 982
688 725
688 754
688 788
688 843
688 981
689 964
690 870
691 709
691 801
691 842
691 858
691 942
692 732
692 827
693 751
693 943
694 696
694 745
694 800
694 865
694 933
695 760
695 797
695 823
695 846
696 745
696 800
696 865
696 933
697 700
697 772
697 832
698 705
698 732
698 806
698 866
698 958
698 993
699 726
699 862
699 909
699 929
699 945
700 772
700 832
701 729
701 841
701 938
701 948
701 955
702 778
702 913
702 924
703 896
704 887
704 890
705 780
705 866
705 869
705 873
705 958
706 786
706 802
706 856
706 864
707 803
707 821
708 714
709 801
710 720
710 746
710 889
710 916
710 960
711 716
712 764
712 978
712 983
713 819
714 995
715 749
715 845
717 747
718 836
718 932
719 826
719 918
719 951
720 746
720 889
720 960
721 782
721 883
722 836
722 854
722 860
722 974
723 956
723 962
724 736
724 737
724 809
724 986
724 987
725 754
725 788
725 843
725 981
726 831
726 862
726 909
726 929
726 945
727 762
728 850
728 907
728 997
729 741
729 841
730 850
730 907
730 989
730 997
731 876
731 928
731 988
732 993
733 752
733 816
733 872
733 893
734 774
734 864
734 875
734 900
735 740
735 834
735 852
736 809
736 848
736 986
736 987
737 868
737 986
737 987
738 855
738 882
738 970
738 981
739 757
739 874
739 941
740 780
740 834
740 852
740 873
741 841
742 838
742 945
742 957
743 763
743 837
743 898
743 950
743 965
743 975
744 881
744 933
744 940
745 800
745 865
745 927
746 889
746 916
746 960
748 792
748 822
748 976
748 999
750 807
750 825
750 835
750 914
751 943
752 816
752 872
752 893
753 911
754 788
754 843
754 980
755 763
755 809
755 848
756 818
756 878
756 895
756 901
756 991
757 815
759 888
759 992
760 797
760 846
761 774
761 864
761 900
762 935
762 979
763 765
763 837
763 848
763 950
764 978
764 983
765 837
765 950
765 965
766 831
766 874
766 929
766 941
768 794
768 902
768 923
769 781
769 830
769 954
769 980
770 787
771 972
772 832
773 796
774 875
774 900
774 925
775 934
775 987
776 797
776 823
776 833
776 853
777 799
777 936
778 913
778 924
779 904
779 967
780 834
780 866
780 869
780 873
780 958
781 830
781 954
781 980
782 883
782 905
783 867
783 939
783 968
784 793
784 810
785 807
785 825
785 835
786 802
786 803
786 856
786 864
788 843
788 981
789 808
789 905
789 935
790 839
790 847
790 879
790 920
791 964
791 971
791 990
792 822
792 961
792 976
792 999
794 878
794 923
794 991
795 849
795 977
796 927
797 823
797 846
799 830
799 936
800 865
800 927
801 858
801 937
801 942
802 856
802 864
803 821
803 856
803 998
804 934
804 947
805 922
805 926
805 953
806 866
806 873
806 958
807 825
807 835
808 905
808 906
808 935
809 848
810 994
811 912
812 842
812 973
813 964
814 916
814 921
815 966
816 893
817 829
818 895
818 901
819 886
820 838
820 982
821 828
821 863
821 944
822 976
822 999
823 833
824 854
824 860
824 974
825 835
826 918
826 951
826 952
827 903
828 863
828 944
830 936
831 862
831 874
831 929
831 941
833 853
834 852
834 873
837 950
837 965
837 975
838 957
838 982
839 847
839 901
839 991
840 880
840 915
840 948
841 948
844 914
844 985
845 908
845 965
845 984
847 920
847 991
849 899
849 977
850 907
850 989
850 997
851 947
852 873
854 860
854 974
855 881
855 882
855 970
856 998
857 897
857 969
858 942
859 959
860 974
861 928
861 989
862 909
862 929
862 945
863 944
864 900
866 869
866 873
866 958
867 968
868 987
869 958
870 949
871 891
872 893
873 958
874 941
876 988
877 917
877 922
877 926
877 946
877 953
878 895
878 901
878 991
879 920
879 923
879 943
880 915
880 948
881 882
881 970
882 933
882 970
882 981
887 890
888 992
889 960
894 902
894 912
895 901
897 969
898 908
898 965
898 975
898 982
898 984
900 925
901 991
902 923
904 919
904 968
905 906
907 989
907 997
908 984
909 929
909 945
910 930
913 924
914 985
914 990
916 921
917 946
918 951
918 994
920 943
921 996
922 926
922 953
926 953
927 992
928 988
929 945
937 942
938 948
946 953
950 965
951 952
954 980
956 962
957 982
961 999
965 975
965 984
971 985
971 990
973 995
976 999
978 983
985 990
986 987
989 997
