0 89
0 216
0 490
0 531
0 544
0 550
0 558
0 596
0 740
0 849
0 897
1 79
1 118
1 172
1 262
1 319
1 367
1 415
1 468
1 510
1 620
1 700
1 790
1 811
1 924
1 977
2 60
2 71
2 83
2 156
2 243
2 564
2 641
2 644
2 712
2 777
2 891
3 177
3 194
3 246
3 250
3 520
3 552
3 817
3 840
3 867
3 871
3 874
3 918
4 45
4 111
4 246
4 520
4 534
4 562
4 871
4 885
4 917
5 50
5 101
5 132
5 343
5 453
5 481
5 536
5 642
5 747
5 921
5 984
6 37
6 43
6 67
6 255
6 308
6 331
6 353
6 410
6 566
6 573
6 627
6 712
6 958
7 56
7 65
7 148
7 282
7 337
7 449
7 477
7 508
7 809
7 906
8 61
8 93
8 104
8 189
8 333
8 337
8 350
8 364
8 449
8 592
8 683
8 993
9 54
9 155
9 379
9 490
9 509
9 558
9 596
9 630
9 672
9 692
9 849
9 897
9 996
10 28
10 36
10 69
10 150
10 213
10 276
10 458
10 514
10 540
10 553
10 585
10 605
10 625
10 658
10 661
10 733
10 788
10 863
10 915
10 991
10 995
11 112
11 114
11 127
11 214
11 417
11 464
11 471
11 582
11 741
11 802
11 825
11 833
11 864
12 310
12 383
12 497
12 539
12 628
12 792
12 873
12 883
12 902
12 979
13 15
13 30
13 44
13 82
13 105
13 259
13 273
13 328
13 430
13 451
13 495
13 524
13 529
13 660
13 732
13 750
13 820
14 70
14 160
14 233
14 307
14 397
14 479
14 480
14 556
14 580
14 587
14 775
14 803
14 845
14 860
14 934
15 19
15 30
15 44
15 82
15 105
15 147
15 259
15 273
15 328
15 430
15 451
15 504
15 524
15 529
15 660
15 682
15 750
15 755
15 787
15 876
16 76
16 87
16 476
16 559
16 654
16 678
16 689
16 768
16 769
16 844
16 908
16 999
17 62
17 92
17 135
17 346
17 357
17 386
17 391
17 491
17 499
17 555
17 882
17 948
18 309
18 332
18 441
18 784
18 914
18 964
19 30
19 147
19 273
19 430
19 457
19 504
19 660
19 682
19 751
19 755
19 787
19 876
20 78
20 87
20 125
20 210
20 223
20 300
20 312
20 404
20 421
20 427
20 454
20 512
20 769
20 794
20 843
20 908
20 969
20 988
21 77
21 170
21 242
21 284
21 306
21 314
21 339
21 459
21 483
21 545
21 569
21 601
21 680
21 736
21 752
21 848
21 862
21 936
21 963
21 968
21 971
22 38
22 46
22 55
22 72
22 159
22 248
22 323
22 423
22 428
22 439
22 445
22 648
22 702
22 760
22 805
22 880
23 358
23 440
23 613
23 651
23 824
23 945
24 38
24 98
24 305
24 355
24 413
24 423
24 447
24 484
24 487
24 610
24 726
24 765
24 806
24 815
25 134
25 142
25 382
25 419
25 460
25 478
25 515
25 579
25 603
25 614
25 704
25 776
25 804
25 812
25 817
25 836
25 859
25 874
25 916
25 947
25 981
25 985
26 73
26 160
26 233
26 239
26 462
26 474
26 491
26 756
26 824
27 109
27 112
27 127
27 154
27 272
27 398
27 409
27 425
27 711
27 741
27 850
27 864
27 930
28 34
28 96
28 150
28 208
28 256
28 585
28 605
28 625
28 658
28 661
28 733
28 941
28 991
28 995
29 119
29 137
29 173
29 230
29 295
29 431
29 486
29 488
29 570
29 572
29 693
29 782
30 44
30 82
30 259
30 273
30 328
30 430
30 451
30 504
30 524
30 529
30 660
30 755
30 787
30 948
31 51
31 140
31 302
31 452
31 664
31 742
31 858
31 907
31 922
31 923
32 128
32 148
32 224
32 384
32 385
32 400
32 469
32 501
32 598
32 681
32 773
32 868
32 904
32 906
32 984
32 987
33 62
33 68
33 92
33 175
33 334
33 390
33 397
33 499
33 506
33 543
33 580
33 669
33 727
34 96
34 199
34 208
34 241
34 256
34 288
34 500
34 505
34 517
34 605
34 625
34 645
34 658
34 667
34 733
34 940
34 941
35 41
35 121
35 331
35 353
35 410
35 416
35 470
35 618
35 691
35 709
35 748
35 846
35 942
35 958
36 69
36 115
36 125
36 176
36 238
36 276
36 438
36 454
36 458
36 522
36 553
36 643
36 863
36 944
36 988
37 40
37 157
37 219
37 255
37 308
37 566
37 573
37 590
37 949
38 46
38 72
38 159
38 248
38 316
38 323
38 423
38 439
38 447
38 487
38 523
38 610
38 701
38 726
38 765
38 805
38 806
38 815
38 880
39 352
39 395
39 405
39 670
39 719
39 728
39 795
39 900
39 954
40 157
40 219
40 255
40 296
40 308
40 535
40 566
40 573
40 590
40 949
41 416
41 709
41 748
42 99
42 106
42 202
42 209
42 551
42 571
42 583
42 807
42 813
42 829
42 872
42 896
43 47
43 67
43 157
43 219
43 255
43 308
43 331
43 353
43 371
43 410
43 566
43 590
43 766
43 958
43 983
44 82
44 105
44 222
44 259
44 273
44 328
44 386
44 430
44 451
44 524
44 529
44 594
44 659
44 660
44 732
44 820
44 948
45 100
45 111
45 281
45 289
45 381
45 485
45 549
45 562
45 885
45 917
45 959
45 962
46 55
46 72
46 159
46 225
46 248
46 277
46 287
46 291
46 316
46 323
46 428
46 439
46 581
46 701
46 702
46 760
46 805
46 806
46 815
46 886
47 67
47 90
47 157
47 219
47 353
47 371
47 410
47 496
47 566
47 590
47 766
47 983
48 81
48 202
48 206
48 294
48 571
48 636
48 650
48 813
48 837
48 895
48 896
48 929
49 110
49 126
49 257
49 588
49 589
49 631
49 653
49 664
49 668
49 671
49 690
49 722
49 725
49 730
49 742
49 838
50 64
50 94
50 101
50 192
50 274
50 453
50 492
50 536
50 563
50 684
50 696
50 747
50 857
50 984
51 140
51 302
51 452
51 472
51 734
51 858
51 873
51 883
51 907
51 922
51 923
51 928
51 979
51 990
52 63
52 267
52 271
52 350
52 634
52 707
52 721
52 724
52 816
52 952
53 242
53 249
53 270
53 309
53 339
53 446
53 483
53 548
53 565
53 569
53 601
53 673
53 736
53 746
53 774
53 862
53 879
53 890
53 898
53 903
53 931
53 936
53 937
53 939
53 964
53 992
54 228
54 313
54 490
54 511
54 596
54 630
54 672
54 706
54 715
54 740
54 791
54 800
54 823
54 897
54 927
54 996
55 72
55 159
55 248
55 287
55 323
55 428
55 431
55 439
55 445
55 648
55 702
55 760
55 886
55 911
56 65
56 148
56 337
56 449
56 477
56 809
56 906
57 253
57 395
57 633
57 670
57 674
57 676
57 695
57 719
57 826
57 960
58 88
58 393
58 424
58 489
58 578
58 685
58 745
58 819
59 95
59 406
59 591
59 821
60 71
60 243
60 564
60 616
60 641
60 644
60 675
60 708
60 777
60 814
60 856
61 104
61 189
61 337
61 350
61 364
61 449
61 508
61 592
61 809
61 816
61 993
62 68
62 82
62 259
62 357
62 386
62 499
62 504
62 506
62 524
62 529
62 555
62 948
63 133
63 234
63 267
63 337
63 350
63 376
63 436
63 463
63 508
63 624
63 634
63 707
63 724
63 816
63 905
64 94
64 161
64 195
64 320
64 429
64 440
64 453
64 481
64 563
64 613
64 617
64 679
64 684
64 717
64 747
64 763
64 778
64 857
64 921
64 961
65 93
65 128
65 148
65 333
65 400
65 401
65 449
65 809
65 906
66 136
66 178
66 293
66 315
66 318
66 448
66 520
66 576
66 666
66 751
66 810
66 818
66 876
66 918
67 121
67 255
67 331
67 353
67 410
67 566
67 590
67 942
67 958
68 175
68 334
68 390
68 504
68 506
68 524
68 543
68 669
68 727
68 799
69 115
69 150
69 176
69 213
69 238
69 276
69 458
69 514
69 522
69 540
69 553
69 585
69 643
69 661
69 863
69 915
69 944
69 988
69 991
70 217
70 304
70 307
70 345
70 397
70 479
70 480
70 543
70 556
70 587
70 775
70 793
70 803
70 845
70 860
71 627
71 641
71 644
71 712
71 777
71 856
71 891
72 159
72 248
72 287
72 291
72 316
72 323
72 423
72 428
72 439
72 648
72 701
72 702
72 760
72 805
72 806
72 815
72 886
73 195
73 239
73 320
73 358
73 440
73 474
73 491
73 560
73 613
73 651
73 679
73 763
73 778
73 824
73 945
74 78
74 227
74 299
74 312
74 322
74 438
74 454
74 476
74 629
74 689
74 769
74 794
74 932
74 935
74 989
74 998
75 151
75 187
75 377
75 414
75 450
75 622
75 716
76 87
76 476
76 559
76 654
76 678
76 689
76 769
76 844
76 908
76 999
77 170
77 284
77 306
77 314
77 442
77 516
77 545
77 551
77 571
77 680
77 752
77 813
77 848
77 963
77 968
77 971
78 176
78 227
78 312
78 322
78 438
78 454
78 476
78 629
78 689
78 769
78 794
78 908
78 932
78 989
78 998
79 116
79 118
79 120
79 131
79 172
79 221
79 251
79 319
79 367
79 415
79 510
79 811
79 861
80 84
80 112
80 168
80 220
80 340
80 398
80 425
80 711
80 833
80 864
80 930
81 212
81 294
81 359
81 393
81 489
81 537
81 636
81 650
81 895
81 899
81 929
82 259
82 328
82 386
82 430
82 451
82 493
82 524
82 529
82 555
82 659
82 948
83 141
83 149
83 156
83 174
83 243
83 338
83 471
83 564
83 623
83 637
83 644
83 802
83 891
84 168
84 220
84 340
84 398
84 425
84 711
84 833
84 864
84 930
85 144
85 218
85 432
85 467
85 547
85 561
85 604
85 705
85 770
85 893
85 909
86 185
86 196
86 244
86 341
86 435
86 473
86 525
86 532
86 808
86 847
86 866
87 312
87 404
87 427
87 454
87 476
87 512
87 559
87 654
87 689
87 768
87 769
87 794
87 843
87 908
87 969
88 204
88 361
88 578
88 745
88 819
88 986
89 97
89 216
89 319
89 380
89 531
89 544
89 550
89 558
89 740
89 811
89 849
89 854
89 861
89 901
89 985
90 371
90 496
90 590
90 766
90 943
90 983
91 144
91 180
91 215
91 241
91 283
91 288
91 368
91 370
91 505
91 561
91 606
91 625
91 771
92 135
92 233
92 462
92 474
92 491
92 499
92 580
92 756
92 775
93 197
93 333
93 401
93 449
93 592
93 683
93 993
94 161
94 195
94 320
94 429
94 440
94 453
94 481
94 563
94 613
94 617
94 679
94 684
94 717
94 747
94 763
94 778
94 857
94 921
95 406
95 591
95 672
95 791
95 821
95 823
95 877
95 881
96 199
96 208
96 256
96 288
96 585
96 605
96 625
96 645
96 658
96 667
96 733
96 940
96 941
96 991
96 995
97 216
97 317
97 380
97 460
97 531
97 544
97 550
97 603
97 638
97 647
97 836
97 854
97 861
97 901
97 947
97 985
98 305
98 355
98 413
98 484
98 487
98 610
98 641
98 726
98 814
98 856
99 106
99 123
99 139
99 179
99 209
99 261
99 269
99 285
99 290
99 335
99 412
99 583
99 584
99 779
99 807
99 829
99 872
99 896
99 938
100 111
100 281
100 289
100 381
100 456
100 485
100 549
100 649
100 687
100 796
100 828
100 917
100 962
101 192
101 274
101 461
101 469
101 492
101 536
101 563
101 652
101 696
101 984
102 219
102 286
102 296
102 371
102 766
102 926
102 943
103 154
103 272
103 409
103 697
103 741
103 757
103 850
103 954
104 182
104 189
104 337
104 350
104 364
104 449
104 521
104 592
104 993
105 152
105 178
105 273
105 327
105 451
105 495
105 576
105 594
105 660
105 732
105 750
105 820
105 876
105 925
105 953
105 957
106 120
106 209
106 290
106 412
106 551
106 583
106 779
106 807
106 829
106 872
106 896
107 139
107 179
107 261
107 269
107 275
107 285
107 290
107 335
107 412
107 457
107 593
107 755
107 779
107 787
107 797
107 878
107 938
108 129
108 158
108 165
108 229
108 237
108 271
108 280
108 363
108 392
108 411
108 444
108 621
108 626
108 632
108 721
108 749
108 761
108 783
108 789
108 955
109 112
109 154
109 220
109 272
109 398
109 409
109 425
109 711
109 864
109 930
110 115
110 126
110 143
110 191
110 213
110 257
110 276
110 326
110 372
110 577
110 588
110 643
110 668
110 671
110 690
110 722
110 730
110 737
110 838
110 975
111 186
111 246
111 311
111 485
111 538
111 796
111 828
111 885
111 917
111 962
111 972
112 127
112 154
112 220
112 398
112 409
112 425
112 711
112 741
112 833
112 864
112 930
113 119
113 171
113 215
113 360
113 368
113 370
113 486
113 540
113 606
113 608
113 693
113 772
113 788
113 827
113 830
113 978
113 994
114 207
114 214
114 464
114 582
114 612
114 802
114 825
115 143
115 176
115 213
115 238
115 257
115 276
115 438
115 458
115 522
115 553
115 643
115 671
115 838
115 863
115 944
115 988
116 118
116 120
116 131
116 221
116 251
116 329
116 347
116 367
116 419
116 443
116 583
116 713
116 723
116 759
116 859
116 910
116 916
117 163
117 299
117 466
117 568
117 920
117 932
117 935
118 120
118 131
118 172
118 221
118 319
118 367
118 415
118 510
118 551
118 620
118 811
119 229
119 230
119 295
119 486
119 570
119 608
119 693
119 772
119 782
119 789
119 827
119 830
119 978
120 131
120 172
120 209
120 221
120 251
120 347
120 367
120 415
120 510
120 551
120 583
120 910
121 331
121 353
121 410
121 416
121 470
121 498
121 618
121 691
121 709
121 846
121 942
121 958
122 162
122 169
122 321
122 324
122 470
122 498
122 586
122 597
122 599
122 609
122 618
122 691
122 846
122 875
122 933
123 136
123 139
123 261
123 269
123 275
123 290
123 329
123 347
123 412
123 443
123 583
123 584
123 619
123 666
123 723
123 759
123 764
123 779
123 810
123 818
123 829
123 910
123 938
124 193
124 207
124 226
124 342
124 362
124 464
124 528
124 535
124 546
124 612
124 825
124 835
124 926
125 176
125 210
125 223
125 421
125 427
125 438
125 454
125 458
125 512
125 522
125 553
125 658
125 843
125 863
125 969
125 988
125 995
126 191
126 257
126 326
126 577
126 588
126 631
126 653
126 664
126 668
126 671
126 690
126 722
126 730
126 742
126 838
126 975
127 154
127 272
127 409
127 425
127 582
127 711
127 741
127 795
127 850
127 864
127 930
128 197
128 333
128 343
128 384
128 400
128 401
128 598
128 642
128 842
128 904
128 906
129 158
129 165
129 229
129 237
129 271
129 280
129 363
129 378
129 392
129 411
129 444
129 549
129 621
129 626
129 632
129 721
129 749
129 761
129 783
129 789
129 955
130 164
130 196
130 244
130 245
130 258
130 292
130 365
130 394
130 420
130 435
130 473
130 525
130 738
130 839
130 847
130 866
130 892
131 172
131 221
131 251
131 319
131 367
131 713
131 811
131 854
131 861
131 985
132 161
132 197
132 343
132 400
132 453
132 481
132 536
132 642
132 677
132 747
132 842
132 921
132 997
133 144
133 298
133 418
133 432
133 624
133 707
133 771
133 893
133 952
134 142
134 251
134 347
134 419
134 460
134 478
134 515
134 579
134 619
134 713
134 723
134 764
134 804
134 812
134 859
134 910
134 916
134 985
135 346
135 357
135 391
135 474
135 491
135 499
135 555
135 560
135 882
136 139
136 261
136 269
136 275
136 293
136 315
136 329
136 448
136 457
136 584
136 619
136 666
136 779
136 810
136 818
137 173
137 277
137 287
137 303
137 326
137 431
137 488
137 572
137 577
137 974
138 146
138 198
138 305
138 407
138 455
138 482
138 603
138 607
138 698
138 699
138 704
138 718
138 776
138 804
138 836
138 855
138 947
138 966
139 179
139 261
139 269
139 275
139 285
139 290
139 329
139 412
139 443
139 583
139 584
139 666
139 759
139 779
139 810
139 829
139 938
140 302
140 452
140 472
140 734
140 858
140 873
140 907
140 922
140 923
140 928
140 979
140 990
141 149
141 156
141 174
141 214
141 243
141 338
141 342
141 373
141 417
141 471
141 564
141 623
141 637
141 802
142 251
142 347
142 419
142 478
142 515
142 579
142 619
142 713
142 723
142 764
142 804
142 812
142 817
142 859
142 874
142 910
142 916
142 981
143 191
143 213
143 257
143 276
143 372
143 588
143 643
143 671
143 737
143 838
143 915
143 975
143 994
144 180
144 283
144 298
144 418
144 432
144 505
144 561
144 604
144 606
144 771
144 893
145 153
145 408
145 563
145 640
145 684
145 710
145 857
145 961
146 198
146 305
146 382
146 407
146 447
146 455
146 607
146 614
146 698
146 699
146 704
146 718
146 776
146 785
146 804
146 855
146 966
146 981
147 273
147 293
147 318
147 430
147 457
147 495
147 660
147 682
147 751
147 755
147 787
147 876
148 384
148 501
148 598
148 602
148 739
148 868
148 904
148 906
148 987
149 156
149 174
149 243
149 338
149 373
149 471
149 513
149 564
149 623
149 637
149 644
149 802
150 171
150 215
150 360
150 368
150 514
150 540
150 585
150 605
150 625
150 658
150 661
150 733
150 788
150 915
150 991
150 995
151 187
151 264
151 351
151 377
151 406
151 414
151 450
151 716
152 266
152 327
152 354
152 403
152 495
152 557
152 594
152 615
152 662
152 732
152 750
152 820
152 953
152 957
153 192
153 274
153 374
153 408
153 563
153 640
153 684
153 710
153 857
153 961
154 272
154 409
154 697
154 711
154 741
154 757
154 795
154 850
154 864
154 930
155 379
155 490
155 509
155 558
155 630
155 672
155 692
155 849
155 897
155 996
156 174
156 243
156 338
156 342
156 471
156 564
156 623
156 637
156 644
156 802
156 891
156 949
157 219
157 255
157 296
157 308
157 371
157 566
157 573
157 590
157 766
157 949
157 983
158 230
158 389
158 392
158 411
158 444
158 570
158 621
158 649
158 687
158 693
158 749
158 761
158 782
158 789
158 955
159 225
159 248
159 277
159 287
159 291
159 316
159 323
159 428
159 439
159 581
159 657
159 701
159 760
159 805
159 806
159 815
159 886
160 233
160 239
160 462
160 479
160 556
160 756
160 775
160 803
160 845
160 934
161 320
161 344
161 346
161 391
161 429
161 453
161 481
161 493
161 642
161 677
161 679
161 717
161 747
161 778
161 865
161 921
161 967
161 970
161 997
162 167
162 188
162 200
162 321
162 324
162 475
162 498
162 518
162 526
162 527
162 530
162 541
162 567
162 586
162 597
162 609
162 656
162 688
162 691
162 729
162 731
162 841
162 875
162 933
162 946
162 980
163 227
163 232
163 299
163 568
163 589
163 629
163 725
163 920
163 932
163 935
164 244
164 245
164 292
164 365
164 394
164 420
164 435
164 738
164 839
164 847
164 866
164 892
165 229
165 271
165 280
165 363
165 392
165 626
165 632
165 721
165 749
165 758
165 772
165 783
165 789
165 827
165 952
165 955
166 181
166 184
166 205
166 231
166 260
166 265
166 297
166 332
166 441
166 446
166 743
166 762
166 879
166 903
167 200
167 225
167 321
167 356
167 437
167 465
167 475
167 518
167 527
167 541
167 581
167 609
167 639
167 656
167 688
167 731
167 851
167 933
167 980
168 201
168 220
168 373
168 398
168 417
168 425
168 471
168 832
168 833
168 834
168 864
168 919
169 472
169 502
169 586
169 597
169 599
169 714
169 734
169 846
169 869
169 873
169 875
169 894
169 928
169 990
170 212
170 242
170 284
170 306
170 314
170 388
170 442
170 542
170 545
170 569
170 575
170 680
170 736
170 752
170 801
170 931
170 936
170 939
171 215
171 360
171 368
171 370
171 486
171 514
171 540
171 606
171 608
171 788
171 830
171 915
171 978
171 994
172 319
172 367
172 415
172 510
172 620
172 700
172 740
172 811
172 977
173 303
173 326
173 431
173 488
173 572
173 577
173 974
174 243
174 338
174 373
174 417
174 471
174 513
174 564
174 623
174 637
174 644
174 802
175 235
175 334
175 390
175 506
175 543
175 669
175 727
175 799
175 837
175 965
176 210
176 223
176 238
176 312
176 438
176 454
176 458
176 512
176 522
176 553
176 643
176 794
176 863
176 944
176 988
177 246
177 250
177 520
177 538
177 552
177 817
177 867
177 871
177 874
177 918
178 293
178 315
178 318
178 327
178 495
178 534
178 562
178 576
178 682
178 750
178 751
178 876
178 885
178 925
178 953
178 957
179 206
179 261
179 269
179 285
179 290
179 335
179 412
179 593
179 779
179 797
179 829
179 878
179 938
180 215
180 283
180 298
180 418
180 432
180 505
180 561
180 604
180 606
180 771
180 893
180 978
181 184
181 205
181 260
181 279
181 349
181 387
181 595
181 743
181 879
181 898
181 931
181 939
182 354
182 364
182 403
182 521
182 592
182 615
182 662
182 683
182 780
182 852
182 993
183 301
183 317
183 380
183 482
183 509
183 513
183 616
183 647
183 663
183 767
183 786
183 870
183 951
184 205
184 231
184 260
184 270
184 297
184 332
184 441
184 446
184 743
184 879
184 898
184 903
184 931
184 939
185 196
185 224
185 341
185 385
185 394
185 435
185 473
185 501
185 525
185 532
185 652
185 681
185 738
185 773
185 808
185 847
185 866
185 892
186 246
186 311
186 445
186 485
186 538
186 552
186 648
186 828
186 913
186 962
186 972
186 982
187 264
187 351
187 375
187 414
187 450
187 716
187 744
188 331
188 498
188 526
188 530
188 567
188 627
188 691
188 712
188 729
188 841
188 856
188 942
188 946
188 958
189 337
189 350
189 364
189 449
189 508
189 592
189 816
189 993
190 262
190 375
190 399
190 459
190 468
190 503
190 620
190 665
190 744
190 790
190 798
190 853
190 924
191 213
191 257
191 276
191 303
191 326
191 372
191 577
191 588
191 668
191 671
191 690
191 722
191 730
191 737
191 838
191 975
192 274
192 408
192 461
192 492
192 563
192 684
192 696
192 710
192 857
192 961
193 226
193 253
193 286
193 362
193 395
193 528
193 546
193 633
193 670
193 835
193 900
193 926
193 960
194 250
194 382
194 407
194 552
194 614
194 718
194 776
194 785
194 817
194 840
194 874
194 880
194 913
194 981
195 320
195 346
195 358
195 429
195 440
195 560
195 613
195 617
195 651
195 679
195 717
195 747
195 763
195 778
196 292
196 341
196 394
196 435
196 473
196 525
196 532
196 652
196 681
196 738
196 773
196 847
196 866
196 892
197 333
197 343
197 400
197 401
197 481
197 642
197 683
197 842
197 970
197 997
198 301
198 317
198 380
198 455
198 460
198 482
198 579
198 603
198 638
198 698
198 699
198 704
198 776
198 804
198 836
198 855
198 947
198 966
199 208
199 256
199 500
199 517
199 645
199 655
199 667
199 940
199 941
200 225
200 316
200 355
200 437
200 475
200 487
200 518
200 527
200 541
200 581
200 639
200 656
200 688
200 731
200 806
200 851
200 980
201 373
201 417
201 471
201 623
201 637
201 832
201 833
201 834
201 919
202 206
202 294
202 442
202 516
202 571
202 636
202 807
202 813
202 872
202 895
202 896
202 929
203 305
203 455
203 616
203 675
203 699
203 708
203 767
203 814
204 361
204 396
204 494
204 578
204 745
204 986
205 231
205 260
205 270
205 297
205 332
205 387
205 441
205 446
205 595
205 743
205 762
205 879
205 898
205 903
206 285
206 294
206 335
206 412
206 571
206 636
206 650
206 813
206 872
206 878
206 896
206 929
207 214
207 342
207 362
207 464
207 528
207 535
207 546
207 612
207 825
207 949
208 256
208 288
208 500
208 517
208 605
208 625
208 645
208 658
208 667
208 733
208 940
208 941
209 290
209 551
209 583
209 807
209 829
209 872
209 896
210 223
210 300
210 312
210 348
210 404
210 421
210 427
210 454
210 458
210 512
210 522
210 843
210 969
210 988
210 995
211 252
211 258
211 278
211 336
211 365
211 374
211 420
212 294
212 306
212 314
212 325
212 442
212 516
212 537
212 542
212 571
212 575
212 752
212 801
212 895
212 899
212 929
213 276
213 372
213 514
213 540
213 588
213 643
213 671
213 737
213 788
213 838
213 863
213 915
213 975
213 994
214 338
214 342
214 417
214 464
214 471
214 582
214 612
214 802
214 825
215 283
215 360
215 368
215 370
215 505
215 514
215 540
215 606
215 608
215 625
215 788
215 830
215 978
216 380
216 531
216 544
216 550
216 558
216 740
216 811
216 849
216 854
216 861
216 897
216 901
216 951
217 304
217 307
217 345
217 366
217 434
217 533
217 574
217 587
217 793
217 860
218 236
218 433
218 467
218 547
218 705
218 754
218 770
218 909
219 296
219 308
219 371
219 496
219 566
219 590
219 766
219 943
219 983
220 398
220 425
220 711
220 833
220 864
220 930
221 251
221 319
221 347
221 367
221 415
221 510
221 583
221 713
221 910
222 403
222 451
222 493
222 594
222 659
222 820
222 887
222 970
223 300
223 348
223 404
223 421
223 427
223 454
223 458
223 512
223 522
223 843
223 969
223 988
223 995
224 341
224 384
224 385
224 469
224 501
224 598
224 681
224 773
224 868
224 904
224 984
224 987
225 277
225 291
225 316
225 356
225 437
225 439
225 465
225 519
225 581
225 639
225 657
225 701
225 760
225 806
225 815
225 851
225 886
225 912
225 950
225 956
226 286
226 362
226 395
226 528
226 546
226 670
226 835
226 900
226 926
226 960
227 299
227 312
227 438
227 454
227 629
227 794
227 932
227 935
227 944
227 989
227 998
228 264
228 313
228 375
228 511
228 596
228 700
228 706
228 715
228 740
228 790
228 791
228 800
228 853
228 897
228 927
228 977
229 271
229 280
229 363
229 392
229 570
229 606
229 621
229 626
229 632
229 693
229 721
229 749
229 758
229 772
229 782
229 783
229 789
229 827
229 955
229 978
230 295
230 392
230 444
230 570
230 572
230 621
230 693
230 749
230 761
230 782
230 789
230 827
231 260
231 265
231 297
231 332
231 441
231 446
231 743
231 762
231 822
232 240
232 268
232 299
232 507
232 589
232 631
232 653
232 725
233 239
233 307
233 462
233 474
233 479
233 480
233 556
233 580
233 756
233 775
233 803
233 845
233 934
234 282
234 337
234 376
234 436
234 463
234 508
234 624
234 707
234 724
234 816
234 905
235 334
235 335
235 390
235 593
235 650
235 669
235 727
235 797
235 799
235 837
235 878
235 965
236 376
236 433
236 754
237 289
237 363
237 378
237 381
237 411
237 444
237 456
237 521
237 549
237 780
237 955
238 257
238 276
238 438
238 458
238 522
238 553
238 643
238 671
238 863
238 944
238 988
239 462
239 474
239 491
239 756
239 824
239 945
240 268
240 383
240 507
240 589
240 631
240 792
240 858
240 883
240 902
240 922
241 283
241 288
241 500
241 505
241 517
241 561
241 604
241 645
241 655
241 667
241 940
242 270
242 284
242 306
242 314
242 339
242 388
242 483
242 545
242 548
242 565
242 569
242 601
242 680
242 736
242 752
242 862
242 879
242 898
242 903
242 931
242 936
242 939
242 971
242 992
243 338
243 513
243 564
243 616
243 623
243 637
243 644
243 663
244 245
244 292
244 365
244 394
244 420
244 435
244 525
244 738
244 839
244 847
244 866
244 892
245 258
245 292
245 365
245 394
245 420
245 738
245 839
245 892
246 250
246 311
246 520
246 538
246 552
246 867
246 871
246 913
246 918
246 962
246 972
246 982
247 422
247 720
247 781
247 976
248 323
248 423
248 428
248 445
248 523
248 648
248 702
248 805
248 880
248 982
249 309
249 483
249 548
249 565
249 601
249 673
249 746
249 774
249 784
249 862
249 890
249 914
249 937
249 964
249 973
249 992
250 520
250 538
250 552
250 817
250 840
250 867
250 871
250 874
250 913
250 918
250 982
251 329
251 347
251 419
251 443
251 478
251 515
251 619
251 713
251 723
251 759
251 764
251 859
251 910
251 916
252 258
252 274
252 278
252 292
252 336
252 365
252 374
252 394
252 461
252 492
252 525
252 652
252 696
252 738
252 892
253 286
253 633
253 674
253 826
253 835
253 960
254 282
254 686
254 694
254 831
255 308
255 331
255 353
255 410
255 566
255 573
255 590
255 627
255 958
256 605
256 658
256 733
256 941
256 995
257 276
257 438
257 588
257 589
257 631
257 643
257 653
257 668
257 671
257 690
257 722
257 725
257 730
257 838
257 944
258 278
258 292
258 336
258 365
258 394
258 420
258 461
258 525
258 652
258 738
258 892
259 273
259 328
259 386
259 430
259 451
259 524
259 529
259 555
259 659
259 660
259 948
260 270
260 297
260 332
260 387
260 441
260 446
260 743
260 879
260 898
260 903
260 931
260 939
261 269
261 275
261 290
261 329
261 412
261 443
261 584
261 666
261 759
261 779
261 810
261 818
261 829
261 938
262 399
262 415
262 459
262 468
262 503
262 510
262 620
262 665
262 790
262 798
262 924
262 968
263 279
263 325
263 349
263 396
263 578
263 611
263 646
263 819
264 351
264 375
264 414
264 450
264 511
264 706
264 716
264 744
264 800
264 853
264 927
265 297
265 332
265 441
265 762
265 822
266 327
266 354
266 534
266 557
266 562
266 594
266 615
266 662
266 732
266 780
266 852
266 925
266 953
266 957
266 959
267 271
267 363
267 634
267 707
267 721
267 816
267 952
268 383
268 466
268 507
268 539
268 792
268 858
268 883
268 902
269 275
269 285
269 290
269 335
269 412
269 584
269 666
269 759
269 779
269 797
269 810
269 818
269 829
269 938
270 332
270 388
270 441
270 446
270 483
270 569
270 736
270 743
270 879
270 898
270 903
270 931
270 936
270 939
270 992
271 280
271 363
271 392
271 626
271 632
271 634
271 707
271 721
271 758
271 783
271 952
272 409
272 697
272 741
272 757
272 850
273 328
273 430
273 495
273 660
273 682
273 732
273 750
273 751
273 755
273 787
273 820
273 876
273 957
274 336
274 374
274 408
274 461
274 492
274 563
274 696
274 710
274 857
274 961
275 290
275 412
275 448
275 457
275 584
275 666
275 779
275 810
275 818
275 938
276 372
276 553
276 588
276 643
276 671
276 737
276 838
276 863
276 915
276 944
276 975
276 994
277 287
277 291
277 428
277 439
277 519
277 657
277 760
277 886
277 912
277 950
277 956
277 974
278 336
278 365
278 374
278 461
279 387
279 396
279 494
279 595
279 611
279 646
280 363
280 392
280 411
280 444
280 621
280 626
280 632
280 721
280 749
280 758
280 772
280 783
280 789
280 827
280 955
281 289
281 378
281 381
281 389
281 411
281 444
281 456
281 485
281 549
281 649
281 687
281 761
281 796
281 828
282 337
282 350
282 376
282 436
282 463
282 477
282 508
282 724
282 809
282 905
283 288
283 368
283 370
283 505
283 561
283 606
283 625
283 771
284 306
284 314
284 339
284 388
284 442
284 483
284 542
284 545
284 569
284 575
284 680
284 736
284 752
284 801
284 848
284 931
284 936
284 939
284 963
284 971
285 290
285 335
285 412
285 593
285 636
285 650
285 779
285 797
285 829
285 872
285 878
285 896
285 938
286 296
286 362
286 528
286 546
286 670
286 835
286 926
286 960
287 291
287 428
287 431
287 439
287 519
287 657
287 702
287 760
287 886
287 974
288 500
288 505
288 517
288 561
288 625
288 645
288 655
288 667
288 940
288 941
289 378
289 381
289 411
289 456
289 549
289 562
289 917
289 959
290 335
290 412
290 583
290 584
290 779
290 797
290 829
290 938
291 316
291 323
291 428
291 439
291 519
291 581
291 657
291 701
291 760
291 806
291 815
291 886
291 912
291 956
292 365
292 394
292 420
292 435
292 473
292 525
292 652
292 738
292 847
292 866
292 892
293 315
293 318
293 448
293 576
293 666
293 682
293 751
293 810
293 818
293 876
293 918
294 442
294 516
294 542
294 571
294 575
294 636
294 752
294 813
294 872
294 895
294 896
294 929
295 486
295 488
295 570
295 572
295 621
295 693
295 782
295 827
296 371
296 535
296 766
296 926
296 943
297 595
297 743
297 762
298 418
298 432
298 624
298 707
298 758
298 771
298 893
298 952
299 629
299 920
299 932
299 935
299 989
299 998
300 348
300 404
300 421
300 427
300 512
300 635
300 768
300 843
300 969
301 317
301 380
301 455
301 482
301 616
301 647
301 698
301 708
301 767
301 870
302 452
302 664
302 742
302 858
302 907
302 922
302 923
303 326
303 372
303 431
303 488
303 572
303 577
303 974
303 975
304 345
304 359
304 366
304 424
304 426
304 574
304 587
304 685
304 735
304 753
304 793
304 860
305 407
305 413
305 423
305 447
305 523
305 607
305 610
305 699
305 718
305 765
305 814
305 855
305 966
306 314
306 339
306 388
306 442
306 483
306 542
306 545
306 569
306 575
306 680
306 736
306 752
306 801
306 848
306 931
306 936
306 939
306 971
307 345
307 397
307 479
307 480
307 556
307 587
307 775
307 793
307 803
307 845
307 860
308 566
308 573
308 590
308 949
309 441
309 446
309 548
309 673
309 774
309 784
309 890
309 903
309 914
309 937
309 964
309 992
310 383
310 497
310 539
310 628
310 792
310 883
310 902
310 979
311 445
311 485
311 538
311 552
311 796
311 828
311 913
311 962
311 972
311 982
312 404
312 427
312 454
312 476
312 512
312 629
312 689
312 769
312 794
312 843
312 908
312 969
312 988
312 989
312 998
313 511
313 596
313 620
313 630
313 700
313 706
313 715
313 740
313 790
313 791
313 800
313 853
313 897
313 927
313 977
314 442
314 516
314 542
314 545
314 571
314 575
314 680
314 752
314 801
314 848
314 963
314 971
315 318
315 448
315 534
315 576
315 751
315 818
315 876
315 918
316 323
316 437
316 439
316 487
316 581
316 639
316 657
316 701
316 726
316 760
316 806
316 815
316 851
316 886
316 912
317 380
317 455
317 482
317 603
317 638
317 647
317 698
317 699
317 767
317 836
317 870
317 947
318 327
318 448
318 495
318 534
318 576
318 682
318 750
318 751
318 876
318 885
318 925
319 367
319 510
319 620
319 700
319 740
319 811
319 854
319 861
319 977
320 346
320 358
320 429
320 440
320 453
320 560
320 563
320 613
320 617
320 651
320 679
320 684
320 717
320 747
320 763
320 778
321 324
321 475
321 498
321 541
321 586
321 597
321 599
321 609
321 656
321 688
321 731
321 875
321 928
321 933
321 980
322 330
322 369
322 402
322 476
322 654
322 678
322 689
322 769
322 794
322 844
322 920
322 932
322 935
322 989
322 998
322 999
323 423
323 428
323 439
323 523
323 701
323 760
323 765
323 805
323 806
323 815
323 880
323 886
324 470
324 498
324 586
324 597
324 599
324 609
324 618
324 691
324 846
324 875
324 933
324 946
325 349
325 393
325 537
325 542
325 575
325 611
325 646
325 801
325 819
325 899
326 372
326 488
326 577
326 588
326 690
326 730
326 974
326 975
327 495
327 534
327 562
327 576
327 732
327 750
327 751
327 876
327 885
327 925
327 953
327 957
327 959
328 386
328 430
328 451
328 524
328 529
328 555
328 660
328 820
328 948
329 347
329 419
329 443
329 584
329 619
329 666
329 713
329 723
329 759
329 764
329 779
329 810
329 818
329 859
329 910
330 369
330 402
330 476
330 654
330 678
330 689
330 769
330 844
330 932
330 935
330 999
331 353
331 410
331 470
331 498
331 618
331 627
331 691
331 942
331 958
332 441
332 446
332 743
332 879
332 898
332 903
333 343
333 401
333 449
333 592
333 683
333 842
333 993
334 390
334 506
334 543
334 669
334 727
334 799
334 965
335 412
335 593
335 636
335 650
335 797
335 878
335 896
335 938
336 365
336 374
336 461
337 350
337 436
337 463
337 477
337 508
337 724
337 809
337 816
338 342
338 471
338 564
338 623
338 637
338 802
339 459
339 483
339 545
339 548
339 565
339 569
339 601
339 673
339 736
339 746
339 774
339 862
339 890
339 936
339 937
339 971
339 992
340 877
340 881
340 919
341 473
341 501
341 532
341 681
341 739
341 773
341 808
341 847
341 868
341 889
341 987
342 464
342 535
342 612
342 802
342 825
342 949
343 400
343 401
343 536
343 642
343 842
343 997
344 346
344 391
344 429
344 481
344 493
344 677
344 717
344 747
344 778
344 865
344 882
344 921
344 967
344 970
344 997
345 366
345 397
345 426
345 480
345 574
345 587
345 735
345 753
345 793
345 860
345 965
346 357
346 391
346 429
346 493
346 560
346 677
346 679
346 717
346 763
346 778
346 865
346 882
346 967
347 419
347 443
347 478
347 583
347 619
347 713
347 723
347 759
347 764
347 859
347 910
347 916
348 404
348 421
348 427
348 512
348 635
348 843
348 969
349 388
349 537
349 575
349 611
349 646
349 801
349 899
350 436
350 449
350 463
350 477
350 508
350 724
350 809
350 816
351 375
351 414
351 450
351 716
351 744
351 800
351 853
352 405
352 695
352 703
352 719
352 728
352 900
352 954
353 410
353 566
353 590
353 942
353 958
354 403
354 557
354 594
354 615
354 662
354 780
354 852
354 953
354 957
354 959
355 413
355 484
355 487
355 518
355 527
355 581
355 610
355 726
355 806
355 815
356 437
356 452
356 465
356 519
356 541
356 639
356 656
356 657
356 731
356 851
356 912
356 950
356 956
356 980
357 386
357 391
357 491
357 493
357 499
357 529
357 555
357 865
357 882
357 948
358 440
358 491
358 560
358 613
358 617
358 651
358 679
358 763
358 824
358 945
359 366
359 393
359 424
359 426
359 489
359 574
359 735
359 753
360 368
360 370
360 486
360 514
360 540
360 608
360 788
360 830
360 915
360 994
361 396
361 494
361 578
361 986
362 395
362 528
362 535
362 546
362 612
362 670
362 835
362 900
362 926
363 378
363 392
363 411
363 444
363 626
363 632
363 721
363 749
363 783
363 789
363 955
364 521
364 592
364 662
364 780
364 852
364 993
365 394
365 420
365 525
365 738
365 839
365 866
365 892
366 424
366 426
366 574
366 685
366 735
366 753
366 860
366 965
367 415
367 510
367 551
367 968
368 370
368 505
368 514
368 540
368 606
368 608
368 625
368 788
368 830
368 915
368 978
368 994
369 402
369 476
369 844
369 920
369 935
369 999
370 486
370 514
370 540
370 606
370 608
370 788
370 830
370 978
371 496
371 566
371 590
371 766
371 943
371 983
372 577
372 588
372 671
372 737
372 788
372 838
372 915
372 975
372 994
373 417
373 471
373 513
373 623
373 637
373 663
373 802
373 832
373 833
373 834
373 919
374 408
374 461
375 399
375 414
375 511
375 706
375 715
375 716
375 744
375 790
375 798
375 800
375 853
375 924
375 927
376 433
376 436
376 463
376 624
376 724
376 754
376 905
377 450
377 600
377 622
377 888
377 973
378 381
378 411
378 456
378 521
378 549
378 780
379 490
379 509
379 663
379 692
379 786
379 834
379 870
379 919
379 951
380 460
380 482
380 531
380 544
380 550
380 603
380 638
380 647
380 698
380 836
380 870
380 901
380 947
380 951
380 985
381 411
381 444
381 456
381 549
381 649
381 796
381 828
381 917
382 407
382 515
382 579
382 614
382 704
382 718
382 776
382 785
382 804
382 812
382 817
382 840
382 855
382 874
382 966
382 981
383 497
383 539
383 628
383 792
383 873
383 883
383 902
383 979
384 385
384 400
384 469
384 501
384 598
384 681
384 739
384 773
384 868
384 904
384 906
384 984
384 987
385 469
385 501
385 598
385 681
385 773
385 868
385 904
385 984
385 987
386 391
386 451
386 493
386 499
386 524
386 529
386 555
386 659
386 865
386 882
386 948
387 396
387 595
387 743
388 542
388 569
388 575
388 736
388 752
388 801
388 879
388 898
388 931
388 936
388 939
389 445
389 485
389 648
389 649
389 687
389 702
389 761
389 796
389 828
389 911
390 506
390 543
390 669
390 727
390 799
390 837
390 965
391 429
391 493
391 555
391 560
391 677
391 778
391 865
391 882
391 967
392 411
392 444
392 570
392 621
392 626
392 632
392 693
392 721
392 749
392 761
392 772
392 782
392 783
392 789
392 827
392 955
393 424
393 489
393 537
393 735
393 819
393 899
394 435
394 473
394 525
394 652
394 738
394 847
394 866
394 892
395 405
395 633
395 670
395 674
395 719
395 826
395 835
395 900
395 960
396 494
396 578
396 611
396 646
396 986
397 479
397 480
397 543
397 556
397 580
397 587
397 669
397 727
397 775
397 845
397 860
398 425
398 711
398 833
398 864
398 930
399 459
399 468
399 503
399 620
399 665
399 744
399 790
399 798
399 853
399 924
400 401
400 469
400 536
400 598
400 642
400 842
400 868
400 904
401 449
401 683
401 842
401 904
401 906
402 476
402 654
402 678
402 689
402 769
402 794
402 844
402 908
402 932
402 989
402 999
403 592
403 594
403 615
403 662
403 820
403 887
404 421
404 427
404 454
404 512
404 559
404 635
404 768
404 843
404 908
404 969
405 670
405 703
405 719
405 728
405 795
405 900
405 954
406 450
407 447
407 523
407 607
407 614
407 699
407 718
407 765
407 776
407 785
407 855
407 880
407 966
408 461
408 563
408 640
408 684
408 696
408 710
408 857
408 961
409 697
409 741
409 757
409 795
409 850
410 470
410 566
410 618
410 691
410 942
410 958
411 444
411 456
411 549
411 621
411 649
411 749
411 761
411 789
411 955
412 583
412 584
412 593
412 779
412 797
412 829
412 878
412 896
412 938
413 484
413 487
413 610
413 675
413 726
413 814
413 856
414 450
414 716
414 744
414 800
415 510
415 551
415 968
416 470
416 709
416 748
417 471
417 582
417 623
417 637
417 802
417 832
417 833
417 834
418 432
418 561
418 758
418 771
418 893
418 952
419 443
419 478
419 515
419 619
419 713
419 723
419 759
419 764
419 812
419 859
419 910
419 916
420 839
420 892
421 427
421 454
421 512
421 635
421 843
421 969
422 554
422 781
422 976
423 447
423 523
423 607
423 610
423 726
423 765
423 805
423 815
423 880
424 489
424 574
424 685
424 735
424 745
424 753
425 711
425 833
425 864
425 930
426 574
426 669
426 735
426 753
426 837
426 860
426 965
427 454
427 512
427 769
427 794
427 843
427 908
427 969
428 439
428 445
428 648
428 701
428 702
428 760
428 805
428 886
429 481
429 493
429 560
429 677
429 679
429 717
429 747
429 763
429 778
429 865
429 882
429 921
429 967
430 451
430 504
430 524
430 529
430 660
430 682
430 755
430 787
430 948
431 488
431 572
431 702
431 974
432 547
432 561
432 604
432 771
432 893
433 467
433 547
433 705
433 754
433 770
433 905
433 909
434 533
434 587
434 793
435 473
435 525
435 532
435 738
435 847
435 866
435 892
436 463
436 508
436 624
436 634
436 707
436 724
436 816
436 905
437 452
437 465
437 475
437 519
437 541
437 581
437 639
437 656
437 657
437 688
437 731
437 851
437 912
437 950
437 956
437 980
438 454
438 458
438 522
438 553
438 629
438 643
438 863
438 944
438 988
438 989
438 998
439 519
439 581
439 657
439 701
439 760
439 805
439 806
439 815
439 886
439 912
440 560
440 563
440 613
440 617
440 651
440 679
440 684
440 710
440 717
440 763
440 824
440 857
440 945
440 961
441 446
441 784
441 879
441 903
441 914
442 516
442 542
442 545
442 571
442 575
442 680
442 752
442 801
442 813
442 895
442 929
443 584
443 619
443 666
443 713
443 723
443 759
443 764
443 779
443 818
443 859
443 910
443 916
444 549
444 621
444 649
444 687
444 749
444 761
444 789
444 955
445 485
445 648
445 687
445 702
445 828
445 911
445 962
445 972
445 982
446 569
446 743
446 879
446 898
446 903
446 931
446 939
447 523
447 607
447 610
447 718
447 765
447 785
447 855
447 880
447 966
448 457
448 584
448 666
448 751
448 810
448 818
448 918
449 592
449 683
449 809
449 993
450 716
451 493
451 524
451 529
451 594
451 659
451 732
451 820
451 948
452 465
452 664
452 742
452 851
452 907
452 912
452 923
452 950
452 956
453 481
453 536
453 563
453 617
453 642
453 679
453 717
453 747
453 763
453 778
453 921
454 458
454 512
454 522
454 553
454 794
454 843
454 908
454 969
454 988
454 989
454 998
455 482
455 698
455 699
455 708
455 767
455 836
455 855
455 947
455 966
456 549
456 557
456 780
456 852
457 593
457 682
457 751
457 755
457 787
457 810
457 876
458 522
458 553
458 643
458 863
458 944
458 988
458 991
458 995
459 468
459 503
459 545
459 565
459 601
459 665
459 680
459 746
459 848
459 862
459 963
459 968
459 971
460 515
460 531
460 550
460 579
460 603
460 638
460 704
460 804
460 836
460 854
460 861
460 901
460 947
460 985
461 492
461 652
461 696
462 474
462 491
462 580
462 756
462 775
462 845
462 934
463 477
463 508
463 724
463 809
463 816
463 905
464 582
464 612
464 802
464 825
465 519
465 639
465 657
465 731
465 851
465 912
465 950
465 956
466 497
466 568
466 902
466 920
467 547
467 705
467 754
467 770
467 909
468 503
468 601
468 665
468 790
468 798
468 862
468 924
468 968
469 492
469 501
469 598
469 681
469 773
469 868
469 904
469 984
470 498
470 597
470 618
470 691
470 709
470 846
470 875
470 942
471 513
471 582
471 623
471 637
471 802
471 832
471 833
472 599
472 628
472 714
472 734
472 873
472 894
472 907
472 928
472 979
472 990
473 525
473 532
473 652
473 681
473 738
473 773
473 808
473 847
473 866
473 892
474 491
474 560
474 580
474 756
474 775
475 518
475 527
475 541
475 586
475 597
475 609
475 639
475 656
475 688
475 731
475 851
475 933
475 980
476 654
476 678
476 689
476 769
476 794
476 844
476 908
476 989
476 999
477 508
477 694
477 809
478 515
478 579
478 619
478 713
478 723
478 764
478 804
478 812
478 817
478 859
478 874
478 910
478 916
478 981
479 480
479 556
479 580
479 587
479 756
479 775
479 803
479 845
479 860
479 934
480 543
480 556
480 580
480 587
480 775
480 803
480 845
480 860
481 536
481 642
481 677
481 717
481 747
481 842
481 921
481 967
481 970
481 997
482 616
482 638
482 647
482 698
482 699
482 708
482 767
482 947
483 548
483 565
483 569
483 601
483 673
483 736
483 746
483 774
483 862
483 890
483 898
483 903
483 936
483 937
483 971
483 992
484 487
484 518
484 527
484 610
484 726
484 856
485 538
485 649
485 687
485 796
485 828
485 911
485 917
485 962
485 972
486 570
486 608
486 693
486 737
486 782
486 788
486 827
486 830
486 994
487 518
487 527
487 581
487 610
487 639
487 701
487 726
487 806
487 815
488 572
488 577
488 974
489 537
489 574
489 685
489 735
489 745
489 819
489 899
490 509
490 558
490 596
490 630
490 672
490 692
490 849
490 897
490 996
491 560
491 882
492 652
492 696
492 738
492 773
492 984
493 529
493 555
493 659
493 677
493 865
493 882
493 948
493 967
493 970
494 720
495 534
495 576
495 594
495 660
495 682
495 732
495 750
495 751
495 820
495 876
495 925
495 953
495 957
496 590
496 766
496 943
496 983
497 539
497 792
497 902
498 526
498 530
498 567
498 586
498 597
498 609
498 618
498 691
498 729
498 841
498 875
498 933
498 942
498 946
499 506
499 555
499 580
499 882
499 948
500 517
500 645
500 655
500 667
500 940
500 941
501 598
501 681
501 739
501 773
501 868
501 904
501 906
501 984
501 987
502 714
502 869
502 894
503 601
503 665
503 746
503 790
503 798
503 862
503 924
503 971
504 524
504 593
504 755
504 787
504 799
505 517
505 561
505 606
505 625
505 645
505 667
505 771
506 543
506 669
506 727
506 799
507 589
507 631
507 725
507 792
507 858
507 922
508 724
508 809
508 816
509 558
509 692
509 786
509 849
509 870
509 919
509 951
510 551
510 968
511 596
511 630
511 672
511 706
511 715
511 791
511 800
511 823
511 927
511 996
512 522
512 635
512 843
512 969
512 988
513 616
513 623
513 637
513 644
513 663
513 786
513 832
514 540
514 585
514 605
514 608
514 625
514 661
514 733
514 788
514 915
514 991
514 994
515 579
515 614
515 704
515 713
515 804
515 812
515 817
515 859
515 874
515 916
515 981
515 985
516 542
516 545
516 571
516 575
516 680
516 752
516 807
516 813
516 848
516 872
516 895
516 896
516 929
516 963
517 645
517 655
517 667
517 940
517 941
518 527
518 530
518 541
518 567
518 581
518 639
518 656
518 688
518 731
518 841
518 933
518 946
518 980
519 657
519 760
519 886
519 912
519 950
519 956
519 974
520 538
520 552
520 867
520 871
520 918
521 662
521 780
521 852
522 553
522 643
522 863
522 944
522 988
522 995
523 607
523 610
523 718
523 765
523 785
523 805
523 880
524 529
524 555
524 660
524 948
525 532
525 652
525 681
525 738
525 773
525 847
525 866
525 892
526 530
526 567
526 627
526 691
526 712
526 729
526 841
526 856
526 946
527 530
527 541
527 567
527 581
527 639
527 656
527 726
527 731
527 806
527 841
527 980
528 535
528 546
528 612
528 825
528 835
528 926
529 555
529 659
529 948
530 567
530 627
530 712
530 729
530 841
530 856
530 946
531 544
531 550
531 558
531 638
531 811
531 849
531 854
531 861
531 901
531 985
532 681
532 739
532 773
532 808
532 847
532 866
533 685
533 793
534 562
534 576
534 750
534 751
534 885
534 925
534 953
534 957
534 959
535 546
535 612
535 926
535 949
536 642
536 747
536 842
536 921
536 984
537 542
537 575
537 801
537 819
537 899
538 552
538 871
538 913
538 962
538 972
538 982
539 628
539 792
539 883
539 902
539 979
540 585
540 605
540 608
540 625
540 661
540 733
540 788
540 830
540 915
540 991
540 994
541 609
541 639
541 656
541 688
541 731
541 851
541 933
541 980
542 575
542 752
542 801
542 895
542 899
543 580
543 669
543 727
543 860
544 550
544 558
544 740
544 811
544 849
544 854
544 861
544 897
544 901
545 680
545 736
545 752
545 848
545 936
545 963
545 968
545 971
546 612
546 825
546 835
546 926
547 604
547 705
547 754
547 770
547 893
547 909
548 565
548 569
548 601
548 673
548 736
548 746
548 774
548 862
548 890
548 936
548 937
548 964
548 971
548 992
549 649
549 761
549 796
549 828
549 955
550 603
550 638
550 811
550 836
550 849
550 854
550 861
550 901
550 947
550 985
551 583
551 807
551 848
551 872
551 963
551 968
552 785
552 817
552 840
552 867
552 871
552 874
552 913
552 982
553 643
553 661
553 863
553 944
553 988
553 991
553 995
554 781
554 976
555 882
555 948
556 587
556 756
556 775
556 803
556 845
556 934
557 562
557 615
557 662
557 780
557 852
557 925
557 953
557 957
557 959
558 596
558 630
558 740
558 849
558 870
558 897
558 951
559 654
559 768
559 908
560 613
560 651
560 679
560 763
560 778
560 882
561 604
561 606
561 771
561 893
562 576
562 885
562 917
562 925
562 953
562 959
563 617
563 640
563 684
563 710
563 717
563 763
563 857
563 961
564 623
564 637
564 644
564 777
564 802
564 891
565 569
565 601
565 673
565 736
565 746
565 774
565 862
565 890
565 936
565 937
565 964
565 971
565 992
566 573
566 590
566 766
566 983
567 627
567 712
567 729
567 841
567 856
567 946
568 920
568 935
569 601
569 736
569 774
569 862
569 879
569 898
569 903
569 931
569 936
569 937
569 939
569 971
569 992
570 621
570 693
570 749
570 772
570 782
570 789
570 827
570 830
571 680
571 807
571 813
571 848
571 872
571 895
571 896
571 929
572 782
572 974
573 891
573 949
574 685
574 735
574 753
574 793
575 752
575 801
575 895
575 899
576 750
576 751
576 876
576 885
576 925
576 953
576 957
576 959
577 588
577 690
577 730
577 838
577 974
577 975
578 611
578 646
578 745
578 819
578 986
579 603
579 614
579 638
579 704
579 776
579 804
579 812
579 836
579 854
579 901
579 916
579 947
579 981
579 985
580 756
580 775
580 845
581 639
581 656
581 657
581 701
581 726
581 731
581 806
581 815
581 851
581 886
581 912
582 802
582 825
582 833
583 759
583 779
583 807
583 829
583 872
583 910
584 619
584 666
584 723
584 759
584 764
584 779
584 810
584 818
584 829
584 938
585 605
585 625
585 658
585 661
585 733
585 991
585 995
586 597
586 599
586 609
586 688
586 714
586 734
586 846
586 875
586 928
586 933
586 980
587 775
587 793
587 803
587 845
587 860
588 668
588 671
588 690
588 722
588 730
588 737
588 838
588 975
589 631
589 653
589 668
589 690
589 722
589 725
589 730
590 766
590 983
591 821
591 823
591 877
591 881
591 884
592 683
592 993
593 755
593 787
593 797
593 799
593 878
593 938
594 615
594 732
594 750
594 820
594 887
594 957
595 720
595 743
595 762
596 630
596 700
596 706
596 715
596 740
596 791
596 800
596 849
596 897
596 927
596 977
597 599
597 609
597 618
597 688
597 691
597 714
597 734
597 846
597 875
597 928
597 933
598 681
598 773
598 868
598 904
598 906
598 984
598 987
599 609
599 688
599 714
599 734
599 875
599 894
599 928
599 933
599 980
599 990
600 622
600 888
600 964
600 973
601 665
601 673
601 736
601 746
601 774
601 862
601 890
601 936
601 937
601 971
601 992
602 686
602 694
602 739
602 831
602 889
602 987
603 638
603 698
603 704
603 776
603 804
603 836
603 901
603 947
603 985
604 770
604 893
605 625
605 658
605 661
605 733
605 941
605 991
605 995
606 608
606 626
606 632
606 758
606 771
606 772
606 827
606 830
606 978
607 699
607 718
607 765
607 776
607 785
607 855
607 880
607 966
608 788
608 827
608 830
608 915
608 978
608 994
609 656
609 688
609 731
609 734
609 875
609 928
609 933
609 980
610 726
610 765
610 806
610 815
611 646
611 819
612 825
612 949
613 617
613 651
613 679
613 684
613 717
613 763
613 778
613 824
613 945
613 961
614 704
614 718
614 776
614 785
614 804
614 812
614 817
614 840
614 855
614 874
614 966
614 981
615 662
615 732
615 820
615 852
615 887
615 957
616 644
616 663
616 675
616 708
616 767
617 651
617 679
617 684
617 710
617 717
617 747
617 763
617 778
617 857
617 961
618 691
618 846
618 875
618 942
618 958
619 666
619 713
619 723
619 759
619 764
619 818
619 859
619 910
619 916
620 700
620 715
620 740
620 790
620 798
620 811
620 853
620 924
620 977
621 649
621 693
621 749
621 761
621 782
621 789
621 827
621 955
622 888
622 973
623 637
623 802
623 832
624 634
624 705
624 707
624 724
624 905
625 658
625 661
625 733
625 941
625 991
625 995
626 632
626 721
626 749
626 758
626 772
626 783
626 789
626 827
626 952
626 955
626 978
627 712
627 729
627 777
627 841
627 856
627 946
627 958
628 714
628 734
628 873
628 883
628 894
628 979
628 990
629 794
629 932
629 935
629 989
629 998
630 672
630 791
630 823
630 849
630 897
630 927
630 996
631 653
631 668
631 690
631 722
631 725
631 730
631 858
631 922
632 721
632 749
632 758
632 772
632 783
632 789
632 827
632 952
632 955
632 978
633 670
633 674
633 695
633 719
633 826
633 835
633 960
634 707
634 721
634 724
634 816
634 952
635 768
635 843
635 969
636 650
636 813
636 837
636 878
636 895
636 896
636 929
637 663
637 802
637 832
638 647
638 698
638 704
638 804
638 836
638 854
638 861
638 901
638 947
638 985
639 656
639 657
639 688
639 701
639 731
639 806
639 815
639 851
639 912
639 980
640 684
640 710
640 857
640 961
641 675
641 712
641 777
641 814
641 856
642 677
642 747
642 842
642 921
642 970
642 997
643 671
643 838
643 863
643 944
643 988
644 708
644 777
645 655
645 667
645 940
645 941
646 819
647 698
647 767
647 786
647 870
647 947
647 951
648 702
648 911
649 687
649 761
649 796
649 828
649 911
650 837
650 878
650 965
651 679
651 763
651 824
651 945
652 681
652 696
652 738
652 773
652 866
652 892
652 984
653 664
653 668
653 671
653 690
653 722
653 725
653 730
653 742
653 858
653 922
654 678
654 689
654 769
654 844
654 908
654 999
655 667
655 940
656 688
656 731
656 851
656 933
656 980
657 701
657 760
657 851
657 886
657 912
657 950
657 956
658 661
658 733
658 941
658 991
658 995
659 677
659 820
659 887
659 970
660 682
660 732
660 750
660 751
660 755
660 787
660 820
660 876
661 733
661 915
661 991
661 995
662 780
662 852
662 953
662 959
663 692
663 786
663 834
663 870
663 951
664 690
664 730
664 742
664 858
664 922
664 923
664 950
664 956
665 746
665 790
665 798
665 862
665 924
666 723
666 759
666 764
666 779
666 810
666 818
666 918
667 940
667 941
668 671
668 690
668 722
668 725
668 730
668 742
668 838
669 727
669 753
669 837
669 860
669 965
670 674
670 719
670 826
670 835
670 900
670 960
671 690
671 722
671 730
671 838
671 944
671 975
672 791
672 821
672 823
672 877
672 881
672 927
672 996
673 746
673 774
673 784
673 862
673 890
673 903
673 914
673 936
673 937
673 964
673 992
674 676
674 695
674 719
674 826
674 960
675 708
675 814
676 695
676 703
676 719
677 747
677 778
677 865
677 921
677 967
677 970
677 997
678 689
678 769
678 844
678 999
679 684
679 717
679 747
679 763
679 778
680 736
680 752
680 848
680 963
680 968
680 971
681 773
681 808
681 847
681 866
681 868
681 904
681 984
682 750
682 751
682 755
682 787
682 876
683 993
684 710
684 717
684 763
684 857
684 961
685 735
685 745
686 694
686 831
686 889
687 761
687 796
687 828
687 911
688 731
688 851
688 875
688 928
688 933
688 980
689 769
689 794
689 844
689 908
689 989
689 999
690 722
690 725
690 730
690 742
690 838
691 846
691 875
691 933
691 942
691 946
691 958
692 786
692 834
692 870
692 919
692 951
693 749
693 772
693 782
693 789
693 827
693 830
694 831
695 703
695 719
695 826
696 984
697 757
697 850
698 699
698 704
698 767
698 836
698 947
698 966
699 704
699 718
699 767
699 776
699 855
699 966
700 706
700 715
700 740
700 790
700 798
700 800
700 811
700 853
700 897
700 924
700 977
701 726
701 760
701 805
701 806
701 815
701 886
701 912
702 760
702 911
703 719
703 954
704 776
704 804
704 812
704 836
704 855
704 901
704 947
704 966
704 981
704 985
705 754
705 770
705 893
705 909
706 715
706 740
706 790
706 791
706 800
706 853
706 897
706 927
706 977
707 724
707 816
707 952
708 767
708 814
709 748
709 846
710 857
710 961
711 833
711 864
711 930
712 729
712 777
712 841
712 856
712 946
713 723
713 759
713 764
713 812
713 859
713 910
713 916
714 734
714 873
714 875
714 894
714 928
714 979
714 990
715 740
715 790
715 798
715 800
715 853
715 897
715 924
715 927
715 977
716 744
717 747
717 763
717 778
717 921
717 967
718 765
718 776
718 785
718 855
718 880
718 966
718 981
719 826
719 900
719 954
719 960
720 781
721 749
721 758
721 783
721 789
721 952
721 955
722 725
722 730
722 742
722 838
723 759
723 764
723 818
723 859
723 910
723 916
724 816
724 905
725 730
725 944
726 806
726 815
727 799
727 965
728 741
728 795
728 900
728 954
729 841
729 856
729 946
730 742
730 838
730 975
731 851
731 933
731 980
732 750
732 820
732 957
733 941
733 991
733 995
734 873
734 875
734 894
734 907
734 928
734 979
734 990
735 753
735 965
736 746
736 774
736 862
736 898
736 931
736 936
736 937
736 939
736 971
736 992
737 788
737 838
737 915
737 975
737 994
738 847
738 866
738 892
739 808
739 868
739 889
739 906
739 987
740 811
740 849
740 897
740 977
741 757
741 795
741 850
741 930
742 858
742 922
742 923
742 950
743 762
743 879
743 898
743 903
744 798
744 853
744 924
745 819
745 986
746 774
746 862
746 890
746 936
746 937
746 964
746 971
746 992
747 763
747 778
747 921
747 967
749 761
749 772
749 782
749 783
749 789
749 827
749 955
750 751
750 820
750 876
750 925
750 953
750 957
751 876
751 925
752 801
752 848
752 895
753 837
753 860
753 965
754 905
754 909
755 787
755 876
756 775
756 845
756 934
757 850
758 771
758 772
758 783
758 827
758 952
758 978
759 764
759 779
759 829
759 859
759 910
760 886
760 912
761 782
761 789
761 955
763 778
764 818
764 859
764 910
764 916
765 805
765 855
765 880
766 943
766 983
768 908
769 794
769 844
769 908
769 989
769 998
769 999
770 909
771 893
771 952
771 978
772 782
772 783
772 789
772 827
772 830
772 978
773 868
773 904
773 984
774 784
774 862
774 890
774 903
774 914
774 936
774 937
774 964
774 992
775 803
775 845
775 934
776 785
776 804
776 812
776 817
776 836
776 840
776 855
776 874
776 966
776 981
777 856
777 891
778 865
778 882
778 921
778 967
779 810
779 829
779 938
780 852
781 976
782 789
782 827
783 789
783 952
783 955
784 888
784 914
784 937
784 964
785 817
785 840
785 855
785 874
785 880
785 913
785 966
785 981
786 870
786 951
787 876
788 830
788 915
788 994
789 827
789 955
790 798
790 800
790 853
790 924
790 977
791 800
791 821
791 823
791 877
791 881
791 927
791 996
792 883
792 902
794 908
794 932
794 989
794 998
795 900
796 828
796 911
796 962
796 972
797 878
797 938
798 853
798 924
800 853
800 927
801 899
801 931
801 939
802 825
803 845
803 934
804 812
804 817
804 836
804 855
804 874
804 947
804 966
804 981
804 985
805 815
805 880
806 815
806 886
807 813
807 829
807 872
807 896
807 929
808 847
808 889
810 818
811 854
811 861
811 977
812 817
812 840
812 859
812 874
812 916
812 981
813 872
813 895
813 896
813 929
815 886
817 840
817 867
817 874
817 981
818 918
819 899
820 887
820 957
821 823
821 877
821 881
821 884
821 996
823 877
823 881
823 996
824 945
826 960
827 830
827 978
828 911
828 962
828 972
829 872
829 896
829 938
830 915
830 978
830 994
832 833
832 834
832 919
833 834
833 864
833 930
834 919
835 900
835 926
835 960
836 901
836 947
836 985
837 878
837 965
838 975
840 867
840 874
840 913
840 981
841 856
841 933
841 946
842 997
843 908
843 969
844 999
845 934
846 875
847 866
847 892
848 963
848 968
848 971
849 897
851 912
851 950
851 956
851 980
852 953
852 959
853 924
853 927
853 977
854 861
854 901
854 985
855 966
855 981
857 961
858 907
858 922
858 923
859 910
859 916
860 965
861 901
861 985
862 890
862 936
862 937
862 971
862 992
863 944
863 988
864 930
865 882
865 921
865 967
865 970
866 892
867 871
867 874
867 918
868 904
868 906
868 984
868 987
869 894
870 951
871 918
872 896
872 929
873 883
873 894
873 907
873 928
873 979
873 990
874 981
875 928
875 933
877 881
877 996
878 938
879 898
879 903
879 931
879 936
879 939
879 992
880 913
880 982
881 996
882 967
883 902
883 907
883 979
883 990
885 917
885 925
885 953
885 959
886 912
886 950
886 956
887 970
887 997
888 914
888 964
888 973
889 987
890 914
890 937
890 964
890 973
890 992
891 949
894 928
894 979
894 990
895 896
895 929
896 929
897 927
897 977
898 903
898 931
898 936
898 939
898 992
900 954
900 960
901 947
901 985
903 931
903 936
903 939
903 992
904 906
904 984
906 987
907 922
907 923
907 928
907 979
907 990
910 916
912 950
912 956
913 972
913 982
914 937
914 964
915 994
916 985
917 959
917 962
920 932
920 935
921 967
921 970
921 997
922 923
924 977
925 953
925 957
925 959
928 990
931 936
931 939
932 935
932 989
932 998
933 946
933 980
935 998
936 937
936 939
936 971
936 992
937 964
937 992
940 941
942 958
943 983
944 988
947 985
950 956
950 974
953 957
953 959
957 959
962 972
962 982
963 968
963 971
964 973
964 992
966 981
967 970
970 997
971 992
972 982
975 994
979 990
989 998
991 995