0 2
0 23
0 33
0 320
0 431
0 454
0 501
0 549
0 580
0 584
0 653
0 659
0 725
0 747
1 53
1 225
1 242
1 244
1 254
1 256
1 398
1 434
1 449
1 638
1 759
1 798
1 808
1 839
1 861
1 877
1 907
1 969
2 23
2 33
2 320
2 431
2 454
2 501
2 549
2 580
2 584
2 653
2 659
2 725
2 747
3 21
3 52
3 99
3 127
3 147
3 185
3 290
3 330
3 388
3 425
3 546
3 547
3 562
3 577
3 665
3 681
3 762
3 849
3 864
4 32
4 49
4 65
4 287
4 408
4 576
4 689
4 711
4 727
4 768
4 806
4 819
4 851
4 892
5 92
5 302
5 305
5 422
5 631
5 680
6 34
6 64
6 84
6 98
6 134
6 140
6 191
6 280
6 379
6 462
6 485
6 493
6 494
6 518
6 528
6 543
6 561
6 834
6 900
6 915
6 935
6 982
7 128
7 246
7 375
7 515
7 595
7 606
7 670
8 14
8 302
8 305
8 422
8 680
8 686
8 818
8 887
8 929
9 229
9 275
9 332
9 455
9 465
9 498
9 644
9 780
9 787
9 819
9 884
9 892
9 926
9 967
10 88
10 135
10 178
10 229
10 250
10 332
10 467
10 498
10 780
10 787
10 799
10 974
10 984
11 32
11 49
11 231
11 545
11 551
11 571
11 578
11 689
11 727
11 816
11 897
11 921
12 86
12 205
12 350
12 410
12 448
12 512
12 531
12 598
12 669
12 924
12 963
13 119
13 151
13 289
13 400
13 526
13 766
13 801
13 832
13 938
14 39
14 302
14 305
14 323
14 422
14 680
14 818
14 928
14 929
15 453
15 526
16 114
16 160
16 170
16 223
16 262
16 313
16 475
16 478
16 586
16 622
16 624
16 701
16 853
16 881
16 883
17 26
17 58
17 71
17 136
17 149
17 189
17 615
17 635
17 675
17 704
17 715
17 995
18 37
18 120
18 163
18 393
18 491
18 581
18 823
18 905
18 941
18 966
18 999
19 82
19 109
19 122
19 142
19 310
19 463
19 480
19 567
19 710
19 714
19 890
19 912
20 102
20 165
20 195
20 198
20 296
20 351
20 390
20 593
20 657
20 698
20 752
20 830
21 169
21 185
21 200
21 213
21 239
21 372
21 381
21 450
21 511
21 547
21 577
21 604
21 665
21 740
21 762
21 771
21 849
21 879
21 916
22 238
22 292
22 442
22 444
22 677
23 33
23 245
23 320
23 454
23 489
23 501
23 549
23 584
23 653
23 659
23 725
23 747
23 959
24 118
24 164
24 179
24 187
24 235
24 312
24 314
24 318
24 433
24 496
24 655
24 824
24 840
24 875
24 940
25 308
25 406
25 664
25 755
25 761
25 767
25 805
25 999
26 39
26 58
26 71
26 136
26 149
26 189
26 323
26 426
26 608
26 928
26 945
26 990
26 995
27 49
27 135
27 221
27 250
27 257
27 299
27 331
27 477
27 571
27 576
27 578
27 691
27 723
27 775
28 255
28 271
28 276
28 345
28 352
28 362
28 468
28 556
28 588
28 612
28 623
28 640
28 820
28 863
28 906
28 960
29 48
29 91
29 97
29 236
29 241
29 385
29 439
29 521
29 564
29 572
29 647
29 712
29 745
29 808
29 979
30 56
30 110
30 133
30 167
30 184
30 368
30 387
30 421
30 428
30 506
30 617
30 703
30 736
30 788
30 896
30 930
30 939
30 965
31 114
31 586
31 701
31 831
32 49
32 231
32 396
32 522
32 545
32 571
32 578
32 689
32 711
32 727
32 816
32 897
32 921
33 245
33 320
33 454
33 489
33 501
33 549
33 584
33 653
33 659
33 725
33 747
33 959
34 64
34 84
34 134
34 140
34 151
34 191
34 280
34 289
34 325
34 482
34 492
34 493
34 494
34 518
34 528
34 561
34 565
34 650
34 652
34 784
34 829
34 834
34 885
34 900
34 915
34 982
35 83
35 158
35 199
35 298
35 425
35 466
35 646
35 719
35 730
35 874
35 911
35 914
35 988
36 62
36 146
36 173
36 228
36 295
36 324
36 429
36 464
36 602
36 678
36 779
36 920
36 925
36 952
36 981
37 120
37 163
37 222
37 393
37 423
37 447
37 491
37 508
37 513
37 575
37 731
37 769
37 770
37 905
37 941
38 70
38 206
38 484
38 527
38 605
38 694
38 809
38 949
38 985
39 71
39 149
39 189
39 323
39 470
39 627
39 635
39 685
39 928
39 929
40 55
40 285
40 316
40 338
40 373
40 405
40 415
40 507
40 563
40 641
40 699
40 734
40 774
40 810
40 857
40 898
40 953
41 106
41 129
41 171
41 255
41 276
41 312
41 314
41 378
41 566
41 612
41 772
42 46
42 98
42 105
42 134
42 218
42 343
42 355
42 379
42 485
42 783
42 792
42 935
43 60
43 104
43 440
43 460
43 486
43 529
43 600
43 654
43 765
43 933
44 68
44 109
44 122
44 237
44 264
44 648
44 710
44 714
44 912
45 80
45 111
45 138
45 315
45 317
45 367
45 525
45 946
45 957
45 996
46 76
46 105
46 218
46 250
46 343
46 723
46 775
46 783
46 792
46 997
47 156
47 161
47 228
47 490
47 678
47 707
47 779
47 925
47 936
47 978
48 66
48 91
48 97
48 169
48 188
48 225
48 236
48 239
48 385
48 497
48 511
48 516
48 521
48 647
48 712
48 808
48 879
48 944
48 969
49 65
49 408
49 571
49 576
49 578
49 689
49 727
49 816
49 897
50 130
50 132
50 193
50 252
50 281
50 750
50 754
50 791
50 932
51 89
51 249
51 326
51 337
51 354
51 536
51 570
51 599
51 628
51 872
51 880
51 899
52 74
52 99
52 124
52 127
52 147
52 290
52 330
52 388
52 404
52 547
52 553
52 562
52 620
52 681
52 776
52 864
52 869
53 85
53 175
53 176
53 242
53 244
53 254
53 256
53 309
53 449
53 456
53 738
53 839
53 846
53 927
54 154
54 166
54 212
54 395
54 671
54 757
54 761
54 825
54 931
54 986
55 268
55 316
55 373
55 405
55 507
55 563
55 641
55 734
55 774
55 810
55 898
55 953
56 110
56 133
56 167
56 184
56 197
56 368
56 421
56 428
56 506
56 649
56 736
56 785
56 788
56 821
56 896
56 930
56 939
56 956
56 965
57 89
57 201
57 249
57 337
57 354
57 536
57 570
57 599
57 628
57 760
57 872
58 71
58 136
58 363
58 426
58 548
58 608
58 675
58 715
58 778
58 828
58 995
59 87
59 216
59 353
59 401
59 451
59 457
59 596
59 688
59 713
59 843
59 913
59 961
59 991
60 460
60 529
60 600
60 682
60 765
60 933
61 190
61 245
61 327
61 479
61 668
61 888
61 904
61 959
62 146
62 173
62 208
62 228
62 295
62 324
62 464
62 602
62 651
62 724
62 920
62 925
62 952
62 981
63 80
63 111
63 265
63 303
63 366
63 473
63 541
63 587
63 729
63 802
64 84
64 98
64 134
64 140
64 191
64 325
64 462
64 482
64 492
64 493
64 494
64 518
64 561
64 650
64 652
64 777
64 784
64 795
64 834
64 885
64 900
64 915
64 982
65 287
65 408
65 465
65 576
65 689
65 711
65 727
65 768
65 806
65 819
65 851
65 892
66 169
66 239
66 372
66 381
66 450
66 497
66 643
66 708
66 739
66 886
66 916
66 937
66 944
67 253
67 349
67 392
67 523
67 540
67 590
67 616
67 625
67 629
67 705
67 789
67 836
68 109
68 122
68 237
68 264
68 391
68 622
68 648
68 710
68 831
69 142
69 285
69 338
69 405
69 415
69 507
69 641
69 699
69 734
69 774
69 874
69 953
70 206
70 214
70 432
70 484
70 694
70 790
70 809
70 985
71 136
71 149
71 323
71 426
71 608
71 928
71 945
71 990
71 995
72 211
72 403
72 472
72 505
72 690
72 822
72 870
72 910
73 123
73 194
73 277
73 288
73 339
73 396
73 420
73 427
73 534
73 540
73 579
73 590
73 658
73 697
73 711
73 749
73 768
73 806
73 827
73 851
73 923
74 99
74 124
74 143
74 263
74 290
74 330
74 347
74 360
74 384
74 388
74 553
74 620
74 666
74 681
74 776
74 869
74 958
75 116
75 121
75 148
75 162
75 328
75 356
75 377
75 430
75 471
75 535
75 609
75 613
75 696
75 722
75 802
75 868
75 894
75 954
76 137
76 178
76 370
76 753
76 792
76 799
76 835
76 974
77 112
77 139
77 150
77 153
77 157
77 243
77 346
77 397
77 409
77 470
77 483
77 504
77 552
77 645
77 743
77 858
77 865
78 81
78 94
78 210
78 251
78 284
78 382
78 424
78 466
78 592
78 866
78 914
78 988
79 383
79 591
79 799
79 835
79 893
79 901
80 111
80 525
80 729
80 946
80 954
80 996
81 129
81 276
81 284
81 424
81 556
81 566
81 588
81 592
81 623
81 640
81 866
81 960
82 93
82 142
82 168
82 311
82 371
82 413
82 463
82 480
82 567
82 630
82 714
82 890
82 912
83 127
83 147
83 199
83 210
83 251
83 382
83 425
83 466
83 719
83 730
83 866
83 914
83 988
84 140
84 151
84 191
84 280
84 289
84 325
84 482
84 492
84 493
84 494
84 518
84 528
84 561
84 565
84 632
84 650
84 766
84 784
84 829
84 832
84 885
84 900
84 915
84 982
85 103
85 175
85 176
85 209
85 227
85 244
85 254
85 309
85 340
85 449
85 456
85 621
85 662
85 738
85 846
86 205
86 310
86 350
86 448
86 512
86 598
86 889
86 924
86 963
87 90
87 144
87 216
87 342
87 353
87 401
87 596
87 702
87 713
87 843
87 891
87 962
87 991
87 998
88 229
88 275
88 467
88 498
88 787
88 799
88 901
88 926
88 967
88 984
89 249
89 337
89 354
89 536
89 570
89 599
89 628
89 872
89 998
90 144
90 216
90 342
90 353
90 401
90 596
90 702
90 713
90 843
90 891
90 991
90 998
91 97
91 107
91 236
91 385
91 398
91 434
91 439
91 521
91 564
91 572
91 638
91 712
91 745
91 759
91 808
91 907
91 969
91 979
92 139
92 155
92 552
92 631
93 131
93 168
93 278
93 311
93 371
93 413
93 582
93 630
93 714
93 728
93 856
93 890
93 970
94 147
94 269
94 284
94 345
94 347
94 360
94 382
94 384
94 424
94 592
94 640
94 820
94 866
95 203
95 224
95 322
95 369
95 500
95 517
95 568
95 682
95 807
96 116
96 121
96 148
96 161
96 247
96 328
96 430
96 490
96 707
96 722
96 803
96 826
96 936
96 978
97 241
97 385
97 439
97 511
97 521
97 537
97 647
97 745
97 973
97 979
98 105
98 134
98 191
98 343
98 355
98 379
98 462
98 485
98 493
98 518
98 783
98 795
98 834
98 935
98 983
99 124
99 127
99 147
99 290
99 330
99 388
99 404
99 547
99 562
99 620
99 681
99 776
99 864
99 869
100 220
100 252
100 281
100 297
100 438
100 503
100 750
101 441
101 442
101 444
101 542
101 637
101 677
102 165
102 198
102 351
102 394
102 532
102 593
102 657
102 830
102 841
103 175
103 176
103 209
103 227
103 282
103 293
103 309
103 340
103 449
103 456
103 510
103 597
103 621
103 814
104 333
104 341
104 440
104 486
104 600
104 654
104 765
104 933
105 182
105 207
105 218
105 343
105 355
105 485
105 700
105 782
105 783
105 792
105 935
105 997
106 164
106 171
106 291
106 312
106 378
106 655
106 772
106 940
107 159
107 242
107 398
107 434
107 439
107 564
107 572
107 638
107 794
107 808
107 862
107 907
107 934
108 145
108 266
108 272
108 348
108 462
108 491
108 786
108 795
108 878
108 905
108 935
108 983
109 122
109 237
109 264
109 391
109 463
109 622
109 710
109 831
110 133
110 167
110 184
110 368
110 387
110 421
110 428
110 506
110 649
110 703
110 736
110 751
110 785
110 788
110 821
110 896
110 930
110 939
110 956
110 965
111 729
111 954
111 996
112 150
112 153
112 157
112 346
112 397
112 504
112 645
112 743
112 746
112 989
113 261
113 270
113 304
113 389
113 569
113 687
113 909
113 961
113 980
114 160
114 170
114 223
114 262
114 313
114 475
114 586
114 622
114 624
114 701
114 883
115 180
115 363
115 426
115 439
115 548
115 572
115 585
115 608
115 672
115 683
115 778
115 794
115 828
115 833
115 862
115 934
116 121
116 148
116 162
116 247
116 328
116 430
116 471
116 490
116 609
116 696
116 722
116 802
116 803
116 826
116 868
116 894
117 192
117 207
117 221
117 230
117 459
117 477
117 581
117 664
117 700
117 767
117 823
117 847
117 919
117 966
117 999
118 164
118 179
118 187
118 235
118 312
118 314
118 318
118 433
118 496
118 824
118 840
118 842
118 875
118 940
119 400
119 526
119 766
119 801
119 832
119 938
120 145
120 163
120 222
120 393
120 447
120 491
120 513
120 575
120 731
120 769
120 770
120 905
120 941
121 148
121 161
121 162
121 247
121 328
121 377
121 430
121 490
121 602
121 707
121 722
121 803
121 826
121 936
121 978
122 237
122 264
122 463
122 622
122 648
122 710
122 714
122 912
123 194
123 277
123 288
123 339
123 420
123 427
123 458
123 519
123 523
123 534
123 540
123 559
123 579
123 590
123 616
123 629
123 697
123 768
123 806
123 827
123 836
123 923
124 143
124 263
124 290
124 330
124 347
124 360
124 388
124 404
124 553
124 620
124 666
124 681
124 776
124 869
124 902
125 245
125 283
125 327
125 452
125 479
125 489
125 495
125 667
125 668
125 837
125 855
125 904
125 959
126 157
126 214
126 258
126 259
126 274
126 306
126 386
126 607
126 618
126 732
126 850
126 865
126 867
126 876
126 903
126 968
126 989
127 147
127 330
127 425
127 547
127 577
127 719
127 730
127 988
128 201
128 246
128 375
128 515
128 595
128 606
128 804
128 977
129 276
129 556
129 566
129 588
129 842
129 942
129 960
130 132
130 141
130 193
130 365
130 636
130 754
130 796
130 804
130 845
130 932
131 168
131 187
131 278
131 311
131 318
131 555
131 582
131 728
131 751
131 842
131 856
131 942
131 970
131 972
131 975
132 141
132 193
132 365
132 488
132 636
132 706
132 754
132 791
132 845
132 932
132 993
133 167
133 184
133 187
133 197
133 368
133 421
133 428
133 506
133 555
133 649
133 736
133 751
133 785
133 788
133 821
133 896
133 930
133 939
133 956
133 965
134 140
134 191
134 202
134 280
134 379
134 485
134 493
134 518
134 528
134 543
134 561
134 642
134 793
134 834
134 915
134 982
135 178
135 250
135 257
135 299
135 331
135 576
135 691
135 723
135 775
136 363
136 426
136 548
136 608
136 675
136 778
136 828
136 995
137 202
137 343
137 370
137 481
137 550
137 591
137 642
137 753
137 792
137 793
137 835
137 974
138 315
138 317
138 341
138 367
138 525
138 946
138 957
139 155
139 204
139 226
139 334
139 397
139 476
139 552
139 743
140 151
140 191
140 280
140 289
140 325
140 379
140 482
140 492
140 493
140 494
140 518
140 528
140 543
140 561
140 784
140 832
140 834
140 900
140 915
140 982
141 193
141 365
141 469
141 636
141 754
141 796
141 804
141 845
142 371
142 413
142 463
142 480
142 567
142 630
142 890
143 172
143 217
143 263
143 361
143 436
143 514
143 538
143 553
143 620
143 656
143 666
143 676
143 717
143 764
143 776
143 869
143 871
143 902
143 958
144 216
144 353
144 401
144 570
144 596
144 674
144 702
144 872
144 962
144 991
144 998
145 163
145 266
145 272
145 393
145 491
145 770
145 782
145 786
145 878
145 905
145 941
145 983
146 173
146 228
146 324
146 429
146 464
146 602
146 678
146 779
146 920
146 925
146 936
146 952
146 981
147 290
147 330
147 360
147 382
147 425
147 719
147 730
148 162
148 173
148 183
148 328
148 377
148 430
148 490
148 524
148 535
148 602
148 651
148 696
148 722
148 724
148 936
148 952
148 978
149 189
149 627
149 635
149 704
149 928
150 204
150 226
150 346
150 397
150 461
150 504
150 533
150 601
150 684
150 743
150 746
150 947
151 191
151 289
151 325
151 492
151 493
151 528
151 565
151 632
151 766
151 784
151 801
151 829
151 832
151 885
151 915
151 982
152 279
152 411
152 417
152 427
152 445
152 487
152 519
152 559
152 579
152 639
152 658
152 662
152 721
152 748
152 873
152 917
153 157
153 181
153 243
153 258
153 346
153 397
153 409
153 470
153 483
153 552
153 627
153 645
153 685
153 743
153 858
153 865
154 166
154 212
154 395
154 671
154 716
154 761
154 825
154 931
155 226
155 476
155 552
155 631
155 743
156 161
156 222
156 447
156 513
156 575
156 678
156 707
156 731
156 769
156 779
156 882
156 925
156 936
156 978
157 181
157 258
157 386
157 409
157 470
157 483
157 645
157 732
157 858
157 865
157 867
157 968
157 989
158 199
158 200
158 213
158 298
158 520
158 604
158 646
158 719
158 740
158 762
158 771
158 811
158 848
158 857
158 874
158 898
158 911
158 976
159 242
159 244
159 254
159 363
159 398
159 434
159 548
159 564
159 638
159 794
159 862
159 907
159 927
159 934
160 170
160 223
160 262
160 313
160 475
160 478
160 586
160 624
160 701
160 853
160 881
160 883
161 490
161 678
161 707
161 722
161 925
161 936
161 978
162 183
162 328
162 377
162 430
162 471
162 490
162 524
162 535
162 602
162 651
162 696
162 722
162 724
162 868
162 936
162 952
163 222
163 393
163 447
163 491
163 513
163 575
163 731
163 769
163 770
163 905
163 941
163 966
164 179
164 235
164 312
164 314
164 433
164 655
164 824
164 840
164 875
164 940
165 195
165 233
165 260
165 390
165 593
165 657
165 695
165 698
165 752
165 830
165 841
165 987
166 212
166 395
166 499
166 532
166 671
166 825
166 931
167 184
167 187
167 278
167 368
167 421
167 506
167 555
167 751
167 785
167 788
167 821
167 896
167 930
167 939
167 956
168 311
168 371
168 413
168 466
168 582
168 630
168 728
168 856
168 890
169 185
169 200
169 239
169 372
169 381
169 385
169 450
169 511
169 604
169 647
169 771
169 879
169 916
169 944
170 223
170 232
170 262
170 313
170 475
170 478
170 586
170 617
170 624
170 701
170 726
170 853
170 881
170 883
171 291
171 378
171 655
171 687
171 772
171 980
172 174
172 186
172 217
172 301
172 361
172 436
172 514
172 538
172 676
172 764
172 871
172 943
172 951
173 183
173 208
173 228
173 295
173 377
173 464
173 524
173 602
173 651
173 724
173 781
173 920
173 925
173 936
173 952
174 186
174 217
174 301
174 361
174 436
174 514
174 538
174 676
174 764
174 871
174 943
175 176
175 209
175 227
175 282
175 309
175 340
175 449
175 456
175 510
175 597
175 798
175 814
175 839
175 877
176 209
176 227
176 254
176 309
176 340
176 449
176 456
176 621
176 639
176 662
176 738
176 846
177 273
177 279
177 402
177 411
177 445
177 458
177 519
177 557
177 559
177 560
177 573
177 748
177 815
177 873
178 229
178 250
178 331
178 467
178 775
178 799
178 835
178 974
178 984
179 187
179 197
179 235
179 312
179 314
179 318
179 433
179 496
179 821
179 824
179 840
179 875
179 940
180 363
180 548
180 572
180 585
180 608
180 610
180 672
180 683
180 828
180 833
180 934
181 189
181 243
181 258
181 386
181 409
181 470
181 483
181 627
181 635
181 645
181 685
181 858
181 865
181 867
182 207
182 218
182 230
182 266
182 343
182 355
182 700
182 782
182 783
182 847
182 919
182 966
182 997
183 208
183 377
183 446
183 488
183 524
183 535
183 651
183 706
183 724
183 781
183 952
183 993
184 368
184 387
184 421
184 428
184 506
184 649
184 703
184 736
184 751
184 785
184 788
184 821
184 896
184 930
184 939
184 956
184 965
185 200
185 213
185 239
185 372
185 381
185 450
185 547
185 562
185 577
185 604
185 665
185 740
185 762
185 771
185 849
185 879
185 916
186 195
186 217
186 296
186 301
186 390
186 436
186 626
186 698
186 752
186 813
186 871
186 943
186 951
186 992
187 235
187 278
187 318
187 368
187 433
187 496
187 555
187 728
187 785
187 821
187 824
187 840
187 842
187 875
187 896
187 942
187 956
187 970
187 972
187 975
188 225
188 236
188 399
188 497
188 516
188 638
188 712
188 739
188 759
188 808
188 861
188 877
188 886
188 944
188 969
189 627
189 635
189 704
189 928
190 283
190 327
190 479
190 668
190 686
190 887
190 888
190 904
191 280
191 379
191 493
191 494
191 518
191 528
191 543
191 561
191 784
191 834
191 900
191 915
191 982
192 221
192 374
192 459
192 477
192 530
192 551
192 581
192 664
192 737
192 767
192 823
192 847
192 919
192 999
193 365
193 488
193 636
193 706
193 754
193 791
193 845
193 932
193 993
194 277
194 288
194 339
194 420
194 523
194 534
194 540
194 579
194 590
194 616
194 629
194 697
194 711
194 768
194 806
194 827
194 836
194 923
195 296
195 390
195 589
195 626
195 698
195 752
195 813
195 943
195 971
196 452
196 489
196 539
196 563
196 673
196 725
196 747
196 837
196 854
197 235
197 368
197 428
197 433
197 496
197 649
197 785
197 788
197 821
197 824
197 840
197 875
197 896
197 939
197 965
198 215
198 351
198 671
198 716
198 830
198 971
199 251
199 298
199 425
199 466
199 719
199 730
199 874
199 914
199 988
200 213
200 239
200 372
200 381
200 450
200 511
200 520
200 547
200 577
200 604
200 646
200 647
200 665
200 740
200 762
200 771
200 811
200 848
200 849
200 879
200 911
200 976
201 246
201 515
201 536
201 606
201 670
201 760
202 267
202 280
202 370
202 379
202 481
202 528
202 543
202 550
202 591
202 642
202 753
202 793
202 994
203 224
203 322
203 369
203 500
203 517
203 568
203 807
204 226
204 334
204 346
204 397
204 461
204 476
204 504
204 533
204 684
204 746
204 763
205 350
205 410
205 448
205 512
205 531
205 598
205 669
205 924
205 955
205 963
206 484
206 527
206 605
206 694
206 809
206 949
206 985
207 218
207 221
207 230
207 581
207 700
207 723
207 782
207 783
207 823
207 847
207 919
207 966
207 997
208 234
208 295
208 307
208 377
208 446
208 524
208 535
208 651
208 660
208 724
208 781
208 920
208 952
209 227
209 293
209 309
209 340
209 449
209 456
209 597
209 621
209 721
209 738
210 251
210 284
210 382
210 424
210 466
210 730
210 866
210 914
210 988
211 300
211 366
211 403
211 416
211 472
211 505
211 583
211 614
211 690
211 822
211 870
211 910
212 395
212 499
212 679
212 761
212 825
212 931
213 239
213 372
213 450
213 511
213 520
213 547
213 577
213 604
213 646
213 740
213 762
213 771
213 811
213 848
213 849
213 879
213 911
213 976
214 259
214 274
214 306
214 484
214 527
214 607
214 732
214 809
214 876
214 968
214 985
214 989
215 295
215 307
215 351
215 716
215 920
215 971
216 342
216 353
216 401
216 596
216 702
216 713
216 843
216 891
216 962
216 991
216 998
217 301
217 361
217 436
217 514
217 538
217 676
217 764
217 871
217 943
217 951
218 230
218 266
218 343
218 355
218 700
218 782
218 783
218 847
218 997
219 246
219 294
219 515
219 670
219 800
219 812
219 880
220 252
220 281
220 661
220 760
221 230
221 257
221 299
221 459
221 477
221 691
221 723
221 775
221 847
221 919
221 997
222 447
222 491
222 513
222 575
222 731
222 769
222 770
223 232
223 237
223 387
223 475
223 478
223 617
223 622
223 624
223 703
223 726
223 853
223 883
224 294
224 322
224 369
224 500
224 517
224 568
224 807
225 236
225 399
225 434
225 497
225 516
225 638
225 712
225 739
225 759
225 808
225 861
225 877
225 944
225 969
226 334
226 397
226 461
226 476
226 504
226 743
226 746
227 293
227 309
227 340
227 449
227 456
227 597
227 621
227 738
227 846
228 324
228 464
228 602
228 678
228 779
228 925
228 936
228 952
228 978
229 332
229 467
229 498
229 780
229 787
229 799
229 926
229 967
229 984
230 459
230 477
230 581
230 700
230 782
230 823
230 847
230 919
230 966
230 997
230 999
231 293
231 407
231 435
231 522
231 545
231 816
231 897
231 921
232 387
232 475
232 478
232 617
232 703
232 726
232 733
232 853
232 883
233 260
233 404
233 546
233 562
233 593
233 594
233 657
233 695
233 864
233 902
233 908
233 987
234 446
234 502
234 554
234 589
234 660
234 709
234 781
234 813
235 312
235 314
235 318
235 433
235 496
235 824
235 840
235 875
235 940
236 385
236 398
236 434
236 497
236 516
236 521
236 564
236 638
236 712
236 759
236 808
236 861
236 907
236 944
236 969
237 264
237 391
237 622
237 710
237 831
238 292
238 416
238 442
238 444
238 505
238 677
238 690
239 372
239 381
239 450
239 511
239 604
239 647
239 665
239 740
239 762
239 771
239 849
239 879
239 916
240 431
240 443
240 531
240 539
240 580
240 673
240 889
240 963
241 385
241 511
241 520
241 521
241 537
241 647
241 797
241 810
241 811
241 848
241 879
241 898
241 973
241 976
242 244
242 254
242 256
242 398
242 434
242 564
242 638
242 759
242 794
242 839
242 861
242 907
242 927
243 409
243 470
243 483
243 552
243 627
243 645
243 685
243 743
243 858
244 254
244 256
244 309
244 398
244 434
244 449
244 759
244 839
244 861
244 877
244 907
244 927
245 320
245 327
245 489
245 549
245 668
245 888
245 959
246 375
246 515
246 595
246 606
246 670
247 265
247 303
247 430
247 473
247 490
247 541
247 587
247 722
247 802
247 803
247 826
247 868
248 357
248 411
248 603
248 615
248 675
248 715
248 756
248 873
248 895
248 927
249 337
249 354
249 536
249 570
249 599
249 628
249 872
249 880
249 899
250 299
250 331
250 723
250 775
250 974
251 382
251 424
251 466
251 730
251 866
251 914
251 988
252 281
252 661
252 750
252 760
252 791
252 796
252 932
253 349
253 392
253 523
253 540
253 590
253 616
253 625
253 629
253 705
253 789
253 836
254 256
254 309
254 449
254 456
254 846
254 927
255 378
255 389
255 468
255 556
255 566
255 569
255 612
255 623
255 863
255 960
256 309
256 398
256 434
256 449
256 638
256 759
256 798
256 839
256 861
256 877
256 907
257 299
257 331
257 459
257 477
257 551
257 571
257 578
257 691
257 723
257 775
257 847
257 919
257 997
258 259
258 386
258 409
258 470
258 618
258 635
258 704
258 732
258 858
258 865
258 867
258 903
258 968
258 989
259 274
259 306
259 386
259 527
259 560
259 607
259 618
259 732
259 815
259 850
259 867
259 876
259 903
259 968
259 989
260 394
260 546
260 593
260 643
260 657
260 695
260 741
260 744
260 841
260 908
260 987
261 270
261 304
261 389
261 569
261 687
261 909
261 913
261 961
261 980
262 313
262 329
262 475
262 478
262 624
262 701
262 881
262 883
263 361
263 388
263 390
263 404
263 514
263 538
263 553
263 594
263 620
263 666
263 681
263 695
263 764
263 776
263 864
263 869
263 871
263 902
263 908
263 951
264 391
264 622
264 648
264 710
264 831
265 303
265 366
265 473
265 541
265 587
265 614
265 729
265 802
265 803
265 826
265 954
266 272
266 355
266 393
266 700
266 782
266 783
266 786
266 795
266 878
266 905
266 935
266 983
267 481
267 543
267 550
267 591
267 642
267 793
267 893
267 994
268 335
268 358
268 373
268 376
268 474
268 537
268 558
268 810
268 854
268 973
269 271
269 345
269 347
269 352
269 360
269 362
269 384
269 556
269 592
269 623
269 640
269 666
269 820
269 906
269 958
269 960
270 304
270 389
270 569
270 687
270 909
270 913
270 961
270 980
271 345
271 352
271 362
271 414
271 468
271 556
271 623
271 640
271 820
271 906
271 958
271 960
272 348
272 393
272 462
272 782
272 783
272 786
272 795
272 878
272 905
272 935
272 983
273 279
273 306
273 458
273 527
273 557
273 560
273 573
273 605
273 629
273 694
273 815
273 923
273 985
274 306
274 484
274 527
274 573
274 607
274 732
274 815
274 850
274 876
274 968
274 985
274 989
275 332
275 465
275 498
275 644
275 787
275 926
275 967
276 284
276 556
276 566
276 588
276 592
276 623
276 640
276 842
276 942
276 960
277 288
277 339
277 396
277 420
277 427
277 534
277 540
277 579
277 590
277 658
277 697
277 711
277 749
277 768
277 806
277 827
277 851
277 923
278 318
278 555
278 582
278 728
278 751
278 785
278 856
278 956
278 970
278 972
278 975
279 288
279 402
279 411
279 445
279 458
279 519
279 557
279 559
279 560
279 579
279 748
279 873
280 379
280 481
280 485
280 493
280 528
280 543
280 550
280 642
280 793
280 834
280 915
280 982
280 994
281 661
281 750
281 760
281 791
281 796
281 932
282 364
282 510
282 597
282 814
282 859
283 319
283 327
283 336
283 418
283 479
283 495
283 544
283 619
283 718
283 773
283 855
283 904
284 382
284 384
284 424
284 556
284 588
284 592
284 623
284 640
284 866
284 960
285 316
285 338
285 405
285 415
285 443
285 507
285 539
285 699
285 734
285 774
285 889
286 380
286 461
286 533
286 611
286 663
286 684
286 735
286 763
286 838
286 947
287 339
287 455
287 465
287 534
287 540
287 590
287 625
287 644
287 711
287 768
287 806
287 819
287 851
287 884
287 892
288 420
288 427
288 445
288 458
288 519
288 559
288 579
288 658
288 697
288 749
288 806
288 827
288 923
289 325
289 482
289 492
289 565
289 632
289 650
289 766
289 784
289 801
289 829
289 832
289 885
289 915
289 982
290 330
290 347
290 360
290 388
290 404
290 553
290 620
290 666
290 681
290 776
290 864
290 869
291 378
291 655
291 687
291 772
291 909
291 980
292 348
292 786
293 340
293 407
293 435
293 545
293 621
293 921
294 322
294 369
294 670
294 800
294 807
294 812
295 307
295 651
295 660
295 724
295 781
295 920
295 952
295 971
296 554
296 589
296 626
296 660
296 698
296 709
296 752
296 813
296 971
296 992
297 412
297 438
297 503
297 720
298 520
298 641
298 646
298 719
298 857
298 874
298 911
298 953
298 988
299 331
299 477
299 551
299 571
299 578
299 691
299 723
299 775
300 303
300 366
300 403
300 416
300 472
300 505
300 583
300 614
300 690
300 870
300 910
301 390
301 436
301 503
301 626
301 720
301 813
301 871
301 943
301 951
301 992
302 305
302 422
302 680
302 818
302 929
303 366
303 473
303 541
303 587
303 614
303 803
303 826
304 389
304 569
304 687
304 909
304 913
304 961
304 980
305 422
305 680
305 686
305 818
306 402
306 527
306 557
306 560
306 573
306 607
306 732
306 815
306 850
306 876
306 968
306 985
306 989
307 351
307 660
307 920
307 971
308 364
308 406
308 407
308 664
308 679
308 755
308 805
308 859
308 964
309 340
309 449
309 456
309 510
309 597
309 621
309 738
309 798
309 839
309 846
310 350
310 463
310 480
310 567
310 598
310 889
310 924
311 371
311 413
311 582
311 630
311 714
311 728
311 856
311 890
311 912
312 314
312 378
312 655
312 772
312 824
312 840
312 875
312 940
313 329
313 475
313 478
313 586
313 624
313 701
313 881
313 883
314 318
314 433
314 496
314 566
314 655
314 772
314 824
314 840
314 842
314 875
314 940
314 942
315 317
315 367
315 469
315 525
315 845
315 946
315 957
316 338
316 373
316 405
316 415
316 443
316 507
316 539
316 563
316 641
316 734
316 774
316 953
317 341
317 367
317 525
317 946
317 957
318 496
318 555
318 582
318 728
318 824
318 842
318 856
318 875
318 942
318 970
318 972
318 975
319 323
319 336
319 418
319 479
319 495
319 544
319 619
319 718
319 773
319 945
319 990
320 454
320 489
320 501
320 549
320 653
320 659
320 725
320 747
320 959
321 416
321 574
321 583
321 882
321 918
322 369
322 500
322 517
322 568
322 682
322 807
323 336
323 418
323 619
323 928
323 929
323 945
323 990
324 429
324 464
324 509
324 671
324 678
324 779
324 925
324 981
324 986
325 419
325 482
325 492
325 494
325 518
325 561
325 565
325 632
325 633
325 650
325 652
325 693
325 777
325 784
325 829
325 885
325 900
325 915
325 950
325 982
326 359
326 880
326 899
327 479
327 668
327 887
327 888
327 904
328 377
328 430
328 490
328 535
328 602
328 696
328 722
328 868
328 936
328 952
328 978
329 475
329 478
329 624
329 701
329 881
329 883
330 388
330 404
330 553
330 620
330 666
330 681
330 776
330 864
330 869
331 571
331 576
331 578
331 691
331 723
331 775
332 408
332 465
332 498
332 576
332 644
332 780
332 787
332 819
332 892
332 926
332 967
332 984
333 341
333 440
333 486
333 654
333 765
334 397
334 461
334 476
334 504
334 684
334 735
334 746
334 763
335 358
335 376
335 474
335 537
335 558
335 572
335 585
335 610
335 672
335 973
335 979
336 418
336 495
336 544
336 610
336 619
336 718
336 773
336 833
336 945
336 990
337 354
337 536
337 570
337 599
337 628
337 872
338 405
338 415
338 443
338 507
338 641
338 699
338 734
338 774
338 953
339 523
339 534
339 540
339 590
339 616
339 625
339 711
339 768
339 789
339 806
339 836
339 851
340 435
340 449
340 456
340 597
340 621
340 721
340 738
341 654
341 957
342 353
342 451
342 596
342 702
342 713
342 843
342 891
342 991
343 355
343 485
343 783
343 792
343 997
344 419
344 441
344 633
344 634
344 637
344 693
344 742
344 844
345 347
345 352
345 360
345 362
345 384
345 468
345 556
345 592
345 623
345 640
345 820
345 906
345 958
345 960
346 397
346 504
346 743
346 746
347 360
347 384
347 553
347 620
347 666
347 820
347 869
347 906
347 958
348 462
348 652
348 786
348 795
348 878
348 935
348 983
349 392
349 523
349 616
349 629
349 705
349 789
349 836
349 949
350 410
350 448
350 512
350 531
350 598
350 669
350 889
350 924
350 963
351 671
351 716
351 830
351 971
352 362
352 414
352 468
352 623
352 640
352 656
352 676
352 717
352 820
352 906
352 958
353 401
353 451
353 596
353 702
353 713
353 843
353 891
353 961
353 991
353 998
354 536
354 570
354 599
354 628
354 872
355 485
355 783
355 792
355 834
355 935
356 469
356 471
356 488
356 535
356 609
356 613
356 696
356 706
356 754
356 845
356 868
356 894
356 993
357 411
357 603
357 615
357 662
357 715
357 756
357 846
357 873
357 895
357 927
358 373
358 376
358 474
358 537
358 672
358 745
358 810
358 973
358 979
359 899
360 384
360 424
360 592
360 620
360 666
360 820
360 869
360 958
361 436
361 514
361 538
361 553
361 656
361 666
361 676
361 717
361 764
361 871
361 951
362 414
362 468
362 556
362 623
362 640
362 820
362 906
362 958
362 960
363 426
363 548
363 608
363 778
363 794
363 828
363 862
363 934
363 995
364 499
364 679
364 755
364 814
364 825
364 859
365 469
365 636
365 754
365 796
365 804
365 845
366 403
366 473
366 541
366 587
366 614
367 525
367 946
367 957
367 996
368 421
368 428
368 506
368 649
368 736
368 751
368 785
368 788
368 821
368 896
368 930
368 939
368 956
368 965
369 500
369 517
369 568
369 682
369 807
370 481
370 543
370 550
370 591
370 642
370 753
370 793
370 835
371 413
371 480
371 630
371 714
371 890
371 912
372 381
372 450
372 511
372 547
372 562
372 577
372 604
372 665
372 740
372 762
372 771
372 849
372 879
372 916
373 537
373 558
373 563
373 774
373 810
374 406
374 407
374 459
374 477
374 530
374 551
374 664
374 737
374 767
374 964
375 440
375 460
375 486
375 515
375 529
375 595
375 606
375 765
376 452
376 474
376 558
376 610
376 854
377 446
377 488
377 524
377 535
377 602
377 651
377 722
377 724
377 781
377 952
378 566
378 612
378 655
378 772
378 863
379 481
379 485
379 493
379 528
379 543
379 550
379 642
379 793
379 834
379 915
379 982
380 461
380 533
380 611
380 663
380 684
380 735
380 763
380 838
380 947
381 450
381 546
381 547
381 562
381 604
381 665
381 849
381 879
381 916
382 424
382 466
382 592
382 730
382 866
382 914
382 988
383 591
383 753
383 835
383 893
383 901
384 424
384 592
384 640
384 820
384 869
384 906
384 958
385 511
385 521
385 647
385 712
385 745
385 879
385 979
386 607
386 618
386 704
386 732
386 850
386 865
386 867
386 903
386 968
386 989
387 421
387 617
387 648
387 703
387 736
387 853
387 930
388 404
388 546
388 553
388 562
388 620
388 666
388 681
388 776
388 864
388 869
388 902
388 908
389 457
389 569
389 612
389 687
389 863
389 913
389 961
389 980
390 538
390 594
390 695
390 698
390 871
390 902
390 943
390 951
391 437
391 512
391 598
391 622
391 831
391 924
392 523
392 605
392 616
392 629
392 705
392 836
392 923
392 949
393 491
393 700
393 770
393 782
393 878
393 905
393 941
393 966
394 532
394 643
394 657
394 708
394 741
394 744
394 758
394 817
394 841
394 852
394 948
394 987
395 429
395 509
395 671
395 757
395 761
395 931
395 986
396 417
396 420
396 427
396 435
396 522
396 545
396 579
396 658
396 697
396 711
396 727
396 749
396 768
396 806
396 827
396 922
397 461
397 476
397 504
397 743
397 746
398 434
398 439
398 564
398 638
398 712
398 759
398 794
398 808
398 861
398 862
398 907
398 934
398 969
399 510
399 516
399 739
399 759
399 798
399 839
399 861
399 877
399 886
400 526
400 766
400 801
400 938
401 451
401 596
401 688
401 713
401 843
401 891
401 913
401 961
401 991
401 998
402 411
402 557
402 560
402 603
402 615
402 618
402 748
402 756
402 815
402 850
402 873
402 895
402 903
403 416
403 472
403 505
403 583
403 614
403 690
403 822
403 870
403 910
404 546
404 553
404 562
404 594
404 681
404 695
404 776
404 864
404 902
404 908
405 415
405 507
405 641
405 699
405 734
405 774
405 857
405 874
405 898
405 953
406 664
406 679
406 755
406 761
406 767
406 805
406 859
406 964
407 530
407 737
407 859
407 921
407 964
408 465
408 498
408 576
408 689
408 727
408 780
408 819
408 851
408 892
409 470
409 483
409 552
409 627
409 645
409 685
409 743
409 858
409 865
410 431
410 448
410 531
410 669
410 955
410 963
411 445
411 557
411 560
411 603
411 615
411 715
411 748
411 756
411 873
411 895
412 438
412 674
412 860
412 962
413 466
413 480
413 630
413 714
413 890
414 656
414 676
414 692
414 717
414 860
415 443
415 507
415 539
415 699
415 734
415 774
415 889
415 953
416 472
416 505
416 574
416 583
416 690
416 870
416 882
416 910
416 918
417 420
417 427
417 435
417 445
417 487
417 522
417 545
417 579
417 621
417 639
417 658
417 662
417 697
417 721
417 749
417 827
417 917
417 922
418 495
418 544
418 619
418 718
418 773
418 945
418 990
419 482
419 492
419 542
419 565
419 632
419 633
419 634
419 650
419 693
419 742
419 784
419 829
419 844
419 885
419 950
420 427
420 519
420 522
420 534
420 559
420 579
420 658
420 697
420 711
420 749
420 768
420 806
420 827
420 922
420 923
421 506
421 648
421 736
421 751
421 785
421 788
421 821
421 896
421 930
421 939
421 956
422 680
422 686
422 818
422 929
423 447
423 508
423 509
423 513
423 575
423 731
423 757
423 769
423 779
423 986
424 588
424 592
424 866
424 914
425 547
425 577
425 719
425 730
425 762
425 988
426 548
426 608
426 778
426 828
426 862
426 995
427 445
427 458
427 487
427 519
427 522
427 559
427 579
427 658
427 697
427 749
427 827
427 922
428 649
428 736
428 788
428 821
428 939
428 965
429 464
429 508
429 509
429 671
429 757
429 779
429 981
429 986
430 471
430 490
430 609
430 696
430 722
430 802
430 803
430 826
430 868
430 894
430 954
431 454
431 501
431 531
431 580
431 584
431 653
431 659
431 669
431 673
431 725
431 955
431 963
432 601
432 663
432 790
432 809
433 496
433 649
433 821
433 824
433 840
433 875
433 940
434 497
434 516
434 564
434 638
434 712
434 759
434 808
434 861
434 877
434 907
434 969
435 522
435 545
435 621
435 658
435 721
435 749
435 922
436 514
436 538
436 656
436 676
436 764
436 871
436 943
436 951
437 512
437 831
438 503
438 720
439 521
439 564
439 572
439 585
439 672
439 683
439 745
439 794
439 907
439 934
439 979
440 460
440 486
440 529
440 595
440 600
440 654
440 765
440 933
441 442
441 444
441 542
441 633
441 637
441 677
441 693
441 742
441 777
441 950
442 444
442 637
442 677
443 507
443 539
443 563
443 673
443 774
443 889
444 542
444 637
444 677
445 458
445 487
445 519
445 559
445 579
445 639
445 658
445 662
445 721
445 748
445 827
445 873
445 917
445 922
446 488
446 502
446 524
446 535
446 651
446 660
446 706
446 724
446 781
447 491
447 513
447 575
447 731
447 769
447 770
447 941
448 512
448 531
448 598
448 669
448 924
448 955
448 963
449 456
449 597
449 621
449 738
449 798
449 839
449 846
450 511
450 547
450 577
450 604
450 647
450 665
450 740
450 762
450 771
450 849
450 879
450 916
451 596
451 713
451 843
451 891
451 961
451 991
452 489
452 558
452 667
452 837
452 854
452 855
453 526
453 844
454 501
454 549
454 580
454 584
454 653
454 659
454 725
454 747
455 465
455 625
455 644
455 819
455 884
455 892
456 621
456 662
456 738
456 846
457 569
457 688
457 692
457 913
457 961
458 519
458 557
458 559
458 573
458 579
458 629
458 923
459 477
459 530
459 551
459 571
459 581
459 664
459 691
459 737
459 767
459 823
459 847
459 919
459 999
460 486
460 529
460 595
460 600
460 682
460 765
460 933
461 504
461 533
461 601
461 611
461 684
461 735
461 746
461 763
461 838
461 947
462 494
462 518
462 561
462 652
462 786
462 795
462 834
462 878
462 900
462 935
462 983
463 480
463 567
463 710
463 714
463 890
463 912
464 509
464 602
464 678
464 779
464 920
464 925
464 952
464 981
465 498
465 644
465 780
465 819
465 884
465 892
465 926
465 967
466 630
466 719
466 730
466 866
466 914
466 988
467 498
467 787
467 799
467 835
467 901
467 926
467 974
467 984
468 556
468 569
468 612
468 623
468 640
468 863
468 906
468 960
469 613
469 636
469 754
469 845
469 993
470 483
470 552
470 627
470 635
470 645
470 685
470 858
470 865
471 488
471 609
471 613
471 696
471 802
471 868
471 894
471 954
471 996
472 505
472 583
472 614
472 690
472 822
472 870
472 910
473 541
473 587
473 614
473 729
473 802
473 803
473 826
473 954
474 537
474 558
474 610
474 672
474 973
474 979
475 478
475 624
475 701
475 726
475 853
475 881
475 883
476 552
476 743
477 530
477 551
477 571
477 691
477 737
477 847
477 919
478 624
478 726
478 733
478 853
478 881
478 883
479 495
479 544
479 619
479 668
479 718
479 773
479 855
479 888
479 904
480 567
480 630
480 714
480 890
480 912
481 543
481 550
481 591
481 642
481 753
481 793
481 893
481 994
482 492
482 494
482 518
482 542
482 561
482 565
482 632
482 633
482 650
482 652
482 693
482 777
482 784
482 829
482 885
482 900
482 950
482 982
483 552
483 627
483 645
483 685
483 743
483 858
483 865
484 527
484 573
484 605
484 607
484 694
484 809
484 815
484 876
484 985
485 493
485 783
485 792
485 834
485 935
486 529
486 595
486 600
486 654
486 765
486 933
487 519
487 579
487 639
487 658
487 662
487 721
487 917
487 922
488 524
488 535
488 613
488 706
488 754
488 781
488 993
489 501
489 549
489 659
489 667
489 725
489 747
489 837
489 854
489 959
490 707
490 722
490 803
490 826
490 936
490 978
491 731
491 769
491 770
491 878
491 905
491 941
491 966
492 494
492 518
492 561
492 565
492 632
492 633
492 634
492 650
492 652
492 693
492 777
492 784
492 829
492 832
492 885
492 900
492 915
492 950
492 982
493 494
493 518
493 528
493 543
493 561
493 784
493 793
493 834
493 900
493 915
493 982
494 518
494 561
494 633
494 650
494 652
494 777
494 784
494 795
494 834
494 885
494 900
494 915
494 950
494 982
495 544
495 610
495 619
495 718
495 773
495 855
495 904
496 821
496 824
496 840
496 842
496 875
496 940
496 942
496 972
496 975
497 516
497 638
497 712
497 739
497 759
497 808
497 861
497 944
497 969
498 576
498 780
498 787
498 819
498 892
498 926
498 967
498 984
499 679
499 755
499 758
499 817
499 825
499 948
500 517
500 568
500 807
501 549
501 580
501 584
501 653
501 659
501 725
501 747
501 959
502 554
502 589
502 660
502 709
502 750
502 781
502 791
502 813
503 626
503 709
503 720
503 750
503 992
504 601
504 684
504 743
504 746
505 583
505 690
505 822
505 870
505 910
506 555
506 649
506 736
506 751
506 785
506 788
506 821
506 896
506 930
506 939
506 956
506 965
507 539
507 641
507 699
507 734
507 774
507 953
508 509
508 513
508 757
508 986
509 757
509 779
509 981
509 986
510 597
510 798
510 814
510 839
510 877
511 520
511 604
511 647
511 740
511 762
511 771
511 797
511 811
511 848
511 879
511 976
512 598
512 831
512 924
513 575
513 731
513 769
513 770
513 779
514 538
514 553
514 620
514 656
514 666
514 676
514 717
514 764
514 871
514 958
515 595
515 606
515 670
516 638
516 712
516 739
516 759
516 808
516 861
516 877
516 944
516 969
517 568
517 682
517 807
518 561
518 652
518 777
518 784
518 795
518 834
518 900
518 915
518 982
519 557
519 559
519 579
519 658
519 697
519 827
519 923
520 604
520 641
520 646
520 740
520 762
520 771
520 797
520 811
520 848
520 857
520 879
520 898
520 911
520 976
521 564
521 572
521 647
521 712
521 745
521 979
522 545
522 658
522 697
522 721
522 749
522 827
522 922
523 534
523 540
523 590
523 616
523 625
523 629
523 705
523 789
523 836
523 923
524 535
524 651
524 706
524 724
524 781
524 952
525 946
525 957
525 996
526 801
527 573
527 605
527 607
527 694
527 732
527 815
527 876
527 985
528 543
528 642
528 766
528 793
528 832
528 915
528 982
528 994
529 595
529 600
529 682
529 765
529 933
530 551
530 664
530 737
530 767
530 921
530 964
531 539
531 580
531 584
531 669
531 673
531 889
531 955
531 963
532 593
532 657
532 741
532 744
532 830
532 841
532 852
532 948
532 987
533 601
533 611
533 663
533 684
533 735
533 746
533 763
533 838
533 947
534 540
534 590
534 616
534 625
534 711
534 768
534 806
534 836
534 851
534 923
535 613
535 651
535 706
535 724
535 781
535 952
535 993
536 570
536 599
536 628
536 872
537 745
537 810
537 973
537 979
538 553
538 666
538 676
538 764
538 871
538 902
538 943
538 951
539 563
539 673
539 889
539 963
540 590
540 616
540 625
540 768
540 789
540 806
540 836
540 851
541 587
541 614
541 803
541 826
542 633
542 637
542 650
542 652
542 677
542 693
542 742
542 777
542 950
543 550
543 642
543 793
543 915
543 982
543 994
544 619
544 718
544 773
544 904
544 945
544 990
545 689
545 727
545 749
545 897
545 921
545 922
546 547
546 562
546 665
546 681
546 695
546 849
546 864
546 908
546 916
547 562
547 577
547 604
547 665
547 740
547 762
547 771
547 849
547 864
548 608
548 778
548 794
548 828
548 862
548 927
548 934
549 653
549 659
549 725
549 747
549 959
550 591
550 642
550 753
550 793
550 893
550 994
551 571
551 578
551 691
551 737
551 816
551 897
551 921
552 631
552 645
552 685
552 743
552 858
553 594
553 620
553 666
553 681
553 764
553 776
553 869
553 902
554 589
554 626
554 660
554 709
554 752
554 813
554 992
555 582
555 728
555 751
555 785
555 821
555 856
555 896
555 956
555 970
555 972
555 975
556 588
556 592
556 623
556 640
556 820
556 906
556 960
557 559
557 560
557 573
557 603
557 748
557 756
557 815
557 850
557 873
557 895
558 563
558 667
558 854
558 855
559 579
559 658
559 697
559 827
559 923
560 573
560 607
560 618
560 732
560 748
560 756
560 815
560 850
560 873
560 895
561 565
561 650
561 652
561 777
561 784
561 829
561 834
561 885
561 900
561 915
561 950
561 982
562 665
562 681
562 849
562 864
562 908
562 916
563 673
563 854
564 572
564 638
564 712
564 745
564 794
564 808
564 907
564 934
564 969
565 632
565 633
565 634
565 650
565 766
565 784
565 829
565 832
565 885
565 900
565 982
566 588
566 772
566 842
566 942
566 960
567 710
567 714
567 890
567 912
568 807
569 612
569 687
569 692
569 863
569 913
569 961
570 599
570 628
570 872
570 998
571 578
571 691
571 737
571 816
571 897
571 921
572 585
572 672
572 683
572 745
572 934
572 979
573 605
573 607
573 694
573 815
573 985
574 583
574 882
574 918
575 731
575 769
575 770
576 578
576 689
576 780
576 819
576 892
577 604
577 665
577 719
577 730
577 740
577 762
577 771
577 849
578 689
578 691
578 816
578 897
578 921
579 658
579 697
579 749
579 806
579 827
579 922
579 923
580 584
580 653
580 659
580 673
580 725
580 955
580 963
581 664
581 700
581 767
581 782
581 823
581 847
581 919
581 941
581 966
581 999
582 728
582 842
582 856
582 942
582 970
582 972
582 975
583 614
583 690
583 870
583 882
583 910
583 918
584 653
584 659
584 955
585 610
585 672
585 683
585 833
585 934
586 622
586 624
586 701
587 614
587 729
587 802
587 803
587 826
588 592
588 623
588 640
588 942
588 960
589 626
589 660
589 709
589 752
589 813
589 971
589 992
590 616
590 625
590 629
590 768
590 789
590 806
590 836
590 923
591 642
591 753
591 793
591 835
591 893
592 623
592 640
592 820
592 866
592 960
593 657
593 695
593 698
593 830
593 841
593 987
594 695
594 776
594 864
594 871
594 902
594 908
594 951
595 606
596 702
596 713
596 843
596 891
596 991
596 998
597 798
597 814
597 839
597 877
598 924
598 963
599 628
599 872
599 880
599 899
600 654
600 765
600 933
601 663
601 684
601 746
601 838
601 947
602 651
602 678
602 722
602 724
602 925
602 936
602 952
602 978
603 615
603 618
603 675
603 715
603 748
603 756
603 873
603 895
604 646
604 665
604 740
604 762
604 771
604 848
604 849
604 879
604 911
605 694
605 705
605 949
605 985
606 670
606 804
606 977
607 732
607 815
607 850
607 876
607 968
607 985
607 989
608 778
608 828
608 833
608 945
608 990
608 995
609 613
609 696
609 802
609 868
609 894
609 954
609 996
610 718
610 773
610 833
610 855
611 684
611 735
611 763
612 772
612 863
613 696
613 706
613 754
613 845
613 868
613 894
613 993
614 803
615 618
615 675
615 704
615 715
615 748
615 756
615 873
615 895
615 903
616 625
616 629
616 705
616 789
616 836
616 923
617 703
617 726
617 733
617 736
617 853
617 930
618 704
618 715
618 732
618 850
618 867
618 895
618 903
619 718
619 773
619 945
619 990
620 666
620 681
620 764
620 776
620 869
620 902
620 958
621 639
621 662
621 721
621 738
621 846
621 917
621 922
622 831
622 853
623 640
623 820
623 906
623 960
624 701
624 853
624 881
624 883
625 644
625 768
625 789
625 836
625 884
626 698
626 709
626 720
626 752
626 813
626 943
626 992
627 635
627 645
627 685
627 858
627 865
627 928
627 929
628 872
629 705
629 836
629 923
630 890
631 680
632 633
632 634
632 650
632 693
632 742
632 766
632 784
632 829
632 832
632 844
632 885
633 634
633 650
633 652
633 693
633 742
633 777
633 784
633 829
633 885
633 900
633 950
634 650
634 693
634 742
634 829
634 844
634 885
634 950
635 685
635 704
635 865
635 867
635 928
636 754
636 796
636 804
636 845
637 677
638 712
638 759
638 808
638 861
638 907
638 944
638 969
639 662
639 721
639 738
639 846
639 917
639 922
640 820
640 906
640 960
641 646
641 699
641 734
641 774
641 797
641 810
641 811
641 857
641 874
641 898
641 911
641 953
641 976
642 753
642 793
642 994
643 708
643 739
643 741
643 744
643 817
643 852
643 886
643 916
643 937
643 987
644 819
644 884
644 892
644 926
644 967
645 685
645 743
645 858
645 865
646 719
646 740
646 762
646 771
646 797
646 811
646 848
646 857
646 874
646 898
646 911
646 976
647 771
647 848
647 879
648 710
648 751
648 912
648 930
649 736
649 785
649 788
649 821
649 896
649 939
649 965
650 652
650 693
650 742
650 777
650 784
650 829
650 885
650 900
650 950
651 724
651 781
651 920
651 952
652 777
652 795
652 885
652 900
652 950
653 659
653 725
653 747
653 955
654 765
654 933
655 772
655 940
656 676
656 717
656 764
656 860
656 958
657 741
657 744
657 830
657 841
657 852
657 948
657 987
658 697
658 711
658 721
658 749
658 827
658 917
658 922
659 673
659 725
659 747
660 709
660 781
660 813
660 920
660 971
661 760
661 796
661 804
661 977
662 721
662 738
662 846
662 917
662 922
663 684
663 746
663 790
663 838
663 947
664 737
664 767
664 805
664 823
664 964
664 999
665 762
665 771
665 849
665 916
666 681
666 764
666 776
666 820
666 869
666 958
667 837
667 854
667 855
667 904
668 888
668 904
668 959
669 955
669 963
670 800
671 716
671 931
671 981
671 986
672 683
672 745
672 833
672 934
672 979
673 725
673 747
674 872
674 962
674 998
675 704
675 715
675 756
675 995
676 717
676 764
676 860
676 958
678 707
678 779
678 925
678 936
678 978
679 755
679 825
679 859
680 818
681 776
681 864
681 869
681 908
682 807
683 833
683 934
684 735
684 746
684 763
684 838
684 947
685 858
685 865
685 928
686 818
686 887
686 888
687 909
687 980
688 692
688 860
688 962
689 711
689 727
689 816
689 851
689 897
690 822
690 870
690 910
691 723
691 775
691 816
691 897
691 919
692 913
692 961
693 742
693 777
693 829
693 844
693 885
693 950
694 809
694 815
694 985
695 864
695 902
695 908
695 951
695 987
696 722
696 802
696 826
696 868
696 894
696 954
697 711
697 749
697 768
697 806
697 827
697 922
698 752
698 830
698 943
698 951
699 734
699 774
699 874
699 953
700 782
700 823
700 847
700 905
700 919
700 966
701 881
701 883
702 713
702 843
702 891
702 991
702 998
703 726
703 733
703 736
703 853
703 930
704 715
704 850
704 867
704 903
705 836
705 949
706 754
706 845
706 993
707 722
707 882
707 925
707 936
707 978
708 739
708 741
708 744
708 758
708 817
708 841
708 852
708 886
708 937
708 948
708 987
709 720
709 813
709 992
710 714
710 912
711 727
711 749
711 768
711 806
711 827
711 851
712 759
712 808
712 861
712 944
712 969
713 843
713 891
713 961
713 991
714 890
714 912
715 756
715 873
715 895
715 995
716 971
716 981
717 764
717 860
717 906
717 958
718 773
718 855
718 904
719 730
719 762
719 911
719 988
720 750
720 813
720 992
721 738
721 749
721 846
721 917
721 922
722 803
722 826
722 868
722 936
722 978
723 775
723 792
723 997
724 781
724 952
725 747
726 733
726 853
726 883
727 749
727 768
727 806
727 851
728 842
728 856
728 942
728 970
728 972
728 975
729 802
729 894
729 954
729 996
730 914
730 988
731 769
731 770
732 815
732 850
732 867
732 876
732 903
732 968
732 989
733 853
734 774
734 857
734 874
734 898
734 953
735 763
735 947
736 788
736 896
736 930
736 939
736 965
737 816
737 897
737 921
737 964
738 846
738 917
739 877
739 886
739 937
739 944
740 762
740 771
740 811
740 848
740 849
740 879
740 911
740 976
741 744
741 758
741 817
741 841
741 852
741 886
741 937
741 948
741 987
742 829
742 844
742 885
742 950
743 858
744 758
744 817
744 841
744 852
744 886
744 937
744 948
744 987
745 973
745 979
746 947
747 837
747 959
748 756
748 873
748 895
749 806
749 827
749 922
750 791
750 932
751 785
751 821
751 896
751 930
751 956
752 813
752 971
753 793
753 835
753 974
754 845
754 993
755 761
755 805
755 825
755 859
755 964
756 873
756 895
757 761
757 986
758 817
758 852
758 886
758 948
759 798
759 808
759 861
759 877
759 907
759 944
759 969
761 805
761 825
761 931
762 771
762 848
762 849
762 879
762 911
763 838
763 947
764 958
765 933
766 784
766 801
766 832
766 915
766 982
767 805
767 823
767 847
767 966
767 999
768 806
768 827
768 851
769 770
770 786
770 905
770 941
771 848
771 849
771 879
771 911
771 976
773 833
773 855
773 904
774 857
774 953
775 997
776 864
776 869
776 902
776 908
777 885
777 900
777 950
778 794
778 828
778 862
778 934
778 995
779 925
779 936
779 978
779 986
780 787
780 819
780 892
780 926
780 967
780 984
781 952
782 783
782 823
782 847
782 878
782 905
782 941
782 966
783 935
783 983
784 829
784 832
784 885
784 900
784 915
784 982
785 788
785 821
785 896
785 930
785 939
785 956
785 965
786 795
786 878
786 983
787 799
787 926
787 967
787 984
788 821
788 896
788 930
788 939
788 956
788 965
789 836
789 884
790 809
791 932
792 974
792 997
793 994
794 828
794 862
794 907
794 927
794 934
795 834
795 878
795 935
795 983
796 804
796 977
797 810
797 811
797 848
797 857
797 898
797 911
797 953
797 976
798 839
798 861
798 877
799 835
799 901
799 974
799 984
800 812
800 880
801 832
801 938
802 826
802 868
802 894
802 954
802 996
803 826
804 977
805 964
806 827
806 851
808 861
808 907
808 944
808 969
809 876
809 985
810 811
810 857
810 898
810 973
810 976
811 848
811 857
811 898
811 911
811 953
811 976
812 880
813 992
814 859
815 850
815 876
815 985
816 897
816 921
817 852
817 886
817 937
817 948
818 887
819 851
819 884
819 892
819 967
820 906
820 958
820 960
821 896
821 939
821 956
821 965
822 870
822 910
823 847
823 919
823 941
823 966
823 999
824 840
824 875
824 940
825 931
826 868
827 922
828 862
828 934
828 995
829 832
829 885
829 900
829 950
830 841
832 915
832 982
834 900
834 915
834 935
834 982
835 901
835 974
836 923
837 854
837 855
838 947
839 861
839 877
840 875
840 940
841 852
841 948
841 987
842 856
842 942
842 970
842 972
842 975
843 891
843 961
843 991
845 993
846 917
847 919
847 966
847 997
847 999
848 857
848 879
848 898
848 911
848 976
849 916
850 867
850 903
851 892
852 886
852 937
852 948
853 883
854 855
855 904
856 942
856 970
856 972
856 975
857 874
857 898
857 911
857 953
857 976
858 865
859 964
860 962
861 877
861 907
861 944
861 969
862 907
862 927
862 934
864 902
864 908
865 867
866 914
866 988
867 903
867 968
867 989
868 894
868 954
869 958
870 910
871 902
871 943
871 951
872 998
873 895
874 911
874 953
875 940
876 968
876 985
876 989
878 905
878 935
878 983
880 899
881 883
882 918
885 900
885 950
886 937
886 948
887 888
889 924
889 963
890 912
891 991
892 967
894 954
894 996
896 930
896 939
896 956
896 965
897 921
898 911
898 953
898 976
900 915
900 950
900 982
902 908
902 951
905 941
905 966
906 958
906 960
907 934
907 969
908 987
909 980
911 976
913 961
914 988
915 982
916 937
917 922
919 966
919 997
919 999
920 971
920 981
925 936
925 952
925 978
926 967
926 984
928 929
930 939
930 956
935 983
936 952
936 978
939 965
941 966
942 970
942 972
942 975
943 951
943 992
944 969
945 990
946 957
946 996
953 976
954 996
962 998
966 999
967 984
968 989
970 972
970 975
972 975
973 979
981 986
991 998
