0 136
0 304
0 312
0 591
0 736
0 761
0 805
1 16
1 17
1 199
1 230
1 262
1 353
1 356
1 463
1 552
1 704
1 839
1 845
1 874
1 999
2 227
2 286
2 292
2 318
2 347
2 545
2 813
2 877
2 899
2 919
3 44
3 100
3 128
3 154
3 258
3 322
3 383
3 454
3 610
3 715
3 749
3 943
4 8
4 446
4 687
5 73
5 150
5 175
5 180
5 281
5 433
5 544
5 588
5 624
5 682
5 732
5 924
5 965
5 986
6 254
6 260
6 374
7 8
7 61
7 238
7 446
7 516
7 648
7 687
7 900
7 923
7 996
8 368
8 396
8 446
8 516
8 648
8 687
8 779
8 900
8 923
8 996
9 27
9 39
9 102
9 162
9 188
9 361
9 766
9 868
9 994
10 189
10 309
10 413
10 450
10 493
10 658
10 765
10 787
10 950
10 953
10 998
11 91
11 192
11 619
11 675
11 848
12 93
12 143
12 160
12 291
12 369
12 485
12 540
12 691
12 801
12 989
13 394
13 418
13 638
13 690
13 757
14 34
14 72
14 80
14 89
14 142
14 174
14 242
14 517
14 597
14 727
14 838
14 895
15 35
15 87
15 246
15 297
15 298
15 344
15 551
15 557
15 570
15 609
15 694
15 765
15 840
15 881
16 94
16 277
16 490
16 552
16 776
16 845
16 896
16 988
16 999
17 115
17 230
17 406
17 519
17 751
17 845
17 874
17 999
18 60
18 143
18 332
18 369
18 413
18 449
18 653
18 879
18 949
19 115
19 406
20 43
20 179
20 385
20 474
20 560
20 575
20 617
20 784
21 408
21 440
21 496
21 660
21 792
21 983
22 124
22 155
22 194
22 376
22 549
22 728
22 735
22 788
22 865
22 904
22 931
22 974
23 56
23 339
23 472
23 503
23 627
23 651
23 662
23 808
23 835
23 918
23 936
24 43
24 79
24 152
24 195
24 314
24 575
24 617
24 741
24 892
24 933
25 74
25 163
25 200
25 301
25 316
25 514
25 520
25 529
25 531
25 646
25 722
25 863
25 995
26 578
26 599
26 698
26 730
26 812
26 851
27 39
27 162
27 321
27 361
27 766
27 868
27 994
28 97
28 145
28 372
28 421
28 444
29 99
29 132
29 165
29 225
29 663
29 733
29 774
30 72
30 80
30 133
30 174
30 228
30 242
30 381
30 427
30 462
30 672
30 785
30 895
31 55
31 81
31 218
31 233
31 324
31 333
31 425
31 489
31 725
31 836
31 935
32 146
32 184
32 308
32 473
32 488
32 770
32 855
33 97
33 371
33 372
33 421
34 72
34 80
34 89
34 105
34 174
34 517
34 597
34 727
34 807
34 838
34 895
35 71
35 87
35 280
35 298
35 300
35 344
35 411
35 471
35 557
35 570
35 609
35 711
35 765
35 840
36 97
36 182
36 288
36 371
36 429
36 515
36 521
36 524
36 914
37 234
37 263
37 618
37 641
37 681
37 769
37 909
37 960
38 511
38 762
39 162
39 361
39 766
39 994
40 167
40 330
40 414
40 729
40 731
40 737
40 760
40 920
41 133
41 159
41 214
41 231
41 289
41 355
41 462
41 636
41 668
41 719
41 956
42 53
42 260
42 522
42 553
42 580
42 592
42 695
42 800
42 858
43 47
43 152
43 314
43 326
43 474
43 575
43 617
43 741
44 100
44 128
44 154
44 258
44 322
44 386
44 454
44 715
44 938
44 943
45 58
45 134
45 222
45 364
45 456
45 568
45 590
45 726
45 738
45 767
45 823
45 907
45 951
45 963
46 65
46 114
46 389
46 712
46 771
46 802
46 857
46 934
47 172
47 314
47 326
47 367
47 575
47 617
47 741
48 63
48 84
48 388
48 401
48 405
48 677
48 746
48 860
48 921
48 957
49 401
49 436
49 533
49 650
49 783
49 921
50 112
50 404
50 606
50 720
50 841
50 878
51 102
51 162
51 188
51 340
51 390
51 532
51 626
51 664
51 766
51 786
51 796
51 885
51 994
52 82
52 291
52 377
52 480
52 637
52 656
52 670
52 680
52 966
52 985
53 96
53 553
53 612
53 695
53 754
53 800
53 946
54 120
54 200
54 438
54 451
54 508
54 991
54 995
55 218
55 233
55 256
55 333
55 489
55 725
55 836
55 883
55 935
56 129
56 339
56 468
56 472
56 503
56 627
56 651
56 662
56 808
56 835
56 887
56 918
56 936
57 247
57 373
57 384
57 400
57 465
57 621
57 661
57 686
57 763
57 775
58 222
58 245
58 249
58 364
58 456
58 470
58 568
58 590
58 738
58 767
58 823
58 963
59 66
59 69
59 95
59 252
59 351
59 791
60 93
60 143
60 226
60 300
60 332
60 369
60 413
60 449
60 471
60 658
60 787
60 950
60 953
61 185
61 238
61 283
61 446
61 566
61 630
61 648
61 900
61 987
61 996
62 86
62 217
62 448
62 564
62 573
62 669
62 697
62 723
62 815
63 264
63 388
63 405
63 595
63 834
63 860
63 957
64 232
64 313
64 382
64 599
64 698
64 812
65 114
65 696
65 712
65 771
65 802
65 857
65 934
66 69
66 95
66 196
66 252
66 351
66 791
67 81
67 256
67 282
67 284
67 536
67 589
67 598
67 655
67 744
67 882
67 940
68 152
68 195
68 223
68 380
68 420
68 649
69 95
69 136
69 166
69 252
69 351
69 805
70 118
70 119
70 144
70 179
70 204
70 220
70 341
70 560
70 714
70 784
71 87
71 280
71 300
71 344
71 411
71 471
71 557
71 711
71 765
71 840
72 89
72 174
72 242
72 517
72 597
72 727
72 838
72 895
73 180
73 488
73 517
73 597
73 727
73 732
73 924
73 965
73 986
74 83
74 163
74 200
74 301
74 464
74 520
74 526
74 529
74 531
74 863
74 962
74 995
75 123
75 156
75 216
75 328
75 393
75 867
76 170
76 219
76 359
76 366
76 434
76 478
76 611
76 870
77 169
77 459
77 512
77 548
77 574
77 584
77 688
77 689
77 703
78 129
78 156
78 178
78 422
78 468
78 581
78 651
78 721
78 887
79 137
79 152
79 164
79 195
79 481
79 502
79 933
80 105
80 133
80 174
80 214
80 445
80 453
80 462
80 807
80 895
81 218
81 256
81 325
81 333
81 425
81 536
81 589
81 665
81 676
81 882
82 139
82 311
82 377
82 480
82 637
82 656
83 461
83 464
83 520
83 526
83 847
83 863
83 962
83 975
84 285
84 299
84 401
84 424
84 533
84 625
84 644
84 677
84 746
84 764
84 793
84 860
84 921
85 110
85 140
85 212
85 237
85 253
85 345
85 600
85 763
86 141
86 199
86 215
86 217
86 230
86 262
86 356
86 395
86 573
86 697
86 723
86 874
86 976
87 280
87 298
87 300
87 344
87 411
87 450
87 471
87 557
87 570
87 609
87 711
87 765
87 840
88 116
88 196
88 235
88 275
88 415
88 483
88 550
88 684
88 755
89 117
89 142
89 174
89 242
89 271
89 381
89 517
89 537
89 596
89 597
89 727
89 838
90 171
90 673
90 786
90 797
90 885
90 973
91 192
91 197
91 430
91 593
91 619
91 675
91 756
91 773
91 806
91 848
92 255
92 961
92 981
93 143
93 226
93 332
93 369
93 449
93 540
93 801
93 966
94 277
94 490
94 510
94 552
94 610
94 631
94 828
94 896
94 988
95 116
95 252
95 351
95 791
95 805
95 972
96 553
96 612
96 695
96 753
96 754
96 817
96 946
97 371
97 372
97 421
97 429
97 515
98 127
98 267
98 310
98 363
98 397
98 436
98 437
98 439
98 724
98 758
99 132
99 165
99 225
99 307
99 498
99 663
99 733
99 774
100 128
100 154
100 258
100 386
100 454
100 542
100 678
100 715
100 745
100 938
101 141
101 279
101 353
101 356
101 463
101 631
101 704
101 839
101 930
101 976
102 162
102 188
102 340
102 532
102 626
102 664
102 766
102 994
103 239
103 639
103 843
103 856
103 889
103 997
104 278
104 365
104 386
104 542
104 605
104 678
104 742
104 782
105 445
105 453
105 807
106 475
106 487
106 523
106 912
107 111
107 126
107 232
107 306
107 513
107 571
107 759
108 156
108 161
108 178
108 181
108 721
109 139
109 251
109 311
109 348
109 500
109 814
109 897
109 992
110 140
110 237
110 253
110 345
110 352
110 482
110 583
110 600
111 126
111 232
111 306
111 382
111 571
111 759
111 862
112 257
112 303
112 404
112 457
112 487
112 541
112 567
112 720
112 830
112 878
113 412
113 509
113 562
113 645
113 743
113 752
113 871
113 971
114 696
114 712
114 771
114 802
114 857
114 917
114 934
114 987
115 230
115 406
115 751
115 874
116 252
116 415
116 483
116 692
116 755
116 798
116 902
116 972
117 142
117 147
117 477
117 517
117 594
117 596
117 597
117 657
117 727
117 750
117 821
117 838
118 119
118 144
118 172
118 179
118 204
118 220
118 385
118 714
118 784
119 140
119 198
119 212
119 237
119 253
119 482
119 714
120 287
120 438
120 451
120 476
120 508
120 683
121 122
121 155
121 186
121 194
121 295
121 569
121 642
121 735
121 803
121 865
121 931
122 155
122 186
122 194
122 569
122 579
122 642
122 735
122 865
122 894
123 156
123 161
123 216
123 867
123 970
124 155
124 194
124 376
124 549
124 642
124 728
124 735
124 846
124 865
124 904
124 931
124 974
125 153
125 265
125 414
125 729
125 737
125 864
125 908
125 932
126 232
126 306
126 513
126 571
126 759
126 954
127 187
127 363
127 397
127 398
127 437
127 484
127 724
127 880
128 154
128 258
128 386
128 454
128 610
128 715
128 943
129 274
129 422
129 468
129 472
129 503
129 581
129 651
129 699
129 808
129 887
129 918
130 206
130 233
130 294
130 323
130 489
130 836
130 853
130 913
130 926
130 935
131 205
131 290
131 320
131 323
131 331
131 378
131 479
131 514
131 530
131 701
131 708
131 722
131 853
132 165
132 225
132 663
132 733
132 774
133 214
133 231
133 427
133 445
133 462
133 636
133 668
133 785
133 895
133 956
134 207
134 222
134 408
134 456
134 496
134 590
134 738
134 767
134 823
134 951
135 213
136 166
136 168
136 304
136 805
136 809
136 816
136 869
137 164
137 481
137 502
137 888
138 198
138 212
138 603
138 710
138 781
138 859
139 251
139 311
139 500
139 637
139 656
139 831
140 237
140 253
140 345
140 482
140 499
140 554
140 600
141 199
141 217
141 262
141 353
141 356
141 395
141 463
141 669
141 697
141 704
141 839
141 930
141 976
142 477
142 517
142 596
142 597
142 657
142 727
142 750
142 821
142 838
143 332
143 369
143 449
143 540
143 848
143 949
144 204
144 341
144 443
144 469
144 714
145 272
145 421
145 444
145 448
145 958
146 169
146 184
146 308
146 337
146 459
146 574
146 689
146 770
146 876
147 324
147 346
147 477
147 594
147 750
147 821
147 841
148 240
148 256
148 282
148 284
148 368
148 396
148 516
148 628
148 725
148 883
148 923
149 293
149 355
149 492
149 615
149 632
149 780
149 891
149 901
149 942
150 175
150 281
150 433
150 512
150 544
150 548
150 584
150 588
150 624
150 682
150 688
150 689
150 703
150 924
150 965
150 986
151 202
151 507
151 595
151 650
151 679
151 747
151 993
152 195
152 314
152 420
152 575
152 617
152 741
152 933
153 265
153 729
153 837
153 864
153 908
153 932
154 322
154 383
154 454
154 715
154 749
154 943
155 186
155 194
155 549
155 569
155 642
155 735
155 846
155 865
155 904
156 178
156 181
156 216
156 721
157 402
157 669
157 822
157 905
157 930
158 510
158 538
158 826
158 842
158 893
159 289
159 355
159 495
159 719
159 833
159 891
159 901
160 485
160 540
160 561
160 691
160 947
160 989
161 216
161 511
162 188
162 340
162 361
162 532
162 626
162 664
162 766
162 868
162 994
163 200
163 301
163 520
163 529
163 531
163 646
163 863
163 995
164 306
164 481
164 502
164 513
164 933
165 225
165 307
165 498
165 629
165 663
165 733
165 774
166 168
166 276
166 654
166 805
166 809
166 816
166 869
166 977
167 729
167 731
167 737
167 760
167 908
167 920
167 932
168 276
168 392
168 535
168 654
168 809
168 816
168 869
168 977
169 337
169 459
169 574
169 689
170 219
170 359
170 362
170 423
170 478
170 611
170 870
170 997
171 797
172 204
172 220
172 326
172 385
172 499
172 518
172 556
172 784
173 317
173 778
173 799
173 852
174 228
174 242
174 381
174 427
174 672
174 838
174 895
175 180
175 433
175 488
175 512
175 544
175 548
175 584
175 588
175 624
175 682
175 688
175 689
175 703
175 732
175 924
175 965
175 986
176 244
176 259
176 576
176 613
176 652
176 959
177 270
177 873
177 915
178 181
178 721
179 204
179 220
179 341
179 385
179 560
179 784
180 488
180 517
180 544
180 732
180 924
180 965
180 986
181 721
182 203
182 250
182 273
182 288
182 521
182 524
182 622
182 849
182 914
183 248
183 419
183 601
183 740
183 884
183 969
184 308
184 459
184 488
184 584
184 689
184 703
184 770
184 855
185 238
185 283
185 389
185 509
185 562
185 566
185 630
185 645
186 194
186 407
186 506
186 569
186 579
186 642
186 735
186 803
186 865
186 894
186 903
187 363
187 484
187 716
187 724
187 734
187 832
187 890
187 955
188 340
188 532
188 626
188 664
188 766
189 298
189 309
189 450
189 493
189 551
189 658
189 739
189 765
189 787
189 881
189 888
189 998
190 443
190 460
190 469
190 527
190 825
190 975
191 196
191 275
191 360
191 494
191 550
191 582
191 684
191 755
191 791
191 819
192 561
192 675
192 691
192 848
192 947
193 267
193 335
193 397
193 398
193 437
193 439
193 555
193 880
193 910
193 979
194 549
194 569
194 642
194 735
194 846
194 865
194 904
195 223
195 420
195 575
195 649
195 741
195 933
196 275
196 360
196 483
196 494
196 550
196 582
196 684
196 755
196 791
196 819
197 296
197 303
197 387
197 430
197 457
197 587
197 593
197 619
197 756
197 773
197 806
197 830
198 212
198 253
198 482
198 714
198 859
199 217
199 230
199 262
199 353
199 356
199 395
199 463
199 697
199 704
199 839
199 845
199 874
199 976
200 301
200 438
200 529
200 646
200 863
200 991
200 995
201 243
201 272
201 357
201 370
201 467
201 492
201 615
201 632
201 706
201 780
201 854
201 927
201 942
201 944
201 958
202 507
202 547
202 650
202 679
202 716
202 734
202 747
202 783
202 955
202 993
203 250
203 273
203 622
203 849
204 220
204 341
204 385
204 714
204 784
205 290
205 320
205 331
205 378
205 479
205 514
205 530
205 646
205 708
205 722
206 294
206 323
206 486
206 530
206 701
206 836
206 853
206 913
206 926
207 408
207 440
207 496
207 738
207 767
207 832
208 375
208 417
208 534
208 678
208 745
208 967
209 336
209 379
209 525
209 538
209 639
209 717
209 842
209 928
210 279
210 315
210 319
210 402
210 442
210 473
210 702
210 822
210 876
210 905
210 906
211 221
211 229
211 259
211 426
211 528
211 652
211 707
211 814
211 897
211 984
212 237
212 253
212 482
212 714
212 859
213 743
213 752
214 231
214 427
214 445
214 462
214 636
214 895
214 956
215 573
215 614
215 623
215 723
216 511
216 867
216 970
217 262
217 395
217 669
217 697
217 723
217 815
217 874
217 976
218 233
218 256
218 282
218 325
218 333
218 425
218 489
218 536
218 676
218 725
218 935
219 359
219 366
219 383
219 478
219 611
219 997
220 341
220 385
220 560
220 784
221 229
221 338
221 390
221 426
221 528
221 607
221 707
221 796
221 984
222 249
222 456
222 470
222 568
222 590
222 738
222 767
222 777
222 823
222 963
223 380
223 420
223 649
224 523
224 559
224 990
225 498
225 663
225 733
225 774
226 300
226 369
226 411
226 471
226 670
226 801
226 966
227 545
227 877
227 899
228 242
228 292
228 318
228 347
228 349
228 381
228 427
228 633
228 672
228 785
228 850
228 875
228 978
229 338
229 390
229 426
229 528
229 607
229 707
229 984
230 262
230 353
230 356
230 395
230 406
230 751
230 845
230 874
230 976
230 999
231 243
231 445
231 462
231 636
231 706
231 929
231 937
232 382
232 571
232 759
232 862
233 323
233 333
233 489
233 725
233 836
233 853
233 935
234 419
234 635
234 641
234 659
234 681
234 909
234 960
234 968
235 415
235 713
235 894
236 271
236 325
236 349
236 447
236 589
236 633
236 655
236 676
236 850
236 875
236 978
237 253
237 345
237 482
237 600
238 648
238 900
238 917
238 987
238 996
239 379
239 428
239 485
239 608
239 616
239 639
239 680
239 856
239 928
239 985
240 256
240 282
240 284
240 368
240 396
240 628
240 882
241 366
241 375
241 434
241 478
241 938
241 952
241 967
242 271
242 381
242 447
242 537
242 633
242 672
242 838
243 357
243 467
243 492
243 615
243 632
243 706
243 780
243 854
243 927
243 929
243 937
244 259
244 576
244 613
244 652
244 982
245 305
245 709
245 948
245 963
246 298
246 309
246 551
246 557
246 570
246 609
246 694
246 739
246 765
246 840
246 881
247 384
247 400
247 498
247 621
247 661
247 686
247 775
248 601
248 670
248 740
248 884
248 969
249 270
249 354
249 470
249 590
249 738
249 767
249 777
249 823
249 915
250 273
250 288
250 521
250 622
250 849
250 914
251 435
251 500
251 814
251 831
251 897
251 992
252 351
252 483
252 791
252 972
253 345
253 482
253 600
254 260
254 329
254 358
254 374
254 497
254 522
254 580
254 620
254 683
254 939
255 257
255 269
255 475
255 487
255 541
255 898
255 961
255 981
256 282
256 284
256 536
256 628
256 725
256 882
256 883
257 269
257 296
257 457
257 541
257 587
257 830
257 898
257 961
257 981
258 278
258 365
258 386
258 454
258 542
258 678
258 742
258 745
259 426
259 576
259 613
259 652
259 959
260 374
260 522
260 580
261 466
261 501
261 685
262 353
262 356
262 395
262 406
262 697
262 704
262 751
262 839
262 845
262 874
262 976
263 285
263 299
263 409
263 424
263 618
263 644
263 758
264 405
264 507
264 595
264 747
264 834
264 957
264 993
265 373
265 400
265 729
265 837
265 908
265 932
266 268
266 350
266 452
266 520
266 526
266 705
266 824
266 825
266 962
267 310
267 397
267 398
267 437
267 439
267 724
267 910
267 979
268 350
268 452
268 523
268 559
268 912
268 990
269 457
269 475
269 487
269 541
269 567
269 898
269 961
269 981
270 470
270 873
270 915
271 325
271 381
271 447
271 537
271 596
271 633
271 665
271 768
271 875
272 370
272 448
272 564
272 615
272 944
272 958
273 288
273 849
273 914
274 422
274 468
274 699
274 790
274 886
274 887
274 964
275 360
275 494
275 550
275 582
275 684
275 755
275 791
275 819
276 654
276 809
276 869
276 977
277 490
277 552
277 610
277 742
277 828
277 845
277 896
277 988
277 999
278 365
278 386
278 490
278 542
278 605
278 742
278 776
278 782
279 315
279 319
279 402
279 463
279 631
279 702
279 893
279 906
279 930
280 300
280 411
280 450
280 471
280 557
280 609
280 711
280 765
280 840
280 950
280 953
281 433
281 588
281 624
281 682
281 773
281 806
281 924
281 986
282 284
282 396
282 536
282 628
282 725
282 882
282 883
283 566
283 630
284 396
284 536
284 628
284 725
284 882
285 299
285 409
285 424
285 578
285 618
285 625
285 644
285 693
285 730
285 764
285 769
285 793
285 866
285 921
286 343
286 491
286 539
286 813
286 899
286 919
287 317
287 451
287 674
287 852
288 429
288 521
288 524
288 914
289 355
289 495
289 636
289 668
289 719
289 833
289 891
289 901
289 956
290 320
290 331
290 378
290 479
290 514
290 530
290 696
290 708
290 722
290 802
291 428
291 485
291 540
291 608
291 670
291 680
291 801
291 966
291 985
291 989
292 318
292 347
292 349
292 545
292 668
292 785
292 850
292 877
292 899
292 919
292 978
293 455
293 700
293 891
293 901
293 942
294 346
294 913
294 926
295 458
295 585
295 640
295 642
295 803
295 865
295 931
296 303
296 387
296 430
296 457
296 587
296 593
296 653
296 685
296 756
296 830
296 879
296 898
297 694
297 811
297 851
297 954
298 309
298 551
298 557
298 570
298 609
298 694
298 739
298 765
298 840
298 881
299 409
299 424
299 578
299 618
299 625
299 644
299 693
299 746
299 764
299 793
299 866
299 921
300 411
300 471
300 711
300 950
300 953
301 438
301 461
301 529
301 863
301 995
302 504
302 778
302 799
303 387
303 430
303 457
303 587
303 593
303 619
303 756
303 773
303 806
303 830
304 312
304 327
304 591
304 736
304 816
305 568
305 963
306 481
306 502
306 513
306 571
306 759
307 465
307 498
307 629
307 663
307 710
307 774
308 473
308 770
308 855
309 493
309 551
309 570
309 739
309 765
309 881
309 888
309 998
310 363
310 397
310 436
310 437
310 439
310 758
311 348
311 377
311 480
311 500
311 637
311 656
312 313
312 591
312 736
312 761
312 812
313 382
313 591
313 599
313 761
313 812
314 326
314 367
314 575
314 617
314 741
314 933
315 319
315 337
315 402
315 442
315 702
315 826
315 876
315 893
315 906
316 486
316 520
316 529
316 531
316 604
316 646
316 844
317 329
317 358
317 451
317 683
317 799
317 852
317 939
318 347
318 349
318 668
318 785
318 850
318 877
318 919
318 978
319 402
319 442
319 702
319 822
319 905
319 906
320 331
320 378
320 479
320 486
320 514
320 530
320 701
320 708
320 722
321 361
321 868
322 383
322 749
322 943
323 530
323 708
323 836
323 853
323 883
323 926
324 333
324 425
324 477
324 537
324 594
324 596
324 665
324 750
324 768
324 821
325 333
325 425
325 447
325 537
325 633
325 665
325 676
325 768
325 875
326 367
326 518
326 556
326 575
326 617
327 677
327 736
328 393
328 872
329 358
329 497
329 580
329 620
329 667
329 683
329 939
330 339
330 414
330 731
330 760
330 835
331 378
331 479
331 696
331 708
331 802
331 857
331 917
332 369
332 413
332 449
332 653
332 848
332 879
332 949
333 425
333 489
333 665
333 676
333 768
333 935
334 399
334 543
334 550
334 684
334 861
334 872
335 398
335 555
335 726
335 810
335 827
335 880
335 907
335 979
335 980
336 342
336 525
336 538
336 922
336 928
337 442
337 459
337 574
337 876
337 893
337 906
338 528
338 607
338 707
338 870
338 984
339 627
339 835
339 918
339 936
340 532
340 626
340 664
340 766
340 786
340 885
341 443
341 452
341 469
341 560
341 705
341 784
341 824
341 911
342 525
342 538
342 574
342 826
342 842
342 893
342 922
343 491
343 539
343 589
343 655
343 813
343 919
343 940
344 609
344 740
344 840
345 352
345 432
345 583
345 600
345 640
346 594
346 606
346 841
347 349
347 813
347 850
347 875
347 919
347 978
348 423
348 500
348 528
348 814
348 897
348 992
349 381
349 633
349 672
349 785
349 850
349 875
349 978
350 452
350 523
350 559
350 824
350 912
350 990
351 791
351 805
352 432
352 458
352 554
352 583
352 600
352 640
352 772
353 356
353 395
353 463
353 552
353 631
353 704
353 839
353 845
353 976
353 999
354 586
354 777
354 823
355 636
355 719
355 833
355 891
355 901
356 395
356 463
356 697
356 704
356 839
356 845
356 874
356 976
356 999
357 370
357 467
357 492
357 615
357 632
357 706
357 780
357 854
357 927
357 929
357 937
357 944
358 374
358 497
358 580
358 683
358 939
359 366
359 434
359 478
359 611
359 870
360 494
360 550
360 582
360 684
360 819
360 970
361 766
361 868
361 994
362 423
362 611
362 843
362 889
362 997
363 397
363 436
363 437
363 484
363 724
363 783
364 431
364 456
364 568
364 726
364 827
364 907
364 951
364 963
364 980
365 386
365 417
365 534
365 542
365 605
365 678
365 745
365 782
366 434
366 478
366 715
366 938
366 952
367 499
367 518
367 554
367 556
367 577
367 585
367 634
368 396
368 516
368 628
368 648
368 687
368 779
368 883
368 923
368 996
369 449
369 540
369 801
370 467
370 492
370 564
370 615
370 927
370 944
370 958
371 372
371 421
371 429
371 515
372 421
372 455
373 400
373 432
373 583
373 621
373 763
374 778
374 799
374 939
375 417
375 434
375 952
375 967
376 549
376 818
376 846
376 904
377 480
377 601
377 637
377 656
377 670
377 680
378 479
378 514
378 530
378 701
378 708
378 722
379 428
379 525
379 538
379 608
379 616
379 639
379 717
379 928
380 420
380 649
381 427
381 633
381 672
381 850
381 875
381 978
382 571
382 599
382 698
383 749
383 943
384 400
384 465
384 621
384 661
384 686
384 775
384 837
385 560
385 784
386 454
386 534
386 542
386 605
386 678
386 742
386 745
386 782
387 430
387 587
387 593
387 619
387 653
387 756
387 830
387 879
387 898
388 401
388 405
388 595
388 677
388 746
388 834
388 860
388 957
389 748
389 771
389 871
390 426
390 607
390 707
390 786
390 796
390 885
390 984
391 441
391 476
391 527
391 558
391 620
391 667
391 847
391 858
392 535
392 809
392 977
393 867
393 872
394 418
394 638
394 690
394 757
395 463
395 697
395 704
395 723
395 874
395 976
396 516
396 628
396 687
396 883
396 923
397 398
397 437
397 439
397 724
398 437
398 439
398 724
398 880
398 910
398 979
399 543
399 861
399 872
400 465
400 621
400 661
400 686
400 763
400 775
400 837
401 533
401 625
401 644
401 650
401 746
401 860
401 921
401 957
402 702
402 822
402 905
402 906
402 930
403 572
403 666
403 789
403 886
403 925
403 964
404 567
404 606
404 720
404 841
404 878
405 595
405 834
405 860
405 957
406 751
406 874
407 506
407 563
407 569
407 579
407 647
407 794
407 894
407 903
408 440
408 496
408 738
408 767
408 792
408 823
408 832
408 983
409 424
409 578
409 602
409 618
409 693
409 730
409 764
409 769
409 793
409 866
410 505
410 604
410 606
411 450
411 471
411 557
411 711
411 765
411 840
411 950
411 953
412 743
412 748
412 752
412 804
412 871
412 971
413 449
413 466
413 653
413 658
413 787
413 950
413 953
413 998
414 731
414 760
414 864
415 483
415 692
415 713
415 798
415 902
415 972
416 718
416 788
416 864
416 916
417 534
417 678
417 745
417 967
418 565
418 638
418 690
418 757
418 804
419 884
419 968
420 474
420 575
420 649
421 429
422 468
422 651
422 699
422 808
422 887
422 964
423 611
423 843
423 889
423 997
424 578
424 618
424 625
424 644
424 693
424 764
424 769
424 793
424 866
424 921
425 537
425 596
425 665
425 676
425 768
426 528
426 652
426 707
426 796
426 814
426 984
427 462
427 668
427 672
427 785
427 895
427 956
428 485
428 608
428 616
428 680
428 856
428 985
429 515
429 521
429 524
430 457
430 587
430 593
430 619
430 756
430 773
430 806
430 830
431 456
431 568
431 726
431 827
431 907
431 951
431 963
431 980
431 982
432 458
432 546
432 583
432 671
433 544
433 588
433 624
433 682
433 773
433 806
433 924
433 965
433 986
434 478
434 938
434 952
434 967
435 576
435 635
435 659
435 959
436 484
436 533
436 758
436 783
437 439
437 724
437 910
437 979
438 451
438 508
438 991
438 995
439 910
439 979
440 496
440 660
440 792
440 832
440 983
441 527
441 553
441 558
441 592
441 620
441 667
441 858
442 702
442 826
442 876
442 893
442 906
443 460
443 469
443 527
443 705
443 825
443 975
445 453
445 462
445 929
445 937
446 516
446 648
446 687
446 900
446 923
446 996
447 537
447 589
447 633
447 665
447 676
447 768
447 875
447 978
448 564
448 815
449 949
450 471
450 493
450 551
450 557
450 658
450 711
450 765
450 787
450 950
450 953
450 998
451 508
451 683
452 559
452 560
452 705
452 824
452 911
452 990
453 807
453 929
453 937
454 490
454 610
454 715
454 742
455 700
455 942
456 568
456 590
456 726
456 738
456 767
456 907
456 951
456 963
457 541
457 567
457 587
457 593
457 830
457 898
458 546
458 640
458 671
458 772
458 803
458 931
458 974
459 574
459 584
459 689
459 876
460 469
460 527
460 781
460 975
461 464
461 476
461 508
461 558
461 847
461 863
461 995
462 636
462 668
462 785
462 895
462 956
463 631
463 697
463 704
463 839
463 930
463 976
464 476
464 526
464 847
464 863
464 962
464 975
465 621
465 763
465 775
466 653
466 685
466 879
467 492
467 615
467 632
467 706
467 780
467 854
467 927
467 937
467 944
468 472
468 503
468 651
468 666
468 699
468 808
468 887
468 918
469 527
469 705
469 825
469 975
470 590
470 738
470 767
470 777
470 823
470 915
470 963
471 557
471 711
471 765
471 787
471 950
471 953
472 503
472 581
472 627
472 651
472 662
472 808
472 835
472 887
472 918
473 702
473 770
473 876
474 575
474 617
474 649
475 487
475 567
475 981
476 508
476 558
476 667
476 847
477 594
477 596
477 657
477 750
477 821
478 611
478 870
478 952
479 530
479 696
479 708
479 802
479 917
480 637
480 656
480 680
480 843
480 856
480 889
480 985
481 502
481 513
481 739
481 759
481 888
482 556
482 714
483 684
483 755
484 716
484 724
484 734
484 783
484 890
484 955
485 540
485 608
485 616
485 985
485 989
486 530
486 604
486 646
486 701
486 722
486 844
487 541
487 567
487 981
488 544
488 584
488 732
488 855
488 965
489 725
489 836
489 935
490 552
490 610
490 742
490 776
490 896
490 988
490 999
491 539
491 940
491 945
492 615
492 632
492 706
492 780
492 854
492 927
492 942
493 551
493 557
493 658
493 739
493 765
493 787
493 950
493 953
493 998
494 582
494 762
494 791
494 819
495 719
495 833
496 738
496 767
496 823
496 832
497 522
497 580
497 620
497 667
497 683
497 858
497 939
498 686
498 733
498 775
499 518
499 554
499 556
499 577
499 640
499 772
500 831
500 992
501 888
502 513
502 643
502 933
503 581
503 627
503 651
503 808
503 835
503 887
503 918
504 778
504 820
505 604
505 606
506 569
506 579
506 647
506 894
506 903
507 595
507 650
507 679
507 747
507 993
508 683
508 847
509 562
509 645
510 552
510 610
510 631
510 828
510 988
511 762
511 970
512 544
512 548
512 584
512 675
512 688
512 689
512 703
513 739
513 759
513 881
514 530
514 646
514 722
515 521
515 524
516 648
516 687
516 779
516 900
516 923
516 996
517 597
517 657
517 727
517 732
517 838
518 554
518 556
518 577
518 772
519 751
519 776
519 845
519 999
520 526
520 529
520 531
520 863
521 524
521 914
522 580
522 620
522 800
522 858
523 559
524 914
525 538
525 717
525 842
525 922
525 928
526 825
526 863
526 962
526 975
527 558
527 781
527 975
528 607
528 707
528 814
528 897
528 984
528 992
529 531
529 646
529 863
529 995
530 701
530 708
530 722
530 853
530 926
531 646
531 844
531 863
532 626
532 664
532 766
532 885
532 994
533 625
533 644
533 746
533 758
533 921
534 542
534 678
534 745
534 938
535 809
535 977
536 589
536 598
536 655
536 676
536 882
536 940
537 596
537 633
537 665
537 768
538 639
538 717
538 842
538 928
539 813
539 919
539 940
540 691
540 801
540 966
540 989
541 567
541 898
541 961
541 981
542 605
542 678
542 742
542 745
542 782
543 550
543 684
543 861
543 872
543 970
544 548
544 584
544 588
544 624
544 688
544 689
544 703
544 732
544 924
544 965
544 986
545 877
545 899
546 671
546 718
546 728
546 931
546 974
547 660
547 679
547 716
547 734
547 890
547 955
547 983
548 584
548 588
548 675
548 688
548 689
548 703
548 965
549 728
549 735
549 788
549 818
549 846
549 865
549 904
549 974
550 582
550 684
550 755
551 557
551 570
551 609
551 739
551 765
551 881
552 610
552 631
552 828
552 839
552 896
552 988
552 999
553 592
553 695
553 858
554 556
554 577
554 585
554 640
554 772
555 576
555 613
555 810
555 827
555 959
555 979
555 980
555 982
556 577
556 772
557 570
557 609
557 711
557 765
557 787
557 840
557 950
557 953
558 620
558 667
558 847
558 858
559 911
559 990
560 705
560 784
560 824
560 911
560 990
561 691
561 947
562 645
563 634
563 643
563 647
563 794
563 892
564 815
564 944
565 638
565 690
565 757
565 795
565 804
565 829
566 630
567 720
568 590
568 726
568 907
568 951
568 963
569 579
569 642
569 735
569 803
569 865
569 894
569 903
570 609
570 694
570 765
570 840
570 881
571 759
571 862
572 666
572 789
572 790
572 886
572 925
572 964
573 614
573 622
573 623
573 723
574 876
575 617
575 741
576 613
576 652
576 810
576 959
577 585
577 634
577 640
577 772
578 602
578 618
578 693
578 730
578 764
578 769
578 793
578 866
579 647
579 894
579 903
580 620
580 667
580 683
580 858
580 939
581 651
581 808
581 887
582 684
582 755
582 791
582 819
583 600
583 763
584 588
584 688
584 689
584 703
584 965
585 634
585 772
585 794
585 803
586 777
586 823
587 593
587 619
587 653
587 756
587 830
587 879
587 898
588 624
588 682
588 688
588 703
588 732
588 924
588 965
588 986
589 655
589 676
589 875
589 940
590 738
590 767
590 777
590 823
590 963
591 736
591 761
591 812
592 781
592 858
593 619
593 756
593 773
593 806
593 830
594 750
594 821
594 841
595 747
595 834
595 957
595 993
596 657
596 665
596 750
596 768
596 821
597 657
597 727
597 838
598 744
598 882
598 940
598 941
598 945
599 698
599 812
600 640
601 670
601 740
601 884
601 969
602 693
602 730
602 769
602 811
602 851
602 866
603 629
603 663
603 710
603 753
603 774
603 781
603 817
603 859
604 844
605 742
605 776
605 782
606 720
607 707
607 870
607 984
608 616
608 680
608 856
608 985
608 989
609 694
609 711
609 765
609 840
609 881
610 828
610 896
610 988
611 997
612 695
612 754
612 800
612 946
613 652
613 810
613 959
614 622
614 623
614 849
615 632
615 780
615 942
615 958
616 639
616 856
616 928
616 985
617 741
618 644
618 681
618 693
618 764
618 769
618 866
619 675
619 756
619 773
619 806
620 667
620 683
620 858
621 661
621 686
621 763
621 775
622 623
622 849
623 723
624 682
624 773
624 806
624 924
624 965
624 986
625 644
625 746
625 764
625 793
625 921
626 664
626 766
626 786
626 885
627 662
627 835
627 918
627 936
628 725
628 882
628 883
629 663
629 710
629 774
629 817
631 704
631 828
631 839
631 988
632 706
632 780
632 927
632 942
633 768
633 850
633 875
633 978
634 794
635 641
635 659
635 909
635 960
635 968
637 656
638 690
638 743
638 757
638 971
639 717
639 928
640 772
641 659
641 681
641 909
641 960
641 968
642 735
642 803
642 865
642 931
643 892
644 746
644 764
644 793
644 921
646 722
647 862
647 903
648 687
648 779
648 900
648 923
648 996
650 679
650 783
651 808
651 887
651 918
652 814
652 959
653 685
653 848
653 879
653 949
654 809
654 977
655 676
655 875
655 940
656 969
657 727
657 750
657 821
657 838
658 765
658 787
658 950
658 953
658 998
659 909
659 960
659 968
660 716
660 792
660 832
660 890
660 983
661 686
661 775
662 666
662 808
662 918
662 936
663 710
663 733
663 753
663 774
663 817
664 766
664 786
664 796
664 885
664 994
665 676
665 768
666 789
666 886
666 925
666 964
667 683
667 847
667 858
668 672
668 785
668 877
668 956
669 697
669 815
669 930
669 976
670 801
670 966
671 718
671 728
671 931
671 974
672 785
672 850
672 895
673 786
673 797
673 885
673 973
674 795
674 852
675 688
676 768
677 746
677 860
677 957
678 745
678 782
678 938
679 716
679 734
679 747
679 955
679 993
680 856
680 889
680 985
681 769
681 909
681 960
682 924
682 965
682 986
683 939
684 755
685 879
685 898
686 775
687 779
687 900
687 923
687 996
688 689
688 703
688 965
689 703
689 965
690 757
691 947
691 989
692 713
692 798
692 902
692 972
693 730
693 764
693 769
693 866
694 840
694 954
695 754
695 800
695 946
696 802
696 857
696 917
696 934
696 987
697 704
697 723
697 815
697 930
697 976
698 851
698 954
699 790
699 886
699 887
699 964
701 844
701 853
701 926
702 822
702 876
702 905
702 906
703 965
704 839
704 930
704 976
705 824
705 825
705 911
705 990
706 780
706 854
706 927
706 929
706 937
707 786
707 796
707 885
707 984
708 853
709 873
709 915
709 948
710 753
710 774
710 817
711 765
711 787
711 840
711 950
711 953
712 771
712 802
712 857
712 934
713 894
713 903
714 859
715 749
715 938
715 943
716 734
716 783
716 890
716 955
717 928
718 728
718 788
718 916
718 974
719 833
719 891
719 901
720 841
720 878
723 815
724 880
725 883
725 935
726 827
726 880
726 907
726 951
726 980
727 838
728 788
728 865
728 931
728 974
729 731
729 737
729 760
729 837
729 864
729 908
729 920
729 932
730 764
730 769
730 793
730 811
730 851
730 866
731 737
731 760
731 908
731 920
732 855
732 924
732 965
732 986
733 774
734 783
734 890
734 955
735 846
735 865
735 904
736 812
737 760
737 908
737 920
737 932
738 767
738 777
738 823
739 881
739 888
740 884
740 969
741 892
741 933
742 776
742 782
742 896
743 752
743 971
744 882
744 940
744 941
744 945
745 938
746 860
746 921
746 957
747 993
748 795
748 804
748 871
748 971
749 943
750 821
751 845
751 874
751 999
752 971
753 774
753 817
754 800
754 946
756 773
756 806
756 830
757 804
757 971
760 920
761 798
761 972
762 819
764 769
764 793
764 866
765 787
765 840
765 950
765 953
766 868
766 994
767 777
767 823
769 866
770 855
770 876
771 857
771 934
773 806
774 817
776 845
777 823
778 799
779 917
779 923
779 987
779 996
780 927
780 942
781 859
783 955
785 850
785 956
786 796
786 797
786 885
787 950
787 953
787 998
788 864
788 916
789 925
790 886
790 964
792 983
794 892
795 804
795 829
796 885
796 984
797 885
797 973
798 902
798 972
799 852
799 939
800 946
801 966
802 857
802 917
802 934
803 865
803 931
804 829
804 871
804 971
805 869
806 830
807 855
808 887
808 918
809 816
809 869
809 977
810 827
810 959
810 979
810 980
810 982
811 851
813 899
813 919
814 897
814 984
814 992
816 869
816 977
818 846
818 904
821 841
822 905
824 825
824 911
824 990
825 911
825 962
825 975
826 842
826 893
827 907
827 951
827 980
827 982
828 896
828 988
830 898
831 968
832 890
832 983
833 891
833 901
834 957
835 918
835 936
836 853
836 913
836 926
836 935
837 908
837 932
839 930
839 976
841 878
842 893
843 856
843 889
843 997
845 896
845 988
845 999
846 861
846 904
848 879
848 949
850 875
850 978
851 954
853 883
853 926
854 927
854 929
854 937
856 889
856 985
856 997
857 917
857 934
860 921
860 957
861 904
863 962
863 995
864 916
864 932
865 904
865 931
865 974
867 872
867 970
869 977
871 971
873 915
874 976
875 978
876 906
877 899
879 949
880 907
880 979
884 969
886 964
887 918
889 997
890 955
890 983
891 901
892 933
893 906
894 903
896 988
896 999
897 992
898 961
898 981
899 919
900 923
900 987
900 996
902 972
905 930
907 951
907 980
908 920
908 932
909 960
909 968
910 979
911 990
913 926
915 948
917 987
918 936
919 978
923 996
924 965
924 986
927 929
927 937
927 944
929 937
930 976
931 974
938 952
940 945
941 945
942 958
944 958
950 953
950 998
951 963
951 980
952 967
953 998
960 968
961 981
962 975
965 986
980 982
987 996
988 999
991 995
