0 129
0 220
0 522
0 749
0 862
0 865
0 915
1 136
1 212
1 486
1 660
1 669
1 675
1 901
1 914
1 923
1 982
2 288
3 160
3 296
3 334
3 549
3 715
4 13
4 78
4 371
4 941
5 11
5 410
5 536
5 954
6 438
6 455
6 461
6 513
6 753
7 81
7 443
7 511
7 659
7 846
7 894
7 905
8 27
8 442
8 594
8 853
8 918
9 285
9 452
9 621
9 821
10 77
10 210
10 251
10 329
10 374
10 540
10 756
10 886
11 206
11 410
11 692
12 259
12 377
12 472
12 721
12 842
12 854
12 875
13 42
13 78
13 155
13 342
13 529
13 552
13 778
13 863
14 441
14 495
14 824
15 71
15 435
15 590
16 39
16 116
16 270
16 748
16 795
16 936
17 25
17 98
17 225
17 426
17 566
17 809
17 837
17 920
17 988
17 993
18 53
18 200
18 294
18 364
18 376
18 400
18 866
19 173
19 349
19 401
19 420
19 557
20 114
20 206
20 252
20 573
20 642
20 692
20 740
20 820
20 971
21 94
21 539
21 572
21 717
21 752
21 834
22 70
22 356
22 655
22 763
22 826
22 897
22 912
23 193
23 301
23 419
23 451
23 584
23 773
23 781
23 828
23 829
23 985
24 269
24 302
24 639
24 844
25 98
25 225
25 426
25 565
25 566
25 809
25 920
25 993
26 298
26 410
26 497
26 595
26 696
26 879
27 399
27 442
27 594
27 853
28 360
28 539
28 572
28 752
28 782
28 784
29 519
29 588
29 611
29 884
30 31
30 215
30 257
30 471
30 674
30 767
30 780
30 872
30 888
31 471
31 510
31 674
31 872
31 888
32 137
32 175
32 189
32 725
33 36
33 439
33 495
34 142
34 327
34 488
34 751
34 959
34 966
35 55
35 654
35 999
36 153
36 495
36 824
37 46
37 48
37 297
37 534
37 603
37 728
37 844
38 337
39 116
39 167
39 723
39 795
39 936
40 171
40 345
40 472
40 819
40 854
41 295
41 353
41 705
41 750
41 990
42 416
42 778
43 643
43 731
43 783
44 75
44 313
44 607
44 613
44 964
45 68
45 712
46 60
46 297
46 603
46 804
46 855
47 297
47 603
47 651
48 60
48 187
48 216
48 534
48 728
48 882
49 118
49 250
49 269
49 822
50 60
50 587
50 720
50 774
50 855
50 882
51 263
51 617
51 659
51 836
52 531
52 676
52 745
52 763
52 826
52 897
53 186
53 200
53 242
53 294
53 309
53 364
53 400
53 687
53 787
53 866
53 885
54 164
54 181
54 182
54 396
54 573
54 610
54 708
54 820
54 856
55 654
56 223
56 231
56 323
56 381
56 444
56 590
56 598
57 419
57 531
57 683
57 745
57 829
58 281
58 542
58 612
58 635
58 766
58 812
59 161
59 270
59 517
59 748
59 883
59 993
60 187
60 587
60 720
60 774
60 855
60 882
61 453
61 515
61 769
62 117
62 236
62 261
62 284
62 950
63 295
63 607
63 705
63 990
64 74
64 83
64 290
64 395
64 634
64 833
64 944
64 969
65 125
65 144
65 629
65 656
65 697
65 735
65 931
66 326
66 542
67 267
67 352
67 456
67 519
67 815
67 884
68 144
68 697
68 735
68 931
69 141
69 175
69 189
69 221
69 229
69 625
69 725
70 168
70 356
70 628
70 655
70 709
70 912
71 437
71 765
72 235
72 788
72 871
73 162
73 286
73 341
74 395
74 585
74 634
74 833
74 944
74 969
75 313
75 607
75 613
75 964
76 121
76 149
76 189
76 258
76 398
76 490
76 625
76 917
76 924
77 192
77 222
77 329
77 374
77 540
77 591
77 756
77 886
78 342
78 371
78 583
78 698
78 941
79 572
79 701
79 782
80 173
80 349
80 420
80 496
80 557
80 649
81 443
81 617
81 659
81 894
81 905
82 265
82 268
82 361
82 903
82 979
83 150
83 290
83 409
83 423
83 634
83 786
83 944
83 969
84 184
84 526
84 551
84 657
84 739
84 896
84 984
85 97
85 159
85 179
85 343
85 502
85 648
85 877
86 507
86 600
86 975
87 217
87 680
87 770
87 805
87 867
88 219
88 227
88 274
88 287
88 291
88 378
88 457
88 500
88 685
89 355
89 630
89 646
89 743
89 885
89 906
90 119
90 126
90 139
90 421
90 800
90 919
91 111
91 123
91 556
91 567
91 793
91 801
92 135
92 173
92 325
92 759
93 133
93 339
93 418
93 577
93 719
93 880
93 960
94 717
94 720
94 834
95 582
95 639
95 648
95 877
96 363
96 958
97 159
97 179
97 228
97 406
98 225
98 406
98 459
98 920
99 158
99 494
99 528
100 223
100 323
100 533
100 830
100 834
101 109
101 626
101 861
102 127
102 520
102 537
102 741
102 962
103 147
103 241
103 758
103 827
104 168
104 169
104 207
104 257
104 628
104 767
104 848
104 972
105 562
105 570
105 643
105 668
105 677
106 733
106 808
106 813
107 260
107 271
107 714
108 199
108 208
108 293
108 354
108 466
108 873
109 128
109 277
109 602
109 626
109 694
110 129
110 220
110 336
110 359
110 578
110 864
110 865
111 556
112 340
112 380
112 390
112 491
112 729
112 921
113 320
113 338
113 373
113 424
113 467
113 925
113 945
114 182
114 206
114 573
114 610
114 642
114 692
114 740
114 820
114 971
115 244
115 425
115 543
115 606
115 970
116 795
116 936
117 130
117 292
117 433
117 849
117 991
118 250
118 492
118 822
118 948
119 126
119 624
119 846
119 961
120 166
120 403
120 581
120 636
120 974
121 149
121 258
121 398
121 490
121 917
121 924
121 973
122 172
122 183
122 274
122 291
122 378
122 493
122 685
122 777
122 818
122 847
122 963
123 479
123 567
123 823
124 245
124 375
124 430
124 469
124 561
124 575
124 695
125 132
125 144
125 629
125 656
125 697
125 931
125 951
126 139
126 383
126 624
126 800
126 892
126 961
127 135
127 520
127 537
128 277
128 602
128 694
129 220
129 307
129 749
129 862
129 865
130 281
130 433
130 766
130 812
130 849
130 991
131 703
131 943
131 992
131 714
132 317
132 408
132 616
132 629
132 656
132 951
133 339
133 348
133 418
133 440
133 577
133 719
133 880
133 960
134 157
134 273
134 413
134 661
134 662
134 776
134 814
134 910
135 325
135 537
136 212
136 247
136 486
136 518
136 660
136 669
136 675
136 839
136 914
136 923
136 982
137 175
137 189
137 725
138 294
138 376
138 687
138 734
138 977
138 989
138 997
139 421
139 800
139 892
139 919
139 961
140 196
140 344
140 686
140 845
140 987
141 151
141 490
141 625
141 891
141 973
142 327
142 488
142 751
142 908
142 959
142 966
143 152
143 174
143 343
143 648
143 807
144 697
144 735
144 931
145 388
145 414
145 501
145 627
145 713
146 346
146 480
146 721
147 194
147 241
147 522
147 758
148 198
148 214
148 350
148 504
148 898
148 940
149 258
149 398
149 917
149 924
150 351
150 409
150 423
150 477
150 524
150 665
150 682
150 786
151 654
151 727
151 843
151 891
152 174
152 343
152 807
152 968
153 626
153 702
153 902
154 254
154 426
154 565
154 895
154 935
155 342
155 407
155 529
155 552
155 863
156 208
156 210
156 293
156 329
156 354
156 374
156 392
156 466
156 873
157 273
157 413
157 510
157 661
157 662
157 776
157 814
157 910
158 434
158 494
158 528
158 644
159 179
159 343
159 502
159 648
159 877
160 549
160 690
161 517
161 809
161 883
161 887
161 993
162 286
162 340
162 379
163 266
163 569
163 754
163 904
163 933
164 182
164 396
164 610
164 708
164 736
164 746
164 856
165 303
165 312
165 416
165 429
165 941
166 974
167 213
167 330
167 473
167 550
167 723
168 169
168 207
168 257
168 628
168 709
168 848
168 972
169 207
169 257
169 628
169 709
169 848
169 972
170 202
170 571
170 731
170 947
171 264
171 345
171 797
171 819
172 378
172 482
172 685
172 699
172 777
172 963
173 325
173 349
173 420
173 557
173 759
174 343
174 807
174 968
175 189
175 625
175 725
176 315
176 476
176 754
176 994
177 490
177 535
177 843
177 891
177 973
178 443
178 998
179 343
179 502
179 877
180 706
181 396
181 708
181 856
182 396
182 610
182 692
182 708
182 746
182 820
182 856
183 274
183 493
183 584
183 777
183 818
183 847
184 526
184 551
184 657
184 739
184 896
184 984
185 214
185 331
185 504
185 558
185 657
186 200
186 242
186 309
186 333
186 400
186 404
186 646
186 707
186 743
186 768
186 787
186 866
186 885
186 906
187 192
187 216
187 222
187 534
187 591
187 728
187 755
187 774
187 855
187 882
188 205
188 256
188 311
188 385
188 468
188 474
188 521
188 678
188 730
188 771
189 398
189 625
189 725
190 231
190 308
190 381
191 203
191 464
191 711
191 913
191 932
192 222
192 296
192 300
192 540
192 591
192 755
192 756
192 774
192 882
193 301
193 387
193 411
193 419
193 451
193 514
193 773
193 781
193 829
193 841
194 282
194 307
194 391
194 522
194 667
194 758
194 868
195 208
195 360
195 466
195 489
195 499
195 545
195 693
195 873
195 890
195 555
196 230
196 294
196 376
196 845
197 322
197 357
197 710
197 733
197 840
198 235
198 350
198 788
198 871
198 940
199 208
199 293
199 354
199 466
199 873
200 242
200 294
200 309
200 364
200 376
200 400
200 687
200 787
200 866
201 478
201 652
201 761
202 460
202 731
202 947
203 270
203 563
203 597
203 913
204 536
204 785
205 311
205 385
205 468
205 474
205 508
205 521
205 730
205 771
206 252
206 573
206 642
206 692
206 740
206 820
206 971
207 257
207 628
207 767
207 848
207 972
208 210
208 293
208 354
208 392
208 466
208 499
208 545
208 873
208 890
209 276
209 530
209 532
209 670
209 711
210 329
210 374
210 886
211 233
211 427
211 431
211 454
211 737
211 772
212 249
212 445
212 486
212 560
212 640
212 669
212 675
212 914
212 930
213 414
213 473
213 550
214 331
214 350
214 504
214 558
214 898
214 940
215 273
215 413
215 780
215 872
215 910
216 302
216 534
216 728
216 844
217 272
217 770
217 805
217 867
218 332
218 476
218 823
218 850
218 994
219 227
219 287
219 291
219 457
219 500
220 307
220 391
220 749
220 862
220 864
220 865
221 229
221 725
221 999
222 300
222 540
222 591
222 755
222 756
222 774
222 882
222 886
223 231
223 323
223 533
223 834
224 390
224 442
224 594
224 701
224 729
225 459
225 920
226 306
226 624
226 798
226 927
226 965
227 287
227 291
227 378
227 457
227 500
227 679
227 685
227 893
228 348
228 406
228 459
229 725
230 376
230 816
230 845
231 323
231 381
231 598
232 234
232 458
232 579
232 777
233 427
233 431
233 454
233 622
233 737
233 772
234 458
234 763
235 350
235 788
235 871
236 284
236 762
236 775
236 950
236 952
237 328
237 386
237 428
237 481
237 498
237 858
238 279
238 383
238 596
238 892
238 961
238 967
239 370
239 601
239 830
239 900
240 363
240 802
241 758
242 309
242 364
242 400
242 404
242 646
242 687
242 768
242 787
242 866
242 885
242 906
243 691
244 401
244 425
244 543
244 606
244 970
245 312
245 430
245 561
245 695
245 762
246 363
246 412
246 792
246 802
247 518
247 669
247 679
247 839
247 893
247 982
248 640
249 445
249 486
249 560
249 640
249 930
250 565
250 582
250 822
250 948
251 329
251 636
252 554
252 573
252 642
252 740
252 811
252 869
252 971
253 393
253 417
253 600
253 772
253 981
254 346
254 530
254 532
254 541
254 895
254 935
255 738
255 770
255 771
255 867
256 311
256 468
256 730
256 861
257 628
257 767
257 780
257 848
257 872
257 972
258 398
258 917
258 924
259 369
259 377
259 465
259 472
259 623
259 842
259 854
260 271
260 714
260 962
261 284
261 305
261 775
261 907
261 950
262 347
262 757
262 904
262 934
263 321
263 617
263 836
264 338
264 345
264 369
264 797
264 819
265 268
265 361
265 447
265 716
265 903
266 315
266 569
266 754
266 933
267 456
267 519
267 736
267 815
267 884
268 361
268 447
268 716
269 302
269 639
269 690
270 597
270 748
270 795
270 936
271 714
271 741
271 962
272 348
272 440
272 577
272 770
272 857
272 867
273 413
273 661
273 780
273 910
274 493
274 584
274 777
274 818
274 847
275 277
275 602
275 732
276 670
276 711
276 932
277 602
277 626
277 732
278 280
278 571
278 785
278 922
279 508
279 521
279 596
279 967
280 397
280 922
281 326
281 542
281 766
281 812
281 991
282 307
282 344
282 391
282 667
282 686
282 868
283 462
283 494
283 700
284 305
284 775
284 950
285 452
285 706
285 821
286 341
287 457
287 828
287 985
288 691
289 446
289 615
289 726
289 925
289 949
290 634
290 944
290 969
291 378
291 500
291 679
291 685
291 777
291 893
292 637
293 354
293 392
293 466
293 581
293 873
294 364
294 376
294 687
294 734
294 866
294 977
294 997
295 353
295 607
295 705
295 990
296 300
296 334
296 549
296 755
297 603
297 651
297 804
298 608
298 650
298 696
298 747
298 996
299 314
299 321
299 438
299 461
299 836
299 928
300 334
300 540
300 549
300 591
300 755
301 419
301 451
301 514
301 584
301 773
301 781
301 828
301 829
301 985
302 728
302 844
303 312
303 429
303 512
303 941
304 389
304 518
304 592
304 669
304 675
304 832
304 914
305 775
305 907
305 950
306 798
306 857
307 344
307 391
307 522
307 667
307 816
307 868
308 546
308 658
309 364
309 400
309 404
309 646
309 687
309 768
309 787
309 866
309 885
310 618
310 919
311 385
311 468
311 474
311 483
311 678
311 730
311 861
312 429
312 430
312 561
312 695
313 382
313 613
313 964
314 321
314 438
314 461
314 928
315 754
316 384
316 622
316 638
316 681
316 851
316 852
316 937
316 942
317 592
317 616
317 902
317 951
318 470
318 870
319 335
319 437
319 664
320 373
320 424
320 467
320 574
320 945
321 438
321 836
321 928
322 357
322 446
322 615
322 710
322 726
322 840
323 533
323 590
323 830
324 482
324 631
324 750
325 349
325 759
326 542
327 368
327 372
327 488
327 908
327 959
328 358
328 386
328 422
328 428
328 498
328 810
328 858
328 926
329 374
329 540
329 756
329 886
330 387
330 473
330 550
330 630
330 723
331 558
331 657
332 647
332 671
332 793
332 823
332 850
333 355
333 404
333 463
333 646
333 707
333 743
333 768
333 885
333 906
333 956
334 549
335 432
335 435
335 437
335 664
336 359
336 816
336 864
337 509
337 589
338 369
338 373
338 424
338 874
338 945
339 418
339 577
339 880
339 960
339 965
340 366
340 380
340 491
340 921
342 371
342 529
342 618
342 698
343 502
343 648
343 877
344 391
344 667
344 686
344 816
344 845
344 868
345 797
345 819
346 530
346 532
346 541
346 895
347 757
347 825
347 904
347 934
347 939
348 440
348 577
348 867
348 960
349 420
349 557
349 759
350 504
350 898
350 940
351 409
351 423
351 477
351 505
351 524
351 665
351 682
351 704
351 749
352 456
352 747
353 705
353 750
353 990
354 392
354 466
354 581
354 636
354 873
355 630
355 646
355 707
355 723
355 743
355 906
356 655
356 709
356 912
357 710
357 733
357 840
358 428
358 450
358 498
358 633
358 810
358 858
358 926
359 556
359 564
359 578
359 801
359 864
360 489
360 499
360 545
360 619
360 693
360 784
360 890
361 691
361 806
361 903
361 979
362 555
363 412
363 802
363 881
364 376
364 400
364 687
364 787
364 866
365 878
365 911
365 703
366 380
366 706
367 436
367 505
367 609
367 825
368 372
368 470
368 908
368 959
369 465
369 472
369 874
370 601
370 830
370 900
371 529
371 583
371 618
371 698
372 488
372 663
372 959
373 424
373 467
373 574
373 874
373 945
374 448
374 756
374 886
375 469
375 575
375 637
375 860
375 952
376 687
376 734
376 866
376 997
377 472
377 721
377 803
377 842
377 854
377 875
377 980
378 685
378 777
378 963
379 672
380 491
380 921
381 444
381 598
381 658
383 596
383 800
383 892
383 961
383 967
384 622
384 852
384 983
385 468
385 474
385 508
385 521
385 730
385 771
386 481
386 858
386 869
387 451
387 514
387 773
387 829
387 841
388 414
388 501
388 627
388 713
389 629
389 656
389 669
389 675
389 832
389 914
389 930
390 491
390 594
390 729
390 921
391 667
391 816
391 868
392 581
392 636
393 417
393 507
393 600
393 772
393 937
393 995
394 422
394 485
394 554
394 593
395 585
395 833
396 573
396 610
396 708
396 820
396 856
397 432
397 435
397 444
398 490
398 625
398 917
398 924
398 973
399 789
399 853
400 404
400 484
400 646
400 768
400 787
400 866
400 885
401 543
401 606
401 742
401 970
402 544
402 553
402 632
402 817
403 581
403 636
403 974
404 463
404 646
404 707
404 743
404 768
404 787
404 885
404 906
404 956
405 503
405 623
406 459
406 805
407 455
407 513
407 529
408 586
408 702
408 732
408 951
409 423
409 477
409 524
409 665
409 682
409 786
410 595
410 954
411 451
411 550
411 620
411 773
411 985
412 796
412 802
412 881
413 661
413 662
413 910
414 441
415 694
415 764
415 796
415 806
415 881
416 778
417 600
417 772
417 981
418 577
418 719
418 880
418 960
419 531
419 584
419 781
419 829
420 496
420 520
420 557
421 919
422 428
422 485
422 810
422 858
422 926
423 477
423 524
423 665
423 682
423 786
424 467
424 874
424 945
425 496
425 543
425 606
425 649
426 565
426 809
426 948
427 431
427 454
427 737
428 450
428 498
428 810
428 858
428 926
429 512
429 941
430 561
430 695
430 981
431 454
431 737
431 772
432 435
432 444
433 849
433 991
434 644
434 786
435 437
435 598
436 494
436 609
436 825
436 939
437 664
438 461
438 753
438 836
439 576
440 577
440 867
440 960
441 838
442 594
442 853
443 617
443 659
443 905
443 998
444 598
444 658
445 486
445 560
445 640
445 930
446 615
446 726
446 840
446 925
446 949
447 559
447 831
447 899
448 489
448 619
448 784
449 620
449 838
449 985
449 986
450 498
450 633
451 514
451 620
451 773
451 781
451 828
451 985
452 621
453 515
453 681
453 769
453 942
453 995
454 622
454 737
454 772
455 513
455 753
456 519
456 650
456 747
456 815
457 500
457 893
458 579
458 957
458 963
459 666
459 805
459 837
459 920
460 478
460 516
460 731
460 761
460 799
460 947
461 487
461 513
461 753
462 700
463 484
463 707
463 768
463 787
463 956
464 670
464 711
464 913
464 932
465 472
465 874
466 499
466 545
466 873
466 890
467 574
467 945
468 474
468 678
468 730
469 575
469 695
469 722
470 870
470 908
471 510
471 674
471 776
471 814
471 872
471 888
472 721
472 842
472 854
472 875
473 550
473 723
474 508
474 521
474 730
474 771
475 527
475 547
475 614
475 643
475 668
475 783
475 791
475 794
475 835
476 994
477 523
477 524
477 665
477 682
477 889
477 915
478 516
478 652
478 761
478 799
478 978
479 567
479 823
479 850
480 909
481 554
481 811
481 869
482 631
482 699
482 750
482 957
482 963
483 495
483 678
483 824
483 861
484 787
485 554
485 593
486 660
486 669
486 675
486 914
486 930
487 513
487 605
487 753
488 663
488 938
488 959
489 499
489 545
489 619
489 693
489 784
489 890
490 625
490 891
490 973
491 729
491 921
492 715
492 909
493 584
493 777
493 818
493 847
494 528
495 824
496 557
496 649
497 595
497 650
497 696
497 746
498 858
499 545
499 693
499 873
499 890
500 679
500 893
501 627
501 713
503 525
504 898
504 940
505 609
505 704
506 559
506 779
506 929
506 946
506 955
507 515
507 600
507 975
507 995
508 730
509 589
510 674
510 718
510 776
510 814
510 888
510 910
511 894
511 905
511 927
511 965
512 583
512 941
513 753
514 773
514 829
514 841
515 769
515 995
516 652
516 799
516 978
517 809
517 883
517 887
517 993
518 669
518 675
518 679
518 839
518 893
518 914
518 982
519 884
519 984
520 537
521 771
522 758
522 862
522 915
523 524
523 665
523 682
523 889
523 915
524 665
524 682
524 704
524 889
524 915
526 551
526 657
526 739
526 984
527 547
527 614
527 653
527 791
527 794
527 835
528 644
529 618
529 863
530 532
530 541
531 673
531 676
531 745
531 790
532 541
533 830
533 834
534 728
534 844
535 843
536 593
537 741
538 750
539 572
539 717
539 752
539 784
540 756
540 886
541 895
541 935
542 788
543 606
543 970
544 553
544 683
544 817
545 693
545 873
545 890
546 761
547 570
547 614
547 668
547 791
547 794
547 835
548 580
548 583
551 657
551 739
551 896
552 778
552 863
552 589
553 724
553 817
553 977
553 989
554 593
554 811
554 869
554 971
556 564
556 647
556 801
557 649
559 779
559 831
559 899
559 955
560 640
560 735
560 930
561 695
561 762
562 570
562 643
562 668
562 677
563 597
563 645
563 887
564 647
564 671
564 793
564 801
565 809
565 948
566 809
566 837
566 883
566 920
566 988
566 993
567 823
568 831
568 851
568 899
568 966
569 754
569 933
570 668
570 677
570 879
570 953
571 785
571 922
572 717
572 752
572 782
572 784
573 642
573 708
573 740
573 820
573 971
574 945
575 722
577 960
578 864
579 957
580 583
580 698
581 636
581 974
582 877
583 698
584 781
584 818
584 828
584 847
585 833
586 702
586 732
586 951
587 720
587 774
588 611
590 598
591 755
591 756
591 774
591 882
592 616
595 677
595 696
595 879
596 967
597 645
599 605
599 608
599 760
600 975
600 981
601 830
601 900
602 626
602 732
603 651
604 683
604 876
604 916
605 608
606 970
607 613
607 964
608 747
608 996
609 825
610 708
610 736
610 820
610 856
612 635
613 964
614 653
614 668
614 783
614 791
614 794
614 835
615 726
615 925
615 949
616 629
616 656
616 951
617 659
618 698
619 784
619 890
620 985
620 986
621 701
622 772
622 937
624 846
624 894
624 927
624 961
625 725
625 917
625 924
626 702
627 713
628 709
628 848
628 912
628 972
629 656
629 832
629 951
630 723
630 743
630 906
631 750
631 901
631 923
632 817
634 833
634 944
634 969
637 860
637 952
638 681
638 689
638 851
638 852
638 942
640 735
640 930
641 686
641 776
641 987
642 692
642 740
642 820
642 971
643 668
643 783
643 794
643 835
644 786
645 711
645 887
646 707
646 743
646 768
646 787
646 885
646 906
647 671
647 793
647 801
648 877
650 696
650 747
650 815
650 996
652 978
653 684
653 791
653 835
654 727
655 709
655 763
655 897
655 912
656 931
656 951
657 739
659 846
659 894
659 905
660 901
660 923
660 982
661 662
661 776
661 814
661 910
662 910
663 938
665 682
665 889
665 915
666 805
666 837
666 920
666 988
667 686
667 868
668 783
668 791
668 794
668 835
669 675
669 832
669 839
669 914
669 982
670 711
670 932
671 793
671 801
671 823
671 850
673 745
673 790
674 814
674 872
674 888
675 832
675 914
675 930
675 982
676 745
676 763
676 818
676 826
676 897
677 879
677 954
678 824
679 839
679 893
679 982
680 805
681 689
681 851
681 942
682 889
682 915
683 876
683 916
685 699
685 777
685 963
686 868
686 987
687 724
687 866
687 997
688 804
689 938
689 942
690 822
691 903
691 979
692 740
692 820
692 971
693 821
693 890
694 764
696 747
696 996
697 735
697 931
699 963
702 902
703 943
703 992
704 749
704 865
705 990
707 743
707 768
707 906
707 936
707 956
708 820
708 856
709 912
710 797
710 840
711 913
711 932
712 946
715 803
715 909
715 980
716 792
716 852
716 983
717 752
717 834
718 776
718 814
718 987
718 989
719 880
719 960
720 774
720 855
721 854
721 875
724 876
724 997
726 925
726 949
727 843
727 891
728 844
729 921
731 947
733 808
734 977
734 989
734 997
735 931
736 856
736 884
737 983
738 859
739 984
740 820
740 971
741 962
742 970
743 768
743 885
743 906
744 808
744 813
745 790
746 815
747 996
748 795
748 883
748 936
749 862
749 864
749 865
749 915
751 779
751 929
751 966
752 784
754 933
755 774
755 882
756 886
757 825
757 934
757 939
762 860
762 952
763 826
763 897
763 912
765 789
766 812
766 991
767 780
767 848
767 872
767 888
767 972
768 787
768 885
768 906
768 956
769 995
770 867
772 937
773 781
773 841
774 855
774 882
775 907
775 950
776 814
776 910
777 818
777 847
777 963
779 929
779 955
780 872
780 888
781 828
781 829
781 985
783 794
783 835
785 922
787 885
788 871
789 853
791 794
791 835
792 983
793 801
793 850
794 835
795 936
796 881
797 819
797 840
798 857
798 965
799 978
800 892
800 961
803 842
803 909
803 980
804 855
805 920
806 903
806 979
807 968
807 976
808 813
809 883
809 993
810 858
810 926
811 869
811 971
812 849
812 991
814 910
816 845
818 847
819 840
820 971
823 850
825 934
825 939
826 897
828 985
829 841
830 834
830 900
831 851
831 899
832 914
832 930
833 944
833 969
837 883
837 920
837 988
837 993
838 986
839 893
839 982
841 916
842 854
842 875
842 980
843 891
843 870
846 894
848 972
849 991
851 852
851 899
851 942
852 899
854 875
855 882
857 867
858 926
860 952
862 865
862 915
864 865
866 885
866 997
870 908
872 888
873 890
876 916
878 911
879 953
880 998
883 988
883 993
885 906
889 915
891 973
892 961
892 967
893 982
894 905
894 927
895 935
898 940
901 923
901 943
901 992
903 979
904 933
906 956
908 959
909 980
913 932
914 930
914 982
917 924
920 988
920 993
925 949
927 965
928 953
929 955
934 939
937 995
943 992
944 969
968 976
977 989
977 997
985 986
987 989
988 993
