0 37
0 133
0 152
0 337
0 382
0 451
0 467
0 549
0 561
0 654
0 722
0 905
1 28
1 109
1 192
1 231
1 245
1 443
1 477
1 633
1 660
1 687
1 739
1 759
1 829
2 6
2 45
2 141
2 167
2 351
2 369
2 439
2 449
2 581
2 662
2 665
2 684
2 897
2 940
2 974
2 986
3 106
3 609
3 636
3 638
3 655
3 875
3 902
3 983
3 994
4 33
4 71
4 99
4 122
4 180
4 183
4 429
4 453
4 473
4 522
4 698
4 959
5 108
5 161
5 212
5 335
5 456
5 582
5 674
5 950
5 953
6 32
6 35
6 45
6 141
6 167
6 439
6 581
6 897
6 944
6 948
7 68
7 84
7 160
7 338
7 362
7 500
7 502
7 583
7 667
7 769
7 813
7 854
7 919
8 66
8 349
8 542
8 546
8 553
8 596
8 649
8 699
8 729
8 734
8 779
8 781
8 789
8 949
8 958
9 39
9 129
9 158
9 179
9 220
9 227
9 334
9 339
9 388
9 447
9 499
9 637
9 647
9 711
9 715
9 811
9 856
9 888
9 975
10 11
10 181
10 213
10 374
10 535
10 568
10 791
11 181
11 244
11 336
11 348
11 374
11 384
11 517
11 531
11 535
11 618
11 791
11 887
12 64
12 67
12 80
12 589
12 682
12 907
13 270
13 306
13 392
13 431
13 478
13 519
13 555
13 635
13 731
13 792
13 839
13 885
13 989
14 766
14 772
14 804
15 57
15 74
15 249
15 268
15 285
15 356
15 585
15 696
15 808
15 889
15 910
15 952
15 977
16 48
16 83
16 133
16 152
16 214
16 307
16 358
16 382
16 414
16 459
16 467
16 561
16 722
16 835
16 966
16 971
17 44
17 174
17 175
17 226
17 254
17 257
17 296
17 319
17 486
17 606
17 900
17 957
17 992
18 162
18 292
18 317
18 373
18 390
18 418
18 466
18 717
18 728
18 798
18 855
18 899
18 911
18 982
19 20
19 398
19 592
19 603
19 604
19 665
19 780
19 851
19 974
20 131
20 369
20 398
20 449
20 557
20 592
20 604
20 657
20 658
20 665
20 851
20 859
20 921
21 108
21 171
21 212
21 255
21 292
21 325
21 456
21 466
21 508
21 582
21 651
21 674
21 844
21 855
21 950
21 953
22 187
22 243
22 308
22 387
22 409
22 413
22 420
22 428
22 537
22 593
22 619
22 625
22 666
22 682
22 773
22 903
22 907
22 935
23 127
23 240
23 242
23 286
23 295
23 326
23 363
23 365
23 463
23 487
23 536
23 670
23 737
23 742
23 936
23 956
24 88
24 94
24 251
24 465
24 515
24 650
24 831
24 836
24 879
25 237
25 238
25 268
25 299
25 396
25 696
25 808
25 823
25 889
25 892
25 952
26 123
26 136
26 137
26 228
26 230
26 237
26 268
26 356
26 475
26 516
26 544
26 548
26 563
26 564
26 696
26 726
26 745
26 754
26 824
26 841
26 870
26 934
26 945
27 36
27 98
27 148
27 271
27 395
27 511
27 664
27 686
27 692
27 865
28 84
28 109
28 425
28 477
28 565
28 633
28 660
28 778
28 800
28 854
29 85
29 121
29 131
29 322
29 323
29 422
29 433
29 438
29 483
29 557
29 604
29 657
29 793
29 859
29 874
29 921
29 929
30 35
30 241
30 259
30 315
30 391
30 597
30 852
30 884
30 901
30 917
30 948
31 145
31 206
31 215
31 361
31 514
31 543
31 697
31 752
31 795
31 834
31 868
32 45
32 167
32 357
32 494
32 581
32 797
32 857
32 869
32 897
32 944
33 71
33 99
33 122
33 180
33 183
33 229
33 261
33 435
33 473
33 526
33 959
33 980
34 40
34 223
34 321
34 600
34 783
34 864
34 930
34 939
35 141
35 241
35 315
35 391
35 439
35 897
35 917
35 944
35 948
36 98
36 148
36 271
36 316
36 395
36 474
36 511
36 664
36 692
36 782
36 848
37 133
37 152
37 337
37 451
37 549
37 654
37 905
38 65
38 347
38 381
38 453
38 610
38 760
38 786
38 816
38 832
38 862
38 913
38 926
39 129
39 179
39 224
39 227
39 389
39 447
39 637
39 647
39 672
39 711
39 776
39 811
39 856
39 888
40 223
40 321
40 600
40 783
40 864
40 930
40 939
41 166
41 283
41 426
41 571
41 603
41 611
41 732
41 780
41 794
42 201
42 287
42 366
42 492
42 493
42 576
42 718
42 727
42 916
42 957
42 968
42 972
43 68
43 135
43 207
43 270
43 362
43 500
43 552
43 601
43 608
43 673
43 708
43 721
43 763
43 769
43 814
43 873
43 989
44 174
44 175
44 226
44 254
44 257
44 296
44 486
44 606
44 727
44 957
45 141
45 167
45 351
45 357
45 494
45 527
45 581
45 662
45 684
45 797
45 940
45 986
46 143
46 196
46 248
46 506
46 567
46 575
46 605
46 668
46 677
46 719
46 749
46 765
46 886
47 59
47 107
47 252
47 394
47 461
47 579
47 602
47 613
47 702
47 712
48 83
48 134
48 152
48 307
48 340
48 358
48 382
48 414
48 459
48 561
48 722
48 835
48 947
48 955
48 966
48 971
49 79
49 124
49 221
49 263
49 272
49 311
49 417
49 821
49 895
50 207
50 238
50 249
50 265
50 566
50 595
50 601
50 710
50 785
50 808
50 823
50 889
50 892
50 910
50 952
51 64
51 210
51 253
51 344
51 450
51 503
51 652
51 682
51 833
52 150
52 153
52 164
52 211
52 627
52 909
52 918
52 943
52 981
52 991
53 170
53 233
53 251
53 298
53 642
53 744
53 796
53 842
53 920
53 961
53 998
54 77
54 191
54 220
54 230
54 278
54 280
54 318
54 339
54 380
54 388
54 415
54 513
54 584
54 661
54 730
54 824
54 840
54 962
55 65
55 207
55 265
55 601
55 621
55 673
55 708
55 763
55 832
56 71
56 138
56 180
56 229
56 429
56 455
56 473
56 554
56 736
56 816
56 890
57 74
57 249
57 285
57 356
57 585
57 615
57 631
57 696
57 808
57 889
57 910
57 952
57 977
58 165
58 225
58 294
58 329
58 416
58 550
58 612
58 629
58 853
59 107
59 394
59 461
59 579
59 602
59 613
59 646
59 712
60 82
60 96
60 177
60 440
60 448
60 480
60 521
60 622
60 675
60 743
60 803
60 893
60 896
60 963
60 973
61 68
61 84
61 109
61 545
61 600
61 709
61 721
61 783
61 864
61 873
61 939
62 222
62 316
62 457
62 547
62 579
62 590
62 613
62 712
62 803
63 120
63 240
63 242
63 286
63 295
63 326
63 365
63 487
63 737
63 787
63 866
63 936
64 67
64 80
64 210
64 253
64 344
64 450
64 503
64 589
64 652
64 682
65 265
65 331
65 381
65 610
65 621
65 760
65 832
65 862
65 913
65 926
66 81
66 226
66 553
66 596
66 649
66 681
66 699
66 734
66 779
66 781
66 949
66 958
67 80
67 589
67 682
68 84
68 135
68 362
68 500
68 545
68 600
68 709
68 721
68 769
68 814
68 873
68 984
69 263
69 272
69 423
69 478
69 538
69 555
69 635
69 792
69 894
69 981
69 991
70 211
70 293
70 367
70 417
70 507
70 569
70 645
70 777
70 860
70 867
70 951
70 993
71 99
71 122
71 180
71 183
71 229
71 429
71 455
71 473
71 736
71 890
71 959
72 198
72 202
72 275
72 437
72 458
72 507
72 523
72 532
72 534
72 569
72 626
72 640
72 764
72 770
72 838
72 951
72 993
73 204
73 232
73 252
73 399
73 485
73 598
73 632
73 656
73 702
73 747
73 880
73 914
74 100
74 285
74 328
74 356
74 489
74 585
74 696
74 767
74 889
74 954
74 977
75 125
75 345
75 444
75 876
75 882
76 97
76 260
76 353
76 434
76 462
76 587
76 616
76 820
76 942
76 969
77 123
77 220
77 230
77 278
77 318
77 320
77 339
77 380
77 415
77 475
77 513
77 584
77 661
77 730
77 840
77 934
77 962
77 995
78 216
78 261
78 407
78 435
78 445
78 680
78 698
78 741
78 809
78 858
78 925
78 959
78 980
79 112
79 124
79 200
79 239
79 263
79 272
79 311
79 383
79 423
79 441
79 442
79 478
79 533
79 594
79 706
79 790
79 821
79 894
80 210
80 420
80 589
80 593
80 666
80 682
80 903
80 907
81 130
81 161
81 212
81 256
81 266
81 335
81 403
81 681
81 734
81 771
81 825
81 922
82 177
82 182
82 304
82 427
82 440
82 446
82 448
82 551
82 572
82 663
82 743
82 751
82 896
82 912
83 133
83 152
83 214
83 307
83 358
83 382
83 414
83 459
83 467
83 549
83 561
83 654
83 722
83 835
83 908
83 966
83 971
84 109
84 362
84 502
84 545
84 583
84 709
84 854
84 919
85 121
85 260
85 322
85 323
85 401
85 434
85 438
85 462
85 616
85 859
86 95
86 200
86 234
86 239
86 262
86 279
86 321
86 383
86 442
86 490
86 668
86 676
86 706
86 749
86 790
86 821
87 187
87 194
87 413
87 524
87 810
87 815
87 861
87 935
87 967
88 251
88 515
88 650
88 831
88 836
88 920
89 221
89 277
89 281
89 327
89 421
89 464
89 510
89 580
89 758
90 101
90 168
90 181
90 247
90 267
90 310
90 374
90 509
90 791
90 887
91 117
91 140
91 350
91 364
91 385
91 482
91 512
91 599
91 641
91 693
91 701
91 740
92 197
92 463
92 670
92 742
93 218
93 315
93 376
93 391
93 520
93 525
93 723
93 756
93 774
93 833
93 877
93 915
94 291
94 430
94 465
94 491
94 515
94 650
94 695
94 836
94 850
94 879
95 112
95 200
95 223
95 234
95 239
95 262
95 279
95 321
95 383
95 442
95 490
95 533
95 676
95 706
95 790
95 930
96 208
96 480
96 521
96 675
96 743
96 893
96 896
96 965
96 973
97 260
97 353
97 462
97 490
97 587
97 616
97 820
97 942
97 969
98 144
98 148
98 395
98 511
98 664
98 686
98 692
98 828
98 865
98 924
99 122
99 180
99 183
99 229
99 261
99 435
99 473
99 526
99 959
99 980
100 285
100 328
100 489
100 577
100 775
100 881
100 954
100 956
100 977
100 995
101 168
101 181
101 244
101 247
101 310
101 336
101 509
101 531
101 791
101 802
101 872
101 887
102 119
102 171
102 255
102 289
102 352
102 366
102 529
102 541
102 691
102 844
102 899
103 105
103 149
103 203
103 309
103 313
103 340
103 341
103 488
103 558
103 623
103 697
103 761
103 766
103 768
103 804
103 812
103 996
104 386
104 530
104 875
105 149
105 203
105 309
105 313
105 341
105 412
105 488
105 697
105 704
105 752
105 761
105 768
105 795
105 931
105 996
106 111
106 195
106 609
106 638
106 655
106 746
106 902
106 928
107 394
107 457
107 461
107 574
107 579
107 602
107 613
107 646
107 712
108 212
108 292
108 317
108 325
108 456
108 466
108 508
108 582
108 651
108 674
108 818
108 822
108 855
108 950
108 953
109 477
109 545
109 633
109 709
109 829
109 854
109 864
110 235
110 269
110 276
110 368
110 379
110 468
110 497
110 504
110 634
110 751
110 762
110 842
111 410
111 425
111 565
111 638
111 660
111 703
111 707
111 759
111 778
111 800
111 928
112 200
112 234
112 239
112 263
112 311
112 383
112 423
112 441
112 442
112 478
112 533
112 555
112 594
112 635
112 706
112 731
112 790
112 792
112 801
112 839
112 894
112 930
113 284
113 303
113 343
113 389
113 672
113 799
114 128
114 144
114 148
114 264
114 332
114 395
114 411
114 828
114 865
114 878
114 970
115 182
115 222
115 368
115 452
115 468
115 671
115 685
115 690
115 806
115 914
116 169
116 484
116 506
116 597
116 658
116 694
116 719
116 765
116 827
116 852
116 917
117 140
117 350
117 385
117 482
117 512
117 599
117 639
117 689
117 693
117 740
117 906
118 179
118 189
118 250
118 284
118 370
118 419
118 672
118 711
118 755
118 811
118 847
118 932
118 978
118 990
119 289
119 352
119 366
119 433
119 691
119 793
119 929
119 972
120 139
120 146
120 586
120 755
120 866
121 131
121 322
121 323
121 401
121 422
121 438
121 557
121 592
121 604
121 657
121 859
121 874
121 921
122 180
122 183
122 229
122 429
122 453
122 455
122 473
122 522
122 959
123 136
123 137
123 230
123 237
123 318
123 356
123 380
123 415
123 475
123 513
123 548
123 563
123 564
123 584
123 696
123 730
123 754
123 767
123 824
123 840
123 841
123 934
123 977
123 995
124 200
124 239
124 263
124 272
124 311
124 441
124 442
124 706
124 790
124 821
125 178
125 359
125 444
125 628
125 817
125 876
125 933
126 154
126 274
126 458
126 481
126 496
126 640
126 669
127 197
127 242
127 286
127 295
127 326
127 363
127 365
127 463
127 487
127 536
127 670
127 737
127 742
127 936
127 956
128 185
128 194
128 828
128 878
128 967
129 179
129 224
129 227
129 389
129 447
129 637
129 647
129 672
129 776
129 811
129 856
129 888
130 161
130 335
130 403
130 681
130 734
130 771
131 323
131 398
131 401
131 557
131 592
131 604
131 657
131 658
131 851
131 859
131 921
132 147
132 231
132 333
132 472
132 518
132 528
132 643
132 727
132 819
132 916
132 960
133 152
133 214
133 307
133 358
133 382
133 459
133 467
133 549
133 561
133 654
133 722
133 908
133 966
134 297
134 340
134 341
134 358
134 414
134 558
134 812
134 835
134 947
134 955
134 966
134 971
135 270
135 362
135 500
135 552
135 601
135 608
135 620
135 673
135 708
135 721
135 763
135 769
135 814
135 873
135 989
136 137
136 230
136 237
136 268
136 318
136 356
136 380
136 475
136 563
136 564
136 584
136 696
136 754
136 767
136 824
136 841
136 934
136 977
136 995
137 230
137 237
137 268
137 318
137 356
137 380
137 475
137 544
137 563
137 564
137 585
137 696
137 745
137 754
137 767
137 841
137 870
137 934
137 952
137 977
138 347
138 429
138 455
138 473
138 554
138 736
138 760
138 816
138 862
138 890
139 242
139 487
139 775
139 787
139 866
139 881
140 350
140 385
140 482
140 512
140 599
140 639
140 689
140 693
140 740
140 906
140 940
140 974
141 167
141 351
141 369
141 439
141 449
141 581
141 662
141 684
141 897
141 940
141 948
141 986
142 371
142 377
142 405
142 606
142 746
142 748
142 900
142 964
143 173
143 248
143 476
143 506
143 575
143 597
143 605
143 668
143 677
143 719
143 765
143 852
143 884
143 886
144 148
144 264
144 290
144 332
144 395
144 411
144 495
144 686
144 828
144 865
144 924
144 970
144 979
145 163
145 206
145 364
145 385
145 599
145 628
145 641
145 795
145 817
145 834
145 868
146 184
146 189
146 199
146 370
146 419
146 586
146 755
146 847
146 932
146 990
147 192
147 231
147 333
147 472
147 518
147 528
147 643
147 727
147 819
147 916
147 960
148 395
148 511
148 539
148 562
148 578
148 664
148 692
148 828
148 865
148 878
149 203
149 309
149 313
149 340
149 341
149 412
149 488
149 623
149 697
149 761
149 766
149 768
149 812
149 835
149 971
150 153
150 164
150 627
150 943
150 981
151 260
151 322
151 333
151 434
151 438
151 462
151 501
151 616
151 714
151 820
152 214
152 307
152 337
152 358
152 382
152 459
152 467
152 549
152 561
152 654
152 722
152 966
153 154
153 164
153 205
153 607
153 627
153 909
153 918
153 943
153 945
153 981
154 202
154 205
154 437
154 458
154 607
154 626
154 627
154 764
154 909
154 918
154 943
154 951
155 184
155 278
155 320
155 339
155 661
155 755
155 932
155 990
156 373
156 418
156 570
156 717
156 728
156 732
156 798
156 846
156 908
156 911
157 273
157 346
157 375
157 436
157 498
157 843
158 179
158 220
158 334
158 339
158 637
158 711
158 811
158 888
158 975
159 187
159 194
159 394
159 539
159 562
159 574
159 578
159 646
159 810
159 815
159 878
159 935
160 305
160 338
160 362
160 502
160 583
160 708
160 788
160 813
160 832
160 919
161 212
161 335
161 403
161 456
161 582
161 674
161 681
161 771
161 950
161 953
162 171
162 255
162 289
162 292
162 325
162 352
162 390
162 466
162 508
162 529
162 844
162 899
162 982
163 206
163 364
163 385
163 599
163 628
163 641
163 689
163 740
163 817
163 834
164 627
164 943
164 981
165 217
165 225
165 329
165 432
165 481
165 550
165 612
165 644
166 190
166 283
166 390
166 426
166 571
166 603
166 611
166 732
166 780
166 794
167 351
167 357
167 494
167 527
167 581
167 662
167 684
167 797
167 897
167 940
167 986
168 247
168 267
168 310
168 791
168 887
169 196
169 401
169 567
169 694
169 719
170 204
170 233
170 298
170 485
170 642
170 688
170 744
170 796
170 891
170 961
171 201
171 255
171 289
171 292
171 325
171 352
171 366
171 508
171 529
171 541
171 844
171 899
172 588
172 713
172 849
173 248
173 421
173 476
173 506
173 575
173 605
173 677
173 765
173 886
174 175
174 254
174 257
174 296
174 319
174 486
174 606
174 900
174 957
174 992
175 226
175 254
175 257
175 287
175 486
175 718
175 727
175 957
175 968
176 235
176 276
176 304
176 446
176 572
176 634
176 751
176 762
177 208
177 440
177 448
177 480
177 521
177 551
177 559
177 572
177 663
177 743
177 896
177 912
177 973
178 357
178 359
178 444
178 479
178 527
178 857
178 933
179 224
179 389
179 637
179 672
179 711
179 776
179 811
179 888
180 183
180 229
180 429
180 455
180 473
180 959
181 244
181 247
181 310
181 336
181 374
181 509
181 517
181 531
181 791
181 802
181 872
181 887
182 222
182 368
182 427
182 448
182 663
182 671
182 685
182 751
182 806
183 429
183 453
183 473
183 522
183 698
183 959
184 339
184 370
184 755
184 847
184 932
184 990
185 355
185 470
185 725
185 838
185 946
185 967
186 191
186 280
186 288
186 300
186 312
186 388
186 397
186 499
186 648
186 715
186 997
187 194
187 243
187 308
187 387
187 413
187 428
187 537
187 574
187 593
187 619
187 625
187 810
187 815
187 903
187 935
188 258
188 301
188 402
188 408
188 556
188 591
188 659
188 678
188 837
188 845
189 199
189 250
189 284
189 370
189 419
189 586
189 755
189 847
189 978
189 990
190 390
190 422
190 426
190 483
190 571
190 793
190 794
190 874
191 280
191 288
191 300
191 312
191 334
191 388
191 499
191 648
191 715
191 856
191 975
192 231
192 314
192 360
192 643
192 739
192 829
192 960
193 258
193 402
193 404
193 406
193 630
193 700
193 738
193 826
193 898
193 923
193 983
194 562
194 578
194 810
194 815
194 878
194 935
194 967
195 245
195 371
195 443
195 565
195 609
195 655
195 687
195 703
195 759
195 778
195 805
195 871
195 928
195 964
196 490
196 567
196 587
196 668
196 719
196 749
196 969
197 463
197 670
197 742
198 275
198 437
198 469
198 507
198 523
198 532
198 534
198 569
198 640
198 705
198 764
198 770
198 838
198 946
198 993
199 250
199 370
199 419
199 586
199 755
199 847
199 932
199 978
199 990
200 234
200 239
200 263
200 311
200 383
200 423
200 441
200 442
200 478
200 533
200 555
200 594
200 706
200 790
200 839
200 894
200 930
201 256
201 266
201 287
201 366
201 492
201 493
201 529
201 541
201 576
201 681
201 718
201 825
201 844
201 922
201 968
202 437
202 458
202 507
202 534
202 626
202 640
202 764
202 918
202 951
202 993
203 214
203 309
203 313
203 340
203 341
203 414
203 488
203 704
203 761
203 812
203 835
203 966
203 971
204 219
204 232
204 233
204 298
204 399
204 485
204 598
204 632
204 688
204 744
204 747
204 796
204 880
204 891
204 914
204 961
205 228
205 607
205 627
205 726
205 745
205 909
205 918
205 943
205 945
206 364
206 628
206 641
206 795
206 817
206 834
206 868
207 249
207 265
207 552
207 595
207 601
207 608
207 621
207 673
207 708
207 710
207 763
207 785
207 814
207 823
207 885
207 892
208 282
208 480
208 551
208 559
208 896
208 912
208 965
209 504
209 842
209 998
210 253
210 344
210 450
210 503
210 589
210 652
210 682
210 735
211 293
211 367
211 645
211 777
211 860
211 951
211 991
212 325
212 335
212 403
212 456
212 582
212 674
212 771
212 950
212 953
213 374
213 406
213 535
213 568
213 636
213 653
213 720
213 830
213 938
213 976
213 983
213 994
214 307
214 340
214 358
214 382
214 414
214 459
214 467
214 488
214 722
214 761
214 835
214 908
214 966
214 971
215 361
215 514
215 697
215 752
215 768
215 772
215 996
216 261
216 435
216 445
216 614
216 680
216 753
216 809
216 980
216 985
217 225
217 294
217 372
217 432
217 481
217 496
217 644
217 716
217 927
218 376
218 430
218 491
218 520
218 525
218 723
218 756
218 850
218 877
218 915
219 376
219 399
219 485
219 491
219 598
219 632
219 688
219 744
219 747
219 796
219 807
219 880
219 891
219 987
220 278
220 334
220 339
220 388
220 415
220 499
220 637
220 661
220 962
220 975
221 272
221 281
221 293
221 324
221 327
221 417
221 510
221 645
221 758
221 777
221 895
222 427
222 457
222 547
222 590
222 613
222 806
223 234
223 262
223 279
223 321
223 783
223 930
223 939
224 303
224 343
224 389
224 672
224 776
224 799
224 811
225 294
225 432
225 481
225 496
225 612
225 644
225 927
226 254
226 287
226 486
226 493
226 596
226 699
226 718
226 779
226 781
226 957
226 968
226 992
227 334
227 447
227 647
227 713
227 715
227 856
227 888
227 975
228 237
228 516
228 544
228 548
228 563
228 564
228 607
228 679
228 726
228 733
228 745
228 754
228 824
228 870
228 945
229 429
229 455
229 473
229 736
229 890
230 318
230 356
230 380
230 415
230 475
230 513
230 516
230 548
230 563
230 564
230 584
230 730
230 754
230 767
230 824
230 840
230 841
230 934
230 962
231 245
231 472
231 477
231 518
231 643
231 687
231 739
231 805
231 819
231 829
231 960
232 233
232 252
232 399
232 485
232 598
232 632
232 656
232 690
232 702
232 747
232 880
232 914
233 298
233 379
233 452
233 468
233 485
233 642
233 744
233 796
233 914
233 961
234 239
234 262
234 279
234 321
234 383
234 442
234 533
234 594
234 676
234 706
234 783
234 790
234 801
234 839
234 930
235 276
235 304
235 446
235 497
235 572
235 634
235 751
235 762
236 354
236 378
237 268
237 356
237 544
237 548
237 563
237 564
237 696
237 726
237 745
237 754
237 841
237 870
237 934
237 952
238 268
238 299
238 396
238 785
238 808
238 823
238 885
238 889
238 892
238 952
239 263
239 311
239 383
239 423
239 441
239 442
239 478
239 533
239 594
239 676
239 706
239 790
239 821
239 894
239 930
240 242
240 286
240 295
240 326
240 365
240 487
240 737
240 787
240 866
240 936
241 315
241 391
241 520
241 756
241 774
241 917
241 944
241 948
242 286
242 295
242 328
242 363
242 365
242 487
242 536
242 737
242 775
242 787
242 881
242 936
242 954
243 308
243 387
243 409
243 413
243 420
243 428
243 537
243 574
243 593
243 619
243 625
243 666
243 773
243 810
243 903
243 935
244 336
244 348
244 384
244 509
244 517
244 531
244 618
244 872
244 904
245 371
245 443
245 477
245 518
245 643
245 687
245 703
245 739
245 759
245 805
245 819
245 871
245 964
245 999
246 622
246 782
246 941
246 963
247 310
247 509
247 791
247 802
247 887
248 506
248 567
248 575
248 597
248 605
248 668
248 677
248 694
248 719
248 765
248 852
248 884
248 886
249 265
249 566
249 595
249 615
249 785
249 808
249 889
249 910
250 284
250 370
250 419
250 847
250 978
250 990
251 298
251 515
251 642
251 650
251 831
251 879
251 920
252 485
252 632
252 656
252 690
252 702
252 914
253 259
253 774
253 833
253 901
254 257
254 296
254 319
254 486
254 542
254 606
254 624
254 729
254 779
254 900
254 992
255 289
255 292
255 325
255 352
255 466
255 508
255 529
255 541
255 844
255 899
256 266
256 287
256 492
256 493
256 529
256 541
256 681
256 718
256 825
256 922
256 968
257 296
257 319
257 486
257 606
257 748
257 900
257 992
258 301
258 402
258 408
258 556
258 591
258 659
258 826
258 837
258 845
259 315
259 391
259 774
259 833
259 901
260 322
260 353
260 434
260 438
260 462
260 501
260 616
260 714
260 820
260 969
261 435
261 526
261 680
261 809
261 959
261 980
262 279
262 321
262 383
262 442
262 490
262 587
262 676
262 749
262 790
263 272
263 311
263 423
263 441
263 442
263 478
263 533
263 538
263 555
263 594
263 635
263 706
263 790
263 792
263 821
263 894
264 290
264 302
264 332
264 411
264 495
264 505
264 970
264 979
265 331
265 566
265 595
265 601
265 621
265 708
265 785
265 910
266 287
266 492
266 493
266 529
266 541
266 681
266 718
266 825
266 922
266 968
267 310
267 346
267 374
267 498
267 568
267 791
267 887
268 299
268 356
268 396
268 544
268 563
268 585
268 696
268 808
268 870
268 889
268 952
269 276
269 368
269 379
269 452
269 468
269 497
269 504
269 634
269 671
269 751
269 842
269 961
269 998
270 306
270 392
270 431
270 519
270 552
270 608
270 620
270 721
270 731
270 801
270 814
270 839
270 873
270 984
270 989
271 664
271 686
271 692
271 782
271 941
272 311
272 417
272 423
272 441
272 538
272 894
272 895
273 375
273 436
273 498
273 614
273 753
273 843
274 342
274 516
274 669
274 679
274 733
274 937
274 945
274 988
275 294
275 458
275 523
275 534
275 640
275 764
275 770
275 838
276 304
276 446
276 497
276 504
276 634
276 751
276 762
277 281
277 324
277 327
277 420
277 464
277 510
277 580
277 666
277 758
277 907
278 320
278 339
278 388
278 415
278 513
278 661
278 962
279 321
279 383
279 442
279 490
279 587
279 676
279 706
279 749
279 790
279 930
280 288
280 300
280 312
280 342
280 388
280 397
280 499
280 648
280 730
280 840
280 997
281 293
281 324
281 327
281 367
281 417
281 464
281 510
281 580
281 645
281 758
281 777
281 860
281 895
282 559
282 896
282 965
283 603
283 611
283 732
283 780
284 303
284 370
284 419
284 799
284 847
284 978
285 356
285 489
285 585
285 696
285 767
285 808
285 889
285 910
285 977
286 295
286 326
286 363
286 365
286 463
286 487
286 737
286 787
286 866
286 936
287 492
287 493
287 541
287 576
287 718
287 825
287 922
287 957
287 968
288 300
288 312
288 397
288 499
288 588
288 648
288 713
288 715
288 975
288 997
289 292
289 352
289 366
289 508
289 529
289 541
289 844
289 899
290 302
290 332
290 411
290 495
290 505
290 970
290 979
291 430
291 465
291 471
291 650
291 695
291 836
291 850
291 869
291 879
292 325
292 466
292 508
292 529
292 651
292 844
292 855
292 899
292 982
293 324
293 327
293 367
293 417
293 645
293 758
293 777
293 860
293 895
294 458
294 481
294 496
294 523
294 534
294 640
295 326
295 328
295 363
295 365
295 463
295 487
295 536
295 737
295 787
295 881
295 936
296 319
296 405
296 486
296 606
296 624
296 729
296 748
296 779
296 900
296 992
297 558
297 812
297 947
297 955
298 485
298 642
298 688
298 744
298 796
298 891
298 961
298 987
299 396
299 808
299 823
299 885
299 889
299 892
299 952
300 312
300 342
300 388
300 397
300 499
300 648
300 997
301 402
301 556
301 624
301 678
301 729
301 837
301 845
302 332
302 411
302 470
302 495
302 505
302 629
302 970
303 343
303 389
303 672
303 799
304 446
304 448
304 551
304 572
304 663
304 751
304 762
304 912
305 338
305 502
305 540
305 583
305 667
305 683
305 784
305 786
305 788
305 813
305 919
305 926
306 392
306 431
306 519
306 552
306 608
306 620
306 731
306 801
306 814
306 823
306 839
306 885
306 892
306 989
307 340
307 358
307 382
307 414
307 459
307 467
307 561
307 722
307 835
307 966
307 971
308 387
308 428
308 537
308 573
308 574
308 593
308 619
308 625
308 652
308 682
308 735
308 883
308 903
309 313
309 341
309 488
309 558
309 623
309 697
309 766
309 768
309 804
309 812
309 996
310 509
310 791
310 802
310 887
311 423
311 441
311 533
311 538
311 635
311 706
311 821
311 894
311 895
312 334
312 388
312 499
312 647
312 648
312 713
312 715
312 856
312 975
313 341
313 412
313 488
313 697
313 704
313 761
313 795
313 863
313 931
314 360
314 820
314 829
314 960
315 391
315 520
315 756
315 774
315 833
315 901
315 948
316 457
316 474
316 547
316 590
316 613
316 803
316 848
317 373
317 451
317 466
317 560
317 582
317 651
317 724
317 818
317 822
317 855
317 905
317 911
318 356
318 380
318 415
318 475
318 513
318 563
318 584
318 730
318 754
318 767
318 824
318 840
318 841
318 934
318 962
318 995
319 377
319 402
319 405
319 542
319 606
319 624
319 729
319 748
319 900
319 992
320 339
320 513
320 661
320 962
320 995
321 383
321 442
321 490
321 587
321 676
321 783
321 930
322 323
322 422
322 433
322 434
322 438
322 483
322 501
322 616
322 691
322 714
322 793
322 874
322 929
323 401
323 422
323 434
323 438
323 557
323 657
323 859
323 874
323 921
324 327
324 330
324 409
324 417
324 464
324 510
324 580
324 645
324 758
324 773
324 777
324 860
324 867
325 508
325 529
325 541
325 582
325 674
325 844
325 922
325 950
326 363
326 365
326 463
326 487
326 737
326 936
327 409
327 417
327 420
327 464
327 510
327 580
327 666
327 758
327 773
327 777
327 860
327 907
328 363
328 489
328 536
328 577
328 631
328 737
328 775
328 787
328 881
328 954
328 956
329 416
329 550
329 612
329 629
329 853
330 367
330 413
330 469
330 507
330 524
330 532
330 569
330 705
330 773
330 860
330 861
330 867
331 393
331 400
331 566
331 610
331 615
331 621
331 631
331 750
331 913
332 411
332 470
332 495
332 505
332 725
332 970
333 501
333 528
333 691
333 714
333 916
333 972
334 388
334 447
334 499
334 637
334 647
334 713
334 715
334 856
334 888
334 975
335 403
335 674
335 771
335 950
335 953
336 509
336 517
336 531
336 802
336 872
336 887
337 451
337 549
337 654
338 362
338 502
338 540
338 583
338 667
338 683
338 788
338 813
338 919
339 388
339 661
339 962
340 341
340 358
340 414
340 459
340 488
340 558
340 812
340 835
340 947
340 955
340 966
340 971
341 414
341 488
341 558
341 623
341 761
341 766
341 812
341 835
341 947
341 971
342 397
342 516
342 648
342 669
342 679
342 733
342 824
342 937
342 988
342 997
343 389
343 672
343 799
344 450
344 503
344 598
344 652
344 735
344 880
345 876
345 882
346 375
346 498
346 535
346 568
346 843
347 381
347 429
347 455
347 554
347 610
347 736
347 750
347 760
347 816
347 862
347 913
348 384
348 406
348 517
348 531
348 618
348 630
348 904
349 546
349 553
349 649
349 734
349 789
349 949
349 958
350 482
350 512
350 603
350 693
350 780
350 906
350 974
351 369
351 439
351 449
351 581
351 662
351 665
351 684
351 897
351 940
351 974
351 986
352 366
352 508
352 529
352 541
352 844
352 899
353 360
353 462
353 587
353 616
353 820
353 942
353 969
354 378
354 876
355 470
355 725
355 838
355 946
356 380
356 475
356 563
356 585
356 696
356 767
356 841
356 889
356 934
356 977
357 479
357 494
357 527
357 797
357 857
358 382
358 414
358 459
358 467
358 561
358 722
358 835
358 966
358 971
359 444
359 479
359 527
359 628
359 639
359 689
359 817
359 933
360 820
360 829
360 942
360 960
361 514
361 543
361 752
362 500
362 583
362 708
362 769
362 813
362 873
362 919
363 365
363 463
363 487
363 536
363 577
363 670
363 737
363 787
363 956
364 385
364 412
364 512
364 599
364 641
364 693
364 701
364 795
364 817
364 834
364 931
365 463
365 487
365 737
365 936
366 492
366 529
366 541
366 576
366 691
366 718
366 844
366 968
366 972
367 417
367 507
367 569
367 645
367 777
367 860
367 867
367 951
367 993
368 379
368 452
368 468
368 497
368 671
368 685
368 690
368 751
368 806
368 914
368 961
369 439
369 449
369 484
369 592
369 658
369 897
369 917
369 948
370 419
370 586
370 755
370 847
370 932
370 978
370 990
371 443
371 687
371 703
371 748
371 759
371 805
371 871
371 964
371 999
372 397
372 432
372 481
372 496
372 669
372 716
372 757
372 927
372 937
372 988
372 997
373 390
373 418
373 466
373 717
373 724
373 728
373 798
373 818
373 905
373 911
373 982
374 535
374 568
374 791
374 887
375 436
375 498
375 530
375 568
375 843
376 491
376 525
376 723
376 747
376 756
376 774
376 807
376 833
376 877
376 915
377 404
377 405
377 606
377 700
377 738
377 746
377 748
377 826
377 898
377 900
378 876
379 452
379 468
379 497
379 504
379 671
379 842
379 961
379 998
380 415
380 475
380 513
380 563
380 564
380 584
380 730
380 754
380 767
380 824
380 840
380 841
380 934
380 962
380 995
381 453
381 760
381 786
381 788
381 816
381 832
381 862
381 913
381 926
382 414
382 459
382 467
382 549
382 561
382 654
382 722
382 835
382 908
382 966
382 971
383 441
383 442
383 490
383 533
383 676
383 706
383 790
383 821
383 930
384 517
384 531
384 618
384 630
384 904
385 482
385 512
385 599
385 628
385 639
385 641
385 689
385 693
385 740
385 817
385 906
386 436
386 530
386 753
386 830
386 875
386 938
387 409
387 413
387 420
387 428
387 537
387 593
387 619
387 625
387 666
387 773
387 903
387 907
387 935
388 415
388 499
388 648
388 715
388 962
388 975
389 672
389 776
389 799
389 811
390 418
390 426
390 466
390 732
390 798
390 899
390 982
391 520
391 756
391 774
391 833
391 877
391 901
391 948
392 431
392 478
392 519
392 552
392 594
392 608
392 620
392 721
392 731
392 801
392 814
392 839
392 984
392 989
393 400
393 536
393 566
393 577
393 610
393 615
393 631
393 670
393 750
393 956
394 461
394 574
394 578
394 579
394 602
394 613
394 646
394 712
395 511
395 539
395 562
395 578
395 664
395 692
395 828
395 865
395 878
396 823
396 885
396 892
396 952
397 588
397 648
397 716
397 757
397 937
397 988
397 997
398 422
398 592
398 604
398 657
398 665
398 794
398 851
398 874
398 921
399 485
399 598
399 632
399 688
399 747
399 796
399 807
399 880
399 891
400 566
400 577
400 610
400 615
400 631
400 670
400 750
400 956
401 557
401 657
401 859
402 405
402 556
402 659
402 700
402 738
402 826
402 845
402 898
402 900
403 674
403 771
404 405
404 406
404 700
404 738
404 746
404 826
404 898
404 923
404 983
405 606
405 700
405 738
405 748
405 826
405 898
405 900
406 630
406 636
406 653
406 700
406 898
406 923
406 976
406 983
407 445
407 522
407 680
407 698
407 741
407 784
407 858
407 925
408 556
408 591
408 630
408 659
408 837
408 845
409 413
409 420
409 428
409 464
409 510
409 537
409 580
409 666
409 773
409 907
410 460
410 617
410 638
410 707
411 495
411 505
411 924
411 970
411 979
412 641
412 697
412 701
412 704
412 752
412 761
412 795
412 834
412 863
412 931
413 420
413 428
413 537
413 666
413 773
413 861
413 907
413 935
414 459
414 488
414 812
414 835
414 947
414 955
414 966
414 971
415 475
415 513
415 584
415 661
415 730
415 824
415 840
415 934
415 962
416 470
416 505
416 550
416 612
416 629
416 853
417 510
417 645
417 758
417 777
417 860
417 895
418 466
418 717
418 728
418 732
418 798
418 911
418 982
419 586
419 755
419 847
419 932
419 978
419 990
420 428
420 464
420 510
420 537
420 580
420 593
420 666
420 758
420 773
420 903
420 907
421 476
421 575
421 677
421 821
421 886
422 433
422 483
422 571
422 604
422 657
422 793
422 794
422 851
422 859
422 874
422 921
422 929
423 441
423 478
423 533
423 538
423 555
423 594
423 635
423 706
423 792
423 894
423 895
424 570
424 701
424 704
424 761
424 846
424 863
424 931
425 477
425 502
425 565
425 633
425 660
425 667
425 759
425 778
425 800
425 854
426 571
426 611
426 732
426 794
427 440
427 448
427 590
427 663
427 685
427 751
428 537
428 593
428 619
428 625
428 666
428 682
428 773
428 903
428 907
428 935
429 453
429 455
429 473
429 554
429 736
429 760
429 816
429 862
429 890
430 465
430 491
430 515
430 650
430 688
430 695
430 836
430 850
430 879
430 987
431 478
431 519
431 594
431 620
431 721
431 731
431 801
431 839
431 930
431 984
431 989
432 481
432 644
432 716
432 757
432 927
433 434
433 438
433 483
433 691
433 714
433 793
433 874
433 929
434 438
434 462
434 501
434 616
434 714
434 820
434 969
435 526
435 680
435 809
435 959
435 980
435 985
436 530
436 614
436 753
436 843
436 985
437 458
437 507
437 534
437 626
437 640
437 764
437 918
437 951
437 993
438 462
438 616
438 714
438 859
439 449
439 484
439 658
439 662
439 897
439 917
439 948
440 448
440 480
440 521
440 590
440 663
440 743
440 803
440 893
440 963
440 973
441 442
441 478
441 533
441 538
441 555
441 594
441 635
441 706
441 790
441 821
441 894
442 533
442 668
442 676
442 706
442 749
442 790
442 821
443 477
443 565
443 633
443 660
443 687
443 703
443 739
443 759
443 778
443 805
443 871
443 964
444 628
444 876
444 933
445 680
445 698
445 741
445 809
445 858
445 925
446 551
446 572
446 634
446 663
446 751
446 762
446 912
447 637
447 647
447 713
447 715
447 856
447 888
447 975
448 480
448 521
448 551
448 663
448 743
448 896
448 973
449 592
449 658
449 662
449 665
449 851
449 897
449 986
450 503
450 598
450 652
450 656
450 735
450 747
450 807
450 880
451 560
451 651
451 724
451 818
451 822
451 905
452 468
452 497
452 671
452 685
452 690
452 806
452 914
452 961
453 473
453 522
453 540
453 760
453 786
453 788
453 862
453 926
454 588
454 716
454 757
454 849
454 927
455 473
455 554
455 736
455 760
455 816
455 862
455 890
456 560
456 582
456 651
456 674
456 822
456 855
456 950
456 953
457 474
457 547
457 590
457 613
457 712
457 803
457 848
458 523
458 534
458 626
458 640
458 764
458 918
458 951
459 467
459 561
459 722
459 835
459 966
459 971
460 617
460 667
460 683
460 707
460 741
460 784
460 858
460 925
461 579
461 602
461 613
461 702
461 712
462 501
462 616
462 820
462 969
463 670
463 737
463 742
463 936
464 510
464 580
464 666
464 758
464 773
464 907
465 491
465 515
465 650
465 695
465 836
465 850
465 879
465 987
466 508
466 651
466 818
466 855
466 899
466 911
466 982
467 549
467 561
467 654
467 722
467 835
467 908
467 966
467 971
468 497
468 504
468 671
468 685
468 842
468 914
468 961
469 507
469 524
469 532
469 569
469 705
469 838
469 860
469 861
469 867
469 967
469 993
470 495
470 505
470 629
470 725
470 970
471 836
472 518
472 528
472 643
472 727
472 805
472 819
472 964
472 999
473 522
473 554
473 736
473 816
473 862
473 959
474 511
474 547
474 590
474 664
474 803
474 848
475 513
475 563
475 564
475 584
475 696
475 730
475 754
475 767
475 824
475 840
475 841
475 934
475 977
475 995
476 575
476 605
476 677
476 821
476 886
477 633
477 660
477 687
477 703
477 739
477 759
477 800
477 871
478 519
478 533
478 538
478 555
478 594
478 635
478 706
478 731
478 792
478 801
478 839
478 894
479 494
479 527
479 797
479 857
479 933
480 521
480 551
480 675
480 743
480 893
480 896
480 973
481 496
481 716
481 927
482 512
482 599
482 639
482 689
482 693
482 740
482 906
482 940
482 974
483 571
483 793
483 794
483 874
483 921
483 929
484 597
484 658
484 694
484 827
484 917
484 948
485 598
485 632
485 688
485 744
485 747
485 796
485 880
485 891
485 914
485 961
486 596
486 606
486 779
486 781
486 957
486 992
487 737
487 787
487 866
487 881
487 936
488 623
488 761
488 812
488 835
488 971
489 767
489 775
489 881
489 954
489 977
489 995
490 587
490 676
490 749
490 942
490 969
491 688
491 723
491 807
491 850
491 879
491 891
491 987
492 493
492 529
492 541
492 576
492 718
492 825
492 922
492 968
493 576
493 596
493 681
493 718
493 825
493 922
493 957
493 968
494 527
494 581
494 684
494 797
494 857
495 505
495 970
495 979
496 640
497 504
497 634
497 671
497 685
497 751
497 842
498 843
499 647
499 648
499 715
499 856
499 888
499 975
500 708
500 721
500 763
500 769
500 814
500 873
501 616
501 691
501 714
501 820
501 972
502 583
502 667
502 813
502 854
502 919
503 573
503 652
503 656
503 682
503 735
503 883
504 634
504 842
504 998
505 629
505 853
505 970
506 567
506 575
506 597
506 605
506 668
506 677
506 694
506 719
506 765
506 827
506 852
506 884
506 886
507 524
507 532
507 534
507 569
507 705
507 764
507 770
507 838
507 860
507 861
507 867
507 951
507 993
508 529
508 541
508 844
508 855
508 899
509 531
509 791
509 802
509 872
509 887
510 580
510 666
510 758
510 777
510 907
511 539
511 664
511 692
511 828
511 848
511 865
512 599
512 641
512 693
512 701
512 740
512 906
513 584
513 661
513 730
513 767
513 962
513 995
514 543
514 868
515 650
515 831
515 836
515 879
515 987
516 544
516 548
516 563
516 564
516 679
516 726
516 733
516 745
516 754
516 824
516 870
516 934
516 945
517 531
517 618
517 630
517 872
517 904
518 528
518 643
518 727
518 739
518 805
518 819
518 964
518 999
519 533
519 555
519 594
519 620
519 635
519 731
519 792
519 801
519 839
519 989
520 525
520 723
520 756
520 774
520 833
520 877
520 915
520 944
521 622
521 675
521 743
521 803
521 893
521 896
521 963
521 973
522 540
522 683
522 698
522 741
522 784
522 786
522 788
522 858
522 925
522 926
522 959
523 534
523 640
523 764
523 770
523 838
523 946
524 532
524 569
524 705
524 838
524 860
524 861
524 867
524 967
524 993
525 723
525 756
525 774
525 833
525 877
525 915
526 680
526 809
526 959
526 980
527 639
527 684
527 689
527 797
527 857
527 906
528 643
528 727
528 819
528 916
529 541
529 825
529 844
529 899
529 922
530 720
530 830
530 875
530 938
531 618
531 872
531 887
531 904
532 534
532 569
532 705
532 770
532 838
532 861
532 867
532 946
532 993
533 538
533 555
533 594
533 635
533 706
533 731
533 790
533 792
533 839
533 894
534 626
534 640
534 764
534 770
534 838
534 993
535 568
535 653
535 720
535 791
535 976
536 577
536 615
536 631
536 670
536 737
536 954
536 956
537 573
537 574
537 593
537 619
537 625
537 666
537 903
537 935
538 555
538 635
538 792
538 894
538 895
538 991
539 562
539 578
539 646
539 828
539 878
540 667
540 683
540 698
540 784
540 786
540 788
540 926
541 576
541 718
541 825
541 844
541 899
541 922
542 596
542 624
542 649
542 678
542 699
542 729
542 779
542 781
542 789
542 949
542 958
542 992
543 868
543 882
544 548
544 563
544 564
544 726
544 745
544 754
544 870
544 945
545 600
545 709
545 864
545 939
546 553
546 649
546 678
546 789
546 949
546 958
547 590
547 613
547 712
547 803
547 848
547 963
548 563
548 564
548 679
548 726
548 733
548 745
548 754
548 824
548 870
548 934
548 945
549 561
549 654
549 722
549 905
549 908
550 612
550 853
551 559
551 572
551 663
551 743
551 896
551 912
552 601
552 608
552 673
552 710
552 763
552 785
552 814
552 823
552 885
552 892
552 989
553 649
553 699
553 734
553 789
553 949
553 958
554 736
554 760
554 816
554 862
554 890
555 594
555 635
555 731
555 792
555 839
555 894
556 591
556 659
556 678
556 837
556 845
557 592
557 604
557 657
557 658
557 851
557 859
557 921
558 623
558 766
558 804
558 812
558 947
558 955
559 896
559 912
559 965
560 582
560 651
560 818
560 822
560 953
561 722
561 966
562 578
562 646
562 810
562 815
562 828
562 878
563 564
563 696
563 726
563 745
563 754
563 767
563 824
563 841
563 870
563 934
564 726
564 733
564 745
564 754
564 824
564 841
564 870
564 934
564 945
565 633
565 660
565 703
565 759
565 778
565 800
565 854
565 871
565 928
566 595
566 610
566 615
566 621
566 631
566 750
566 910
567 575
567 668
567 719
567 749
568 720
568 791
569 645
569 705
569 860
569 861
569 867
569 951
569 993
570 704
570 846
570 863
570 908
571 794
571 874
572 762
572 912
573 593
573 602
573 619
573 625
573 652
573 656
573 702
573 735
573 883
573 903
574 602
574 619
574 625
574 646
574 810
574 935
575 605
575 668
575 677
575 765
575 821
575 886
576 718
576 916
576 957
576 968
576 972
577 615
577 631
577 954
577 956
578 646
578 810
578 828
578 878
579 602
579 613
579 712
580 666
580 758
580 773
580 907
581 662
581 684
581 797
581 897
581 940
581 986
582 651
582 674
582 822
582 855
582 950
582 953
583 667
583 813
583 854
583 919
584 730
584 754
584 767
584 824
584 840
584 841
584 934
584 962
584 995
585 696
585 767
585 808
585 889
585 910
585 952
585 977
586 755
586 847
586 932
586 978
586 990
587 749
587 942
587 969
588 713
588 757
588 849
589 682
589 907
590 613
590 803
590 848
590 963
591 630
591 659
591 837
591 845
592 604
592 657
592 658
592 851
592 859
592 921
593 619
593 625
593 652
593 666
593 682
593 735
593 883
593 903
593 907
594 635
594 706
594 731
594 792
594 801
594 839
594 894
594 930
595 601
595 621
595 710
595 785
595 808
595 910
596 649
596 699
596 734
596 779
596 781
596 958
596 992
597 605
597 694
597 719
597 765
597 827
597 852
597 884
597 917
598 632
598 656
598 747
598 807
598 880
598 891
599 639
599 641
599 689
599 693
599 740
599 817
599 906
600 620
600 709
600 721
600 769
600 783
600 864
600 873
600 939
600 984
601 608
601 621
601 673
601 708
601 710
601 763
601 785
601 814
602 613
602 619
602 702
602 712
602 883
603 611
603 665
603 780
603 974
604 657
604 665
604 794
604 851
604 859
604 874
604 921
605 668
605 677
605 719
605 765
605 852
605 884
605 886
606 748
606 900
606 992
607 627
607 726
607 745
607 909
607 918
607 943
607 945
608 673
608 710
608 763
608 785
608 814
608 823
608 885
608 892
608 989
609 638
609 655
609 746
609 902
609 928
609 994
610 750
610 760
610 816
610 913
611 732
611 780
612 644
612 853
613 712
614 680
614 753
614 809
614 985
615 631
615 750
615 910
615 956
616 714
616 820
616 969
617 667
617 683
617 707
617 741
617 784
617 858
617 925
618 630
618 904
619 625
619 652
619 735
619 883
619 903
619 935
620 721
620 731
620 783
620 801
620 814
620 839
620 873
620 984
620 989
621 708
621 832
622 675
622 743
622 782
622 803
622 893
622 941
622 963
622 973
623 766
623 768
623 772
623 804
623 812
623 996
624 649
624 678
624 699
624 729
624 779
624 781
624 958
624 992
625 883
625 903
625 935
626 640
626 764
626 909
626 918
626 951
626 993
627 726
627 909
627 918
627 943
627 945
627 981
628 639
628 689
628 817
629 725
629 853
630 659
631 750
631 910
631 956
632 688
632 744
632 747
632 796
632 807
632 880
632 891
633 660
633 687
633 703
633 759
633 778
633 800
633 854
633 871
634 751
634 762
635 731
635 792
635 894
636 653
636 720
636 830
636 875
636 902
636 938
636 976
636 983
636 994
637 647
637 672
637 711
637 811
637 856
637 888
637 975
638 655
638 707
638 928
639 689
639 740
639 817
639 906
640 764
640 770
641 693
641 701
641 795
641 817
641 834
641 931
642 688
642 744
642 796
642 920
642 961
642 987
643 739
643 819
643 960
644 716
644 927
645 758
645 777
645 860
645 867
645 895
646 712
647 713
647 715
647 856
647 888
647 975
648 715
648 997
649 678
649 699
649 729
649 734
649 779
649 781
649 789
649 949
649 958
650 831
650 836
650 879
650 987
651 724
651 818
651 822
651 855
651 905
651 950
651 953
652 656
652 682
652 702
652 735
652 883
652 903
653 720
653 830
653 875
653 902
653 938
653 976
653 983
653 994
654 722
654 905
654 908
655 746
655 902
655 928
656 702
656 735
656 880
656 883
657 851
657 859
657 874
657 921
658 917
659 837
659 845
660 687
660 703
660 759
660 778
660 800
660 854
660 871
661 730
661 962
662 665
662 684
662 897
662 940
662 974
662 986
663 743
663 751
664 686
664 692
664 782
664 848
664 865
665 851
665 940
665 974
665 986
666 682
666 773
666 903
666 907
667 683
667 800
667 813
667 854
667 919
668 676
668 677
668 749
668 886
669 679
669 733
669 937
669 988
670 742
670 750
671 685
671 690
671 751
671 806
671 914
671 961
672 711
672 776
672 799
672 811
673 708
673 710
673 763
673 785
673 814
673 823
673 885
673 892
674 771
674 950
674 953
675 743
675 893
675 896
675 973
676 706
676 749
676 790
677 765
677 886
678 729
678 779
678 789
678 949
679 733
679 824
679 937
679 945
679 988
680 809
680 980
680 985
681 734
681 771
681 825
681 922
682 735
682 903
682 907
683 698
683 784
683 786
683 788
683 858
683 925
683 926
684 906
684 940
684 974
684 986
685 690
685 751
685 806
685 914
686 692
686 865
686 924
686 979
687 703
687 739
687 759
687 778
687 805
687 871
687 964
687 999
688 744
688 747
688 796
688 807
688 879
688 891
688 987
689 740
689 817
689 906
690 806
690 914
691 714
691 793
691 929
691 972
692 782
692 865
693 701
693 740
694 719
694 765
694 827
694 852
694 884
694 917
695 850
695 869
696 767
696 808
696 841
696 889
696 952
696 977
697 752
697 768
697 795
697 996
698 741
698 784
698 858
698 925
698 959
699 729
699 734
699 779
699 781
699 949
699 958
699 992
700 738
700 746
700 826
700 898
700 923
700 983
701 704
701 795
701 834
701 863
701 931
702 735
702 883
703 759
703 778
703 800
703 805
703 871
703 928
704 761
704 795
704 846
704 863
704 931
705 770
705 838
705 861
705 867
705 946
705 967
705 993
706 790
706 821
706 894
706 930
708 763
708 769
708 813
708 832
709 783
709 864
709 939
710 763
710 785
710 814
710 823
710 885
710 892
711 811
711 888
713 715
713 849
713 856
713 975
714 929
714 972
715 856
715 888
715 975
716 757
716 927
716 997
717 728
717 732
717 798
717 911
717 982
718 825
718 922
718 957
718 968
719 765
719 827
719 852
720 830
720 875
720 938
720 976
720 994
721 769
721 783
721 801
721 814
721 839
721 873
721 984
721 989
722 835
722 966
722 971
723 756
723 774
723 850
723 869
723 877
723 915
723 944
724 818
724 822
724 855
724 905
724 911
725 946
725 970
726 745
726 754
726 870
726 943
726 945
727 819
727 916
727 957
728 732
728 798
728 911
729 779
729 781
729 949
729 958
729 992
730 824
730 840
730 934
730 962
731 792
731 801
731 839
731 989
732 798
733 824
733 937
733 945
733 988
734 949
734 958
735 883
735 903
736 760
736 816
736 890
737 787
737 881
737 936
737 956
738 746
738 826
738 898
738 923
738 983
739 819
739 829
740 817
740 906
741 784
741 858
741 925
743 803
743 893
743 896
743 963
743 973
744 796
744 891
744 961
744 987
745 754
745 870
745 945
746 748
746 898
746 923
746 983
747 796
747 807
747 880
747 891
748 900
748 964
750 760
750 913
751 762
752 768
752 795
752 834
752 868
752 996
753 843
753 985
754 824
754 841
754 870
754 934
754 945
755 847
755 932
755 978
755 990
756 774
756 833
756 877
756 915
757 927
757 997
758 777
758 860
758 907
759 778
759 800
759 805
759 871
759 928
760 816
760 862
760 913
761 835
761 863
761 931
761 971
763 769
763 785
763 814
763 873
764 770
764 918
764 951
764 993
765 827
765 852
765 884
766 768
766 772
766 804
766 812
766 996
767 841
767 934
767 977
767 995
768 772
768 804
768 996
769 814
769 873
770 838
770 946
770 993
771 922
771 950
772 804
772 996
773 861
773 907
774 833
774 877
774 915
775 787
775 881
775 954
775 995
776 811
777 860
777 895
778 800
778 854
778 871
778 928
779 781
779 949
779 958
779 992
780 974
781 949
781 958
781 992
782 941
783 801
783 864
783 930
783 939
783 984
784 786
784 788
784 858
784 925
785 823
785 885
785 892
786 788
786 832
786 862
786 926
787 881
787 954
788 813
788 832
788 926
789 949
789 958
790 821
791 887
792 894
793 874
793 929
794 874
795 834
795 931
796 807
796 880
796 891
796 987
797 857
798 911
798 982
800 854
801 839
801 930
801 984
801 989
802 872
802 887
803 848
803 963
804 812
804 996
805 819
805 871
805 964
805 999
806 914
807 880
807 891
808 889
808 910
808 952
809 980
809 985
810 815
810 878
810 935
811 888
812 947
812 955
813 832
813 919
814 873
814 885
814 989
815 878
815 935
815 967
816 862
816 913
817 834
818 822
818 855
818 905
818 911
819 964
819 999
820 942
820 960
820 969
821 886
822 855
822 905
822 953
823 885
823 892
823 952
824 840
824 934
825 844
825 922
825 968
826 898
826 900
826 923
827 852
827 884
827 917
828 865
828 878
829 864
829 960
830 875
830 938
830 976
830 994
831 836
831 920
832 913
832 926
833 877
834 868
835 966
835 971
836 879
837 845
838 946
838 967
838 993
839 930
839 984
839 989
840 934
840 962
841 934
841 977
841 995
842 961
842 998
844 899
844 922
846 863
846 908
847 932
847 978
847 990
850 869
850 915
851 859
851 921
852 884
852 901
854 919
855 911
855 950
855 953
856 888
856 975
857 933
858 925
859 921
860 861
860 867
860 993
861 867
861 967
862 913
862 926
863 931
864 939
865 878
865 924
866 936
867 993
868 882
869 915
869 944
870 945
871 964
872 887
872 904
873 984
873 989
874 921
874 929
875 902
875 938
875 976
875 994
876 933
877 915
879 987
880 891
881 954
881 956
883 903
884 901
885 892
888 975
889 910
889 952
889 977
891 987
892 952
893 963
893 973
896 912
896 965
896 973
897 948
898 923
898 983
899 982
900 992
902 938
902 976
902 983
902 994
903 907
905 911
906 940
909 918
909 943
909 951
909 991
911 982
913 926
914 961
915 944
916 972
917 948
918 943
918 951
923 983
924 979
929 972
930 984
932 990
934 962
937 988
937 997
938 976
938 994
940 974
940 986
941 963
942 969
943 945
943 981
946 967
947 955
949 958
950 953
951 993
954 956
954 977
957 968
959 980
961 998
963 973
964 999
966 971
974 986
976 983
976 994
977 995
978 990
981 991
983 994
984 989
988 997
