0 262
0 287
0 305
0 408
0 441
0 566
0 651
0 802
0 846
1 312
1 339
1 409
1 418
1 577
1 602
1 658
1 738
1 925
1 936
1 958
1 995
2 450
2 670
2 778
3 5
3 76
3 162
3 501
3 521
3 610
3 953
4 236
4 363
4 437
4 464
4 608
4 628
4 841
5 76
5 149
5 168
5 223
5 374
5 386
5 454
5 501
5 521
5 610
5 692
5 960
6 363
6 563
6 665
6 850
7 218
7 307
7 380
7 407
7 681
7 711
7 723
8 80
8 117
8 204
8 637
8 693
8 818
8 862
8 938
8 992
9 110
9 167
9 353
9 355
9 604
9 743
9 806
9 826
9 860
10 188
10 252
10 707
10 722
11 141
11 175
11 210
11 250
11 350
11 451
11 526
11 548
11 715
11 717
11 760
11 770
11 805
12 15
12 187
12 199
12 299
12 697
12 739
13 37
13 67
13 111
13 112
13 179
13 190
13 304
13 322
13 472
13 530
13 598
13 607
13 639
13 660
13 719
13 883
13 937
14 154
14 294
14 533
14 739
14 884
15 16
15 187
15 199
15 299
16 199
16 888
16 937
17 461
17 710
17 720
17 827
17 887
17 959
18 406
18 635
18 795
18 921
19 230
19 327
19 732
19 766
19 843
19 972
20 40
20 121
20 150
20 402
20 421
20 574
20 724
20 991
21 127
21 379
21 419
21 475
21 498
21 583
21 676
21 834
21 945
22 44
22 86
22 224
22 229
22 406
22 580
22 807
23 201
23 246
23 423
23 462
23 487
23 558
23 730
24 66
24 207
24 420
24 572
24 670
24 848
24 950
25 214
25 221
25 233
25 256
25 408
25 534
25 726
25 903
26 177
26 280
26 345
26 443
26 629
26 753
27 45
27 413
27 434
27 616
27 640
27 784
27 977
27 987
28 485
28 652
28 680
28 694
28 695
28 927
28 961
28 998
29 72
29 264
29 312
29 371
29 409
29 418
29 577
29 936
29 949
29 958
30 172
30 182
30 211
30 252
30 279
30 339
30 358
30 438
30 486
30 617
30 707
30 925
31 63
31 134
31 206
31 274
31 296
31 430
31 524
31 552
31 698
31 734
31 891
32 383
32 663
32 908
33 123
33 140
33 551
33 557
33 658
33 995
34 42
34 740
34 812
34 926
35 104
35 290
35 397
35 505
35 615
35 684
35 853
35 895
35 973
35 983
36 137
36 178
36 198
36 212
36 219
36 269
36 281
36 370
36 375
36 592
36 976
36 985
37 67
37 111
37 112
37 179
37 190
37 304
37 435
37 472
37 530
37 598
37 607
37 639
37 690
37 719
38 41
38 138
38 161
38 302
38 460
38 522
38 620
38 674
38 781
38 791
38 856
38 879
38 882
39 86
39 229
39 406
39 414
39 795
39 807
40 113
40 177
40 338
40 377
40 402
40 623
40 724
40 873
40 901
41 118
41 161
41 245
41 303
41 351
41 433
41 460
41 618
41 620
41 779
41 814
41 856
41 988
42 599
42 812
42 926
42 952
43 113
43 177
43 580
43 629
43 636
43 764
43 901
44 63
44 224
44 580
44 734
45 413
45 434
45 616
45 640
45 784
45 977
45 987
46 208
46 271
46 309
46 506
46 518
46 709
46 725
46 815
46 820
46 918
47 62
47 90
47 96
47 119
47 157
47 265
47 283
47 329
47 454
47 546
47 549
47 776
47 780
47 821
47 837
47 839
47 920
47 954
48 128
48 139
48 143
48 155
48 440
48 444
48 457
48 502
48 554
48 582
48 661
48 907
48 910
48 980
49 174
49 348
49 536
49 842
49 864
49 929
50 73
50 78
50 84
50 189
50 317
50 372
50 459
50 657
50 928
50 930
50 948
51 85
51 142
51 378
51 400
51 426
51 445
51 456
51 662
51 757
51 775
51 912
51 913
51 955
52 54
52 88
52 185
52 278
52 321
52 664
52 678
52 744
52 756
52 851
52 904
52 967
53 158
53 347
53 428
53 479
53 586
53 668
53 669
53 769
53 800
53 828
54 88
54 89
54 278
54 483
54 613
54 664
54 744
54 756
54 851
54 904
54 967
55 82
55 332
55 465
55 496
55 600
55 762
56 125
56 191
56 628
56 697
56 951
57 272
57 341
57 361
57 365
57 368
57 490
57 529
57 653
57 808
58 130
58 270
58 467
58 476
58 589
58 746
58 788
58 905
58 923
59 162
59 216
59 283
59 387
59 561
59 652
59 680
59 696
59 727
59 780
59 783
60 94
60 398
60 638
60 643
61 247
61 390
61 595
61 942
62 77
62 90
62 96
62 157
62 329
62 540
62 546
62 549
62 754
62 759
62 776
62 780
62 837
62 920
62 954
62 982
63 224
63 274
63 296
63 524
63 552
63 698
63 734
64 69
64 118
64 153
64 301
64 392
64 601
64 632
64 673
65 330
65 436
65 480
65 495
65 768
65 799
65 916
66 207
66 420
66 572
66 950
67 111
67 190
67 304
67 435
67 472
67 598
67 607
67 639
67 690
67 719
68 124
68 184
68 328
68 333
68 405
68 448
68 494
68 603
68 633
68 683
68 752
68 824
68 875
68 898
68 966
69 153
69 170
69 301
69 392
70 458
70 484
70 813
71 151
71 185
71 248
71 321
71 324
71 362
71 415
71 611
71 630
71 664
71 678
71 758
71 874
71 964
71 967
72 159
72 227
72 240
72 264
72 320
72 371
72 614
72 936
72 949
73 84
73 189
73 317
73 372
73 474
73 657
73 803
73 930
73 971
73 993
74 336
74 563
74 690
74 733
74 986
75 120
75 147
75 165
75 275
75 520
75 590
75 605
75 627
75 647
75 703
75 813
76 168
76 265
76 374
76 454
76 501
76 521
76 561
76 610
76 920
76 953
76 960
77 90
77 96
77 382
77 540
77 546
77 686
77 749
77 754
77 759
77 982
78 101
78 189
78 337
78 373
78 519
78 667
78 928
78 948
78 963
79 102
79 116
79 167
79 353
79 355
79 471
79 702
79 771
79 885
79 932
79 990
80 204
80 232
80 298
80 654
80 682
80 693
80 706
80 818
80 862
80 938
81 349
81 437
82 332
82 465
82 496
82 507
82 644
82 762
82 868
82 941
83 260
83 455
83 797
83 831
83 984
84 189
84 317
84 372
84 459
84 474
84 657
84 803
84 930
85 95
85 292
85 300
85 426
85 456
85 550
85 556
85 593
85 662
85 757
85 912
85 913
85 955
86 229
86 406
86 414
86 795
86 807
87 145
87 251
87 403
87 884
88 89
88 278
88 664
88 744
88 756
88 851
88 904
88 967
89 278
89 313
89 391
89 483
89 504
89 613
89 675
89 832
89 970
90 96
90 227
90 320
90 329
90 546
90 549
90 776
90 793
90 837
90 954
91 145
91 319
91 347
91 668
91 705
92 159
92 227
92 240
92 488
92 544
92 614
93 269
93 643
93 847
94 398
94 452
94 579
94 638
94 643
94 939
95 292
95 300
95 401
95 426
95 550
95 556
95 593
95 662
96 157
96 546
96 549
96 754
96 759
96 776
96 837
96 954
96 982
97 297
97 317
97 373
97 381
97 667
97 701
97 728
97 737
97 877
97 971
98 243
98 254
98 485
98 627
98 686
98 933
99 500
99 700
100 158
100 416
100 437
100 464
100 513
100 669
100 769
100 796
100 974
101 129
101 268
101 337
101 519
101 940
101 963
101 975
102 116
102 167
102 289
102 355
102 471
102 509
102 536
102 702
102 771
102 864
102 885
102 932
102 990
103 208
103 271
103 506
103 622
103 772
104 148
104 505
104 615
104 684
104 853
104 872
104 895
104 973
104 983
105 378
105 400
105 426
105 775
105 890
105 913
105 955
106 218
106 291
106 307
106 535
106 545
106 681
106 711
106 811
107 200
107 205
107 559
107 718
107 788
107 790
107 801
107 810
107 870
107 923
107 934
108 238
108 289
108 309
108 471
108 541
108 820
108 990
109 156
109 308
109 625
109 700
109 713
109 897
109 962
109 969
110 353
110 604
110 806
110 826
110 860
111 112
111 126
111 179
111 190
111 435
111 598
111 607
111 639
111 719
112 179
112 190
112 530
112 553
112 607
112 639
112 883
112 888
112 937
113 263
113 338
113 442
113 623
113 636
113 655
113 724
113 764
113 901
114 197
114 298
114 394
114 449
114 512
114 706
114 745
114 774
114 789
114 886
115 119
115 320
115 503
115 793
115 821
115 839
115 936
115 989
116 167
116 289
116 319
116 471
116 509
116 536
116 702
116 771
116 842
116 864
116 932
117 174
117 637
117 818
117 992
118 303
118 343
118 351
118 392
118 433
118 632
118 673
119 320
119 329
119 503
119 549
119 793
119 821
119 837
119 839
119 954
120 165
120 275
120 458
120 520
120 605
120 703
120 813
121 150
121 293
121 318
121 325
121 421
121 571
121 574
121 745
121 789
121 991
122 234
122 388
122 461
122 622
122 720
122 767
123 557
124 306
124 328
124 405
124 492
124 494
124 824
124 875
124 898
124 966
125 191
125 299
125 666
125 697
125 951
126 192
126 202
126 241
126 435
126 553
127 379
127 419
127 475
127 583
127 945
128 155
128 198
128 212
128 281
128 440
128 457
128 502
128 554
128 582
128 661
128 729
128 747
128 907
128 910
129 268
129 519
129 940
129 963
130 270
130 452
130 476
130 579
130 746
130 788
130 905
130 939
131 564
131 570
131 573
131 591
131 687
131 741
131 792
131 830
131 836
132 447
132 508
132 523
132 532
132 677
132 830
132 978
133 173
133 186
133 231
133 316
133 758
133 840
133 909
134 206
134 213
134 225
134 263
134 352
134 442
134 597
134 606
134 655
134 734
134 735
134 891
135 287
135 288
135 326
135 364
135 899
135 968
135 996
136 689
136 714
136 801
137 178
137 198
137 212
137 219
137 281
137 370
137 375
137 592
137 747
137 985
138 161
138 302
138 522
138 578
138 620
138 781
138 882
139 143
139 155
139 440
139 528
139 554
139 576
139 582
139 648
139 661
139 729
139 919
139 956
140 201
140 404
140 423
140 446
140 527
140 558
141 175
141 210
141 350
141 451
141 526
141 548
141 760
141 770
141 805
142 277
142 445
142 456
142 474
142 657
142 757
142 775
142 845
142 955
143 155
143 440
143 502
143 528
143 554
143 576
143 582
143 648
143 661
143 729
143 919
143 956
144 203
144 356
144 430
144 645
145 319
145 403
145 509
145 771
145 842
146 194
146 434
146 478
146 493
146 525
146 944
146 946
147 165
147 344
147 590
147 605
147 627
147 646
147 647
147 703
147 721
148 615
148 684
148 853
148 872
148 895
148 983
149 223
149 374
149 386
149 610
149 692
149 960
150 293
150 318
150 325
150 421
150 571
150 574
150 745
150 789
150 991
151 185
151 248
151 321
151 334
151 415
151 678
151 748
151 758
151 874
152 171
152 204
152 222
152 335
152 340
152 637
152 693
152 765
152 857
152 992
153 170
153 301
153 392
153 601
153 632
154 251
154 294
154 533
154 884
155 178
155 281
155 440
155 457
155 502
155 554
155 582
155 661
155 729
156 308
156 560
156 713
156 897
156 962
157 168
157 265
157 283
157 329
157 454
157 546
157 549
157 776
157 780
157 821
157 837
157 839
157 920
157 954
158 347
158 416
158 428
158 479
158 513
158 669
158 769
158 796
158 800
159 227
159 240
159 320
159 371
159 488
159 614
159 793
160 163
160 286
160 528
160 804
160 809
161 302
161 460
161 620
161 674
161 779
161 781
161 791
161 814
161 856
161 860
161 882
162 387
162 501
162 561
162 953
163 175
163 451
163 528
163 809
163 956
164 207
164 315
164 395
164 482
164 785
164 878
165 275
165 520
165 590
165 605
165 627
165 647
165 703
166 176
166 335
166 473
167 353
167 355
167 702
167 932
168 223
168 265
168 283
168 374
168 454
168 501
168 561
168 821
168 920
168 960
169 287
169 305
169 566
169 651
169 679
169 802
169 876
169 996
170 301
170 346
170 359
170 463
170 599
170 601
170 896
171 204
171 222
171 335
171 340
171 637
171 693
171 765
171 857
171 992
172 182
172 211
172 312
172 339
172 438
172 486
172 602
172 619
172 925
172 958
172 989
173 186
173 231
173 316
173 758
173 840
173 909
174 289
174 348
174 536
174 864
175 250
175 350
175 451
175 526
175 548
175 715
175 717
175 770
175 805
175 858
175 859
176 238
177 280
177 345
177 629
177 764
178 198
178 212
178 281
178 370
178 375
178 440
178 729
178 976
179 190
179 530
179 553
179 607
179 639
179 883
179 888
179 937
180 342
180 742
180 773
180 997
181 443
181 631
181 753
181 906
182 211
182 252
182 312
182 339
182 358
182 438
182 486
182 602
182 619
182 738
182 925
183 256
183 534
183 547
183 569
183 726
183 803
183 845
183 893
184 333
184 448
184 494
184 499
184 603
184 672
184 683
184 819
184 822
184 875
185 248
185 321
185 324
185 362
185 415
185 611
185 664
185 678
185 744
185 756
185 851
185 874
185 904
185 967
186 231
186 248
186 412
186 630
186 758
186 840
186 964
187 199
187 299
187 412
187 739
188 707
188 722
189 317
189 372
189 373
189 667
189 928
189 930
189 948
189 971
190 435
190 530
190 598
190 607
190 639
190 719
190 937
191 236
191 628
191 697
191 951
192 202
192 435
192 453
192 924
193 273
193 295
193 308
193 537
193 757
193 833
193 912
194 434
194 478
194 493
194 525
194 944
194 946
194 977
194 997
195 765
196 470
196 554
196 576
196 648
196 723
196 804
196 919
197 232
197 654
197 706
197 714
197 774
197 886
198 212
198 281
198 370
198 375
198 440
198 457
198 502
198 747
199 299
200 205
200 559
200 718
200 788
200 790
200 801
200 810
200 870
200 923
200 934
201 246
201 404
201 423
201 446
201 487
201 527
201 558
202 241
202 453
202 778
202 970
203 249
203 356
203 645
203 900
204 222
204 298
204 318
204 637
204 693
204 765
204 857
204 862
204 992
205 586
205 790
205 800
205 870
205 934
206 213
206 225
206 263
206 352
206 442
206 597
206 606
206 655
206 734
206 735
206 891
207 395
207 482
207 572
207 670
207 785
207 950
208 259
208 271
208 506
208 518
208 709
208 725
208 772
208 815
208 820
209 531
209 568
209 635
209 816
209 844
209 921
210 350
210 526
210 548
210 760
210 770
210 805
210 976
211 252
211 339
211 358
211 438
211 486
211 602
211 619
211 925
212 219
212 281
212 370
212 375
212 440
212 729
212 747
213 225
213 261
213 306
213 492
213 606
213 656
213 735
213 794
213 966
214 221
214 233
214 256
214 408
214 726
214 903
215 585
215 671
215 748
215 761
215 899
215 996
216 283
216 540
216 652
216 680
216 696
216 727
216 780
216 783
217 249
217 261
217 356
217 430
217 468
217 656
217 735
217 794
217 891
218 291
218 307
218 380
218 444
218 470
218 535
218 545
218 681
218 711
218 723
218 811
219 269
219 370
219 375
219 592
219 915
219 985
220 411
220 497
220 510
220 511
220 517
220 562
220 704
220 869
220 902
221 233
221 256
221 534
221 726
221 893
221 903
222 318
222 325
222 637
222 693
222 765
222 857
222 992
223 374
223 386
223 610
223 692
223 821
223 839
223 960
224 274
224 414
224 807
225 306
225 352
225 405
225 492
225 597
225 606
225 655
226 255
226 276
226 817
227 240
227 320
227 488
227 614
227 793
228 257
228 354
228 393
228 497
228 522
228 674
228 855
228 879
229 406
229 414
229 795
229 807
230 565
230 708
230 712
230 731
230 843
231 412
231 539
231 716
231 840
232 298
232 654
232 682
232 706
232 714
232 774
232 818
232 862
232 938
233 256
233 534
233 726
233 893
233 903
234 388
234 622
234 767
235 537
235 625
235 659
235 713
235 962
235 969
236 349
236 363
236 437
236 464
236 628
236 841
237 323
237 475
237 565
237 583
237 676
237 731
237 994
238 259
238 309
238 541
238 709
238 725
238 820
239 279
239 358
239 617
239 973
240 371
240 488
240 544
240 614
241 553
241 865
242 335
242 340
242 473
242 633
242 824
242 881
243 254
243 485
243 627
243 933
244 464
244 608
244 642
244 889
244 911
244 974
245 303
245 351
245 460
245 618
245 626
245 673
245 779
245 814
245 988
246 423
246 487
246 558
246 755
247 390
247 595
247 942
248 324
248 362
248 611
248 630
248 678
248 758
248 964
249 356
249 468
249 499
249 645
249 819
249 900
250 417
250 451
250 715
250 717
250 858
250 859
251 884
252 285
252 358
252 438
252 486
252 617
252 707
252 722
253 424
253 573
253 653
253 687
253 751
253 792
254 485
254 627
254 646
254 933
255 276
255 817
256 534
256 569
256 726
256 893
256 903
257 354
257 393
257 497
257 674
257 855
258 276
258 417
258 431
258 555
258 608
258 642
258 858
258 889
259 473
259 709
259 725
259 820
260 342
260 466
260 567
260 773
260 797
260 831
261 296
261 430
261 468
261 656
261 735
261 794
261 891
262 305
262 408
262 566
262 651
262 701
262 802
262 846
263 338
263 352
263 442
263 597
263 606
263 636
263 655
264 320
264 371
264 577
264 936
264 949
264 958
265 283
265 329
265 374
265 454
265 546
265 549
265 780
265 821
265 837
265 839
265 920
265 954
265 960
266 314
266 343
266 384
266 422
266 433
266 462
266 587
266 730
266 838
267 394
267 413
267 449
267 466
267 512
267 567
267 616
267 640
267 987
268 940
268 963
269 592
269 847
269 915
269 976
269 985
270 467
270 476
270 589
270 746
270 788
270 905
270 946
271 506
271 518
271 581
271 772
271 815
271 823
272 341
272 361
272 365
272 368
272 424
272 490
272 529
272 653
272 808
272 943
273 277
273 295
273 445
273 456
273 537
273 757
273 833
273 845
273 912
274 296
274 311
274 524
274 552
274 698
275 520
275 588
275 605
275 703
276 431
276 817
277 445
277 456
277 474
277 657
277 775
277 803
277 845
278 313
278 483
278 504
278 613
278 675
278 744
278 756
278 851
278 904
279 358
279 551
279 995
280 345
280 443
280 629
280 753
280 764
280 844
281 370
281 375
281 440
281 457
281 502
281 729
281 747
281 976
282 429
282 508
282 754
283 454
283 540
283 546
283 561
283 727
283 780
283 783
283 837
283 920
284 716
285 358
285 615
285 617
285 684
285 707
285 973
286 538
286 804
286 809
286 957
287 305
287 408
287 566
287 651
287 679
287 802
287 968
287 996
288 326
288 364
288 903
289 471
289 536
289 541
289 864
289 885
289 990
290 310
290 360
290 397
290 505
290 595
290 650
290 853
290 895
291 307
291 444
291 470
291 535
291 723
291 910
291 980
292 300
292 378
292 400
292 401
292 426
292 556
292 662
292 892
292 913
293 394
293 421
293 571
293 574
293 745
293 789
293 991
294 533
294 739
294 884
295 537
295 550
295 593
295 757
295 833
295 912
295 962
296 430
296 468
296 524
296 552
296 656
296 698
296 891
297 317
297 373
297 381
297 667
297 701
297 728
297 737
297 877
297 971
298 318
298 325
298 654
298 693
298 745
298 774
298 789
298 818
298 857
298 862
299 376
299 697
299 883
299 951
300 378
300 400
300 401
300 426
300 662
300 892
300 913
301 359
301 463
301 896
302 353
302 522
302 620
302 743
302 781
302 791
302 806
302 826
302 860
302 882
303 351
303 460
303 618
303 626
303 673
303 779
303 814
303 988
304 472
304 598
304 639
304 660
304 690
304 719
305 566
305 651
305 679
305 701
305 802
305 846
306 328
306 352
306 405
306 492
306 597
306 824
306 898
306 966
307 380
307 444
307 470
307 535
307 545
307 681
307 711
307 723
307 811
308 537
308 547
308 560
308 713
308 833
308 897
308 962
309 541
309 709
309 725
309 815
309 820
310 360
310 505
310 514
310 595
310 650
310 798
310 849
311 524
311 552
311 698
312 339
312 409
312 418
312 503
312 577
312 602
312 619
312 925
312 936
312 958
312 989
313 391
313 483
313 504
313 613
313 675
313 832
313 880
313 970
314 422
314 462
314 487
314 587
314 730
314 838
315 395
315 785
315 835
315 878
316 334
316 758
316 840
316 909
317 372
317 373
317 381
317 667
317 928
317 930
317 971
317 993
318 325
318 571
318 745
318 789
318 857
318 991
319 509
319 771
319 842
319 929
319 932
320 776
320 793
320 949
321 415
321 664
321 678
321 744
321 756
321 761
321 851
321 874
321 904
321 967
322 376
322 530
322 598
322 639
322 660
322 666
322 883
323 475
323 565
323 583
323 584
323 676
323 731
323 836
323 871
323 994
324 362
324 611
324 630
324 678
324 964
324 967
325 571
325 745
325 789
325 857
325 991
326 364
326 903
327 523
327 532
327 542
327 570
327 677
327 732
327 766
327 972
328 405
328 492
328 494
328 794
328 824
328 875
328 898
328 966
329 374
329 454
329 546
329 549
329 776
329 793
329 821
329 837
329 839
329 920
329 954
330 436
330 480
330 685
330 718
330 768
330 790
330 799
330 810
330 854
330 870
330 916
331 385
331 777
331 887
332 396
332 496
332 507
332 736
332 762
332 825
332 868
332 894
332 922
333 448
333 494
333 603
333 683
333 752
333 794
333 819
333 822
333 875
334 346
334 463
334 585
334 671
334 748
334 758
334 909
334 947
335 340
335 992
336 515
336 733
336 986
337 519
337 750
337 782
337 948
337 963
337 975
338 366
338 402
338 623
338 636
338 655
338 724
338 901
339 409
339 418
339 438
339 486
339 577
339 602
339 619
339 738
339 925
339 958
339 989
340 765
340 992
341 361
341 365
341 424
341 490
341 596
341 653
341 688
341 863
341 943
342 742
342 773
342 997
343 433
343 462
343 730
343 838
344 447
344 590
344 627
344 646
344 647
344 686
344 721
344 914
344 933
344 978
345 443
345 629
345 753
346 359
346 463
346 585
346 671
346 748
346 896
346 947
347 479
347 668
347 669
347 705
347 828
348 536
348 842
348 866
348 929
349 437
350 526
350 548
350 717
350 760
350 770
350 805
351 392
351 433
351 460
351 618
351 626
351 673
351 988
352 597
352 606
352 655
353 355
353 743
353 806
353 826
353 860
353 882
354 393
354 497
354 691
354 704
354 855
354 863
354 869
355 702
355 932
356 430
356 468
356 645
356 656
357 489
357 894
358 438
358 486
358 617
358 707
359 463
359 599
359 601
359 896
360 505
360 650
360 787
360 798
360 853
360 872
360 895
361 365
361 506
361 581
361 688
361 823
361 863
361 943
362 611
362 630
362 678
362 964
363 608
363 628
363 665
363 841
363 850
364 761
364 899
365 490
365 596
365 688
365 823
365 863
365 943
366 402
366 623
366 655
367 391
367 483
367 491
367 504
367 675
367 785
367 832
368 399
368 490
368 529
368 653
368 699
368 808
368 836
368 871
369 371
369 411
369 517
369 562
369 755
369 902
370 375
370 592
370 747
370 976
371 936
371 949
372 657
372 928
372 930
372 948
372 971
372 993
373 381
373 667
373 728
373 737
373 928
373 930
373 971
374 386
374 454
374 610
374 692
374 821
374 839
374 960
375 592
375 747
375 976
375 985
376 530
376 666
376 697
376 883
376 937
376 951
377 873
378 400
378 426
378 662
378 775
378 892
378 913
378 955
379 419
379 475
379 498
379 583
379 676
379 834
379 945
380 470
380 681
380 711
380 723
381 667
381 728
381 737
381 877
381 928
381 971
382 686
382 749
382 754
382 759
382 933
382 978
382 982
383 908
384 393
384 422
384 587
384 674
384 838
384 856
384 879
385 777
385 900
386 503
386 610
386 692
386 839
386 960
387 561
387 680
387 696
388 461
388 622
388 720
388 767
389 543
389 689
389 714
389 866
390 427
390 595
390 942
391 477
391 482
391 483
391 504
391 675
391 785
391 832
391 880
391 970
392 626
392 632
392 673
393 497
393 674
393 855
393 856
393 879
394 413
394 449
394 512
394 616
394 640
394 789
394 987
395 482
395 785
395 878
396 736
396 762
396 825
396 894
397 557
398 638
398 939
399 529
399 584
399 699
399 808
399 836
399 871
400 426
400 456
400 662
400 775
400 913
400 955
401 426
401 556
401 662
401 892
402 623
402 724
402 901
403 771
404 446
404 527
404 558
405 492
405 494
405 824
405 898
405 966
406 635
406 795
406 816
406 921
407 594
407 681
407 711
408 441
408 566
408 651
408 726
408 802
408 846
408 968
409 418
409 577
409 602
409 658
409 738
409 925
409 936
409 958
410 439
410 491
410 500
410 516
410 609
410 641
410 835
410 935
411 510
411 511
411 517
411 544
411 562
411 614
411 902
412 539
412 630
412 649
412 716
412 964
413 449
413 512
413 616
413 640
413 784
413 987
414 807
415 664
415 678
415 744
415 756
415 761
415 851
415 874
415 899
415 967
416 428
416 437
416 513
416 669
416 769
416 796
416 974
417 431
417 451
417 555
417 642
417 715
417 717
417 858
417 859
417 889
418 577
418 602
418 658
418 738
418 925
418 936
418 958
418 995
419 475
419 498
419 583
419 945
420 572
420 848
420 950
421 571
421 574
421 991
422 433
422 587
422 674
422 730
422 838
422 879
423 446
423 462
423 487
423 558
423 730
424 490
424 529
424 596
424 653
424 687
424 688
424 792
425 518
425 578
425 581
425 815
425 823
425 918
426 662
426 892
426 913
426 955
427 514
427 728
427 877
427 942
428 479
428 513
428 586
428 669
428 769
428 796
428 800
429 508
429 754
430 468
430 524
430 656
430 891
431 555
431 715
431 817
431 858
431 859
431 889
432 459
432 750
432 782
432 890
433 460
433 730
434 478
434 525
434 784
434 946
434 977
435 607
435 719
436 480
436 495
436 768
436 799
436 916
437 464
437 974
438 486
438 602
438 619
438 925
439 500
439 516
439 609
439 641
439 835
439 935
440 457
440 502
440 582
440 661
440 729
440 747
441 726
441 971
441 993
442 597
442 606
442 636
442 655
442 734
443 631
443 753
444 470
444 535
444 554
444 723
444 910
444 980
445 456
445 474
445 657
445 757
445 775
445 845
445 955
446 527
446 558
447 508
447 523
447 532
447 677
447 978
448 603
448 672
448 683
448 752
448 822
448 875
449 512
449 616
449 640
449 789
449 886
449 987
450 778
450 786
450 861
450 917
451 715
451 817
451 858
451 859
452 480
452 559
452 579
452 718
452 788
452 799
452 810
452 939
453 778
453 924
454 549
454 780
454 821
454 837
454 839
454 920
454 954
454 960
455 631
455 797
455 831
455 906
455 984
456 662
456 757
456 775
456 912
456 913
456 955
457 502
457 747
457 907
458 484
458 813
459 474
459 657
459 890
459 948
460 618
460 620
460 779
460 814
460 856
460 988
461 720
461 827
461 867
461 959
461 965
462 487
462 730
462 838
463 585
463 671
463 748
463 896
463 947
464 608
464 841
464 974
465 496
465 600
466 567
467 476
467 589
467 746
467 788
467 905
467 946
468 656
468 735
468 891
469 624
469 634
469 763
469 924
469 941
470 535
470 554
470 576
470 648
470 723
470 910
470 919
471 536
471 541
471 864
471 885
471 932
471 990
472 598
472 639
472 660
472 690
472 719
473 633
473 881
474 657
474 775
474 803
474 845
475 565
475 583
475 676
475 731
475 945
476 589
476 746
476 788
476 905
476 946
477 482
477 675
477 832
477 880
477 970
478 493
478 525
478 944
478 946
478 977
479 669
479 705
479 769
479 828
480 559
480 579
480 685
480 718
480 768
480 790
480 799
480 810
480 854
480 870
480 916
481 589
481 801
481 923
482 785
482 832
482 878
483 504
483 613
483 675
483 832
483 880
483 970
484 813
485 927
485 998
486 602
486 619
486 925
487 558
487 730
488 544
488 614
490 529
490 596
490 653
490 687
490 688
490 808
491 516
491 785
491 835
491 878
492 494
492 735
492 794
492 824
492 898
492 966
493 525
493 663
493 944
494 603
494 683
494 794
494 824
494 875
494 898
494 966
495 643
495 916
496 736
496 762
497 510
497 691
497 704
497 855
497 869
498 583
498 612
498 676
498 834
498 867
498 979
498 981
499 819
499 822
500 700
500 835
500 935
501 521
501 561
501 610
501 953
501 960
502 554
502 582
502 661
502 747
502 907
502 910
503 602
503 619
503 821
503 839
503 958
503 989
504 613
504 675
504 832
504 880
504 970
505 615
505 650
505 684
505 787
505 853
505 872
505 895
505 983
506 518
506 581
506 772
506 823
507 644
507 762
507 868
507 922
507 941
508 523
508 532
508 830
508 978
509 536
509 771
509 842
509 864
509 929
509 932
510 511
510 517
510 562
510 691
510 704
510 855
510 869
510 902
511 544
511 562
511 691
511 704
511 869
511 902
512 640
512 774
512 789
512 886
512 987
513 685
513 769
513 796
513 800
513 854
513 974
514 595
514 849
514 877
515 538
515 825
515 922
515 957
516 835
516 878
517 562
517 902
518 581
518 815
518 823
519 782
519 963
519 975
520 605
520 703
520 813
521 610
521 953
522 578
522 620
522 674
522 781
522 856
523 532
523 542
523 677
523 830
524 552
524 698
524 891
525 944
525 977
525 997
526 548
526 717
526 760
526 770
526 805
528 576
528 582
528 661
528 804
528 809
528 919
528 956
529 564
529 591
529 653
529 687
529 699
529 808
530 607
530 639
530 883
530 888
530 937
531 568
531 635
531 816
531 844
532 542
532 677
532 830
533 539
533 649
533 739
533 884
534 547
534 560
534 569
534 726
534 893
535 545
535 681
535 723
535 910
535 980
536 842
536 864
536 929
536 932
537 593
537 757
537 833
537 912
537 962
538 957
539 649
539 716
540 546
540 727
540 759
540 780
540 783
540 920
540 982
541 885
541 990
542 570
542 677
542 732
542 766
542 830
542 972
543 668
543 689
543 828
543 866
544 614
544 751
544 902
545 681
545 711
545 811
546 549
546 776
546 780
546 837
546 920
546 954
547 560
547 569
547 609
547 893
548 760
548 770
548 805
549 776
549 793
549 821
549 837
549 839
549 920
549 954
550 556
550 593
550 662
550 912
551 658
551 738
551 995
552 698
553 865
553 888
553 937
554 576
554 582
554 648
554 661
554 723
554 910
554 919
555 642
555 715
555 817
555 858
555 859
555 889
556 593
556 662
559 718
559 788
559 790
559 799
559 810
559 870
559 923
559 934
560 569
560 609
560 893
561 727
561 783
561 920
561 953
562 704
562 902
563 660
563 665
563 850
564 570
564 573
564 591
564 687
564 792
564 808
564 836
565 708
565 712
565 731
565 843
565 994
566 651
566 679
566 802
566 846
566 968
566 996
568 844
569 803
569 845
569 893
570 573
570 591
570 677
570 741
570 766
570 830
571 574
571 745
571 789
571 991
572 950
573 591
573 687
573 741
573 751
573 792
573 830
574 991
575 621
575 931
576 582
576 648
576 661
576 723
576 804
576 910
576 919
577 602
577 925
577 936
577 949
577 958
577 989
578 918
579 718
579 799
579 810
579 939
581 823
582 661
582 729
582 910
582 919
582 956
583 676
583 834
584 676
584 699
584 852
584 871
584 965
585 671
585 748
585 947
586 769
586 800
587 674
587 838
587 856
587 879
588 927
588 931
589 788
589 801
589 923
590 605
590 627
590 646
590 647
590 703
590 721
590 933
591 687
591 741
591 792
591 830
591 836
592 847
592 915
592 985
593 662
593 757
593 833
593 912
595 650
595 798
595 849
596 653
596 688
596 691
596 863
596 869
596 943
597 606
597 655
598 607
598 639
598 660
598 690
598 719
599 601
599 896
599 926
599 952
600 829
601 632
601 896
602 619
602 925
602 936
602 958
602 989
603 672
603 683
603 752
603 822
603 875
604 779
604 791
604 806
604 826
604 860
605 703
606 655
606 735
607 639
607 719
608 642
608 841
608 889
609 641
609 893
609 935
610 692
610 960
611 678
611 964
612 710
612 867
612 887
612 979
612 981
613 675
613 865
613 880
613 970
615 617
615 684
615 853
615 895
615 973
615 983
616 640
616 784
616 987
617 684
617 707
617 973
618 626
618 673
618 779
618 814
618 988
619 925
619 958
619 989
620 674
620 779
620 781
620 791
620 814
620 856
620 860
620 882
621 695
621 931
623 636
623 724
623 901
624 634
624 763
624 924
625 659
625 713
625 962
625 969
626 673
626 988
627 646
627 647
627 721
627 933
628 665
628 666
628 841
628 850
629 764
629 844
630 758
630 840
630 964
631 753
631 906
631 984
633 683
633 752
633 881
634 644
634 941
635 816
635 921
636 655
636 764
636 901
637 693
637 862
637 992
638 643
639 660
639 719
639 883
639 937
640 784
640 987
641 893
641 935
642 889
642 911
644 941
645 900
646 647
646 686
646 721
646 933
646 978
647 721
647 914
647 933
648 661
648 723
648 804
648 910
648 919
649 716
649 739
650 798
650 853
650 895
651 679
651 802
651 846
651 968
652 680
652 694
652 696
652 727
652 783
653 687
653 688
653 792
653 808
654 682
654 706
654 714
654 774
654 818
654 862
654 938
655 901
656 735
656 794
656 891
657 890
657 930
658 738
658 995
659 713
659 962
659 969
660 665
660 690
660 719
661 729
661 910
661 919
661 956
662 757
662 912
662 913
662 955
664 678
664 744
664 756
664 761
664 851
664 874
664 904
664 967
665 850
666 883
666 951
667 728
667 737
667 928
667 971
668 828
669 705
669 769
670 778
670 848
670 950
671 748
671 947
672 752
672 767
672 822
673 988
674 856
674 879
675 832
675 880
675 970
676 834
677 766
677 830
677 972
678 874
678 904
678 967
679 802
679 876
679 996
680 694
680 696
680 783
681 711
681 811
682 706
682 714
682 818
682 862
682 938
683 752
683 875
684 853
684 872
684 895
684 973
684 983
685 718
685 768
685 790
685 796
685 799
685 854
685 870
686 721
686 749
686 754
686 759
686 933
686 978
686 982
687 751
687 792
688 691
688 863
688 869
688 943
689 714
689 866
690 719
690 733
690 763
691 704
691 855
691 863
691 869
691 943
692 960
693 818
693 857
693 862
693 992
694 695
694 696
694 961
694 998
695 961
695 998
696 727
696 783
697 951
698 891
699 808
699 836
699 871
699 994
700 713
700 897
701 846
701 877
702 771
702 932
704 855
704 869
704 902
706 714
706 774
706 818
706 862
706 886
706 938
707 722
708 712
708 731
708 843
709 725
709 815
709 820
710 867
710 887
710 959
710 979
710 981
711 811
712 731
712 843
713 897
713 962
713 969
714 886
715 717
715 858
715 859
717 858
717 859
718 768
718 788
718 790
718 799
718 810
718 870
718 934
720 827
720 959
720 965
721 914
721 933
721 978
723 910
723 980
724 901
725 815
725 820
727 780
727 783
727 920
728 737
728 877
729 760
729 976
730 838
731 843
732 766
732 972
732 994
733 986
735 794
735 891
735 966
736 894
737 877
737 928
737 971
738 925
738 995
740 812
740 876
740 926
741 792
741 830
742 773
742 997
743 781
743 791
743 806
743 826
743 860
743 882
744 756
744 761
744 851
744 874
744 904
744 967
745 789
745 857
745 991
746 905
746 939
746 946
747 907
748 947
749 754
749 759
749 933
749 978
749 982
750 782
750 890
750 975
751 792
752 767
754 759
754 982
756 761
756 851
756 904
756 967
757 775
757 833
757 912
757 955
758 840
758 909
759 933
759 982
760 770
760 805
760 976
761 851
761 874
761 899
762 825
762 868
762 894
762 922
763 941
764 901
766 972
768 790
768 799
768 810
768 854
768 870
768 916
769 796
769 800
770 805
771 842
771 932
773 997
774 789
774 886
775 912
775 955
776 793
776 837
776 954
777 887
779 791
779 814
779 826
779 882
779 988
780 783
780 837
780 920
781 791
781 806
781 856
781 860
781 882
782 890
782 948
782 975
783 920
784 977
784 987
785 832
785 878
786 829
786 917
786 999
787 798
787 872
787 895
788 790
788 810
788 870
788 923
788 934
790 799
790 810
790 854
790 870
790 934
791 806
791 814
791 826
791 860
791 882
793 839
793 954
794 875
794 966
795 921
796 800
796 854
796 974
797 831
797 906
797 984
799 810
799 854
799 870
799 916
801 923
801 934
802 846
803 845
804 809
804 919
804 956
805 976
806 826
806 860
806 882
809 919
809 956
810 870
810 934
812 926
812 952
814 882
814 988
815 820
815 918
816 844
816 921
817 858
818 862
818 938
819 822
821 837
821 839
821 920
821 954
824 898
824 966
825 868
825 894
825 922
826 860
826 882
827 867
827 959
827 965
829 999
831 906
831 984
832 880
832 970
833 912
833 962
834 867
834 979
835 878
835 935
836 871
836 994
837 839
837 920
837 954
839 954
840 909
842 866
842 929
842 932
847 915
847 985
848 861
848 950
851 904
851 967
852 965
853 872
853 895
853 973
853 983
854 916
855 869
856 879
858 859
860 882
861 917
862 938
863 869
863 943
864 929
864 932
865 888
866 929
867 959
867 965
867 979
868 922
869 943
870 923
870 934
871 994
872 895
872 983
874 904
874 967
875 898
875 966
876 952
880 970
883 937
885 990
887 959
887 979
888 937
889 911
892 913
895 973
895 983
896 947
897 935
897 962
898 966
904 967
905 946
906 984
907 910
907 980
910 980
912 913
912 955
913 955
915 985
919 956
923 934
925 958
925 989
926 952
927 931
927 998
928 930
928 948
928 971
930 948
930 971
933 978
936 949
936 958
936 989
940 963
946 977
948 963
949 958
958 989
961 998
962 969
963 975
968 996
971 993
973 983
977 997
979 981
