# ./graphs/geo_normal/test_17.txt
# mu = 0.001, s = 0.1, trials requested = 100, runtime = 0:08:15
# "Time"	"Actual trials"	"Mean mutation"	"Average mean mutation"	"Average mutation variance"
0	100	0	0	0	
1	100	0.001	0.0012	0.0011965	
2	100	0.004	0.00233	0.00232055	
3	100	0.013	0.00389	0.00386005	
4	100	0.011	0.00525	0.00520043	
5	100	0.009	0.00687	0.00678747	
6	100	0.015	0.00791	0.00778387	
7	100	0.017	0.00842	0.00829878	
8	100	0.027	0.01026	0.0100617	
9	100	0.037	0.01284	0.0125439	
10	100	0.052	0.01553	0.0150626	
11	100	0.057	0.0175	0.0171058	
12	100	0.063	0.01988	0.0193916	
13	100	0.072	0.02192	0.0213919	
14	100	0.068	0.02476	0.0241301	
15	100	0.073	0.02802	0.0272086	
16	100	0.073	0.03135	0.0301332	
17	100	0.073	0.03469	0.0333147	
18	100	0.095	0.03931	0.0372865	
19	100	0.105	0.04327	0.0405424	
20	100	0.099	0.04865	0.0454779	
21	100	0.118	0.05568	0.05172	
22	100	0.104	0.06202	0.0573052	
23	100	0.11	0.06901	0.0631372	
24	100	0.13	0.07693	0.0697731	
25	100	0.145	0.08529	0.0758663	
26	100	0.158	0.09254	0.0816123	
27	100	0.21	0.10264	0.0898325	
28	100	0.251	0.11582	0.0991281	
29	100	0.279	0.12588	0.106211	
30	100	0.276	0.13813	0.114431	
31	100	0.295	0.15234	0.123824	
32	100	0.323	0.16649	0.133023	
33	100	0.336	0.18218	0.142589	
34	100	0.363	0.19854	0.151519	
35	100	0.361	0.21158	0.159306	
36	100	0.357	0.2249	0.16624	
37	100	0.376	0.24247	0.177598	
38	100	0.368	0.25823	0.184905	
39	100	0.402	0.27697	0.193347	
40	100	0.426	0.29457	0.201668	
41	100	0.47	0.31169	0.20853	
42	100	0.507	0.33245	0.218805	
43	100	0.532	0.35574	0.227853	
44	100	0.541	0.37542	0.234417	
45	100	0.562	0.39325	0.241701	
46	100	0.58	0.41204	0.249559	
47	100	0.581	0.43385	0.257049	
48	100	0.597	0.45688	0.264416	
49	100	0.642	0.4834	0.271877	
50	100	0.672	0.50487	0.276877	
51	100	0.719	0.53226	0.28423	
52	100	0.724	0.55936	0.290193	
53	100	0.776	0.58632	0.295239	
54	100	0.803	0.61487	0.30293	
55	100	0.8	0.64069	0.304764	
56	100	0.79	0.66637	0.306012	
57	100	0.838	0.69663	0.309939	
58	100	0.816	0.72703	0.313169	
59	100	0.822	0.75246	0.315515	
60	100	0.867	0.77735	0.315033	
61	100	0.883	0.80654	0.31978	
62	100	0.868	0.83358	0.322761	
63	100	0.894	0.86614	0.325942	
64	100	0.917	0.90028	0.326329	
65	100	0.944	0.92699	0.326096	
66	100	0.955	0.95653	0.324407	
67	100	0.946	0.98418	0.326858	
68	100	0.949	1.01556	0.328753	
69	100	0.953	1.04861	0.327946	
70	100	0.961	1.07613	0.327309	
71	100	0.972	1.10482	0.330809	
72	100	0.979	1.13499	0.329648	
73	100	1.003	1.16314	0.33101	
74	100	0.999	1.19577	0.32748	
75	100	1.009	1.22398	0.325547	
76	100	1.025	1.24961	0.324087	
77	100	1.035	1.27924	0.322551	
78	100	1.048	1.30886	0.320588	
79	100	1.051	1.33547	0.31919	
80	100	1.065	1.36373	0.320203	
81	100	1.088	1.39142	0.322219	
82	100	1.092	1.41984	0.321844	
83	100	1.116	1.44353	0.32236	
84	100	1.152	1.47742	0.32694	
85	100	1.193	1.50833	0.327268	
86	100	1.188	1.53945	0.326748	
87	100	1.211	1.56787	0.326171	
88	100	1.252	1.59481	0.326451	
89	100	1.28	1.61753	0.329479	
90	100	1.303	1.64579	0.328952	
91	100	1.316	1.674	0.33308	
92	100	1.33	1.70112	0.333479	
93	100	1.36	1.73186	0.332951	
94	100	1.412	1.75984	0.333559	
95	100	1.416	1.79349	0.333411	
96	100	1.397	1.82039	0.337498	
97	100	1.436	1.85235	0.338775	
98	100	1.476	1.87977	0.340482	
99	100	1.538	1.91441	0.339515	
100	100	1.552	1.9464	0.340156	
101	100	1.583	1.9757	0.338505	
102	100	1.649	2.01179	0.337339	
103	100	1.665	2.04277	0.337653	
104	100	1.716	2.07252	0.336031	
105	100	1.726	2.10357	0.334317	
106	100	1.761	2.13389	0.331369	
107	100	1.767	2.16828	0.328513	
108	100	1.796	2.19713	0.324952	
109	100	1.777	2.22469	0.320509	
110	100	1.801	2.25327	0.316446	
111	100	1.825	2.28083	0.31305	
112	100	1.866	2.30894	0.307301	
113	100	1.873	2.3337	0.304526	
114	100	1.899	2.35823	0.30488	
115	100	1.921	2.38197	0.307138	
116	100	1.932	2.4081	0.304405	
117	100	1.93	2.43195	0.303811	
118	100	1.939	2.45888	0.303852	
119	100	1.947	2.48676	0.301011	
120	100	1.958	2.51332	0.302453	
121	100	1.956	2.53888	0.299442	
122	100	1.977	2.56409	0.299193	
123	100	1.975	2.59149	0.297804	
124	100	1.978	2.61951	0.296012	
125	100	1.984	2.64515	0.295888	
126	100	1.997	2.67232	0.294643	
127	100	1.996	2.69761	0.294007	
128	100	1.998	2.72752	0.291803	
129	100	2.004	2.75504	0.295462	
130	100	1.993	2.78312	0.294408	
131	100	1.972	2.81009	0.29483	
132	100	1.979	2.83373	0.295765	
133	100	1.995	2.86172	0.295176	
134	100	1.979	2.88654	0.302512	
135	100	2.003	2.9129	0.301821	
136	100	2.022	2.93854	0.304443	
137	100	2.023	2.96286	0.305903	
138	100	2.041	2.98634	0.304732	
139	100	2.048	3.01497	0.304838	
140	100	2.055	3.03869	0.30652	
141	100	2.058	3.06661	0.304652	
142	100	2.05	3.0923	0.30225	
143	100	2.048	3.12025	0.301225	
144	100	2.04	3.14545	0.30175	
145	100	2.053	3.17749	0.300873	
146	100	2.075	3.20538	0.299885	
147	100	2.1	3.23327	0.299009	
148	100	2.132	3.26509	0.300442	
149	100	2.155	3.29385	0.299229	
150	100	2.192	3.31721	0.300321	
151	100	2.199	3.34537	0.298803	
152	100	2.225	3.37149	0.301851	
153	100	2.268	3.40136	0.301258	
154	100	2.266	3.42939	0.299095	
155	100	2.258	3.45892	0.297832	
156	100	2.251	3.48653	0.297959	
157	100	2.293	3.50568	0.297034	
158	100	2.282	3.53044	0.298405	
159	100	2.324	3.55871	0.29574	
160	100	2.372	3.58492	0.290822	
161	100	2.397	3.60897	0.289748	
162	100	2.415	3.63401	0.290347	
163	100	2.456	3.65914	0.290389	
164	100	2.51	3.6836	0.289943	
165	100	2.558	3.7105	0.290898	
166	100	2.575	3.73574	0.291774	
167	100	2.603	3.75895	0.292624	
168	100	2.633	3.78745	0.291531	
169	100	2.692	3.81319	0.294326	
170	100	2.71	3.84529	0.296923	
171	100	2.695	3.87634	0.29852	
172	100	2.705	3.90217	0.294785	
173	100	2.695	3.9287	0.293195	
174	100	2.725	3.95524	0.295088	
175	100	2.736	3.98113	0.297278	
176	100	2.722	4.00451	0.297687	
177	100	2.734	4.03304	0.297467	
178	100	2.77	4.06208	0.29729	
179	100	2.793	4.08901	0.29559	
180	100	2.827	4.11398	0.293949	
181	100	2.847	4.13849	0.293247	
182	100	2.877	4.16232	0.294967	
183	100	2.846	4.18588	0.297587	
184	100	2.851	4.21488	0.297016	
185	100	2.882	4.2463	0.296535	
186	100	2.902	4.27299	0.296651	
187	100	2.912	4.30131	0.299232	
188	100	2.932	4.32492	0.300998	
189	100	2.937	4.35337	0.303784	
190	100	2.942	4.38185	0.303183	
191	100	2.943	4.40824	0.300554	
192	100	2.941	4.43392	0.305928	
193	100	2.969	4.46334	0.307775	
194	100	2.981	4.49249	0.31019	
195	100	2.988	4.52487	0.315297	
196	100	2.995	4.55299	0.318134	
197	100	3.02	4.57965	0.320678	
198	100	3.019	4.60867	0.322491	
199	100	3.034	4.63761	0.323505	
200	100	3.029	4.66233	0.324624	
201	100	3.052	4.69224	0.324438	
202	100	3.061	4.71895	0.324467	
203	100	3.058	4.74909	0.324413	
204	100	3.061	4.77823	0.322914	
205	100	3.09	4.80906	0.32099	
206	100	3.112	4.83492	0.316498	
207	100	3.107	4.86224	0.314262	
208	100	3.116	4.88563	0.306276	
209	100	3.125	4.91185	0.303259	
210	100	3.141	4.932	0.300668	
211	100	3.145	4.95712	0.299049	
212	100	3.123	4.98374	0.299063	
213	100	3.156	5.01483	0.297103	
214	100	3.199	5.04115	0.297531	
215	100	3.188	5.06775	0.29599	
216	100	3.231	5.09377	0.295759	
217	100	3.27	5.11789	0.29834	
218	100	3.288	5.14568	0.29869	
219	100	3.312	5.17273	0.299022	
220	100	3.337	5.19417	0.300722	
221	100	3.336	5.22395	0.296224	
222	100	3.347	5.24996	0.297032	
223	100	3.396	5.27825	0.291176	
224	100	3.457	5.30343	0.291445	
225	100	3.477	5.32859	0.292808	
226	100	3.45	5.35846	0.291918	
227	100	3.459	5.38931	0.293003	
228	100	3.467	5.4137	0.296586	
229	100	3.47	5.43809	0.295033	
230	100	3.477	5.46476	0.298534	
231	100	3.55	5.49208	0.30257	
232	100	3.564	5.52023	0.301188	
233	100	3.6	5.55208	0.301923	
234	100	3.646	5.57764	0.299673	
235	100	3.672	5.60522	0.297762	
236	100	3.676	5.63101	0.296698	
237	100	3.72	5.65687	0.293168	
238	100	3.75	5.68357	0.28875	
239	100	3.792	5.70873	0.288809	
240	100	3.803	5.73833	0.289873	
241	100	3.78	5.76383	0.288205	
242	100	3.815	5.79116	0.284664	
243	100	3.877	5.81704	0.28687	
244	100	3.899	5.84451	0.286111	
245	100	3.901	5.86818	0.282989	
246	100	3.932	5.88901	0.286929	
247	100	3.961	5.91187	0.287211	
248	100	4.024	5.94099	0.285893	
249	100	4.042	5.96321	0.282246	
250	100	4.056	5.98507	0.283216	
251	100	4.068	6.00964	0.289082	
252	100	4.116	6.03354	0.288602	
253	100	4.144	6.06292	0.286235	
254	100	4.185	6.08583	0.289991	
255	100	4.226	6.11424	0.289735	
256	100	4.269	6.13822	0.288548	
257	100	4.303	6.1647	0.291082	
258	100	4.356	6.19141	0.29218	
259	100	4.372	6.21937	0.296647	
260	100	4.399	6.244	0.296117	
261	100	4.434	6.27142	0.296847	
262	100	4.424	6.29691	0.297634	
263	100	4.453	6.32205	0.298663	
264	100	4.457	6.34495	0.298705	
265	100	4.497	6.37149	0.302461	
266	100	4.504	6.3999	0.302616	
267	100	4.499	6.42614	0.306622	
268	100	4.512	6.44654	0.306097	
269	100	4.505	6.47004	0.311784	
270	100	4.537	6.49558	0.317768	
271	100	4.535	6.52626	0.321388	
272	100	4.583	6.55396	0.328386	
273	100	4.567	6.58465	0.331191	
274	100	4.595	6.62217	0.332221	
275	100	4.621	6.65053	0.332804	
276	100	4.63	6.68235	0.335317	
277	100	4.611	6.71244	0.337939	
278	100	4.639	6.74176	0.335809	
279	100	4.657	6.76754	0.334309	
280	100	4.668	6.79948	0.335215	
281	100	4.662	6.82539	0.334439	
282	100	4.672	6.85669	0.336697	
283	100	4.684	6.88219	0.338302	
284	100	4.716	6.90899	0.340521	
285	100	4.771	6.93721	0.341935	
286	100	4.794	6.97072	0.339841	
287	100	4.801	6.99951	0.338663	
288	100	4.828	7.03223	0.336826	
289	100	4.873	7.05932	0.330892	
290	100	4.88	7.08675	0.331648	
291	100	4.884	7.1174	0.329166	
292	100	4.891	7.14309	0.329782	
293	100	4.906	7.16688	0.322494	
294	100	4.876	7.19365	0.320224	
295	100	4.89	7.21957	0.315985	
296	100	4.912	7.24437	0.312399	
297	100	4.985	7.27346	0.310377	
298	100	5.017	7.30104	0.30604	
299	100	5.05	7.32479	0.306728	
300	100	5.064	7.35101	0.306974	
301	100	5.092	7.38233	0.30593	
302	100	5.098	7.40428	0.306726	
303	100	5.141	7.43675	0.307568	
304	100	5.136	7.4679	0.306088	
305	100	5.177	7.49445	0.305135	
306	100	5.207	7.52475	0.301494	
307	100	5.239	7.55123	0.302775	
308	100	5.286	7.57764	0.297452	
309	100	5.308	7.60621	0.293938	
310	100	5.354	7.63281	0.290674	
311	100	5.374	7.66006	0.288144	
312	100	5.385	7.68253	0.286222	
313	100	5.392	7.70839	0.283443	
314	100	5.413	7.73797	0.283916	
315	100	5.444	7.76451	0.276942	
316	100	5.487	7.79314	0.27745	
317	100	5.499	7.81859	0.27606	
318	100	5.557	7.84763	0.275737	
319	100	5.514	7.8688	0.278436	
320	100	5.523	7.89482	0.280358	
321	100	5.561	7.91617	0.280615	
322	100	5.578	7.93904	0.280095	
323	100	5.623	7.9629	0.280916	
324	100	5.641	7.98464	0.280779	
325	100	5.694	8.01327	0.281142	
326	100	5.709	8.0346	0.277758	
327	100	5.735	8.05662	0.277499	
328	100	5.773	8.08123	0.276465	
329	100	5.813	8.1091	0.276576	
330	100	5.811	8.13103	0.273211	
331	100	5.82	8.15578	0.27647	
332	100	5.847	8.1846	0.277988	
333	100	5.867	8.21353	0.277831	
334	100	5.898	8.23614	0.275706	
335	100	5.898	8.2618	0.278152	
336	100	5.906	8.28306	0.281482	
337	100	5.901	8.30969	0.285141	
338	100	5.92	8.33736	0.284512	
339	100	5.95	8.36048	0.286922	
340	100	5.973	8.38091	0.2877	
341	100	6.015	8.40378	0.291835	
342	100	6.029	8.42735	0.295876	
343	100	6.059	8.44969	0.299009	
344	100	6.077	8.47499	0.297969	
345	100	6.091	8.50366	0.297563	
346	100	6.096	8.53248	0.2963	
347	100	6.088	8.55876	0.29327	
348	100	6.119	8.58274	0.291728	
349	100	6.151	8.61309	0.291691	
350	100	6.184	8.63906	0.293679	
351	100	6.213	8.66863	0.295753	
352	100	6.233	8.69559	0.293692	
353	100	6.238	8.72473	0.296481	
354	100	6.236	8.75403	0.299555	
355	100	6.252	8.7806	0.302541	
356	100	6.274	8.8074	0.304809	
357	100	6.336	8.83605	0.307391	
358	100	6.41	8.86502	0.30614	
359	100	6.477	8.89273	0.309896	
360	100	6.537	8.9225	0.308767	
361	100	6.534	8.94826	0.314345	
362	100	6.566	8.97518	0.314419	
363	100	6.589	9.00292	0.315732	
364	100	6.643	9.02932	0.314344	
365	100	6.67	9.05871	0.313235	
366	100	6.685	9.09013	0.314129	
367	100	6.686	9.11825	0.312631	
368	100	6.681	9.14499	0.309254	
369	100	6.687	9.17238	0.311213	
370	100	6.719	9.19757	0.310909	
371	100	6.724	9.22429	0.309412	
372	100	6.728	9.25336	0.306063	
373	100	6.745	9.28041	0.307355	
374	100	6.762	9.31107	0.311417	
375	100	6.781	9.33893	0.316435	
376	100	6.807	9.36879	0.32045	
377	100	6.85	9.39859	0.318577	
378	100	6.86	9.42541	0.321988	
379	100	6.895	9.4513	0.3257	
380	100	6.91	9.4809	0.328276	
381	100	6.951	9.5125	0.32893	
382	100	6.961	9.54053	0.327616	
383	100	7.021	9.57224	0.323358	
384	100	7.016	9.60401	0.321972	
385	100	7.042	9.629	0.324922	
386	100	7.069	9.66183	0.319297	
387	100	7.051	9.68737	0.317703	
388	100	7.06	9.71635	0.316602	
389	100	7.064	9.74376	0.31655	
390	100	7.066	9.77061	0.31775	
391	100	7.058	9.7993	0.316798	
392	100	7.061	9.82799	0.317978	
393	100	7.042	9.85158	0.313094	
394	100	7.034	9.87966	0.311335	
395	100	7.061	9.90574	0.309695	
396	100	7.076	9.93672	0.306883	
397	100	7.077	9.96462	0.308134	
398	100	7.07	9.99295	0.304647	
399	100	7.1	10.0196	0.305026	
400	100	7.14	10.053	0.301562	
401	100	7.21	10.0815	0.303655	
402	100	7.207	10.1104	0.302736	
403	100	7.219	10.1373	0.303845	
404	100	7.252	10.1666	0.302621	
405	100	7.288	10.1919	0.302741	
406	100	7.331	10.2231	0.301666	
407	100	7.366	10.2493	0.300248	
408	100	7.392	10.2751	0.298816	
409	100	7.419	10.299	0.300668	
410	100	7.436	10.3258	0.302897	
411	100	7.418	10.3569	0.303736	
412	100	7.43	10.3801	0.302913	
413	100	7.448	10.4065	0.300741	
414	100	7.507	10.4332	0.302588	
415	100	7.533	10.461	0.299901	
416	100	7.553	10.4896	0.298196	
417	100	7.599	10.5176	0.300928	
418	100	7.64	10.5463	0.300073	
419	100	7.724	10.5711	0.299058	
420	100	7.74	10.6014	0.300139	
421	100	7.771	10.6275	0.300628	
422	100	7.794	10.6569	0.300538	
423	100	7.816	10.6869	0.301099	
424	100	7.821	10.7136	0.302438	
425	100	7.834	10.7455	0.298812	
426	100	7.883	10.7737	0.295451	
427	100	7.927	10.7981	0.297077	
428	100	7.964	10.8184	0.294637	
429	100	8.024	10.8443	0.294015	
430	100	8.058	10.874	0.295978	
431	100	8.092	10.9012	0.299865	
432	100	8.105	10.9291	0.300016	
433	100	8.13	10.9526	0.297544	
434	100	8.147	10.9823	0.296886	
435	100	8.147	11.0105	0.296693	
436	100	8.153	11.0397	0.299488	
437	100	8.158	11.0662	0.301678	
438	100	8.171	11.0887	0.302215	
439	100	8.219	11.1142	0.302677	
440	100	8.226	11.1384	0.306541	
441	100	8.224	11.1674	0.310072	
442	100	8.244	11.1984	0.312769	
443	100	8.242	11.2279	0.312496	
444	100	8.257	11.257	0.313797	
445	100	8.281	11.2833	0.310241	
446	100	8.297	11.3078	0.310856	
447	100	8.321	11.3347	0.308603	
448	100	8.376	11.3672	0.309906	
449	100	8.365	11.3885	0.309107	
450	100	8.354	11.4158	0.309443	
451	100	8.385	11.4465	0.307308	
452	100	8.373	11.4731	0.313509	
453	100	8.4	11.5035	0.314541	
454	100	8.424	11.5305	0.317109	
455	100	8.442	11.5587	0.315573	
456	100	8.457	11.5853	0.316208	
457	100	8.461	11.6141	0.319016	
458	100	8.486	11.6419	0.320136	
459	100	8.469	11.668	0.324243	
460	100	8.47	11.6965	0.327524	
461	100	8.467	11.7247	0.325279	
462	100	8.493	11.7524	0.322871	
463	100	8.502	11.7802	0.326561	
464	100	8.568	11.8054	0.330139	
465	100	8.57	11.8329	0.329585	
466	100	8.537	11.8617	0.333563	
467	100	8.563	11.8882	0.333345	
468	100	8.642	11.9178	0.33434	
469	100	8.655	11.9485	0.329178	
470	100	8.684	11.9811	0.328751	
471	100	8.753	12.0112	0.329565	
472	100	8.768	12.043	0.325776	
473	100	8.815	12.0699	0.321936	
474	100	8.83	12.0995	0.318523	
475	100	8.832	12.129	0.317458	
476	100	8.904	12.1567	0.314656	
477	100	8.919	12.1825	0.308121	
478	100	8.955	12.2106	0.306241	
479	100	9.017	12.2339	0.303444	
480	100	9.095	12.2639	0.303519	
481	100	9.104	12.2874	0.301506	
482	100	9.097	12.3124	0.300198	
483	100	9.155	12.3342	0.298966	
484	100	9.209	12.358	0.296166	
485	100	9.257	12.3812	0.2993	
486	100	9.273	12.4037	0.30051	
487	100	9.295	12.4256	0.302338	
488	100	9.326	12.4506	0.298114	
489	100	9.352	12.4775	0.295147	
490	100	9.395	12.5054	0.295593	
491	100	9.42	12.5284	0.294675	
492	100	9.468	12.5515	0.293489	
493	100	9.575	12.5757	0.294534	
494	100	9.601	12.6001	0.293216	
495	100	9.648	12.6263	0.292457	
496	100	9.658	12.6583	0.290535	
497	100	9.708	12.6841	0.290372	
498	100	9.772	12.7097	0.289829	
499	100	9.815	12.7337	0.293259	
500	100	9.841	12.7603	0.292467	
501	100	9.9	12.7885	0.296767	
502	100	9.934	12.8126	0.298861	
503	100	9.977	12.8389	0.300054	
504	100	10.015	12.8673	0.298346	
505	100	10.031	12.8996	0.299818	
506	100	10.09	12.9286	0.301647	
507	100	10.167	12.9557	0.299708	
508	100	10.16	12.9831	0.297832	
509	100	10.196	13.0064	0.301099	
510	100	10.226	13.0328	0.30291	
511	100	10.243	13.0618	0.303972	
512	100	10.24	13.0866	0.304314	
513	100	10.241	13.1176	0.304272	
514	100	10.28	13.1446	0.302314	
515	100	10.341	13.1723	0.301901	
516	100	10.39	13.1995	0.304337	
517	100	10.378	13.2301	0.302778	
518	100	10.422	13.2594	0.305776	
519	100	10.405	13.282	0.306502	
520	100	10.451	13.3134	0.308761	
521	100	10.449	13.339	0.311202	
522	100	10.429	13.3653	0.310571	
523	100	10.466	13.3951	0.310514	
524	100	10.451	13.4235	0.314222	
525	100	10.418	13.4538	0.321181	
526	100	10.425	13.4796	0.320454	
527	100	10.455	13.5091	0.32116	
528	100	10.467	13.5427	0.324212	
529	100	10.511	13.5736	0.327577	
530	100	10.548	13.6052	0.327571	
531	100	10.568	13.6329	0.32834	
532	100	10.61	13.6619	0.33386	
533	100	10.597	13.6905	0.339288	
534	100	10.636	13.7236	0.345173	
535	100	10.672	13.7534	0.347676	
536	100	10.662	13.7806	0.348044	
537	100	10.686	13.8113	0.351203	
538	100	10.749	13.8434	0.349565	
539	100	10.786	13.8773	0.350222	
540	100	10.795	13.9034	0.349604	
541	100	10.773	13.933	0.350693	
542	100	10.814	13.9641	0.35351	
543	100	10.824	13.997	0.349777	
544	100	10.867	14.0284	0.346238	
545	100	10.868	14.0572	0.344303	
546	100	10.894	14.0864	0.341469	
547	100	10.878	14.1126	0.337717	
548	100	10.885	14.1419	0.329184	
549	100	10.922	14.168	0.327137	
550	100	10.938	14.1941	0.325816	
551	100	10.931	14.2222	0.318286	
552	100	10.951	14.2443	0.313893	
553	100	10.997	14.2745	0.306115	
554	100	11.025	14.2988	0.300354	
555	100	11.024	14.3248	0.298076	
556	100	11.031	14.3543	0.294393	
557	100	11.086	14.3842	0.295212	
558	100	11.101	14.4101	0.294414	
559	100	11.129	14.4394	0.294562	
560	100	11.136	14.4652	0.297761	
561	100	11.149	14.4921	0.297622	
562	100	11.215	14.5225	0.296106	
563	100	11.212	14.5496	0.294196	
564	100	11.241	14.5749	0.296342	
565	100	11.299	14.5957	0.29185	
566	100	11.386	14.6202	0.288241	
567	100	11.404	14.6422	0.286836	
568	100	11.417	14.6662	0.288146	
569	100	11.422	14.6903	0.292568	
570	100	11.453	14.7148	0.297961	
571	100	11.477	14.7407	0.297658	
572	100	11.508	14.7636	0.301355	
573	100	11.528	14.7901	0.30366	
574	100	11.582	14.8171	0.307903	
575	100	11.632	14.8466	0.312069	
576	100	11.633	14.8685	0.31342	
577	100	11.642	14.8958	0.317254	
578	100	11.65	14.9265	0.318088	
579	100	11.671	14.9501	0.318551	
580	100	11.682	14.9828	0.319864	
581	100	11.705	15.0154	0.322228	
582	100	11.73	15.0425	0.320151	
583	100	11.733	15.0691	0.320358	
584	100	11.715	15.0972	0.316033	
585	100	11.746	15.1217	0.315716	
586	100	11.778	15.147	0.317003	
587	100	11.811	15.1792	0.31764	
588	100	11.838	15.2094	0.313407	
589	100	11.874	15.2415	0.312026	
590	100	11.887	15.267	0.308153	
591	100	11.902	15.2969	0.309059	
592	100	11.955	15.3253	0.303061	
593	100	11.977	15.3464	0.302225	
594	100	11.966	15.3698	0.302897	
595	100	11.994	15.3981	0.308649	
596	100	11.993	15.4262	0.306851	
597	100	12.028	15.452	0.309186	
598	100	12.062	15.4811	0.308836	
599	100	12.107	15.5038	0.307377	
600	100	12.164	15.5311	0.304023	
601	100	12.19	15.5583	0.301194	
602	100	12.267	15.5837	0.302217	
603	100	12.313	15.6083	0.301948	
604	100	12.342	15.6354	0.303233	
605	100	12.349	15.6638	0.306505	
606	100	12.427	15.6911	0.309209	
607	100	12.478	15.7166	0.311006	
608	100	12.547	15.7483	0.310336	
609	100	12.508	15.7747	0.311243	
610	100	12.547	15.8027	0.313839	
611	100	12.573	15.8262	0.313824	
612	100	12.648	15.8545	0.314292	
613	100	12.678	15.8814	0.315603	
614	100	12.721	15.911	0.31818	
615	100	12.715	15.9433	0.316124	
616	100	12.769	15.9712	0.31693	
617	100	12.777	15.9949	0.318177	
618	100	12.783	16.0242	0.320819	
619	100	12.8	16.0514	0.317623	
620	100	12.848	16.0769	0.317105	
621	100	12.871	16.1034	0.319972	
622	100	12.885	16.1319	0.316812	
623	100	12.925	16.1636	0.314116	
624	100	12.97	16.1885	0.309947	
625	100	13.004	16.2199	0.307444	
626	100	13.091	16.2501	0.305927	
627	100	13.189	16.2803	0.303203	
628	100	13.228	16.3048	0.302312	
629	100	13.291	16.3312	0.303179	
630	100	13.293	16.3576	0.300414	
631	100	13.343	16.3847	0.29779	
632	100	13.396	16.4142	0.296598	
633	100	13.413	16.4428	0.299596	
634	100	13.456	16.4724	0.301415	
635	100	13.571	16.5036	0.299958	
636	100	13.624	16.5267	0.298486	
637	100	13.698	16.556	0.301036	
638	100	13.718	16.5855	0.298237	
639	100	13.726	16.6151	0.301723	
640	100	13.816	16.6381	0.300743	
641	100	13.874	16.6655	0.3015	
642	100	13.937	16.6903	0.29995	
643	100	14	16.7199	0.295036	
644	100	14.06	16.743	0.296118	
645	100	14.078	16.7707	0.295741	
646	100	14.182	16.7993	0.294898	
647	100	14.235	16.8232	0.292726	
648	100	14.23	16.8482	0.291024	
649	100	14.316	16.8735	0.288507	
650	100	14.386	16.8992	0.288855	
651	100	14.472	16.9248	0.28517	
652	100	14.532	16.9496	0.282074	
653	100	14.611	16.9727	0.279628	
654	100	14.613	16.9996	0.279257	
655	100	14.656	17.0266	0.278613	
656	100	14.647	17.0508	0.282702	
657	100	14.697	17.0756	0.282749	
658	100	14.699	17.1003	0.280707	
659	100	14.729	17.1253	0.280399	
660	100	14.751	17.1459	0.279713	
661	100	14.787	17.1706	0.278843	
662	100	14.793	17.1959	0.276603	
663	100	14.82	17.2215	0.279454	
664	100	14.868	17.2493	0.282568	
665	100	14.889	17.2763	0.285629	
666	100	14.909	17.3034	0.287931	
667	100	14.901	17.3286	0.287454	
668	100	14.894	17.3552	0.291689	
669	100	14.905	17.3853	0.294708	
670	100	14.916	17.4081	0.295952	
671	100	14.922	17.4316	0.29911	
672	100	14.925	17.4549	0.30141	
673	100	14.931	17.4775	0.303922	
674	100	14.958	17.5028	0.303438	
675	100	14.965	17.5274	0.302095	
676	100	14.959	17.5552	0.303838	
677	100	14.96	17.5851	0.303938	
678	100	14.976	17.6146	0.307436	
679	100	15.005	17.6428	0.308934	
680	100	15.014	17.6679	0.312459	
681	100	15.041	17.6892	0.316742	
682	100	15.075	17.7142	0.319286	
683	100	15.092	17.7395	0.325183	
684	100	15.114	17.7695	0.333731	
685	100	15.151	17.7957	0.334489	
686	100	15.168	17.8235	0.339065	
687	100	15.202	17.8567	0.347815	
688	100	15.256	17.885	0.348432	
689	100	15.28	17.9149	0.352771	
690	100	15.342	17.9455	0.35098	
691	100	15.394	17.9771	0.349609	
692	100	15.389	18.0062	0.349739	
693	100	15.419	18.0362	0.351798	
694	100	15.471	18.0655	0.352423	
695	100	15.584	18.0977	0.356792	
696	100	15.585	18.1261	0.353151	
697	100	15.642	18.1601	0.352005	
698	100	15.724	18.1898	0.354627	
699	100	15.741	18.2194	0.352546	
700	100	15.741	18.2505	0.351052	
701	100	15.816	18.2882	0.349505	
702	100	15.828	18.3229	0.359988	
703	100	15.896	18.3563	0.360731	
704	100	15.937	18.3861	0.363488	
705	100	15.95	18.4153	0.369792	
706	100	15.994	18.4494	0.373415	
707	100	16.071	18.4809	0.371669	
708	100	16.144	18.5135	0.368171	
709	100	16.233	18.5413	0.368454	
710	100	16.311	18.5746	0.366622	
711	100	16.331	18.5993	0.365033	
712	100	16.369	18.6282	0.362218	
713	100	16.462	18.6591	0.358808	
714	100	16.496	18.6921	0.355865	
715	100	16.599	18.7239	0.345655	
716	100	16.676	18.755	0.345282	
717	100	16.733	18.7799	0.339399	
718	100	16.758	18.8097	0.341454	
719	100	16.807	18.8394	0.338282	
720	100	16.795	18.8668	0.338828	
721	100	16.789	18.8924	0.337562	
722	100	16.866	18.9198	0.334935	
723	100	16.889	18.9477	0.333886	
724	100	16.901	18.9749	0.32931	
725	100	16.935	19.0021	0.324825	
726	100	16.944	19.0312	0.326214	
727	100	16.948	19.0581	0.322507	
728	100	16.945	19.0873	0.322823	
729	100	16.955	19.1164	0.325396	
730	100	16.966	19.1443	0.317521	
731	100	16.976	19.168	0.312072	
732	100	17.018	19.198	0.311472	
733	100	17.052	19.2318	0.31039	
734	100	17.016	19.2632	0.314661	
735	100	17.027	19.2922	0.308789	
736	100	17.057	19.3168	0.311445	
737	100	17.064	19.3472	0.305683	
738	100	17.075	19.377	0.304157	
739	100	17.065	19.4012	0.302198	
740	100	17.089	19.4273	0.304514	
741	100	17.117	19.4552	0.30051	
742	100	17.113	19.4806	0.299631	
743	100	17.112	19.5052	0.297899	
744	100	17.134	19.5288	0.300555	
745	100	17.121	19.5561	0.296735	
746	100	17.121	19.5878	0.295115	
747	100	17.127	19.6132	0.297396	
748	100	17.156	19.6377	0.297538	
749	100	17.15	19.6628	0.297736	
750	100	17.133	19.6861	0.298531	
751	100	17.147	19.7112	0.300682	
752	100	17.151	19.7378	0.30122	
753	100	17.173	19.7678	0.298515	
754	100	17.184	19.7959	0.295944	
755	100	17.206	19.8226	0.292333	
756	100	17.2	19.8482	0.296279	
757	100	17.208	19.8728	0.291958	
758	100	17.224	19.8977	0.297581	
759	100	17.236	19.9268	0.2974	
760	100	17.251	19.9546	0.29604	
761	100	17.285	19.9822	0.295523	
762	100	17.288	20.0074	0.294557	
763	100	17.324	20.0315	0.29781	
764	100	17.351	20.0591	0.298191	
765	100	17.372	20.082	0.30221	
766	100	17.352	20.1112	0.297819	
767	100	17.382	20.1378	0.30019	
768	100	17.398	20.166	0.301081	
769	100	17.414	20.1907	0.304001	
770	100	17.443	20.2135	0.304338	
771	100	17.476	20.2432	0.299498	
772	100	17.504	20.2647	0.299201	
773	100	17.562	20.2948	0.301004	
774	100	17.637	20.3228	0.302269	
775	100	17.766	20.3517	0.306619	
776	100	17.773	20.3781	0.304354	
777	100	17.836	20.401	0.30643	
778	100	17.819	20.4305	0.30453	
779	100	17.858	20.4583	0.303746	
780	100	17.897	20.4826	0.300286	
781	100	17.922	20.5052	0.300838	
782	100	17.965	20.5333	0.300665	
783	100	17.989	20.5627	0.299818	
784	100	17.984	20.5876	0.299964	
785	100	17.996	20.6124	0.298936	
786	100	18.007	20.637	0.299063	
787	100	18.04	20.6668	0.298906	
788	100	18.032	20.6916	0.300621	
789	100	18.037	20.7182	0.299109	
790	100	18.066	20.748	0.301381	
791	100	18.067	20.7776	0.305604	
792	100	18.106	20.8054	0.309695	
793	100	18.148	20.8346	0.312231	
794	100	18.142	20.8646	0.31592	
795	100	18.192	20.8932	0.314801	
796	100	18.224	20.9242	0.315565	
797	100	18.232	20.951	0.319895	
798	100	18.257	20.978	0.31928	
799	100	18.347	21.0061	0.320232	
800	100	18.355	21.0371	0.320547	
801	100	18.402	21.07	0.320015	
802	100	18.434	21.0976	0.316944	
803	100	18.46	21.1277	0.312716	
804	100	18.485	21.1561	0.310719	
805	100	18.462	21.1851	0.30911	
806	100	18.486	21.2137	0.308108	
807	100	18.548	21.2433	0.306778	
808	100	18.561	21.2695	0.306234	
809	100	18.552	21.2958	0.301689	
810	100	18.618	21.3244	0.300638	
811	100	18.643	21.3462	0.296571	
812	100	18.705	21.373	0.299842	
813	100	18.769	21.4026	0.298645	
814	100	18.776	21.4296	0.29557	
815	100	18.79	21.4586	0.295504	
816	100	18.819	21.4861	0.295295	
817	100	18.842	21.5134	0.298263	
818	100	18.842	21.5391	0.298385	
819	100	18.841	21.5628	0.297464	
820	100	18.854	21.5886	0.29817	
821	100	18.861	21.6177	0.300663	
822	100	18.865	21.6462	0.301583	
823	100	18.893	21.6732	0.297999	
824	100	18.898	21.701	0.295717	
825	100	18.901	21.7273	0.298977	
826	100	18.922	21.7512	0.29672	
827	100	18.928	21.779	0.299608	
828	100	18.936	21.8042	0.300268	
829	100	18.937	21.8324	0.300504	
830	100	18.923	21.8609	0.300574	
831	100	18.941	21.8873	0.298929	
832	100	18.905	21.9152	0.30213	
833	100	18.917	21.9406	0.302978	
834	100	18.954	21.9659	0.307024	
835	100	18.981	21.997	0.311764	
836	100	19.008	22.0227	0.314123	
837	100	19.034	22.0478	0.316241	
838	100	19.084	22.0767	0.317903	
839	100	19.075	22.1063	0.319624	
840	100	19.111	22.1366	0.323888	
841	100	19.187	22.1641	0.322439	
842	100	19.241	22.1899	0.322775	
843	100	19.245	22.219	0.326672	
844	100	19.261	22.2463	0.327028	
845	100	19.328	22.2753	0.329173	
846	100	19.326	22.3	0.334117	
847	100	19.4	22.3348	0.339213	
848	100	19.454	22.3618	0.339801	
849	100	19.535	22.3923	0.346019	
850	100	19.556	22.4228	0.343335	
851	100	19.662	22.4553	0.344994	
852	100	19.817	22.4846	0.343341	
853	100	19.925	22.5156	0.34329	
854	100	20.057	22.5465	0.34288	
855	100	20.238	22.5773	0.340903	
856	100	20.395	22.6025	0.339262	
857	100	20.351	22.6298	0.341223	
858	100	20.437	22.6534	0.341238	
859	100	20.563	22.6814	0.342893	
860	100	20.643	22.7125	0.343284	
861	100	20.72	22.7438	0.342201	
862	100	20.802	22.7745	0.339671	
863	100	20.821	22.805	0.337857	
864	100	20.92	22.836	0.339454	
865	100	20.942	22.8659	0.338582	
866	100	20.918	22.89	0.334398	
867	100	20.967	22.9203	0.327805	
868	100	21.015	22.9519	0.324689	
869	100	21.013	22.9817	0.324725	
870	100	21.101	23.0107	0.325787	
871	100	21.22	23.0402	0.320411	
872	100	21.261	23.0712	0.313857	
873	100	21.326	23.1033	0.308339	
874	100	21.392	23.1278	0.304222	
875	100	21.43	23.1549	0.3022	
876	100	21.469	23.1863	0.297913	
877	100	21.542	23.2124	0.299437	
878	100	21.55	23.2396	0.295412	
879	100	21.616	23.2667	0.294232	
880	100	21.645	23.2945	0.29073	
881	100	21.709	23.3205	0.285841	
882	100	21.707	23.3424	0.284296	
883	100	21.709	23.3683	0.285807	
884	100	21.72	23.3917	0.284998	
885	100	21.718	23.4174	0.282253	
886	100	21.759	23.4423	0.281397	
887	100	21.763	23.4645	0.280939	
888	100	21.769	23.4911	0.283903	
889	100	21.792	23.517	0.283151	
890	100	21.794	23.5413	0.285568	
891	100	21.799	23.5686	0.289004	
892	100	21.795	23.5932	0.292741	
893	100	21.815	23.6165	0.296763	
894	100	21.851	23.6464	0.300911	
895	100	21.863	23.6744	0.302593	
896	100	21.912	23.7037	0.302245	
897	100	21.932	23.7336	0.301779	
898	100	21.963	23.7629	0.303795	
899	100	21.973	23.791	0.310414	
900	100	22.019	23.8172	0.312162	
901	100	22.031	23.8439	0.312586	
902	100	22.044	23.8705	0.311161	
903	100	22.054	23.8991	0.314597	
904	100	22.04	23.9299	0.318891	
905	100	22.037	23.9576	0.320842	
906	100	22.079	23.9866	0.31717	
907	100	22.109	24.0146	0.319072	
908	100	22.096	24.0427	0.322883	
909	100	22.119	24.0688	0.32068	
910	100	22.153	24.0993	0.320106	
911	100	22.196	24.1291	0.320777	
912	100	22.208	24.1572	0.317935	
913	100	22.224	24.1896	0.313773	
914	100	22.264	24.2234	0.311387	
915	100	22.26	24.251	0.30854	
916	100	22.281	24.2781	0.307253	
917	100	22.304	24.3099	0.30393	
918	100	22.307	24.3353	0.302835	
919	100	22.315	24.3646	0.308295	
920	100	22.325	24.3907	0.31165	
921	100	22.331	24.413	0.312093	
922	100	22.336	24.4412	0.315354	
923	100	22.335	24.4707	0.317351	
924	100	22.384	24.4965	0.317474	
925	100	22.366	24.5262	0.317168	
926	100	22.385	24.5533	0.319841	
927	100	22.422	24.5798	0.324299	
928	100	22.458	24.6061	0.325122	
929	100	22.505	24.6386	0.324156	
930	100	22.539	24.6696	0.325449	
931	100	22.558	24.6991	0.328782	
932	100	22.631	24.7314	0.325463	
933	100	22.65	24.7609	0.323545	
934	100	22.665	24.7841	0.32065	
935	100	22.655	24.816	0.319945	
936	100	22.69	24.8415	0.316262	
937	100	22.708	24.8653	0.315862	
938	100	22.755	24.8975	0.315252	
939	100	22.763	24.9226	0.313794	
940	100	22.746	24.9515	0.309974	
941	100	22.751	24.9798	0.309031	
942	100	22.804	25.0044	0.310107	
943	100	22.821	25.0331	0.309184	
944	100	22.841	25.0576	0.30464	
945	100	22.857	25.0905	0.301845	
946	100	22.86	25.1167	0.304967	
947	100	22.869	25.1421	0.306387	
948	100	22.874	25.1716	0.302338	
949	100	22.895	25.1944	0.302673	
950	100	22.899	25.2263	0.302217	
951	100	22.911	25.2513	0.304335	
952	100	22.923	25.2719	0.30412	
953	100	22.925	25.3015	0.30469	
954	100	22.964	25.3284	0.30319	
955	100	22.97	25.3565	0.299985	
956	100	22.976	25.3769	0.296662	
957	100	22.99	25.402	0.29727	
958	100	23.002	25.4272	0.298151	
959	100	22.999	25.4517	0.296441	
960	100	22.998	25.4793	0.299479	
961	100	23.017	25.503	0.30331	
962	100	23.05	25.5299	0.311382	
963	100	23.036	25.5522	0.314079	
964	100	23.052	25.5791	0.317608	
965	100	23.058	25.6102	0.322912	
966	100	23.067	25.6419	0.326358	
967	100	23.042	25.6691	0.330915	
968	100	23.035	25.7016	0.33147	
969	100	23.071	25.73	0.33694	
970	100	23.056	25.7649	0.342124	
971	100	23.065	25.7964	0.343382	
972	100	23.077	25.8252	0.343236	
973	100	23.065	25.8543	0.346271	
974	100	23.052	25.8871	0.344084	
975	100	23.081	25.9159	0.342863	
976	100	23.101	25.9477	0.343487	
977	100	23.147	25.9798	0.343365	
978	100	23.163	26.0104	0.345585	
979	100	23.163	26.0424	0.344961	
980	100	23.207	26.0744	0.34438	
981	100	23.203	26.1029	0.344227	
982	100	23.234	26.1312	0.343229	
983	100	23.306	26.1625	0.34438	
984	100	23.363	26.1944	0.340147	
985	100	23.34	26.226	0.338774	
986	100	23.352	26.2557	0.337126	
987	100	23.397	26.2867	0.334792	
988	100	23.368	26.3189	0.332722	
989	100	23.452	26.3447	0.332551	
990	100	23.471	26.371	0.330589	
991	100	23.49	26.3968	0.321665	
992	100	23.546	26.4277	0.31934	
993	100	23.547	26.4545	0.315396	
994	100	23.637	26.4816	0.316047	
995	100	23.762	26.5081	0.315103	
996	100	23.805	26.5341	0.318816	
997	100	23.837	26.5596	0.320261	
998	100	23.827	26.5874	0.316464	
999	100	23.914	26.6127	0.318351	
1000	100	23.94	26.6437	0.31853	
