# ./graphs/geo_normal/test_19.txt
# mu = 0.001, s = 0.1, trials requested = 100, runtime = 0:07:58
# "Time"	"Actual trials"	"Mean mutation"	"Average mean mutation"	"Average mutation variance"
0	100	0	0	0	
1	100	0.003	0.00112	0.00111696	
2	100	0.007	0.00232	0.00230796	
3	100	0.008	0.00326	0.003259	
4	100	0.013	0.00459	0.00458415	
5	100	0.029	0.00673	0.00679157	
6	100	0.029	0.0086	0.00880624	
7	100	0.038	0.0099	0.0101985	
8	100	0.039	0.01077	0.0109466	
9	100	0.053	0.01346	0.013705	
10	100	0.057	0.01684	0.0171258	
11	100	0.065	0.01948	0.0198525	
12	100	0.077	0.02304	0.0232191	
13	100	0.075	0.02622	0.0268106	
14	100	0.094	0.03034	0.0306944	
15	100	0.09	0.03319	0.0330113	
16	100	0.107	0.03834	0.037953	
17	100	0.114	0.04003	0.0394005	
18	100	0.112	0.0441	0.0430232	
19	100	0.139	0.04937	0.047974	
20	100	0.134	0.05455	0.0535466	
21	100	0.14	0.06121	0.0598211	
22	100	0.172	0.06845	0.066715	
23	100	0.211	0.0763	0.0741178	
24	100	0.29	0.08471	0.082217	
25	100	0.327	0.09547	0.0920557	
26	100	0.382	0.10685	0.102725	
27	100	0.463	0.11603	0.109891	
28	100	0.537	0.13115	0.121912	
29	100	0.543	0.14302	0.132932	
30	100	0.607	0.15514	0.141303	
31	100	0.627	0.16889	0.153428	
32	100	0.674	0.18345	0.161657	
33	100	0.731	0.19495	0.169575	
34	100	0.699	0.20833	0.178535	
35	100	0.709	0.22248	0.188434	
36	100	0.83	0.24234	0.199421	
37	100	0.908	0.26196	0.208999	
38	100	1.03	0.28094	0.216069	
39	100	1.094	0.30086	0.224251	
40	100	1.141	0.32426	0.233983	
41	100	1.169	0.34625	0.242592	
42	100	1.208	0.36806	0.247726	
43	100	1.235	0.39391	0.253039	
44	100	1.214	0.41405	0.259941	
45	100	1.262	0.43843	0.268534	
46	100	1.27	0.4635	0.272889	
47	100	1.316	0.49227	0.277041	
48	100	1.423	0.51608	0.281601	
49	100	1.488	0.54298	0.286677	
50	100	1.479	0.56824	0.289364	
51	100	1.512	0.59748	0.289659	
52	100	1.561	0.62544	0.293431	
53	100	1.578	0.64657	0.292527	
54	100	1.601	0.67756	0.297992	
55	100	1.596	0.70786	0.297947	
56	100	1.619	0.73965	0.30249	
57	100	1.595	0.76861	0.304682	
58	100	1.584	0.79498	0.307022	
59	100	1.66	0.82467	0.307874	
60	100	1.708	0.84908	0.31061	
61	100	1.746	0.8746	0.311595	
62	100	1.764	0.90483	0.308414	
63	100	1.781	0.93192	0.306173	
64	100	1.788	0.95945	0.304125	
65	100	1.791	0.98191	0.300472	
66	100	1.822	1.00564	0.298144	
67	100	1.844	1.03181	0.299442	
68	100	1.851	1.06341	0.297591	
69	100	1.844	1.08961	0.299134	
70	100	1.869	1.11363	0.300847	
71	100	1.889	1.13894	0.29963	
72	100	1.907	1.16533	0.297675	
73	100	1.879	1.19246	0.299834	
74	100	1.887	1.21339	0.301311	
75	100	1.871	1.24043	0.301741	
76	100	1.9	1.2661	0.302426	
77	100	1.93	1.29757	0.301378	
78	100	1.944	1.32352	0.304411	
79	100	1.949	1.34653	0.301115	
80	100	1.958	1.37298	0.302835	
81	100	1.972	1.39722	0.301858	
82	100	1.968	1.42234	0.30101	
83	100	1.978	1.45093	0.298128	
84	100	1.988	1.4782	0.295909	
85	100	2	1.50519	0.295667	
86	100	1.986	1.52637	0.297073	
87	100	2.03	1.55345	0.297756	
88	100	2.049	1.57652	0.299211	
89	100	2.046	1.60399	0.295969	
90	100	2.046	1.63507	0.298579	
91	100	2.045	1.66262	0.302424	
92	100	2.065	1.68876	0.304103	
93	100	2.094	1.71849	0.310437	
94	100	2.089	1.74593	0.307405	
95	100	2.08	1.77415	0.308202	
96	100	2.087	1.79859	0.312274	
97	100	2.081	1.82354	0.316447	
98	100	2.088	1.84951	0.318564	
99	100	2.09	1.8808	0.319094	
100	100	2.088	1.91117	0.321992	
101	100	2.105	1.93854	0.325366	
102	100	2.139	1.96647	0.327085	
103	100	2.18	1.99659	0.330491	
104	100	2.186	2.03202	0.332775	
105	100	2.216	2.05932	0.334096	
106	100	2.211	2.0858	0.330347	
107	100	2.245	2.11525	0.325976	
108	100	2.245	2.14097	0.322474	
109	100	2.264	2.17039	0.321902	
110	100	2.27	2.1971	0.319648	
111	100	2.297	2.22226	0.3146	
112	100	2.332	2.25114	0.309925	
113	100	2.322	2.27302	0.309665	
114	100	2.342	2.29926	0.306809	
115	100	2.348	2.32676	0.309653	
116	100	2.401	2.3547	0.309301	
117	100	2.455	2.38474	0.307728	
118	100	2.439	2.4087	0.304349	
119	100	2.478	2.43277	0.304323	
120	100	2.559	2.45425	0.30051	
121	100	2.64	2.47948	0.300344	
122	100	2.678	2.50844	0.294874	
123	100	2.705	2.53627	0.292404	
124	100	2.751	2.56168	0.290353	
125	100	2.852	2.58721	0.292898	
126	100	2.89	2.61437	0.291975	
127	100	2.897	2.63996	0.291961	
128	100	2.949	2.67021	0.29054	
129	100	2.981	2.69362	0.292577	
130	100	3.012	2.7168	0.292199	
131	100	3.068	2.74683	0.285612	
132	100	3.07	2.77227	0.28814	
133	100	3.129	2.79728	0.29093	
134	100	3.158	2.8191	0.292299	
135	100	3.197	2.84519	0.296185	
136	100	3.266	2.87339	0.299342	
137	100	3.321	2.90134	0.305188	
138	100	3.331	2.93331	0.301252	
139	100	3.365	2.96026	0.302535	
140	100	3.395	2.99031	0.304634	
141	100	3.47	3.02013	0.307055	
142	100	3.574	3.04963	0.30738	
143	100	3.56	3.07559	0.308014	
144	100	3.6	3.103	0.308319	
145	100	3.64	3.13328	0.304349	
146	100	3.681	3.16118	0.30277	
147	100	3.715	3.18794	0.304662	
148	100	3.777	3.21239	0.301758	
149	100	3.795	3.23825	0.300995	
150	100	3.783	3.26129	0.299169	
151	100	3.809	3.28471	0.301532	
152	100	3.87	3.30904	0.302278	
153	100	3.931	3.33498	0.304034	
154	100	3.99	3.35942	0.306562	
155	100	4.017	3.38737	0.310834	
156	100	4.064	3.41011	0.309367	
157	100	4.15	3.43804	0.310472	
158	100	4.187	3.46827	0.31515	
159	100	4.204	3.49248	0.315728	
160	100	4.289	3.52149	0.315148	
161	100	4.339	3.54838	0.321328	
162	100	4.381	3.5732	0.323638	
163	100	4.447	3.60674	0.324009	
164	100	4.448	3.63794	0.332525	
165	100	4.466	3.66698	0.329393	
166	100	4.461	3.6968	0.329635	
167	100	4.53	3.728	0.331021	
168	100	4.573	3.7551	0.329341	
169	100	4.575	3.78363	0.330968	
170	100	4.625	3.8147	0.330904	
171	100	4.65	3.8389	0.332857	
172	100	4.664	3.87164	0.329668	
173	100	4.662	3.90095	0.324873	
174	100	4.657	3.9284	0.32251	
175	100	4.647	3.95805	0.315553	
176	100	4.691	3.988	0.315162	
177	100	4.708	4.01444	0.316738	
178	100	4.744	4.03819	0.316439	
179	100	4.776	4.06381	0.315394	
180	100	4.827	4.09347	0.311843	
181	100	4.864	4.11987	0.310628	
182	100	4.893	4.14793	0.304686	
183	100	4.964	4.17695	0.31051	
184	100	5.035	4.20399	0.310416	
185	100	5.01	4.23495	0.312967	
186	100	5.067	4.26107	0.311602	
187	100	5.183	4.29021	0.314642	
188	100	5.237	4.32047	0.317149	
189	100	5.327	4.34477	0.322414	
190	100	5.364	4.37349	0.31988	
191	100	5.407	4.40129	0.323399	
192	100	5.461	4.43221	0.328222	
193	100	5.526	4.45841	0.332036	
194	100	5.595	4.49013	0.335287	
195	100	5.602	4.51462	0.335095	
196	100	5.727	4.55024	0.338545	
197	100	5.767	4.57893	0.341444	
198	100	5.894	4.6064	0.337674	
199	100	6.033	4.63614	0.343276	
200	100	6.102	4.66692	0.34493	
201	100	6.18	4.69469	0.349321	
202	100	6.235	4.72588	0.352465	
203	100	6.325	4.75964	0.351281	
204	100	6.372	4.79337	0.354659	
205	100	6.403	4.82359	0.35635	
206	100	6.498	4.85506	0.357118	
207	100	6.571	4.88425	0.357624	
208	100	6.584	4.91552	0.356943	
209	100	6.608	4.94345	0.359612	
210	100	6.594	4.97437	0.364281	
211	100	6.687	5.00687	0.366991	
212	100	6.777	5.04503	0.367599	
213	100	6.836	5.07805	0.370692	
214	100	6.876	5.1073	0.369961	
215	100	6.946	5.13725	0.368814	
216	100	6.952	5.16763	0.368932	
217	100	7.006	5.20203	0.374134	
218	100	7.039	5.23444	0.373206	
219	100	7.1	5.26501	0.378246	
220	100	7.109	5.29955	0.374467	
221	100	7.113	5.33153	0.374512	
222	100	7.145	5.36696	0.372019	
223	100	7.17	5.39936	0.370732	
224	100	7.221	5.42843	0.370066	
225	100	7.269	5.45499	0.370118	
226	100	7.297	5.48787	0.366782	
227	100	7.355	5.52324	0.361947	
228	100	7.343	5.55701	0.36165	
229	100	7.376	5.58849	0.359254	
230	100	7.407	5.61917	0.359506	
231	100	7.421	5.6459	0.3603	
232	100	7.407	5.67403	0.35845	
233	100	7.444	5.7015	0.361399	
234	100	7.471	5.73526	0.35831	
235	100	7.49	5.76253	0.355239	
236	100	7.486	5.79014	0.349034	
237	100	7.499	5.82214	0.346432	
238	100	7.487	5.85369	0.341604	
239	100	7.5	5.88341	0.336514	
240	100	7.529	5.91187	0.335985	
241	100	7.567	5.9435	0.333438	
242	100	7.598	5.97267	0.331157	
243	100	7.63	6.00458	0.325368	
244	100	7.658	6.03209	0.324205	
245	100	7.688	6.06231	0.324237	
246	100	7.682	6.09161	0.319697	
247	100	7.69	6.12089	0.322168	
248	100	7.726	6.15148	0.320239	
249	100	7.737	6.1789	0.317018	
250	100	7.76	6.21196	0.315981	
251	100	7.776	6.24087	0.319881	
252	100	7.813	6.27293	0.317958	
253	100	7.86	6.30059	0.317742	
254	100	7.862	6.32765	0.316152	
255	100	7.848	6.35383	0.317464	
256	100	7.868	6.38394	0.318198	
257	100	7.901	6.41199	0.320216	
258	100	7.935	6.43696	0.318044	
259	100	7.92	6.46591	0.320095	
260	100	7.917	6.49474	0.318236	
261	100	7.948	6.52225	0.318773	
262	100	7.98	6.54643	0.321376	
263	100	7.987	6.57411	0.323511	
264	100	8.014	6.60419	0.318422	
265	100	8.027	6.63165	0.319915	
266	100	8.055	6.66087	0.317511	
267	100	8.079	6.68587	0.319275	
268	100	8.089	6.71117	0.315701	
269	100	8.089	6.73857	0.31285	
270	100	8.094	6.76564	0.310839	
271	100	8.064	6.79212	0.308257	
272	100	8.08	6.81271	0.304345	
273	100	8.101	6.83885	0.2986	
274	100	8.1	6.86818	0.29626	
275	100	8.118	6.89294	0.294453	
276	100	8.123	6.91853	0.291485	
277	100	8.148	6.94697	0.28625	
278	100	8.184	6.97921	0.282502	
279	100	8.193	7.00769	0.279178	
280	100	8.205	7.03111	0.276095	
281	100	8.23	7.05732	0.27695	
282	100	8.205	7.08031	0.282257	
283	100	8.226	7.10704	0.283594	
284	100	8.24	7.13396	0.283656	
285	100	8.242	7.16273	0.285659	
286	100	8.267	7.19064	0.29035	
287	100	8.291	7.21487	0.29092	
288	100	8.321	7.24129	0.293013	
289	100	8.309	7.26945	0.295423	
290	100	8.352	7.29714	0.299846	
291	100	8.336	7.32148	0.30325	
292	100	8.347	7.34746	0.307267	
293	100	8.369	7.38142	0.313877	
294	100	8.394	7.40762	0.317195	
295	100	8.411	7.434	0.314718	
296	100	8.442	7.46187	0.314755	
297	100	8.401	7.48529	0.317782	
298	100	8.419	7.51512	0.319587	
299	100	8.436	7.54473	0.321001	
300	100	8.466	7.57333	0.323467	
301	100	8.523	7.60152	0.320797	
302	100	8.591	7.62757	0.317599	
303	100	8.646	7.65731	0.314842	
304	100	8.685	7.68581	0.310829	
305	100	8.733	7.71512	0.306022	
306	100	8.757	7.74519	0.303233	
307	100	8.823	7.77689	0.302968	
308	100	8.846	7.80338	0.298751	
309	100	8.902	7.83041	0.299913	
310	100	8.914	7.85527	0.297191	
311	100	8.904	7.88098	0.296704	
312	100	8.932	7.90445	0.293713	
313	100	8.982	7.92922	0.294792	
314	100	9.012	7.95744	0.295282	
315	100	9.018	7.98331	0.29204	
316	100	9.062	8.00957	0.293572	
317	100	9.096	8.03878	0.293662	
318	100	9.099	8.06761	0.291859	
319	100	9.119	8.0924	0.294443	
320	100	9.124	8.1174	0.295146	
321	100	9.118	8.14118	0.293524	
322	100	9.173	8.16324	0.294407	
323	100	9.241	8.19004	0.294273	
324	100	9.278	8.21528	0.297427	
325	100	9.271	8.24052	0.298893	
326	100	9.294	8.26949	0.299838	
327	100	9.35	8.29639	0.30341	
328	100	9.34	8.32851	0.306988	
329	100	9.344	8.3534	0.309115	
330	100	9.39	8.3788	0.309323	
331	100	9.419	8.4046	0.310853	
332	100	9.433	8.43455	0.308279	
333	100	9.482	8.46477	0.312721	
334	100	9.536	8.49072	0.315502	
335	100	9.547	8.51633	0.312757	
336	100	9.574	8.54326	0.313429	
337	100	9.627	8.57351	0.31287	
338	100	9.655	8.59863	0.311733	
339	100	9.705	8.62775	0.310135	
340	100	9.749	8.6595	0.309837	
341	100	9.751	8.68828	0.30595	
342	100	9.753	8.71551	0.308578	
343	100	9.821	8.74475	0.305076	
344	100	9.857	8.77072	0.300223	
345	100	9.894	8.79873	0.299063	
346	100	9.92	8.82845	0.300552	
347	100	9.892	8.85493	0.296111	
348	100	9.923	8.87989	0.296345	
349	100	9.959	8.91112	0.296786	
350	100	9.981	8.93665	0.293688	
351	100	9.996	8.96653	0.292166	
352	100	10.021	8.99195	0.293731	
353	100	10.027	9.01841	0.296161	
354	100	10.031	9.04809	0.29769	
355	100	10.047	9.07438	0.301687	
356	100	10.12	9.10113	0.303412	
357	100	10.14	9.13135	0.304511	
358	100	10.14	9.16241	0.307529	
359	100	10.158	9.18873	0.314321	
360	100	10.2	9.21414	0.322713	
361	100	10.207	9.23978	0.329001	
362	100	10.258	9.26665	0.333183	
363	100	10.279	9.2971	0.337765	
364	100	10.353	9.32342	0.343452	
365	100	10.428	9.35375	0.345991	
366	100	10.461	9.386	0.349968	
367	100	10.504	9.42052	0.354108	
368	100	10.502	9.45027	0.354916	
369	100	10.548	9.47982	0.356841	
370	100	10.586	9.5125	0.351111	
371	100	10.605	9.54405	0.351451	
372	100	10.639	9.56911	0.350215	
373	100	10.621	9.59849	0.348605	
374	100	10.658	9.62865	0.353128	
375	100	10.651	9.6607	0.35036	
376	100	10.661	9.68948	0.345335	
377	100	10.66	9.72379	0.340996	
378	100	10.688	9.75218	0.338205	
379	100	10.684	9.78388	0.335103	
380	100	10.708	9.80932	0.339473	
381	100	10.723	9.83865	0.339731	
382	100	10.781	9.86539	0.337667	
383	100	10.801	9.89593	0.336094	
384	100	10.859	9.92504	0.334792	
385	100	10.905	9.95461	0.334955	
386	100	10.974	9.98192	0.33103	
387	100	11.022	10.0125	0.332278	
388	100	11.05	10.0448	0.334409	
389	100	11.076	10.0729	0.336581	
390	100	11.112	10.1069	0.338358	
391	100	11.18	10.14	0.33665	
392	100	11.198	10.1711	0.333802	
393	100	11.222	10.2018	0.33315	
394	100	11.269	10.2309	0.33374	
395	100	11.25	10.2597	0.33231	
396	100	11.254	10.2908	0.332832	
397	100	11.33	10.3195	0.328999	
398	100	11.368	10.3472	0.327405	
399	100	11.333	10.3718	0.325735	
400	100	11.364	10.3989	0.324104	
401	100	11.389	10.4331	0.324157	
402	100	11.421	10.464	0.322475	
403	100	11.407	10.4897	0.320789	
404	100	11.449	10.5131	0.325457	
405	100	11.482	10.5428	0.32447	
406	100	11.559	10.5683	0.327515	
407	100	11.605	10.5946	0.328382	
408	100	11.631	10.6212	0.329211	
409	100	11.618	10.6531	0.334031	
410	100	11.671	10.6828	0.331136	
411	100	11.716	10.707	0.333724	
412	100	11.755	10.7372	0.332834	
413	100	11.773	10.7643	0.330149	
414	100	11.818	10.7998	0.324673	
415	100	11.82	10.8267	0.324695	
416	100	11.825	10.8532	0.318356	
417	100	11.841	10.8785	0.31842	
418	100	11.899	10.9092	0.313468	
419	100	11.981	10.9398	0.311726	
420	100	12.005	10.9667	0.311082	
421	100	11.997	10.9932	0.30703	
422	100	12.037	11.0232	0.301693	
423	100	12.083	11.0505	0.299237	
424	100	12.088	11.0764	0.29817	
425	100	12.113	11.0975	0.294636	
426	100	12.169	11.1191	0.29481	
427	100	12.199	11.1481	0.29337	
428	100	12.237	11.1776	0.292659	
429	100	12.227	11.2032	0.293278	
430	100	12.216	11.2289	0.290544	
431	100	12.207	11.2558	0.287692	
432	100	12.233	11.2816	0.289521	
433	100	12.261	11.3072	0.289321	
434	100	12.251	11.3326	0.286783	
435	100	12.262	11.3537	0.288082	
436	100	12.321	11.3785	0.287393	
437	100	12.359	11.4066	0.29229	
438	100	12.399	11.4306	0.293274	
439	100	12.396	11.4569	0.293831	
440	100	12.46	11.4842	0.292883	
441	100	12.533	11.511	0.293833	
442	100	12.56	11.5323	0.292287	
443	100	12.607	11.5511	0.291535	
444	100	12.59	11.5772	0.293892	
445	100	12.669	11.6055	0.293698	
446	100	12.68	11.6334	0.294954	
447	100	12.721	11.6626	0.296381	
448	100	12.835	11.6916	0.294092	
449	100	12.819	11.7173	0.295099	
450	100	12.793	11.746	0.294623	
451	100	12.817	11.7698	0.293331	
452	100	12.895	11.7988	0.294204	
453	100	12.887	11.8253	0.296615	
454	100	12.934	11.8453	0.295923	
455	100	13.031	11.872	0.299113	
456	100	13.044	11.8943	0.301111	
457	100	13.056	11.9216	0.305301	
458	100	13.147	11.952	0.305382	
459	100	13.174	11.9824	0.305203	
460	100	13.191	12.0152	0.309667	
461	100	13.21	12.0399	0.310558	
462	100	13.218	12.0703	0.311983	
463	100	13.333	12.0995	0.312186	
464	100	13.343	12.1295	0.311669	
465	100	13.389	12.1565	0.311956	
466	100	13.429	12.1832	0.312748	
467	100	13.469	12.2117	0.31146	
468	100	13.536	12.2411	0.31144	
469	100	13.589	12.2732	0.312117	
470	100	13.588	12.2996	0.31281	
471	100	13.671	12.3317	0.315137	
472	100	13.647	12.3602	0.317959	
473	100	13.69	12.3916	0.32024	
474	100	13.739	12.4202	0.324622	
475	100	13.767	12.4494	0.32482	
476	100	13.783	12.4784	0.329506	
477	100	13.846	12.5081	0.327485	
478	100	13.839	12.5372	0.327084	
479	100	13.872	12.5652	0.322549	
480	100	13.879	12.5943	0.321491	
481	100	13.869	12.6204	0.325279	
482	100	13.876	12.6506	0.327646	
483	100	13.89	12.6794	0.324547	
484	100	13.877	12.7086	0.323647	
485	100	13.878	12.7341	0.325202	
486	100	13.865	12.7617	0.325071	
487	100	13.908	12.7905	0.324748	
488	100	13.947	12.8185	0.323593	
489	100	14.004	12.8438	0.323299	
490	100	14.054	12.8705	0.32506	
491	100	14.099	12.8987	0.326168	
492	100	14.111	12.9249	0.325092	
493	100	14.166	12.9536	0.324952	
494	100	14.213	12.9874	0.323812	
495	100	14.213	13.0161	0.324682	
496	100	14.251	13.0461	0.327736	
497	100	14.263	13.0777	0.323189	
498	100	14.322	13.1069	0.319901	
499	100	14.383	13.1362	0.32021	
500	100	14.411	13.1617	0.321081	
501	100	14.439	13.1888	0.316363	
502	100	14.498	13.2168	0.315646	
503	100	14.518	13.2459	0.313432	
504	100	14.579	13.2718	0.317088	
505	100	14.605	13.3005	0.312389	
506	100	14.63	13.3334	0.312098	
507	100	14.643	13.3599	0.310412	
508	100	14.689	13.3869	0.309151	
509	100	14.703	13.414	0.307649	
510	100	14.731	13.4406	0.310067	
511	100	14.737	13.4667	0.31017	
512	100	14.746	13.4923	0.315618	
513	100	14.793	13.5196	0.318043	
514	100	14.791	13.5451	0.318316	
515	100	14.808	13.5739	0.319887	
516	100	14.824	13.5993	0.323745	
517	100	14.83	13.631	0.325456	
518	100	14.869	13.6616	0.326839	
519	100	14.886	13.688	0.326234	
520	100	14.866	13.7122	0.326171	
521	100	14.882	13.7385	0.32704	
522	100	14.897	13.7643	0.328157	
523	100	14.876	13.7929	0.331925	
524	100	14.867	13.8264	0.330634	
525	100	14.897	13.8565	0.330978	
526	100	14.904	13.8875	0.33482	
527	100	14.903	13.917	0.336758	
528	100	14.903	13.9482	0.335431	
529	100	14.902	13.9851	0.334813	
530	100	14.888	14.0131	0.333173	
531	100	14.892	14.0458	0.33218	
532	100	14.904	14.0745	0.332025	
533	100	14.89	14.1044	0.333415	
534	100	14.915	14.1322	0.330658	
535	100	14.929	14.1615	0.326402	
536	100	14.948	14.1942	0.322338	
537	100	14.939	14.2247	0.313506	
538	100	14.946	14.2555	0.308457	
539	100	14.947	14.2829	0.306561	
540	100	14.948	14.3077	0.305691	
541	100	14.949	14.3305	0.301526	
542	100	14.955	14.3569	0.297833	
543	100	14.972	14.3839	0.296463	
544	100	14.974	14.4122	0.298201	
545	100	14.939	14.4385	0.296082	
546	100	14.956	14.4662	0.294375	
547	100	14.972	14.4974	0.294525	
548	100	14.989	14.5244	0.294125	
549	100	15	14.5462	0.290009	
550	100	15.026	14.5708	0.285053	
551	100	15.039	14.5997	0.285411	
552	100	15.042	14.6228	0.286026	
553	100	15.058	14.6523	0.287616	
554	100	15.073	14.6733	0.287862	
555	100	15.089	14.6977	0.288436	
556	100	15.09	14.7221	0.288368	
557	100	15.13	14.7518	0.291337	
558	100	15.148	14.7799	0.293064	
559	100	15.178	14.807	0.294101	
560	100	15.191	14.8397	0.297266	
561	100	15.2	14.8642	0.298648	
562	100	15.192	14.8908	0.299497	
563	100	15.201	14.917	0.298939	
564	100	15.24	14.9453	0.306575	
565	100	15.23	14.976	0.310762	
566	100	15.246	15.0098	0.312443	
567	100	15.258	15.0372	0.313254	
568	100	15.29	15.0656	0.312358	
569	100	15.324	15.0925	0.313351	
570	100	15.326	15.1228	0.310483	
571	100	15.339	15.1541	0.315365	
572	100	15.348	15.1782	0.315414	
573	100	15.386	15.2067	0.320988	
574	100	15.414	15.2312	0.320469	
575	100	15.469	15.2596	0.321402	
576	100	15.456	15.2855	0.320117	
577	100	15.506	15.3179	0.325004	
578	100	15.475	15.3475	0.328759	
579	100	15.51	15.3827	0.334572	
580	100	15.51	15.4137	0.338369	
581	100	15.51	15.4482	0.337548	
582	100	15.548	15.4849	0.342322	
583	100	15.551	15.5148	0.34634	
584	100	15.542	15.5489	0.348469	
585	100	15.6	15.5805	0.352546	
586	100	15.585	15.6106	0.359801	
587	100	15.618	15.6395	0.359638	
588	100	15.668	15.6721	0.358361	
589	100	15.669	15.7044	0.360918	
590	100	15.695	15.7289	0.361735	
591	100	15.756	15.7576	0.362129	
592	100	15.794	15.7854	0.366554	
593	100	15.827	15.8196	0.369018	
594	100	15.871	15.8584	0.365524	
595	100	15.951	15.8874	0.364156	
596	100	15.995	15.9179	0.357677	
597	100	16.004	15.9481	0.357062	
598	100	16.023	15.9779	0.354749	
599	100	16.068	16.0107	0.351613	
600	100	16.086	16.042	0.349809	
601	100	16.133	16.076	0.347643	
602	100	16.14	16.1035	0.346225	
603	100	16.172	16.1311	0.345215	
604	100	16.232	16.1624	0.343433	
605	100	16.253	16.193	0.33765	
606	100	16.298	16.2233	0.329262	
607	100	16.357	16.2511	0.32456	
608	100	16.375	16.2819	0.317159	
609	100	16.376	16.3045	0.317546	
610	100	16.407	16.3299	0.315923	
611	100	16.422	16.3549	0.312824	
612	100	16.454	16.3841	0.312138	
613	100	16.464	16.4131	0.311223	
614	100	16.516	16.4399	0.313157	
615	100	16.55	16.4642	0.312568	
616	100	16.533	16.4881	0.314546	
617	100	16.546	16.515	0.314326	
618	100	16.599	16.5444	0.312957	
619	100	16.675	16.5701	0.314537	
620	100	16.796	16.5981	0.316292	
621	100	16.874	16.6243	0.318586	
622	100	16.889	16.652	0.325059	
623	100	16.954	16.6837	0.328024	
624	100	17.082	16.7152	0.337128	
625	100	17.089	16.7449	0.339793	
626	100	17.167	16.7676	0.344199	
627	100	17.281	16.7981	0.344758	
628	100	17.42	16.8318	0.346352	
629	100	17.428	16.8628	0.349832	
630	100	17.546	16.8922	0.355063	
631	100	17.647	16.9208	0.35176	
632	100	17.821	16.9519	0.352116	
633	100	17.945	16.9837	0.351903	
634	100	18.059	17.0141	0.35272	
635	100	18.136	17.0486	0.349922	
636	100	18.131	17.0749	0.347831	
637	100	18.189	17.1061	0.343119	
638	100	18.239	17.1397	0.345101	
639	100	18.315	17.1694	0.338472	
640	100	18.348	17.1984	0.337239	
641	100	18.373	17.2276	0.334701	
642	100	18.422	17.2573	0.331073	
643	100	18.529	17.2884	0.324275	
644	100	18.56	17.3167	0.315692	
645	100	18.653	17.3462	0.309445	
646	100	18.738	17.3763	0.30462	
647	100	18.8	17.3983	0.298775	
648	100	18.852	17.4214	0.300268	
649	100	18.965	17.4469	0.29698	
650	100	19.039	17.4762	0.297221	
651	100	19.189	17.5042	0.296823	
652	100	19.183	17.5276	0.291879	
653	100	19.308	17.5538	0.296965	
654	100	19.308	17.5756	0.300596	
655	100	19.353	17.6006	0.299356	
656	100	19.422	17.6241	0.299742	
657	100	19.487	17.6511	0.306879	
658	100	19.496	17.6785	0.309	
659	100	19.589	17.7099	0.309051	
660	100	19.661	17.7371	0.308843	
661	100	19.814	17.7693	0.309795	
662	100	19.935	17.7969	0.308508	
663	100	19.999	17.8236	0.307905	
664	100	20.157	17.853	0.305907	
665	100	20.259	17.8841	0.300894	
666	100	20.37	17.9113	0.30021	
667	100	20.455	17.9417	0.301572	
668	100	20.535	17.9683	0.301752	
669	100	20.563	17.9928	0.297076	
670	100	20.648	18.0189	0.293335	
671	100	20.657	18.0432	0.293877	
672	100	20.728	18.0702	0.290043	
673	100	20.742	18.0968	0.287975	
674	100	20.763	18.1203	0.287716	
675	100	20.813	18.1453	0.286062	
676	100	20.857	18.1725	0.285602	
677	100	20.857	18.1967	0.285208	
678	100	20.908	18.2233	0.288972	
679	100	20.913	18.2472	0.28603	
680	100	20.903	18.2737	0.289321	
681	100	20.912	18.2966	0.289394	
682	100	20.956	18.321	0.292416	
683	100	20.974	18.3453	0.296682	
684	100	20.997	18.3717	0.296548	
685	100	20.989	18.4007	0.301696	
686	100	21.008	18.4288	0.301746	
687	100	21.025	18.4549	0.305824	
688	100	21.03	18.4828	0.305615	
689	100	21.063	18.5084	0.307918	
690	100	21.08	18.5349	0.312185	
691	100	21.086	18.563	0.31382	
692	100	21.118	18.5918	0.319888	
693	100	21.174	18.6212	0.321665	
694	100	21.199	18.6472	0.317773	
695	100	21.246	18.6725	0.320478	
696	100	21.244	18.7013	0.328373	
697	100	21.233	18.7328	0.327499	
698	100	21.267	18.7656	0.329232	
699	100	21.318	18.7949	0.326973	
700	100	21.365	18.8238	0.325278	
701	100	21.342	18.8507	0.324238	
702	100	21.369	18.8772	0.324217	
703	100	21.396	18.9028	0.322059	
704	100	21.452	18.9303	0.323168	
705	100	21.445	18.9616	0.321464	
706	100	21.455	18.9899	0.322947	
707	100	21.485	19.0193	0.322304	
708	100	21.495	19.0473	0.32108	
709	100	21.519	19.0813	0.320867	
710	100	21.56	19.1138	0.322861	
711	100	21.604	19.1444	0.320297	
712	100	21.594	19.1716	0.322197	
713	100	21.588	19.2019	0.32199	
714	100	21.642	19.2276	0.31809	
715	100	21.618	19.2533	0.317021	
716	100	21.647	19.2796	0.315503	
717	100	21.644	19.3089	0.314813	
718	100	21.659	19.3401	0.315374	
719	100	21.703	19.3703	0.315654	
720	100	21.742	19.3975	0.311987	
721	100	21.783	19.4244	0.310761	
722	100	21.822	19.4569	0.310105	
723	100	21.829	19.4837	0.309148	
724	100	21.89	19.508	0.311581	
725	100	21.946	19.5329	0.31472	
726	100	21.982	19.5595	0.312827	
727	100	21.969	19.5876	0.314296	
728	100	22.005	19.618	0.312002	
729	100	22.037	19.6505	0.310474	
730	100	22.097	19.6786	0.309536	
731	100	22.106	19.7055	0.308771	
732	100	22.114	19.7315	0.308969	
733	100	22.12	19.7561	0.307974	
734	100	22.137	19.7808	0.306386	
735	100	22.153	19.8077	0.304527	
736	100	22.16	19.8336	0.300482	
737	100	22.156	19.8597	0.302013	
738	100	22.191	19.888	0.305723	
739	100	22.189	19.914	0.304923	
740	100	22.231	19.9443	0.306221	
741	100	22.277	19.9688	0.306358	
742	100	22.299	19.9927	0.305734	
743	100	22.344	20.0176	0.30841	
744	100	22.349	20.0398	0.306969	
745	100	22.395	20.0657	0.301064	
746	100	22.397	20.096	0.303199	
747	100	22.431	20.1225	0.304594	
748	100	22.445	20.1486	0.308938	
749	100	22.486	20.1768	0.311485	
750	100	22.511	20.2024	0.310842	
751	100	22.523	20.2292	0.307559	
752	100	22.546	20.2593	0.312578	
753	100	22.58	20.2866	0.315262	
754	100	22.602	20.3133	0.317183	
755	100	22.62	20.3391	0.319475	
756	100	22.653	20.367	0.319174	
757	100	22.667	20.3951	0.32145	
758	100	22.703	20.421	0.320939	
759	100	22.718	20.4476	0.321934	
760	100	22.755	20.4776	0.324253	
761	100	22.747	20.5088	0.321853	
762	100	22.745	20.5351	0.325284	
763	100	22.783	20.5659	0.324773	
764	100	22.782	20.5965	0.323459	
765	100	22.784	20.6254	0.320203	
766	100	22.829	20.6551	0.322248	
767	100	22.889	20.681	0.325263	
768	100	22.891	20.7099	0.325343	
769	100	22.893	20.7372	0.328906	
770	100	22.908	20.7627	0.327539	
771	100	22.944	20.7927	0.325934	
772	100	22.951	20.8197	0.327524	
773	100	22.982	20.8477	0.323998	
774	100	23.016	20.8767	0.32852	
775	100	22.997	20.908	0.331412	
776	100	23.032	20.9409	0.334613	
777	100	23.083	20.9773	0.335586	
778	100	23.096	21.0108	0.340679	
779	100	23.151	21.0424	0.342371	
780	100	23.169	21.0694	0.345561	
781	100	23.169	21.0987	0.349667	
782	100	23.187	21.1271	0.349574	
783	100	23.198	21.161	0.349064	
784	100	23.219	21.1888	0.349636	
785	100	23.239	21.2155	0.349275	
786	100	23.251	21.2449	0.347542	
787	100	23.29	21.2807	0.342319	
788	100	23.341	21.3108	0.340335	
789	100	23.361	21.3406	0.348894	
790	100	23.413	21.3715	0.34981	
791	100	23.424	21.4027	0.348567	
792	100	23.443	21.4344	0.350258	
793	100	23.5	21.4655	0.35151	
794	100	23.545	21.4983	0.350589	
795	100	23.559	21.527	0.348311	
796	100	23.545	21.5555	0.350218	
797	100	23.542	21.5858	0.346711	
798	100	23.591	21.6147	0.345312	
799	100	23.59	21.6443	0.341258	
800	100	23.594	21.6753	0.339144	
801	100	23.608	21.7041	0.340827	
802	100	23.635	21.7315	0.339186	
803	100	23.645	21.7646	0.336334	
804	100	23.655	21.7956	0.330457	
805	100	23.712	21.8274	0.329851	
806	100	23.729	21.8577	0.325902	
807	100	23.778	21.8859	0.324011	
808	100	23.825	21.9118	0.325037	
809	100	23.826	21.9384	0.325132	
810	100	23.868	21.966	0.325245	
811	100	23.857	21.9952	0.328679	
812	100	23.855	22.0208	0.327166	
813	100	23.918	22.0553	0.325842	
814	100	23.933	22.0865	0.325499	
815	100	23.963	22.1185	0.324739	
816	100	23.994	22.1474	0.326882	
817	100	24.019	22.1768	0.32613	
818	100	24.019	22.2079	0.321094	
819	100	24.03	22.2379	0.320321	
820	100	24.072	22.2658	0.318709	
821	100	24.08	22.2915	0.318657	
822	100	24.13	22.322	0.317692	
823	100	24.146	22.3514	0.315434	
824	100	24.173	22.3786	0.316439	
825	100	24.211	22.4087	0.319651	
826	100	24.218	22.4359	0.322331	
827	100	24.227	22.4646	0.323952	
828	100	24.231	22.4937	0.324025	
829	100	24.249	22.5218	0.323682	
830	100	24.291	22.5499	0.323371	
831	100	24.385	22.5827	0.326599	
832	100	24.373	22.61	0.328107	
833	100	24.37	22.6358	0.330602	
834	100	24.414	22.6642	0.32754	
835	100	24.415	22.6948	0.330497	
836	100	24.438	22.7264	0.331334	
837	100	24.466	22.7537	0.331235	
838	100	24.477	22.78	0.331067	
839	100	24.494	22.8084	0.332256	
840	100	24.537	22.8382	0.331196	
841	100	24.575	22.8652	0.326528	
842	100	24.622	22.8987	0.326448	
843	100	24.668	22.9245	0.321529	
844	100	24.702	22.9543	0.32158	
845	100	24.709	22.9859	0.318966	
846	100	24.762	23.0087	0.317859	
847	100	24.786	23.0362	0.315719	
848	100	24.79	23.0645	0.318486	
849	100	24.823	23.093	0.315918	
850	100	24.88	23.1222	0.314926	
851	100	24.903	23.1492	0.316535	
852	100	24.923	23.1796	0.31625	
853	100	25.003	23.2112	0.316619	
854	100	25.052	23.2395	0.315388	
855	100	25.102	23.2695	0.318977	
856	100	25.098	23.3	0.322158	
857	100	25.196	23.3234	0.324982	
858	100	25.228	23.3525	0.333357	
859	100	25.285	23.3855	0.331838	
860	100	25.363	23.4129	0.333617	
861	100	25.424	23.4445	0.334786	
862	100	25.507	23.4698	0.333883	
863	100	25.571	23.4953	0.339536	
864	100	25.577	23.5258	0.338394	
865	100	25.603	23.5599	0.338652	
866	100	25.709	23.5973	0.334329	
867	100	25.82	23.6293	0.328616	
868	100	25.901	23.6561	0.327135	
869	100	25.953	23.6842	0.326903	
870	100	26.107	23.7083	0.324963	
871	100	26.261	23.7362	0.319138	
872	100	26.318	23.7664	0.314716	
873	100	26.368	23.7941	0.311314	
874	100	26.437	23.8205	0.309138	
875	100	26.527	23.8501	0.306971	
876	100	26.59	23.8732	0.303525	
877	100	26.652	23.904	0.300448	
878	100	26.733	23.9291	0.30336	
879	100	26.736	23.9529	0.303662	
880	100	26.81	23.9821	0.302772	
881	100	26.819	24.008	0.305244	
882	100	26.831	24.0283	0.301924	
883	100	26.844	24.0551	0.303798	
884	100	26.928	24.0845	0.306165	
885	100	26.963	24.1079	0.305826	
886	100	27.034	24.1379	0.308439	
887	100	27.074	24.1646	0.311265	
888	100	27.122	24.1919	0.314732	
889	100	27.156	24.2186	0.316598	
890	100	27.174	24.2484	0.315257	
891	100	27.207	24.274	0.314671	
892	100	27.254	24.302	0.315299	
893	100	27.295	24.3303	0.317354	
894	100	27.301	24.3581	0.316625	
895	100	27.334	24.3919	0.31933	
896	100	27.36	24.4161	0.316791	
897	100	27.398	24.443	0.315317	
898	100	27.387	24.4723	0.314671	
899	100	27.419	24.4957	0.313244	
900	100	27.443	24.525	0.311032	
901	100	27.464	24.5535	0.313929	
902	100	27.499	24.5806	0.31331	
903	100	27.55	24.6102	0.311953	
904	100	27.59	24.6373	0.313993	
905	100	27.646	24.6654	0.310878	
906	100	27.642	24.6927	0.315019	
907	100	27.672	24.7223	0.314741	
908	100	27.713	24.7531	0.315488	
909	100	27.73	24.7881	0.317598	
910	100	27.749	24.8186	0.318406	
911	100	27.771	24.8516	0.321159	
912	100	27.783	24.8805	0.322858	
913	100	27.817	24.9063	0.322639	
914	100	27.836	24.9374	0.324741	
915	100	27.868	24.9698	0.325534	
916	100	27.89	24.9995	0.323557	
917	100	27.905	25.0308	0.321116	
918	100	27.918	25.0568	0.318872	
919	100	27.911	25.0836	0.316758	
920	100	27.915	25.1101	0.317717	
921	100	27.897	25.1361	0.31518	
922	100	27.906	25.1631	0.315157	
923	100	27.924	25.1864	0.313677	
924	100	27.919	25.217	0.311218	
925	100	27.952	25.2451	0.31415	
926	100	27.981	25.273	0.310813	
927	100	27.998	25.2974	0.307455	
928	100	27.994	25.3236	0.30457	
929	100	28.01	25.3514	0.304718	
930	100	28.025	25.3829	0.305974	
931	100	28.045	25.4069	0.304913	
932	100	28.047	25.4375	0.306975	
933	100	28.055	25.4661	0.311822	
934	100	28.056	25.4913	0.311947	
935	100	28.074	25.5175	0.316054	
936	100	28.084	25.5457	0.317608	
937	100	28.109	25.5728	0.314173	
938	100	28.152	25.5983	0.316519	
939	100	28.168	25.6294	0.318731	
940	100	28.201	25.6569	0.319978	
941	100	28.263	25.6847	0.321288	
942	100	28.266	25.7135	0.323797	
943	100	28.276	25.7405	0.325246	
944	100	28.343	25.7708	0.328578	
945	100	28.346	25.7984	0.330558	
946	100	28.383	25.8263	0.331215	
947	100	28.382	25.8543	0.332082	
948	100	28.436	25.8867	0.335618	
949	100	28.466	25.9168	0.337282	
950	100	28.473	25.9526	0.33738	
951	100	28.489	25.9823	0.340683	
952	100	28.526	26.011	0.343423	
953	100	28.518	26.0423	0.342135	
954	100	28.507	26.0709	0.34156	
955	100	28.513	26.0998	0.338609	
956	100	28.51	26.1306	0.333568	
957	100	28.52	26.1596	0.330905	
958	100	28.528	26.1886	0.329135	
959	100	28.584	26.2134	0.328207	
960	100	28.622	26.2426	0.324378	
961	100	28.635	26.2704	0.322381	
962	100	28.662	26.2976	0.315936	
963	100	28.696	26.3218	0.316403	
964	100	28.695	26.3493	0.313395	
965	100	28.708	26.3772	0.308643	
966	100	28.722	26.3997	0.306231	
967	100	28.727	26.4274	0.305241	
968	100	28.701	26.4554	0.301938	
969	100	28.746	26.4814	0.300609	
970	100	28.765	26.5058	0.298145	
971	100	28.832	26.5312	0.295611	
972	100	28.847	26.5617	0.294442	
973	100	28.859	26.5888	0.292896	
974	100	28.853	26.6147	0.29669	
975	100	28.863	26.6419	0.299233	
976	100	28.877	26.6708	0.303366	
977	100	28.883	26.695	0.304818	
978	100	28.888	26.7233	0.306418	
979	100	28.908	26.756	0.306346	
980	100	28.946	26.7826	0.306901	
981	100	28.969	26.8078	0.306998	
982	100	29.02	26.8335	0.307471	
983	100	29.056	26.8637	0.30894	
984	100	29.073	26.8954	0.310639	
985	100	29.109	26.923	0.310263	
986	100	29.143	26.95	0.309386	
987	100	29.176	26.9749	0.311312	
988	100	29.229	27.003	0.312209	
989	100	29.27	27.0295	0.305789	
990	100	29.304	27.0523	0.30493	
991	100	29.284	27.0791	0.299786	
992	100	29.249	27.1094	0.297707	
993	100	29.272	27.139	0.292764	
994	100	29.275	27.1635	0.289745	
995	100	29.354	27.1928	0.287127	
996	100	29.381	27.2185	0.286346	
997	100	29.388	27.2407	0.285447	
998	100	29.396	27.2706	0.28611	
999	100	29.462	27.2975	0.284257	
1000	100	29.514	27.3215	0.284041	
