# ./graphs/geo_normal/test_3.txt
# mu = 0.001, s = 0.1, trials requested = 100, runtime = 0:08:58
# "Time"	"Actual trials"	"Mean mutation"	"Average mean mutation"	"Average mutation variance"
0	100	0	0	0	
1	100	0	0.0011	0.00109684	
2	100	0.001	0.00239	0.00237723	
3	100	0.001	0.00375	0.00379913	
4	100	0.004	0.00466	0.00463428	
5	100	0.004	0.00595	0.00589687	
6	100	0.008	0.00771	0.00760337	
7	100	0.007	0.00895	0.00878259	
8	100	0.002	0.01124	0.0109411	
9	100	0.003	0.0131	0.012703	
10	100	0.003	0.01547	0.014911	
11	100	0.003	0.01693	0.0162429	
12	100	0.002	0.01948	0.0186387	
13	100	0.009	0.02174	0.0206992	
14	100	0.012	0.0241	0.0226801	
15	100	0.009	0.0274	0.0256567	
16	100	0.005	0.03192	0.029486	
17	100	0.003	0.0359	0.0330908	
18	100	0.004	0.03751	0.0348336	
19	100	0.003	0.04195	0.0385416	
20	100	0.012	0.04558	0.0415083	
21	100	0.014	0.04937	0.0444159	
22	100	0.015	0.05345	0.0480976	
23	100	0.013	0.05919	0.0525732	
24	100	0.02	0.06643	0.05826	
25	100	0.021	0.0725	0.0642223	
26	100	0.02	0.0774	0.0678106	
27	100	0.023	0.08628	0.0745365	
28	100	0.016	0.0957	0.0815329	
29	100	0.014	0.10495	0.0905393	
30	100	0.015	0.11343	0.0975169	
31	100	0.016	0.12394	0.104862	
32	100	0.016	0.13449	0.112412	
33	100	0.024	0.14623	0.120367	
34	100	0.019	0.15747	0.130053	
35	100	0.02	0.17217	0.139558	
36	100	0.016	0.18748	0.150411	
37	100	0.011	0.20216	0.158002	
38	100	0.015	0.21419	0.165277	
39	100	0.012	0.22993	0.174449	
40	100	0.013	0.24581	0.18459	
41	100	0.019	0.26062	0.193698	
42	100	0.016	0.27862	0.203804	
43	100	0.021	0.29566	0.210691	
44	100	0.016	0.31676	0.220013	
45	100	0.027	0.33555	0.229148	
46	100	0.031	0.35556	0.23815	
47	100	0.042	0.38204	0.248152	
48	100	0.064	0.40739	0.256583	
49	100	0.077	0.43268	0.265901	
50	100	0.079	0.45621	0.273306	
51	100	0.106	0.48186	0.278843	
52	100	0.097	0.50607	0.286847	
53	100	0.111	0.5292	0.292106	
54	100	0.091	0.55428	0.295989	
55	100	0.106	0.57788	0.302446	
56	100	0.091	0.60052	0.308263	
57	100	0.087	0.6264	0.313558	
58	100	0.098	0.65471	0.321899	
59	100	0.078	0.67896	0.325199	
60	100	0.076	0.70829	0.327092	
61	100	0.072	0.73487	0.332311	
62	100	0.05	0.76384	0.336242	
63	100	0.056	0.78937	0.336988	
64	100	0.07	0.81839	0.337886	
65	100	0.051	0.84657	0.336919	
66	100	0.039	0.8748	0.338933	
67	100	0.037	0.90251	0.338212	
68	100	0.048	0.92994	0.342771	
69	100	0.039	0.95677	0.345798	
70	100	0.053	0.98397	0.345099	
71	100	0.053	1.01107	0.344342	
72	100	0.08	1.03945	0.34418	
73	100	0.085	1.06369	0.341047	
74	100	0.083	1.08983	0.341186	
75	100	0.075	1.1197	0.341955	
76	100	0.091	1.14801	0.339803	
77	100	0.101	1.17351	0.339097	
78	100	0.102	1.20407	0.334551	
79	100	0.125	1.23362	0.329619	
80	100	0.123	1.25998	0.32451	
81	100	0.106	1.2868	0.325267	
82	100	0.148	1.31116	0.326085	
83	100	0.19	1.33451	0.326752	
84	100	0.21	1.3612	0.326281	
85	100	0.215	1.38874	0.325047	
86	100	0.223	1.41189	0.321952	
87	100	0.233	1.43764	0.320024	
88	100	0.252	1.46391	0.316583	
89	100	0.262	1.49421	0.311206	
90	100	0.272	1.51926	0.310408	
91	100	0.271	1.54498	0.3067	
92	100	0.295	1.57197	0.303957	
93	100	0.285	1.59658	0.297138	
94	100	0.292	1.61706	0.29609	
95	100	0.309	1.63374	0.293453	
96	100	0.32	1.66165	0.291439	
97	100	0.325	1.68207	0.288772	
98	100	0.344	1.70491	0.285724	
99	100	0.334	1.72926	0.286895	
100	100	0.365	1.75332	0.291175	
101	100	0.394	1.77427	0.287456	
102	100	0.426	1.79882	0.29506	
103	100	0.467	1.8185	0.296634	
104	100	0.479	1.84136	0.299592	
105	100	0.519	1.86797	0.305293	
106	100	0.547	1.89488	0.307331	
107	100	0.55	1.91936	0.313176	
108	100	0.584	1.94876	0.31569	
109	100	0.585	1.9737	0.317153	
110	100	0.587	1.99877	0.318302	
111	100	0.619	2.02502	0.320625	
112	100	0.608	2.0507	0.318307	
113	100	0.616	2.07752	0.314518	
114	100	0.594	2.1002	0.31623	
115	100	0.599	2.12867	0.313272	
116	100	0.65	2.15672	0.313473	
117	100	0.664	2.18351	0.314281	
118	100	0.675	2.20626	0.316361	
119	100	0.673	2.23117	0.316003	
120	100	0.664	2.25903	0.31237	
121	100	0.657	2.28675	0.312778	
122	100	0.682	2.31133	0.315663	
123	100	0.77	2.34027	0.314923	
124	100	0.813	2.36756	0.316313	
125	100	0.839	2.39786	0.317382	
126	100	0.833	2.42298	0.320043	
127	100	0.838	2.44761	0.322514	
128	100	0.909	2.47726	0.323868	
129	100	0.913	2.50649	0.325593	
130	100	0.954	2.53499	0.328154	
131	100	0.977	2.56581	0.332106	
132	100	1.032	2.59025	0.334882	
133	100	1.035	2.61725	0.342884	
134	100	1.072	2.64688	0.346396	
135	100	1.128	2.67707	0.350396	
136	100	1.159	2.70945	0.356211	
137	100	1.199	2.74216	0.355682	
138	100	1.249	2.77953	0.360348	
139	100	1.275	2.80982	0.363057	
140	100	1.308	2.84174	0.365965	
141	100	1.369	2.87257	0.367037	
142	100	1.426	2.89746	0.362545	
143	100	1.434	2.92966	0.363495	
144	100	1.475	2.96017	0.36269	
145	100	1.503	2.98857	0.358749	
146	100	1.532	3.01762	0.355538	
147	100	1.524	3.04794	0.351087	
148	100	1.547	3.07722	0.34932	
149	100	1.579	3.10578	0.348095	
150	100	1.591	3.13358	0.349124	
151	100	1.577	3.16321	0.348082	
152	100	1.602	3.19148	0.346956	
153	100	1.604	3.21883	0.348347	
154	100	1.631	3.24846	0.345529	
155	100	1.647	3.28191	0.343239	
156	100	1.698	3.30781	0.342056	
157	100	1.75	3.34095	0.338197	
158	100	1.78	3.37301	0.336909	
159	100	1.832	3.40111	0.333883	
160	100	1.894	3.43091	0.335022	
161	100	1.884	3.45813	0.337413	
162	100	1.901	3.48795	0.338367	
163	100	1.944	3.51853	0.3409	
164	100	1.947	3.54973	0.339553	
165	100	1.98	3.57885	0.344849	
166	100	1.965	3.60417	0.352574	
167	100	2	3.63061	0.355974	
168	100	2.051	3.66435	0.358566	
169	100	2.067	3.69288	0.360823	
170	100	2.05	3.7261	0.36433	
171	100	2.116	3.7554	0.366866	
172	100	2.128	3.78603	0.367226	
173	100	2.172	3.8162	0.366746	
174	100	2.171	3.84851	0.368795	
175	100	2.158	3.88377	0.369263	
176	100	2.197	3.91836	0.367708	
177	100	2.181	3.95106	0.363125	
178	100	2.218	3.97992	0.355846	
179	100	2.205	4.00935	0.350863	
180	100	2.239	4.04412	0.350992	
181	100	2.308	4.07696	0.346385	
182	100	2.383	4.1049	0.340436	
183	100	2.426	4.1325	0.337249	
184	100	2.48	4.15674	0.332107	
185	100	2.47	4.18203	0.327827	
186	100	2.493	4.20669	0.321401	
187	100	2.504	4.23237	0.312966	
188	100	2.544	4.25831	0.31131	
189	100	2.59	4.28125	0.31281	
190	100	2.674	4.31065	0.315295	
191	100	2.67	4.33625	0.314224	
192	100	2.672	4.36512	0.314908	
193	100	2.689	4.39141	0.32046	
194	100	2.685	4.41667	0.323388	
195	100	2.743	4.44437	0.322922	
196	100	2.735	4.47157	0.322746	
197	100	2.761	4.49552	0.322785	
198	100	2.779	4.52417	0.322826	
199	100	2.76	4.54681	0.328351	
200	100	2.818	4.57563	0.330384	
201	100	2.822	4.60531	0.33285	
202	100	2.879	4.63526	0.334703	
203	100	2.854	4.66543	0.338611	
204	100	2.891	4.69547	0.336145	
205	100	2.9	4.72223	0.336398	
206	100	2.918	4.75194	0.336356	
207	100	2.911	4.78498	0.339133	
208	100	2.955	4.81731	0.342171	
209	100	2.976	4.84515	0.333945	
210	100	3	4.87653	0.335627	
211	100	2.976	4.90528	0.33446	
212	100	2.996	4.93437	0.330669	
213	100	3.055	4.95278	0.329683	
214	100	3.034	4.97681	0.330471	
215	100	3.065	5.00538	0.327721	
216	100	3.1	5.03052	0.327581	
217	100	3.129	5.05862	0.32144	
218	100	3.145	5.08781	0.316344	
219	100	3.142	5.11555	0.311148	
220	100	3.141	5.13944	0.308277	
221	100	3.18	5.16894	0.302221	
222	100	3.164	5.19051	0.301977	
223	100	3.183	5.21821	0.295707	
224	100	3.222	5.24661	0.293938	
225	100	3.23	5.26988	0.290875	
226	100	3.239	5.28888	0.292147	
227	100	3.223	5.31442	0.286861	
228	100	3.263	5.33643	0.284374	
229	100	3.297	5.3616	0.286265	
230	100	3.341	5.38908	0.288524	
231	100	3.358	5.41162	0.284603	
232	100	3.356	5.435	0.282532	
233	100	3.371	5.45821	0.281402	
234	100	3.408	5.47748	0.283622	
235	100	3.444	5.50477	0.282059	
236	100	3.475	5.53136	0.285224	
237	100	3.459	5.55797	0.285979	
238	100	3.49	5.5822	0.287746	
239	100	3.514	5.60649	0.292097	
240	100	3.546	5.63341	0.291702	
241	100	3.529	5.66221	0.292695	
242	100	3.526	5.68246	0.292031	
243	100	3.543	5.70448	0.292349	
244	100	3.561	5.72889	0.295603	
245	100	3.553	5.75373	0.298052	
246	100	3.593	5.77892	0.297447	
247	100	3.632	5.80256	0.300977	
248	100	3.642	5.82517	0.303289	
249	100	3.678	5.84932	0.304101	
250	100	3.668	5.87221	0.302991	
251	100	3.666	5.89819	0.300482	
252	100	3.65	5.92253	0.298996	
253	100	3.652	5.94782	0.299477	
254	100	3.662	5.97469	0.301516	
255	100	3.669	5.99851	0.300638	
256	100	3.697	6.02517	0.301369	
257	100	3.725	6.05141	0.304352	
258	100	3.749	6.08281	0.30908	
259	100	3.736	6.10928	0.313092	
260	100	3.792	6.14007	0.316304	
261	100	3.806	6.16777	0.317762	
262	100	3.818	6.19512	0.318001	
263	100	3.817	6.21974	0.316646	
264	100	3.804	6.24369	0.315818	
265	100	3.837	6.27475	0.313669	
266	100	3.866	6.29943	0.311911	
267	100	3.873	6.32667	0.309904	
268	100	3.867	6.35128	0.310061	
269	100	3.867	6.3757	0.311035	
270	100	3.894	6.40685	0.312545	
271	100	3.914	6.43955	0.311362	
272	100	3.921	6.46482	0.314932	
273	100	3.908	6.49178	0.309531	
274	100	3.925	6.51874	0.309007	
275	100	3.912	6.54574	0.310071	
276	100	3.913	6.57141	0.307729	
277	100	3.938	6.59955	0.306871	
278	100	3.959	6.62803	0.305756	
279	100	3.966	6.65528	0.30186	
280	100	3.975	6.67866	0.300221	
281	100	3.979	6.70487	0.295516	
282	100	3.988	6.73184	0.298102	
283	100	3.989	6.75661	0.294192	
284	100	3.981	6.78444	0.293269	
285	100	3.993	6.80883	0.292848	
286	100	3.994	6.83552	0.291221	
287	100	3.978	6.85985	0.290835	
288	100	3.993	6.88465	0.290659	
289	100	3.991	6.90955	0.288585	
290	100	4.006	6.93266	0.285905	
291	100	4.018	6.95609	0.286589	
292	100	4.022	6.98138	0.285708	
293	100	4.031	7.00513	0.289033	
294	100	4.036	7.03262	0.289682	
295	100	4.028	7.05437	0.290073	
296	100	4.025	7.07729	0.288416	
297	100	4.047	7.10357	0.28859	
298	100	4.059	7.12936	0.286589	
299	100	4.056	7.15106	0.289526	
300	100	4.065	7.17519	0.290379	
301	100	4.064	7.20319	0.293014	
302	100	4.063	7.22871	0.293154	
303	100	4.084	7.25407	0.29212	
304	100	4.097	7.27652	0.293381	
305	100	4.139	7.30465	0.297109	
306	100	4.115	7.32785	0.302097	
307	100	4.164	7.35332	0.310117	
308	100	4.158	7.37934	0.309939	
309	100	4.196	7.40669	0.3173	
310	100	4.218	7.43091	0.316052	
311	100	4.235	7.45742	0.320397	
312	100	4.252	7.48335	0.326848	
313	100	4.255	7.51258	0.326501	
314	100	4.304	7.54083	0.329076	
315	100	4.325	7.56819	0.332228	
316	100	4.349	7.59154	0.333243	
317	100	4.408	7.62099	0.329161	
318	100	4.447	7.65081	0.330949	
319	100	4.493	7.67931	0.332647	
320	100	4.529	7.70727	0.332969	
321	100	4.581	7.73342	0.32474	
322	100	4.632	7.76166	0.317689	
323	100	4.685	7.79124	0.320851	
324	100	4.726	7.81588	0.321777	
325	100	4.758	7.84356	0.322102	
326	100	4.766	7.87035	0.32012	
327	100	4.787	7.89684	0.326593	
328	100	4.82	7.92644	0.326521	
329	100	4.868	7.95834	0.332213	
330	100	4.837	7.98856	0.333483	
331	100	4.841	8.01368	0.338572	
332	100	4.836	8.03931	0.348172	
333	100	4.855	8.0691	0.35667	
334	100	4.93	8.10285	0.360152	
335	100	4.989	8.13278	0.364086	
336	100	5.023	8.1619	0.366155	
337	100	5.008	8.18933	0.36535	
338	100	5.03	8.21791	0.367704	
339	100	5.107	8.25046	0.36141	
340	100	5.128	8.2773	0.364577	
341	100	5.147	8.30865	0.362648	
342	100	5.212	8.34044	0.363449	
343	100	5.234	8.37315	0.36073	
344	100	5.213	8.4053	0.355156	
345	100	5.186	8.43293	0.352187	
346	100	5.246	8.46224	0.34803	
347	100	5.284	8.4866	0.351903	
348	100	5.301	8.51935	0.34928	
349	100	5.372	8.54612	0.345989	
350	100	5.405	8.57655	0.347669	
351	100	5.436	8.60095	0.351111	
352	100	5.482	8.63201	0.350555	
353	100	5.468	8.66103	0.351096	
354	100	5.52	8.68938	0.349262	
355	100	5.49	8.71097	0.352982	
356	100	5.561	8.7419	0.350511	
357	100	5.572	8.76632	0.344777	
358	100	5.634	8.79847	0.341333	
359	100	5.684	8.82608	0.33985	
360	100	5.735	8.85659	0.340136	
361	100	5.75	8.88213	0.336438	
362	100	5.726	8.9092	0.338	
363	100	5.725	8.93962	0.33722	
364	100	5.729	8.96765	0.339575	
365	100	5.768	9.0037	0.341435	
366	100	5.826	9.03243	0.339013	
367	100	5.822	9.06337	0.33726	
368	100	5.819	9.08945	0.341113	
369	100	5.84	9.12066	0.3412	
370	100	5.831	9.14741	0.34481	
371	100	5.837	9.17419	0.342463	
372	100	5.845	9.20018	0.343415	
373	100	5.868	9.23437	0.341729	
374	100	5.89	9.25853	0.338522	
375	100	5.936	9.28712	0.333969	
376	100	5.954	9.3136	0.334231	
377	100	5.945	9.3375	0.328814	
378	100	5.96	9.36088	0.325611	
379	100	5.955	9.38707	0.324585	
380	100	5.959	9.41046	0.324868	
381	100	5.954	9.437	0.324186	
382	100	5.959	9.45878	0.321363	
383	100	5.952	9.48408	0.318182	
384	100	5.957	9.51067	0.316716	
385	100	5.973	9.53308	0.316493	
386	100	5.989	9.55946	0.316796	
387	100	5.989	9.58437	0.313028	
388	100	5.985	9.60944	0.311094	
389	100	5.981	9.63824	0.310605	
390	100	5.984	9.66305	0.307944	
391	100	5.99	9.69178	0.303654	
392	100	5.995	9.71574	0.304505	
393	100	5.998	9.74267	0.305014	
394	100	5.998	9.76828	0.301071	
395	100	5.999	9.79169	0.293733	
396	100	6.002	9.81973	0.289848	
397	100	5.998	9.84306	0.287142	
398	100	5.991	9.86854	0.283462	
399	100	5.995	9.89638	0.284507	
400	100	5.995	9.91356	0.279539	
401	100	5.993	9.93243	0.276559	
402	100	5.997	9.95618	0.274506	
403	100	6.004	9.98515	0.275165	
404	100	5.989	10.0038	0.274544	
405	100	5.993	10.025	0.273907	
406	100	5.998	10.0459	0.271983	
407	100	5.999	10.0683	0.272951	
408	100	5.99	10.0953	0.270337	
409	100	5.99	10.1175	0.273353	
410	100	6.01	10.1419	0.27242	
411	100	6.006	10.1627	0.272689	
412	100	6.006	10.1865	0.273167	
413	100	6.001	10.2108	0.276586	
414	100	6.002	10.2332	0.277961	
415	100	6.002	10.2517	0.283384	
416	100	6.007	10.2771	0.288442	
417	100	6.009	10.3027	0.291027	
418	100	5.995	10.3271	0.294633	
419	100	5.997	10.355	0.296525	
420	100	6.002	10.3828	0.30166	
421	100	6.001	10.409	0.302851	
422	100	6.008	10.4357	0.30523	
423	100	6.006	10.4609	0.305892	
424	100	6.005	10.4828	0.314195	
425	100	6.005	10.5097	0.318339	
426	100	6.007	10.5385	0.323951	
427	100	6.012	10.571	0.326392	
428	100	6.016	10.5997	0.328497	
429	100	6.012	10.6314	0.332558	
430	100	6.011	10.662	0.336259	
431	100	6.013	10.6908	0.336178	
432	100	6.018	10.7242	0.340578	
433	100	6.023	10.7545	0.344614	
434	100	6.03	10.7841	0.344472	
435	100	6.039	10.8138	0.346623	
436	100	6.044	10.8424	0.345647	
437	100	6.053	10.8731	0.344605	
438	100	6.074	10.9045	0.342778	
439	100	6.068	10.9329	0.338774	
440	100	6.077	10.9611	0.336619	
441	100	6.079	10.9855	0.333975	
442	100	6.082	11.0171	0.32922	
443	100	6.067	11.0454	0.328533	
444	100	6.081	11.0725	0.324602	
445	100	6.103	11.1012	0.320214	
446	100	6.1	11.1319	0.315777	
447	100	6.101	11.1567	0.318491	
448	100	6.098	11.1817	0.314895	
449	100	6.105	11.208	0.312982	
450	100	6.118	11.2378	0.309707	
451	100	6.103	11.2596	0.306056	
452	100	6.108	11.2836	0.302255	
453	100	6.12	11.3094	0.301839	
454	100	6.147	11.335	0.297048	
455	100	6.169	11.3572	0.295009	
456	100	6.181	11.3802	0.29494	
457	100	6.165	11.4077	0.294541	
458	100	6.183	11.4363	0.294033	
459	100	6.21	11.4636	0.294931	
460	100	6.196	11.4927	0.295728	
461	100	6.214	11.5195	0.295353	
462	100	6.224	11.5465	0.295881	
463	100	6.223	11.5735	0.294417	
464	100	6.244	11.5971	0.293923	
465	100	6.263	11.6274	0.29654	
466	100	6.262	11.6488	0.295853	
467	100	6.244	11.6814	0.301151	
468	100	6.28	11.707	0.304173	
469	100	6.282	11.7304	0.311495	
470	100	6.286	11.7497	0.313739	
471	100	6.343	11.7743	0.318617	
472	100	6.361	11.7996	0.321168	
473	100	6.35	11.8235	0.325676	
474	100	6.387	11.8477	0.330782	
475	100	6.424	11.8746	0.337468	
476	100	6.485	11.9018	0.343804	
477	100	6.544	11.9336	0.344766	
478	100	6.607	11.9612	0.345864	
479	100	6.656	11.9872	0.346538	
480	100	6.713	12.0146	0.350182	
481	100	6.744	12.0453	0.353066	
482	100	6.818	12.072	0.353702	
483	100	6.95	12.1041	0.351727	
484	100	6.941	12.1378	0.348207	
485	100	7.018	12.1604	0.347793	
486	100	7.064	12.1866	0.346242	
487	100	7.151	12.2143	0.350367	
488	100	7.192	12.2434	0.347133	
489	100	7.215	12.2713	0.345933	
490	100	7.225	12.2996	0.342716	
491	100	7.301	12.3293	0.341026	
492	100	7.286	12.3584	0.339617	
493	100	7.353	12.3844	0.336602	
494	100	7.409	12.4128	0.333278	
495	100	7.47	12.4387	0.334288	
496	100	7.527	12.4656	0.332353	
497	100	7.585	12.4914	0.328924	
498	100	7.634	12.5197	0.328453	
499	100	7.667	12.5455	0.325949	
500	100	7.723	12.5733	0.323982	
501	100	7.772	12.5964	0.323729	
502	100	7.784	12.6213	0.324712	
503	100	7.795	12.6482	0.327315	
504	100	7.835	12.6744	0.327717	
505	100	7.862	12.7	0.321681	
506	100	7.864	12.7231	0.317208	
507	100	7.884	12.7495	0.31695	
508	100	7.917	12.7759	0.317192	
509	100	7.931	12.8018	0.315619	
510	100	7.957	12.8258	0.313043	
511	100	7.975	12.8483	0.30866	
512	100	7.981	12.87	0.308348	
513	100	7.99	12.8981	0.30306	
514	100	7.976	12.9236	0.305209	
515	100	7.995	12.9488	0.304306	
516	100	7.992	12.9727	0.302707	
517	100	8.003	12.9982	0.302572	
518	100	8.008	13.0219	0.298923	
519	100	8.035	13.0446	0.298857	
520	100	8.086	13.0716	0.297699	
521	100	8.117	13.0992	0.299155	
522	100	8.098	13.1204	0.298542	
523	100	8.143	13.1467	0.29788	
524	100	8.192	13.17	0.297381	
525	100	8.219	13.1944	0.299419	
526	100	8.209	13.2195	0.29674	
527	100	8.195	13.2417	0.29599	
528	100	8.216	13.2649	0.292996	
529	100	8.218	13.2866	0.291135	
530	100	8.209	13.31	0.289074	
531	100	8.267	13.334	0.288861	
532	100	8.26	13.3614	0.290088	
533	100	8.287	13.3888	0.28684	
534	100	8.294	13.4176	0.28514	
535	100	8.32	13.4404	0.285701	
536	100	8.333	13.4626	0.288209	
537	100	8.339	13.4904	0.287117	
538	100	8.36	13.5149	0.286978	
539	100	8.353	13.5401	0.287561	
540	100	8.432	13.5663	0.290715	
541	100	8.471	13.5864	0.293357	
542	100	8.481	13.609	0.296626	
543	100	8.555	13.6316	0.297838	
544	100	8.545	13.658	0.298721	
545	100	8.583	13.6846	0.299018	
546	100	8.563	13.7068	0.296547	
547	100	8.576	13.7342	0.297862	
548	100	8.617	13.758	0.300973	
549	100	8.706	13.7854	0.304473	
550	100	8.783	13.8159	0.304722	
551	100	8.824	13.8407	0.307516	
552	100	8.806	13.8657	0.306714	
553	100	8.844	13.8939	0.311994	
554	100	8.869	13.9246	0.315519	
555	100	8.918	13.9506	0.320675	
556	100	8.915	13.9748	0.324857	
557	100	8.909	14.0026	0.32239	
558	100	8.881	14.0263	0.326309	
559	100	8.929	14.0566	0.33017	
560	100	9.01	14.0832	0.335947	
561	100	9.038	14.1133	0.339969	
562	100	9.02	14.1394	0.340845	
563	100	9.09	14.1656	0.348138	
564	100	9.144	14.1923	0.35007	
565	100	9.146	14.2233	0.352814	
566	100	9.13	14.2535	0.352689	
567	100	9.142	14.2828	0.348804	
568	100	9.209	14.3094	0.345895	
569	100	9.267	14.3373	0.344505	
570	100	9.272	14.3623	0.344017	
571	100	9.319	14.3909	0.346598	
572	100	9.374	14.4212	0.345959	
573	100	9.454	14.4496	0.346869	
574	100	9.502	14.4767	0.344081	
575	100	9.517	14.5036	0.342885	
576	100	9.542	14.5311	0.341808	
577	100	9.551	14.5602	0.338144	
578	100	9.57	14.5865	0.338858	
579	100	9.58	14.6212	0.33766	
580	100	9.617	14.6465	0.337082	
581	100	9.665	14.6735	0.331197	
582	100	9.658	14.7017	0.329488	
583	100	9.699	14.7286	0.328717	
584	100	9.743	14.7541	0.330744	
585	100	9.772	14.7823	0.330736	
586	100	9.762	14.8053	0.329105	
587	100	9.757	14.8349	0.328079	
588	100	9.798	14.867	0.323142	
589	100	9.834	14.8957	0.323945	
590	100	9.868	14.9227	0.318529	
591	100	9.912	14.9482	0.318172	
592	100	9.951	14.9739	0.317311	
593	100	9.953	15.0042	0.319612	
594	100	9.971	15.0316	0.320633	
595	100	9.976	15.0607	0.318854	
596	100	9.975	15.0887	0.31628	
597	100	9.965	15.1203	0.316273	
598	100	9.98	15.1497	0.31528	
599	100	9.968	15.1757	0.31876	
600	100	10.022	15.2014	0.315923	
601	100	10.034	15.2308	0.31442	
602	100	10.02	15.258	0.313326	
603	100	10.088	15.2823	0.313233	
604	100	10.103	15.3061	0.312743	
605	100	10.143	15.3278	0.314411	
606	100	10.151	15.3541	0.313942	
607	100	10.177	15.3771	0.31735	
608	100	10.188	15.4038	0.316357	
609	100	10.187	15.4307	0.316935	
610	100	10.201	15.4584	0.315326	
611	100	10.176	15.4842	0.313836	
612	100	10.195	15.5089	0.313736	
613	100	10.182	15.5382	0.315802	
614	100	10.213	15.5635	0.318112	
615	100	10.248	15.5937	0.317345	
616	100	10.251	15.6166	0.32094	
617	100	10.278	15.6428	0.322543	
618	100	10.283	15.6687	0.323856	
619	100	10.298	15.6976	0.322834	
620	100	10.332	15.7229	0.320675	
621	100	10.32	15.7469	0.322699	
622	100	10.31	15.7736	0.322528	
623	100	10.346	15.8009	0.326351	
624	100	10.371	15.8299	0.325694	
625	100	10.382	15.8572	0.330539	
626	100	10.394	15.8847	0.332226	
627	100	10.417	15.9143	0.335092	
628	100	10.466	15.9388	0.334613	
629	100	10.495	15.9717	0.332529	
630	100	10.524	15.9977	0.330647	
631	100	10.519	16.028	0.327436	
632	100	10.513	16.0528	0.326959	
633	100	10.551	16.0831	0.325912	
634	100	10.589	16.1136	0.324722	
635	100	10.62	16.1414	0.323232	
636	100	10.658	16.169	0.325132	
637	100	10.705	16.1965	0.3289	
638	100	10.74	16.2244	0.327578	
639	100	10.736	16.2541	0.32408	
640	100	10.749	16.2803	0.325199	
641	100	10.745	16.3054	0.322877	
642	100	10.738	16.3313	0.326671	
643	100	10.741	16.3602	0.326079	
644	100	10.765	16.3848	0.326817	
645	100	10.803	16.4111	0.329157	
646	100	10.813	16.438	0.329323	
647	100	10.83	16.4647	0.328237	
648	100	10.838	16.4919	0.331772	
649	100	10.89	16.5167	0.33124	
650	100	10.939	16.5462	0.330588	
651	100	10.976	16.5748	0.332704	
652	100	11.018	16.603	0.335254	
653	100	11.061	16.6289	0.336966	
654	100	11.02	16.6578	0.337905	
655	100	11.004	16.6855	0.340313	
656	100	11.062	16.7122	0.339057	
657	100	11.06	16.739	0.333584	
658	100	11.097	16.7655	0.333058	
659	100	11.102	16.7974	0.334413	
660	100	11.135	16.826	0.335389	
661	100	11.165	16.8556	0.330056	
662	100	11.175	16.8867	0.331643	
663	100	11.195	16.9111	0.328432	
664	100	11.21	16.9389	0.327686	
665	100	11.245	16.961	0.32952	
666	100	11.315	16.9915	0.331524	
667	100	11.321	17.0171	0.330241	
668	100	11.304	17.0445	0.333329	
669	100	11.34	17.0701	0.334932	
670	100	11.365	17.0991	0.335015	
671	100	11.384	17.1272	0.3385	
672	100	11.424	17.1517	0.340698	
673	100	11.49	17.1811	0.342612	
674	100	11.562	17.211	0.33981	
675	100	11.589	17.2385	0.341649	
676	100	11.652	17.2673	0.342036	
677	100	11.737	17.2954	0.341679	
678	100	11.737	17.3227	0.343497	
679	100	11.761	17.3454	0.33803	
680	100	11.868	17.379	0.340121	
681	100	11.957	17.4054	0.338577	
682	100	11.991	17.4367	0.336528	
683	100	12.068	17.4635	0.337022	
684	100	12.165	17.4949	0.339694	
685	100	12.195	17.5208	0.338531	
686	100	12.267	17.5479	0.335068	
687	100	12.314	17.5746	0.334721	
688	100	12.401	17.6053	0.331694	
689	100	12.465	17.6328	0.329314	
690	100	12.446	17.6592	0.328654	
691	100	12.488	17.6826	0.325534	
692	100	12.54	17.7106	0.327751	
693	100	12.674	17.7391	0.325256	
694	100	12.786	17.7742	0.325527	
695	100	12.853	17.8038	0.324261	
696	100	12.954	17.837	0.323485	
697	100	12.979	17.8631	0.323829	
698	100	12.977	17.8915	0.318975	
699	100	13.062	17.9175	0.320652	
700	100	13.148	17.9487	0.322922	
701	100	13.207	17.9807	0.321155	
702	100	13.229	18.011	0.319005	
703	100	13.267	18.0354	0.319326	
704	100	13.32	18.068	0.322638	
705	100	13.381	18.0957	0.321874	
706	100	13.433	18.1187	0.323024	
707	100	13.394	18.1405	0.320779	
708	100	13.462	18.1636	0.316251	
709	100	13.517	18.19	0.317809	
710	100	13.564	18.2192	0.317834	
711	100	13.596	18.2449	0.319008	
712	100	13.672	18.2779	0.323584	
713	100	13.701	18.3079	0.323033	
714	100	13.75	18.3352	0.323306	
715	100	13.787	18.3658	0.324401	
716	100	13.817	18.3927	0.327162	
717	100	13.851	18.4127	0.325906	
718	100	13.861	18.4388	0.328708	
719	100	13.846	18.4677	0.326356	
720	100	13.826	18.4946	0.325904	
721	100	13.83	18.525	0.328451	
722	100	13.825	18.5524	0.327017	
723	100	13.819	18.5756	0.326784	
724	100	13.828	18.601	0.323239	
725	100	13.842	18.6308	0.322122	
726	100	13.836	18.66	0.315209	
727	100	13.87	18.6867	0.315569	
728	100	13.883	18.7103	0.314737	
729	100	13.854	18.7345	0.312182	
730	100	13.872	18.7645	0.312116	
731	100	13.906	18.7937	0.309091	
732	100	13.944	18.8217	0.313559	
733	100	13.969	18.85	0.310523	
734	100	13.974	18.8767	0.313343	
735	100	13.981	18.905	0.312294	
736	100	14.01	18.933	0.311837	
737	100	14.014	18.9636	0.31153	
738	100	14.064	18.9869	0.311599	
739	100	14.08	19.0126	0.315573	
740	100	14.121	19.04	0.313833	
741	100	14.129	19.0673	0.312598	
742	100	14.173	19.0921	0.312148	
743	100	14.165	19.1151	0.31073	
744	100	14.178	19.1425	0.315992	
745	100	14.193	19.1673	0.312079	
746	100	14.185	19.1949	0.311519	
747	100	14.183	19.221	0.311698	
748	100	14.186	19.2505	0.310606	
749	100	14.218	19.2773	0.305459	
750	100	14.219	19.3021	0.304043	
751	100	14.249	19.3241	0.304947	
752	100	14.24	19.3496	0.307897	
753	100	14.245	19.3772	0.304529	
754	100	14.257	19.4004	0.306278	
755	100	14.261	19.4259	0.307565	
756	100	14.271	19.4506	0.306627	
757	100	14.266	19.4762	0.305304	
758	100	14.288	19.5031	0.303291	
759	100	14.307	19.5289	0.297907	
760	100	14.326	19.5576	0.294576	
761	100	14.352	19.5848	0.29853	
762	100	14.341	19.6123	0.303181	
763	100	14.338	19.6356	0.30551	
764	100	14.401	19.6631	0.305465	
765	100	14.446	19.6878	0.31087	
766	100	14.45	19.7148	0.315242	
767	100	14.468	19.7438	0.3153	
768	100	14.483	19.7663	0.320692	
769	100	14.503	19.7957	0.323004	
770	100	14.541	19.8272	0.321753	
771	100	14.573	19.8536	0.320585	
772	100	14.606	19.8799	0.321678	
773	100	14.654	19.9067	0.324411	
774	100	14.689	19.935	0.321736	
775	100	14.72	19.9641	0.325669	
776	100	14.691	19.9921	0.325129	
777	100	14.69	20.02	0.325234	
778	100	14.704	20.0491	0.325054	
779	100	14.737	20.0792	0.325902	
780	100	14.754	20.1083	0.326684	
781	100	14.761	20.1388	0.332047	
782	100	14.764	20.1679	0.330517	
783	100	14.799	20.1982	0.325633	
784	100	14.8	20.2278	0.330035	
785	100	14.801	20.2574	0.336258	
786	100	14.812	20.287	0.339494	
787	100	14.824	20.3165	0.343473	
788	100	14.849	20.3543	0.346222	
789	100	14.835	20.3827	0.346176	
790	100	14.843	20.4093	0.347126	
791	100	14.839	20.4371	0.350247	
792	100	14.865	20.4671	0.355076	
793	100	14.862	20.4939	0.36135	
794	100	14.882	20.5225	0.362185	
795	100	14.937	20.5561	0.36375	
796	100	14.95	20.5924	0.365188	
797	100	14.965	20.6225	0.364141	
798	100	15.036	20.6547	0.363959	
799	100	15.042	20.6883	0.366122	
800	100	15.04	20.7184	0.366593	
801	100	15.047	20.7525	0.368975	
802	100	15.024	20.7801	0.372158	
803	100	14.997	20.8094	0.369388	
804	100	15.052	20.838	0.366356	
805	100	15.142	20.8661	0.362541	
806	100	15.122	20.8909	0.359265	
807	100	15.15	20.9153	0.356994	
808	100	15.219	20.9455	0.353016	
809	100	15.279	20.9769	0.345426	
810	100	15.339	21.0085	0.34542	
811	100	15.33	21.0345	0.339694	
812	100	15.337	21.066	0.340388	
813	100	15.341	21.0901	0.341809	
814	100	15.389	21.1184	0.336567	
815	100	15.463	21.1476	0.335183	
816	100	15.48	21.173	0.331721	
817	100	15.511	21.2012	0.328642	
818	100	15.525	21.2252	0.329809	
819	100	15.557	21.2508	0.331597	
820	100	15.574	21.2789	0.332328	
821	100	15.565	21.3084	0.328063	
822	100	15.604	21.3347	0.326001	
823	100	15.664	21.3678	0.327215	
824	100	15.637	21.3952	0.328272	
825	100	15.645	21.4262	0.326946	
826	100	15.628	21.4525	0.326693	
827	100	15.71	21.4838	0.326593	
828	100	15.74	21.5089	0.328578	
829	100	15.782	21.5398	0.329388	
830	100	15.799	21.5676	0.32793	
831	100	15.815	21.5942	0.327471	
832	100	15.814	21.6209	0.330624	
833	100	15.808	21.6455	0.326342	
834	100	15.815	21.674	0.326091	
835	100	15.816	21.7058	0.328643	
836	100	15.829	21.7326	0.324404	
837	100	15.891	21.7637	0.325445	
838	100	15.921	21.7954	0.323197	
839	100	15.93	21.8264	0.319193	
840	100	15.942	21.8479	0.319048	
841	100	15.953	21.8786	0.317435	
842	100	15.985	21.9009	0.313098	
843	100	16.029	21.9281	0.312754	
844	100	16.06	21.9479	0.311647	
845	100	16.065	21.973	0.309533	
846	100	16.071	21.9983	0.311053	
847	100	16.072	22.025	0.310905	
848	100	16.075	22.0509	0.310853	
849	100	16.128	22.0803	0.314363	
850	100	16.137	22.1038	0.315868	
851	100	16.132	22.1315	0.317828	
852	100	16.164	22.1576	0.316705	
853	100	16.176	22.1872	0.317858	
854	100	16.178	22.215	0.320748	
855	100	16.186	22.2417	0.322429	
856	100	16.187	22.2678	0.322708	
857	100	16.191	22.2965	0.32356	
858	100	16.234	22.3256	0.322461	
859	100	16.237	22.353	0.323682	
860	100	16.24	22.3811	0.323609	
861	100	16.249	22.4085	0.328971	
862	100	16.33	22.4347	0.331902	
863	100	16.368	22.4584	0.329542	
864	100	16.445	22.4847	0.32386	
865	100	16.521	22.5127	0.32428	
866	100	16.609	22.5434	0.320073	
867	100	16.67	22.5728	0.315557	
868	100	16.73	22.5971	0.312473	
869	100	16.856	22.6205	0.309822	
870	100	16.908	22.6464	0.305493	
871	100	17.011	22.6729	0.299639	
872	100	17.04	22.6971	0.300415	
873	100	17.158	22.7229	0.298015	
874	100	17.249	22.7475	0.300091	
875	100	17.402	22.7726	0.29796	
876	100	17.456	22.7994	0.297012	
877	100	17.49	22.8259	0.2947	
878	100	17.554	22.8509	0.295762	
879	100	17.633	22.8731	0.291195	
880	100	17.663	22.8949	0.292187	
881	100	17.732	22.9218	0.286635	
882	100	17.799	22.9437	0.285881	
883	100	17.823	22.9688	0.287962	
884	100	17.819	22.9875	0.289932	
885	100	17.862	23.012	0.289244	
886	100	17.892	23.0377	0.289505	
887	100	17.889	23.0595	0.290633	
888	100	17.886	23.0865	0.291195	
889	100	17.843	23.1096	0.291536	
890	100	17.859	23.1318	0.288098	
891	100	17.927	23.1587	0.28521	
892	100	17.96	23.185	0.284018	
893	100	17.968	23.2077	0.285484	
894	100	17.986	23.2298	0.2887	
895	100	17.996	23.2551	0.289774	
896	100	18.006	23.2784	0.291111	
897	100	17.992	23.302	0.291936	
898	100	18.01	23.3281	0.293624	
899	100	18.091	23.3526	0.295297	
900	100	18.111	23.3778	0.300056	
901	100	18.133	23.4026	0.303336	
902	100	18.147	23.429	0.305387	
903	100	18.176	23.4568	0.310017	
904	100	18.172	23.4836	0.312116	
905	100	18.18	23.506	0.316238	
906	100	18.17	23.5341	0.328583	
907	100	18.191	23.5587	0.330916	
908	100	18.246	23.5852	0.338145	
909	100	18.255	23.6063	0.344946	
910	100	18.272	23.638	0.347426	
911	100	18.265	23.6653	0.349031	
912	100	18.275	23.6972	0.349605	
913	100	18.278	23.7232	0.352997	
914	100	18.305	23.7506	0.356141	
915	100	18.336	23.7832	0.35661	
916	100	18.406	23.8118	0.356771	
917	100	18.431	23.8467	0.360915	
918	100	18.461	23.8739	0.360482	
919	100	18.473	23.8991	0.360325	
920	100	18.506	23.9274	0.361155	
921	100	18.551	23.9561	0.36573	
922	100	18.642	23.9879	0.361402	
923	100	18.703	24.0183	0.358026	
924	100	18.779	24.0494	0.353288	
925	100	18.831	24.0793	0.351637	
926	100	18.856	24.1041	0.347821	
927	100	18.845	24.1355	0.344319	
928	100	18.964	24.1666	0.338803	
929	100	19.016	24.1971	0.338224	
930	100	19.097	24.2301	0.341805	
931	100	19.126	24.26	0.343833	
932	100	19.242	24.2854	0.343262	
933	100	19.241	24.3108	0.339064	
934	100	19.295	24.3389	0.336294	
935	100	19.378	24.3665	0.331933	
936	100	19.395	24.3941	0.329979	
937	100	19.506	24.4213	0.328739	
938	100	19.549	24.449	0.327024	
939	100	19.603	24.4773	0.331488	
940	100	19.667	24.5061	0.327589	
941	100	19.651	24.5258	0.321305	
942	100	19.652	24.5554	0.320849	
943	100	19.71	24.5856	0.31151	
944	100	19.775	24.6111	0.309071	
945	100	19.767	24.6384	0.307608	
946	100	19.8	24.6653	0.303966	
947	100	19.855	24.6949	0.300465	
948	100	19.897	24.7194	0.301944	
949	100	19.973	24.741	0.301163	
950	100	19.987	24.77	0.299839	
951	100	20.049	24.7982	0.29814	
952	100	20.069	24.824	0.298036	
953	100	20.102	24.8468	0.301158	
954	100	20.151	24.8702	0.303706	
955	100	20.145	24.8924	0.304807	
956	100	20.224	24.9168	0.302241	
957	100	20.293	24.9446	0.303246	
958	100	20.334	24.9697	0.301889	
959	100	20.367	24.9939	0.304045	
960	100	20.382	25.019	0.304589	
961	100	20.391	25.0434	0.304375	
962	100	20.39	25.0703	0.303851	
963	100	20.451	25.0943	0.302386	
964	100	20.461	25.1195	0.303162	
965	100	20.512	25.1453	0.303533	
966	100	20.528	25.172	0.305596	
967	100	20.554	25.2035	0.307531	
968	100	20.519	25.2262	0.306214	
969	100	20.515	25.2532	0.305326	
970	100	20.516	25.282	0.301898	
971	100	20.505	25.3059	0.30228	
972	100	20.516	25.335	0.300825	
973	100	20.542	25.3604	0.30116	
974	100	20.581	25.3878	0.300739	
975	100	20.589	25.4135	0.302739	
976	100	20.594	25.444	0.303404	
977	100	20.63	25.4677	0.303027	
978	100	20.645	25.495	0.29948	
979	100	20.679	25.5231	0.297333	
980	100	20.699	25.555	0.293275	
981	100	20.718	25.5809	0.294775	
982	100	20.699	25.6068	0.293394	
983	100	20.69	25.6301	0.294206	
984	100	20.713	25.6519	0.295439	
985	100	20.728	25.6765	0.299173	
986	100	20.732	25.7038	0.300713	
987	100	20.746	25.7289	0.300327	
988	100	20.767	25.751	0.299185	
989	100	20.827	25.7755	0.303152	
990	100	20.796	25.799	0.30079	
991	100	20.798	25.821	0.305161	
992	100	20.848	25.8467	0.305488	
993	100	20.857	25.8719	0.30794	
994	100	20.877	25.8988	0.307946	
995	100	20.871	25.927	0.307271	
996	100	20.889	25.9535	0.309696	
997	100	20.897	25.9794	0.312659	
998	100	20.91	26.0016	0.316313	
999	100	20.934	26.0284	0.315888	
1000	100	20.93	26.0523	0.321114	
